1.0000000047498787,3.748954778577383e-07,-1.6045499195976296e-07,-1.0758218341156476e-07,-3.816865785521441e-07,-1.0824496048129863e-07,3.1427175163058455e-08,-3.7403494748654506e-07,1.6149542634764595e-07,-3.4399403642824464e-07,-5.133293557395271e-08,1.000002165863712,-4.068585757530341e-08,1.0000021686444456,1.0000020703093353,-1.7991639379138638e-07,5.314653745269529e-09,6.50121998198616e-08,1.000002021676564,1.0000021710479643,-1.429659995122231e-07,-9.092577367964435e-08,2.0270671622041532e-08,6.946688428205005e-07,-1.5275089518341403e-07,-4.562536392200474e-07,-7.523233718470001e-08,-1.6767131953055675e-07,4.914060006045242e-09,-7.883867614099782e-08,1.7610041178865721e-07,-1.20980310941385e-07,2.364414968513031e-07,-1.290712049967613e-08,-5.5558060584759655e-09,-1.8034801215693687e-07,-2.9080073146945727e-08,-7.156888972186005e-08,-7.296272466673297e-08,1.000002233673396,-1.0838615932081886e-07,-5.457451869294797e-08,-3.095575277578562e-08,-8.854189102999425e-08,-1.3893312439913933e-07,-1.5512905584390676e-07,1.000002363650043,1.8129158541832536e-07,1.0000021444117537,8.966853420821688e-08,1.0000023819622028,-1.603439310242642e-07,-2.2652339255165733e-07,-1.6846289439492215e-07,1.0000021760778648,-1.26893514797206e-07,1.000002203289477,-4.890562553394566e-08,1.2203669261183336e-07,-3.275361752015291e-07,1.0000021432766246,-5.661931256186331e-07,-5.182702757510064e-08,-1.0484398632573137e-07,1.0000021256193472,9.948461114686077e-08,-8.664913065712042e-08,1.000002112055337,-2.890034308590298e-07,-6.227824942744741e-08,-1.360751362731745e-07,1.6009358379919192e-07,2.3084202005207767e-07,3.813771435729252e-08,2.4653616057894467e-07,2.1529386194427983e-08,-7.12915647045826e-08,-1.6590560585828803e-07,1.2553356324550924e-07,1.5255957285923175e-07,6.1540420052780734e-09,-4.0578760619108294e-07,5.4158202406775906e-08,1.0000022737729937,-2.2451742664549843e-07,1.732385461451834e-07,-1.7773972220510352e-07,-2.2358909922831532e-07,-1.6536512846129625e-07,7.698497829203561e-08,-1.179748119858722e-07,-3.1296723018696583e-07,-5.14717103722433e-08,-9.488894441433193e-08,4.85732849376807e-09,-1.073696469062869e-07,-3.2248910605502334e-08,-7.885093769831807e-08,-2.9295269034022053e-07,1.0000022319921382,5.620451600148334e-08,-9.045238718408375e-08,-1.77458021556712e-07,-6.474224174899296e-08,1.0000020865057513,-1.9594884892433368e-08,2.8667510279198734e-08,4.9050849169275903e-08,-3.013729337173561e-09,-1.2551108580097917e-07,1.0000020684575042,-2.3482097998858146e-07,-1.5007320344639935e-07,-1.6753751237872344e-07,-1.1841288228926958e-07,-5.891001172468282e-07,-2.8000793420058313e-08,-7.238159692617347e-08,-1.479359232721904e-07,-1.0655106175825285e-07,-1.1716645493598633e-07,-1.4696564782073224e-07,3.3660581169808564e-07,-1.2341049803845723e-07,1.4924360729458465e-08,-2.7688989514567595e-06,-1.0676168781300829e-07,1.7033283238592978e-07,2.2030731017777316e-07
3.748954778577383e-07,6.784512494298881e-07,-2.589004927074948e-08,-3.705908209243485e-08,-2.9174643290982466e-08,-1.4709068081880792e-08,-2.2951901018355867e-08,-2.4841039572822997e-08,-2.012949525114437e-08,-2.9509175091430344e-08,-2.2731510607687963e-08,2.5807792375734134e-07,-1.709640039413122e-08,2.4075542104613657e-07,2.3680480662563536e-07,-1.5864629922652973e-08,-1.956709499407633e-08,-1.2517849252425807e-08,2.3070562080070305e-07,2.414854739593805e-07,-1.65566830760287e-08,-1.7491943987958898e-08,-2.4085961894358338e-08,-4.588626817716913e-08,-2.9356966278474137e-08,-2.581150541049812e-08,-1.6149265353058443e-08,-1.5912137813427628e-08,-1.9575950898993452e-08,-1.887776255267326e-08,-2.4155592569018477e-08,-2.1194326912180877e-08,-2.0491644787185786e-08,-2.0081770439332048e-08,-1.7353187949110436e-08,-1.5101731106659062e-08,-1.7312252286829193e-08,-2.0797411830081687e-08,-1.960578954953883e-08,2.515546835001698e-07,-1.8887005175250386e-08,-2.6056325478418287e-08,-2.0285953204858858e-08,-2.1067714190790947e-08,-1.766520241254244e-08,-2.1741470522881892e-08,2.71256905887075e-07,-2.8998946614715272e-08,2.549809710820322e-07,-1.9523530117340764e-08,2.774913637484906e-07,-1.8218998466734932e-08,-3.1188654383927e-08,-2.8738063872191625e-08,2.7567266897745466e-07,-1.6708238303969962e-08,2.432191203592015e-07,-1.6396152976078565e-08,-2.2418442197907615e-08,-2.735016156205532e-08,2.502737561099126e-07,-2.514810382331487e-08,-9.373650703091334e-12,-7.68739735614662e-12,1.296037012823088e-10,-1.0262294826169392e-11,-1.1258314079967108e-11,1.2438893303970642e-10,-1.5110097480199708e-11,-7.331229377456502e-12,-9.030891489843333e-12,-1.011962392968036e-11,-1.167417910569588e-11,-1.4917063031116844e-11,-1.1880818218608833e-11,-1.0347238359093237e-11,-1.068785787597576e-11,-1.1146494864565529e-11,-1.157776669310018e-11,-1.1700537863629836e-11,-1.8407727466086982e-11,-1.526810139291049e-11,-1.0398670604177534e-11,1.4053918372037685e-10,-1.0228566221700527e-11,-1.1495851541169388e-11,-1.365499001528314e-11,-8.004584112724716e-12,-1.0962912547290044e-11,-9.828700033170108e-12,-1.1686508073348891e-11,-1.2059190537431257e-11,-9.724247546249125e-12,-8.895442184739048e-12,-1.0176230649029542e-11,-9.879036689963482e-12,-8.254943445861206e-12,-8.913317950018782e-12,-1.2208672532340142e-11,1.3988397674095976e-10,-6.449386703570354e-12,-8.548752490862101e-12,-1.1159232928280114e-11,-1.104600405766771e-11,1.220306212825488e-10,-7.950955959807575e-12,-9.867393205869756e-12,-1.1152482934870232e-11,-9.712338109469341e-12,-8.133167955096772e-12,1.2048422661018035e-10,-1.4321757977627411e-11,-7.9215347420411e-12,-7.35817547266827e-12,-1.328140427407153e-11,-1.5127842253313534e-11,-1.141037989289004e-11,-8.619365518256167e-12,-1.0969863731594458e-11,-7.176199901141927e-12,-9.219262009903793e-12,-1.2107907089305378e-11,-1.1363204718637814e-11,-7.5386296619793e-12,-1.9065487965357212e-11,-3.095240014582209e-11,-7.295483652200467e-12,-1.55192585993997e-11,-1.1820010746520081e-11
-1.6045499195976296e-07,-2.589004927074948e-08,6.965713619253297e-07,-1.3168127021307416e-11,-1.037732793526067e-11,-1.0450846580292036e-08,-1.629255934430775e-08,-1.764465004542466e-08,-7.161446230772363e-12,-1.0494917530535412e-11,-1.6135866989526994e-08,-3.5766427125373584e-07,-6.087602035546626e-12,-3.69855892654292e-07,-3.7262630234583514e-07,-5.647044059479766e-12,-6.964292439669135e-12,-8.897231918518152e-09,-1.8884658530939462e-10,-3.693407665022225e-07,-5.899099154386788e-12,-6.227543599798851e-12,-1.7080971781897083e-08,-1.630152261179904e-11,-1.044328200953781e-11,-1.8323854973281877e-08,-5.747808792105345e-12,-5.664701498753694e-12,-1.390701300332858e-08,-6.7113765846501104e-12,-8.58290715125324e-12,-7.532811100869593e-12,-7.289108395057503e-12,-7.144319289615301e-12,-6.17844468256212e-12,-1.0740415881152042e-08,-6.155016416983667e-12,-7.408517931642063e-12,-1.3926023935646716e-08,-1.8149727409121585e-10,-1.3403045302991428e-08,-9.265574060602573e-12,-7.2164833669372204e-12,-7.489322074539036e-12,-6.287041304344998e-12,-1.5448191430285592e-08,-1.7455170907704198e-10,-1.0318366570464489e-11,-1.8028406441400795e-10,-1.3869431587760392e-08,-3.440085492767511e-07,-1.2936567113684821e-08,-2.2122863964907308e-08,-1.0225384770662845e-11,-1.7298370771076645e-10,-5.951993645900828e-12,-1.8442550460624806e-10,-5.834511885752075e-12,-1.592047518920952e-08,-1.939767954389401e-08,-3.63156529453851e-07,-8.946811775337113e-12,-1.3303236128891335e-08,-1.0893628072914008e-08,-3.57213762139584e-07,-1.4539902200330608e-08,-1.5955259737830544e-08,-3.6453302735762935e-07,-2.1403677227165042e-08,-1.0398444193689445e-08,-1.2800238449110952e-08,-1.4340668956336426e-08,-1.6536193284444492e-08,-2.1136122391636656e-08,-1.6822745344773742e-08,-1.4657446579419695e-08,-1.5161081700702095e-08,-1.5799329115042156e-08,-1.639976927136489e-08,-1.657435162303263e-08,-2.6058082601189847e-08,-2.1619553252667897e-08,-1.473045128634543e-08,-3.4185653393863796e-07,-1.449403022089741e-08,-1.6287632192760656e-08,-1.9330063466398184e-08,-1.1349484343190787e-08,-1.554529198697632e-08,-1.3934729438535971e-08,-1.6552945325784444e-08,-1.7107045664244773e-08,-1.3791115840977404e-08,-1.2611371134851277e-08,-1.4419804570282292e-08,-1.4006140073531484e-08,-1.1720859560893418e-08,-1.2637378353205588e-08,-1.7315019100545844e-08,-3.427600702972741e-07,-4.581972158348941e-12,-6.067725244062176e-12,-7.924422471591977e-12,-7.845912022847664e-12,-1.842926207283224e-10,-5.642550427142806e-12,-7.009482683006829e-12,-7.919172511079345e-12,-6.900755891535614e-12,-5.776563671042109e-12,-1.8538165642421294e-10,-1.0172720774253917e-11,-5.6293384985603e-12,-5.227622406414948e-12,-9.4230968829562e-12,-1.0736074457480243e-11,-8.100458033891007e-12,-6.126939016204269e-12,-7.79282242315556e-12,-5.101333371976886e-12,-6.544636983906754e-12,-8.605181917757546e-12,-8.067813000542615e-12,-5.354441865060354e-12,-1.3514965887079068e-11,-2.193133002196184e-11,-5.183851253666112e-12,-1.100711020152992e-11,-8.386820180769115e-12
-1.0758218341156476e-07,-3.705908209243485e-08,-1.3168127021307416e-11,6.773198367044045e-07,-1.4837513646672096e-11,-1.492813861542518e-08,-2.329972670841259e-08,-1.2631855726916898e-11,-2.043259141157772e-08,-2.995580360531587e-08,-2.307605844286129e-08,-2.2091965905781455e-07,-1.7349120556711297e-08,-2.3854627151958457e-07,-2.425704240583207e-07,-1.61007777925329e-08,-9.949544620832207e-12,-1.2703770667803582e-08,-1.246392683297336e-10,-2.3780402541027392e-07,-1.6798124918425767e-08,-1.775126292074537e-08,-1.2253472660151433e-11,-2.3345541281566477e-11,-1.4929998002260965e-11,-1.3127370968046981e-11,-8.211555774594706e-12,-8.090469876540597e-12,-1.9868021721794004e-08,-1.9165507404955728e-08,-2.4528120963491565e-08,-2.1518816168934167e-08,-1.0421554172280372e-11,-2.038420817445771e-08,-1.7610255750166232e-08,-1.5322119550084836e-08,-1.757630333059423e-08,-2.110275329602295e-08,-1.989918528309301e-08,-1.1400895767243755e-10,-1.9174357692654805e-08,-2.6452150468168863e-08,-1.031654404299314e-11,-1.071625610142874e-11,-8.98251590709675e-12,-2.2064857121175455e-08,-2.075050552126518e-07,-2.9434753103928206e-08,-2.2407160765423912e-07,-9.92736057616928e-12,-1.007858530057438e-10,-1.8493318937439518e-08,-1.5865986804189272e-11,-1.461429151354143e-11,-2.0302038534820243e-07,-1.6952936992693503e-08,-2.3604518106580945e-07,-1.6641812190347786e-08,-1.1400704660991515e-11,-2.7771044737609613e-08,-1.1466364068255991e-10,-2.5526317712889062e-08,-9.511068103638127e-12,-7.803586454861877e-12,-2.2026454433256145e-07,-2.079351474897486e-08,-1.1428030886424913e-11,-2.308572122628235e-07,-1.533994266240913e-11,-7.4400999176714e-12,-9.16654863364607e-12,-1.0272241534923286e-11,-2.365618891489649e-08,-1.5143103796406566e-11,-1.2062912328173445e-11,-2.0966704738239387e-08,-2.1648678023680514e-08,-1.1313973773033449e-11,-1.1753942371746474e-11,-2.370907852344548e-08,-3.7306623253157316e-08,-1.550178346718728e-11,-2.1070855009802713e-08,-9.922840896638132e-11,-2.0724140368644133e-08,-1.1670128546447665e-11,-2.7674217217972782e-08,-1.621544131793127e-08,-1.1126450807615342e-11,-1.9911202507196093e-08,-2.36812326914119e-08,-2.4426100183206618e-08,-1.9697815392139477e-08,-9.028346208607026e-12,-2.0618517387324125e-08,-2.0013047200989944e-08,-1.6716290584790914e-08,-9.046516974208864e-12,-2.4730577500371372e-08,-9.989836791071127e-11,-1.3065576802823282e-08,-1.732198171687021e-08,-2.2608327361481016e-08,-2.2377458212093933e-08,-2.3564803886862784e-07,-1.6111730562249137e-08,-1.998914674700294e-08,-2.259518234775529e-08,-1.967423156012972e-08,-1.647669717318396e-08,-2.387880296741335e-07,-2.901390241517726e-08,-1.604557247354511e-08,-7.46787105099584e-12,-1.3484476357161782e-11,-1.5357875697231928e-11,-1.158280342609702e-11,-8.746365794388817e-12,-1.113368230484057e-11,-7.282046870897489e-12,-9.358656024245029e-12,-1.2287187744857123e-11,-1.1534736070201607e-11,-7.651666256883703e-12,-1.9361856779620497e-11,-3.1436227722544595e-11,-7.403982812397471e-12,-1.575823931971629e-11,-1.200058466442e-11
-3.816865785521441e-07,-2.9174643290982466e-08,-1.037732793526067e-11,-1.4837513646672096e-11,6.915998199419192e-07,-5.90374077397614e-12,-1.836420893537096e-08,-1.9893302309734493e-08,-8.073127905019948e-12,-1.1829704343625722e-11,-1.8187323868622318e-08,-2.769594944820552e-10,-1.3702852110133199e-08,-5.66513066284537e-07,-2.853780509538551e-10,-1.2709206297186685e-08,-1.5673272714457486e-08,-5.026391148849424e-12,-5.744631662474804e-07,-5.659338504138122e-07,-1.3282277358791756e-08,-1.4017079690312497e-08,-9.642206817611434e-12,-3.6658483988773186e-08,-2.3498177327406997e-08,-2.065495839910471e-08,-6.4808257489926684e-12,-1.2749708352512555e-08,-1.5680467578356722e-08,-1.509687123222823e-08,-9.670628539962115e-12,-8.488704580784572e-12,-8.2167439447541e-12,-1.607527763117301e-08,-6.967399365680727e-12,-1.2115297179931889e-08,-6.936600596045098e-12,-8.356039380404756e-12,-1.570084080121387e-08,-5.579885684274095e-07,-1.5105898666834844e-08,-1.0443253457146093e-11,-1.623756952099699e-08,-1.684676759045696e-08,-1.414907455217592e-08,-8.727287400456033e-12,-5.424185170096644e-07,-2.321933133477716e-08,-5.552637028990677e-07,-7.834829037662707e-12,-5.374818824461026e-07,-7.306404717439994e-12,-2.4928946306747278e-08,-1.1528188847955235e-11,-5.388929818563342e-07,-1.3400272489066687e-08,-5.645431048591215e-07,-1.3129425774160421e-08,-8.992125465335874e-12,-1.0950383525437991e-11,-2.8005053830662196e-10,-1.0085942254556109e-11,-1.5005213211984894e-08,-6.1520411080916204e-12,-5.523132375427135e-07,-8.210919494353542e-12,-1.7985867466185755e-08,-2.8082445335614946e-10,-1.2086016442422749e-11,-5.87452351308434e-12,-7.229700503691239e-12,-8.099083014136066e-12,-1.8636729760800688e-08,-2.382464147662171e-08,-9.497734324186013e-12,-1.6520092782631588e-08,-8.565669333207203e-12,-8.923537013699537e-12,-1.8483228291725066e-08,-1.868020185387036e-08,-1.4710743533818814e-11,-2.436293379183965e-08,-1.6602317093039525e-08,-2.680640075979336e-10,-8.185588794935344e-12,-9.197835318202134e-12,-1.0912359206498668e-11,-1.2796370043222844e-08,-1.7527557235034e-08,-1.5710978746603457e-08,-9.346635948380004e-12,-9.665521394078033e-12,-1.5551155813902227e-08,-1.4219014352910326e-08,-8.143471817835843e-12,-1.5791843453099268e-08,-6.624472016632881e-12,-1.4248549310315468e-08,-1.952456112948894e-08,-5.360711285396081e-07,-5.165821709282944e-12,-1.365032802725244e-08,-1.783082974560208e-08,-8.845883201088646e-12,-2.826865225070039e-10,-6.359146183891798e-12,-1.5774619207299725e-08,-8.927332540555614e-12,-7.78103485145344e-12,-1.2998962694751057e-08,-2.8391019052837875e-10,-2.2892759758466872e-08,-6.3480136023983025e-12,-1.1764691159533844e-08,-2.1195743901250902e-08,-2.4152161992208573e-08,-1.8225032628463116e-08,-1.379237659723782e-08,-1.7537719001466976e-08,-5.753118324185365e-12,-7.377063390578433e-12,-9.704219217505457e-12,-9.094455294609102e-12,-6.0364990277088915e-12,-1.5225178803449257e-11,-2.4701681487756597e-11,-5.845213004987806e-12,-1.2402410282683663e-11,-9.45162750747536e-12
-1.0824496048129863e-07,-1.4709068081880792e-08,-1.0450846580292036e-08,-1.492813861542518e-08,-5.90374077397614e-12,7.089941907461721e-07,-4.6430990500374074e-12,-1.0046442774489153e-08,-4.076119340078766e-12,-1.1915208997316694e-08,-4.598106946597219e-12,-1.955990190017554e-10,-3.4703736110932456e-12,-1.9902510587345084e-10,-1.9979878866682743e-10,-6.42103000278129e-09,-3.9670673647691205e-12,-2.5397742315172355e-12,-2.010151368102151e-10,-1.9887971441279316e-10,-3.366661626374025e-12,-7.084206297033327e-09,-9.701035340235532e-09,-1.8475305696973007e-08,-5.942444380332983e-12,-1.0423756554401432e-08,-6.5352121669832125e-09,-6.442844312557731e-09,-3.968766042023169e-12,-7.615427909260669e-09,-4.874767094290667e-12,-4.280879596405927e-12,-4.1480908784026895e-12,-4.066028484071044e-12,-3.5215771924708038e-12,-6.128850371175629e-09,-6.983779927301688e-09,-4.225567536194326e-12,-7.92980816353154e-09,-3.929727312525458e-07,-3.8181750339588735e-12,-5.269269112185644e-12,-4.1072447078833625e-12,-8.497694384735852e-09,-7.147399913166842e-09,-4.409511880877405e-12,-1.9300171522104716e-10,-5.873922427769796e-12,-1.9621018710145745e-10,-3.958399963254084e-12,-3.827329699996639e-07,-3.688570886708111e-12,-1.2568041663035895e-08,-5.820694229606238e-12,-3.8342462375638323e-07,-3.395714301957014e-12,-3.962291416086529e-07,-3.3220472094330566e-12,-4.540701679875486e-12,-5.519869139422263e-12,-1.9714221667992513e-10,-1.016263682697228e-08,-7.589266783725403e-09,-3.1049232472783847e-12,-1.954732617176102e-10,-8.271144114793334e-09,-4.548956403457642e-12,-3.9423413930010026e-07,-6.097275261049561e-12,-2.9685338738000726e-12,-7.28651315607155e-09,-4.089040290225031e-12,-9.402497764982158e-09,-1.2023220084766286e-08,-9.560531397938522e-09,-8.335209414178665e-09,-8.641184252791306e-09,-8.993252511156141e-09,-9.325755575105449e-09,-4.722120874783122e-12,-7.415251027697762e-12,-6.155140867179994e-12,-8.377063670994864e-09,-1.911593705384845e-10,-8.246815129460562e-09,-9.265059336999474e-09,-1.0979823049586557e-08,-6.46384612012509e-09,-8.854067930039565e-09,-7.936266611375761e-09,-4.714824571056052e-12,-9.750114752532588e-09,-7.858394954805295e-09,-3.5986454760833687e-12,-8.203915103686891e-09,-7.976765204113944e-09,-3.3523257693339284e-12,-3.605893715136845e-12,-4.9420827735525315e-12,-1.9140518114053358e-10,-5.207166946931597e-09,-6.887551994096197e-09,-4.51041502387628e-12,-4.46778647685966e-12,-1.9845607587297785e-10,-3.2077167639800686e-12,-7.968900864546562e-09,-8.996257137737077e-09,-7.846859565336339e-09,-6.565182675973538e-09,-1.9906765773811518e-10,-5.7919751637647205e-12,-3.2081493370419946e-12,-5.94311613042001e-09,-5.355829683570238e-12,-1.2183674764000513e-08,-9.199374145561722e-09,-3.493713589778079e-12,-8.858813437608859e-09,-5.804942034836875e-09,-7.4318095950441025e-09,-9.789492809375319e-09,-9.16427999637568e-09,-6.084114583244807e-09,-1.530900206668988e-08,-1.2439027741954451e-11,-2.9532260304589922e-12,-6.2522156721823245e-12,-4.767668456177951e-12
3.1427175163058455e-08,-2.2951901018355867e-08,-1.629255934430775e-08,-2.329972670841259e-08,-1.836420893537096e-08,-4.6430990500374074e-12,7.005031558711701e-07,-7.838172268462127e-12,-6.349598939793186e-12,-9.304729262483586e-12,-1.4305916648273406e-08,-1.8850830689634872e-07,-5.398287778528031e-12,-9.986191366000191e-11,-2.0175956080417477e-07,-9.994942615917315e-09,-1.2325629163423183e-08,-3.952825854706418e-12,-1.0300222906677708e-10,-1.9885027004168594e-07,-1.0442302207218637e-08,-5.52233170465828e-12,-7.586421684454209e-12,-1.4450715181829422e-11,-9.259234638189051e-12,-1.6246142624774716e-08,-1.0173329222189663e-08,-1.002637754344181e-08,-1.2331299566748396e-08,-5.950247590349563e-12,-7.60868280579106e-12,-6.678174148916443e-12,-6.4626938865602736e-12,-6.334423597584133e-12,-5.478753739308962e-12,-4.772234095033493e-12,-1.0892046676787485e-08,-1.3112944819769382e-08,-1.2347909975282937e-08,-1.925829871464844e-07,-5.95355660883618e-12,-1.6396212744606578e-08,-1.277115927879814e-08,-6.639857218135384e-12,-5.574844375443413e-12,-1.3697992999808578e-08,-1.8030515220557492e-07,-1.8260694495628642e-08,-1.9043697317440092e-07,-6.161427824034507e-12,-8.839195437485959e-11,-5.746807946646241e-12,-9.82593762509854e-12,-1.8096259355448276e-08,-8.89517673186287e-11,-1.053570465445956e-08,-9.908562804252764e-11,-5.1734277095420005e-12,-1.4115821660594183e-08,-8.615390927444916e-12,-9.688894990691445e-11,-7.932582411155026e-12,-5.910511939303132e-12,-9.658944347749378e-09,-9.425186702164883e-11,-1.2891128840807036e-08,-1.4146302167663055e-08,-1.9459163920272366e-07,-9.507092743744324e-12,-9.22112876961854e-09,-1.134975481374351e-08,-6.370289720381584e-12,-7.344992187627128e-12,-1.8739296698579814e-08,-7.471964012495614e-12,-6.510616298602387e-12,-1.3443674983503767e-08,-7.018322165839276e-12,-1.453957094668764e-08,-7.361937874109733e-12,-1.1573591226979047e-11,-1.9166302055380597e-08,-1.3059781032155782e-08,-8.743695072733298e-11,-1.2850879372206543e-08,-7.234813200113196e-12,-8.585435766599545e-12,-5.042190076407459e-12,-1.3783773426574926e-08,-6.190338529597256e-12,-7.352431081371457e-12,-7.599963312589622e-12,-1.2228981954712102e-08,-5.602625558852941e-12,-6.405309326103866e-12,-1.24192326415253e-08,-1.0394782718735929e-08,-1.1205760355985798e-08,-1.5353250455660337e-08,-1.7530650284461802e-07,-8.109549941439987e-09,-5.379749259391826e-12,-1.4023988147972239e-08,-6.956742616957463e-12,-1.9752284339782557e-07,-5.002692673571244e-12,-1.2405625254447673e-08,-1.4014524311841768e-08,-1.2213225522628964e-08,-5.122131328490402e-12,-9.99328874251582e-11,-9.019769638133547e-12,-4.991973196624336e-12,-9.252666582713473e-09,-8.353992746559161e-12,-9.518304355377529e-12,-1.4335001031249432e-08,-1.0844767403915404e-08,-1.3791819814574209e-08,-9.029933454757845e-09,-1.1582030598078139e-08,-1.52303181102019e-08,-1.427733594828726e-08,-4.747997056779918e-12,-2.3911988572305618e-08,-3.88007222028742e-08,-9.175404392546556e-09,-1.9476120311386967e-08,-7.435311031127073e-12
-3.7403494748654506e-07,-2.4841039572822997e-08,-1.764465004542466e-08,-1.2631855726916898e-11,-1.9893302309734493e-08,-1.0046442774489153e-08,-7.838172268462127e-12,6.97992586807922e-07,-1.3731330589465666e-08,-2.0115565997115817e-08,-1.549403600754581e-08,-5.779813272611842e-07,-1.1684756009965225e-08,-2.953762299254384e-10,-2.9669074078044e-10,-5.428311844004719e-12,-6.693575639446358e-12,-4.286360660786078e-12,-5.96306364711741e-07,-2.951301318410525e-10,-1.133154125049235e-08,-1.1951441007229734e-08,-1.6383982615773028e-08,-1.5633681944662907e-11,-2.002216583879254e-08,-1.759745234325924e-08,-5.524688164475222e-12,-5.446129319940379e-12,-1.3366509636153216e-08,-6.442154056966663e-12,-8.232923888135378e-12,-1.4427637831365558e-08,-7.001006681523258e-12,-1.3698312428545581e-08,-1.1857790777327903e-08,-1.0336497970876143e-08,-1.1792664340124198e-08,-1.4226061291649669e-08,-1.3382339207859535e-08,-5.823640294587133e-07,-6.446277999552515e-12,-1.7756021282853842e-08,-6.931977555050367e-12,-1.434777343900736e-08,-6.042532520694162e-12,-1.4850704207479907e-08,-5.691863658102111e-07,-9.91386520951845e-12,-5.800501793916171e-07,-6.67858050256778e-12,-5.650039951993043e-07,-6.22603723976915e-12,-1.0634211766806894e-11,-9.824509719130891e-12,-5.661867304312266e-07,-5.7267438639083595e-12,-2.945358206893174e-10,-5.60643741592187e-12,-7.66294536550341e-12,-9.322784782426543e-12,-2.921842668188386e-10,-1.715476606634922e-08,-1.2799298112474665e-08,-5.241919485699783e-12,-5.775554546306649e-07,-1.3961964234478645e-08,-1.5325417947390622e-08,-2.928382173297249e-10,-1.0294513028396295e-11,-5.008922335676026e-12,-6.161117441552524e-12,-1.3774043712898127e-08,-7.95296041167621e-12,-1.0169003609363178e-11,-1.6142542941155355e-08,-7.050075682931835e-12,-7.30365868842432e-12,-1.5178472910486624e-08,-7.887603356160693e-12,-1.591147155945149e-08,-1.2524181535600538e-11,-1.0394000720503163e-11,-1.4141992633044072e-08,-2.8203963747964187e-10,-6.974210398354648e-12,-7.835723386991601e-12,-1.8543463339893184e-08,-1.0908086336264182e-08,-1.4941059575286236e-08,-6.7090462372457e-12,-1.588953048171798e-08,-8.241695505478422e-12,-6.642368817691753e-12,-6.0720300691283606e-12,-6.9382153436922854e-12,-1.3460170698845854e-08,-1.1282532070664674e-08,-1.2145201333835982e-08,-1.664550879914123e-08,-5.637969837815255e-07,-4.403828618498749e-12,-1.1628510713573811e-08,-1.519489048723517e-08,-7.539503885098755e-12,-5.876526945750149e-07,-5.416626687789316e-12,-1.3446278951228398e-08,-7.607207611759554e-12,-6.633430742175108e-12,-1.1079251028976895e-08,-2.954497982066469e-10,-1.9511733385649135e-08,-5.4127357396904754e-12,-5.024855869788038e-12,-9.043399190043853e-12,-2.057217056061116e-08,-1.552754302079299e-08,-1.17624935020404e-08,-7.489583694944484e-12,-9.793931971217233e-09,-1.2544958553977738e-08,-1.6516015201354818e-08,-1.5466675234831968e-08,-1.026983371504469e-08,-1.2957218993656924e-11,-2.1015119956718776e-11,-4.983667625702304e-12,-2.1075818730150564e-08,-1.606642718117815e-08
1.6149542634764595e-07,-2.012949525114437e-08,-7.161446230772363e-12,-2.043259141157772e-08,-8.073127905019948e-12,-4.076119340078766e-12,-6.349598939793186e-12,-1.3731330589465666e-08,7.038259092324716e-07,-1.6294939240288538e-08,-1.2551613091165203e-08,-3.9980435303295775e-11,-9.46072358103398e-09,-8.920293345167415e-08,-4.577620596651368e-11,-4.395941609903252e-12,-5.420555402389772e-12,-3.4704942526053125e-12,-9.467767032366735e-08,-4.450511666798519e-11,-4.595254985178237e-12,-4.8484096935688866e-12,-1.3278472931774198e-08,-1.2670876154318668e-11,-1.6217418695716156e-08,-7.1418241292518484e-12,-8.930556221636358e-09,-8.802559835427432e-09,-5.423034507651985e-12,-5.2198002589609455e-12,-6.672263535576151e-12,-5.85744112702419e-12,-5.670956688980037e-12,-1.1095210688556319e-08,-9.601169733980734e-09,-4.191806830606378e-12,-9.555030330307587e-09,-1.1515599242825316e-08,-5.4298385915304175e-12,-8.333519349558726e-08,-1.0424844426978824e-08,-7.206869834665024e-12,-5.614934607829845e-12,-5.8245199070239e-12,-9.767448221409343e-09,-6.0245862203595185e-12,-7.261506037357726e-08,-8.029117782055447e-12,-4.0823858960364483e-11,-1.0795240588336304e-08,-6.92149071877255e-08,-5.043222692803249e-12,-8.617527069409983e-12,-1.5881693387031483e-08,-3.517564928806916e-11,-4.6358658952865005e-12,-8.784399578161333e-08,-4.540705653289523e-12,-6.206505463803616e-12,-1.5080138387995142e-08,-8.402125327597147e-08,-1.3894624275407728e-08,-1.0360860269992345e-08,-8.475632324720176e-09,-3.980650262097267e-11,-5.666698358279984e-12,-6.219285592985348e-12,-4.264129306343843e-11,-1.664702885290386e-08,-8.095773694007297e-09,-9.96080850706751e-09,-5.58997666103814e-12,-1.286083283510932e-08,-8.23753803943269e-12,-1.3080615977983157e-08,-1.1400457536799852e-08,-1.1803109761331058e-08,-6.159233857792378e-12,-1.2755166757695175e-08,-1.289087350640187e-08,-2.0258096726055942e-08,-1.6810670087876622e-08,-1.1457399242881724e-08,-6.754993009289919e-08,-1.1276344269909289e-08,-6.347656767219289e-12,-7.529136680730806e-12,-4.42605342870919e-12,-6.061742922359592e-12,-1.0845097017919457e-08,-6.449821438939712e-12,-1.3318673928795875e-08,-5.378673839638602e-12,-4.9177565686141906e-12,-1.12180178984329e-08,-1.0900933058022772e-08,-4.574838548743449e-12,-4.927915900083656e-12,-1.3478085652568148e-08,-3.420191706437413e-11,-3.5663103106806794e-12,-4.719966410891713e-12,-6.1659777722336635e-12,-1.2187369742475553e-08,-4.39231504931655e-11,-8.759723505244158e-09,-1.0889308279704721e-08,-1.229840343939252e-08,-1.0721288418462148e-08,-8.973433668202113e-09,-4.4765873464733475e-11,-7.916536047031981e-12,-4.382868407471659e-12,-8.12243708573441e-09,-7.327673591712655e-12,-8.350188139887009e-12,-1.257821849263094e-08,-9.52292859933584e-09,-1.2105992448887906e-08,-7.929532109583626e-09,-5.0915575076304515e-12,-1.3371928771081682e-08,-1.2528248613704635e-08,-8.318084343288232e-09,-1.0503106065063205e-11,-3.4008982065580174e-08,-4.03572896371994e-12,-1.7079790520542044e-08,-1.3017852968423153e-08
-3.4399403642824464e-07,-2.9509175091430344e-08,-1.0494917530535412e-11,-2.995580360531587e-08,-1.1829704343625722e-11,-1.1915208997316694e-08,-9.304729262483586e-12,-2.0115565997115817e-08,-1.6294939240288538e-08,6.910698179219635e-07,-9.215151523838433e-12,-5.129083824694482e-07,-1.3854275987129655e-08,-5.267841337756596e-07,-5.299352579822042e-07,-1.285078408554717e-08,-1.5847944170896444e-08,-5.082131574296734e-12,-2.679535842426384e-10,-5.26197628200785e-07,-6.727040639394548e-12,-7.100477547753926e-12,-9.753358546180276e-12,-1.857853791037175e-11,-2.376258711041906e-08,-1.0465165877916213e-11,-6.553179476936022e-12,-1.2891348162681735e-08,-1.5855208724209582e-08,-7.64993771265416e-12,-1.9524571077129702e-08,-1.713720297888754e-08,-8.309378958055502e-12,-1.6256046214302626e-08,-7.044545697702619e-12,-1.2247599198877438e-08,-7.0157366307605494e-12,-1.686127053567993e-08,-1.5876361513363345e-08,-2.595896110850402e-10,-1.5277854691061143e-08,-2.108085240048409e-08,-1.6420340248208973e-08,-8.536722362281222e-12,-1.4306990245625693e-08,-1.7612927493397982e-08,-2.5168497988389823e-10,-1.176336632426576e-11,-2.58207583505762e-10,-7.922166661087145e-12,-4.973677552302241e-07,-7.388698757285214e-12,-2.5214963467964844e-08,-2.326787960764107e-08,-2.498980432316986e-10,-6.7871103101061946e-12,-5.24791759430997e-07,-6.65160791864764e-12,-1.8149510164316146e-08,-1.1076351454536247e-11,-5.1915934882691e-07,-2.0357513013379848e-08,-7.599973639777829e-12,-1.2418166509889089e-08,-5.123962745928786e-07,-8.303872292831402e-12,-1.818835801224915e-08,-5.207251268800294e-07,-2.4397398722331517e-08,-5.9397957240431945e-12,-7.31096469838891e-12,-1.6347805254516515e-08,-9.443391502020455e-12,-2.4093924467178146e-08,-9.606480503569294e-12,-8.370735355765018e-12,-8.660352915209406e-12,-1.8011120476275817e-08,-1.8693361715122826e-08,-9.465274124316788e-12,-1.4879902867308058e-11,-2.4641593793782314e-08,-1.6790905368594342e-08,-4.94918320898794e-07,-1.6522680534158242e-08,-9.301936330770467e-12,-1.1037890327828372e-11,-1.2939414872854635e-08,-8.879219410204096e-12,-1.5886559266576208e-08,-9.45300929134401e-12,-9.77225741051973e-12,-7.87772803026135e-12,-1.4378019422984305e-08,-8.235445828565429e-12,-1.5968281178573238e-08,-1.3366070419753577e-08,-7.218376826972318e-12,-9.890446239956701e-12,-4.959429800719272e-07,-5.223593520354501e-12,-1.380528033129449e-08,-1.8031089963876675e-08,-8.944749180011817e-12,-2.6276941021842735e-10,-1.2837355765252446e-08,-1.5950645743223307e-08,-9.02771062364192e-12,-1.5703461627123315e-08,-6.58554932657067e-12,-2.640090653214741e-10,-1.1597542957764632e-11,-6.418418482715226e-12,-1.1896000289381154e-08,-2.1437838288306392e-08,-2.442645324339314e-08,-9.233995037296524e-12,-1.3944286939061792e-08,-1.7733232048493495e-08,-5.8166366619635175e-12,-7.460498219864553e-12,-1.9583498968404143e-08,-1.8356891606098464e-08,-6.10427638879997e-12,-1.540202158921813e-11,-2.4990887455653236e-11,-5.910279200250204e-12,-2.5039424235690855e-08,-9.559474532507837e-12
-5.133293557395271e-08,-2.2731510607687963e-08,-1.6135866989526994e-08,-2.307605844286129e-08,-1.8187323868622318e-08,-4.598106946597219e-12,-1.4305916648273406e-08,-1.549403600754581e-08,-1.2551613091165203e-08,-9.215151523838433e-12,7.00779725864263e-07,-2.72964539244532e-07,-5.346085187222426e-12,-1.4212107205649617e-10,-2.860909529929184e-07,-4.959050475081511e-12,-6.115654167177756e-12,-7.813401280076401e-09,-1.452317799713793e-10,-1.41894616879616e-10,-1.0341057673789192e-08,-1.09159365473959e-08,-7.513556941501227e-12,-1.4312251285976417e-11,-9.17010167769759e-12,-8.061077482459901e-12,-1.007485640090701e-08,-9.929347969520409e-09,-1.2212349270811126e-08,-5.892919886311062e-12,-7.535671404659694e-12,-6.613946668463301e-12,-6.400507681244959e-12,-6.273418650787904e-12,-5.425808020747779e-12,-4.725915090442579e-12,-5.404443573837771e-12,-6.506203676474251e-12,-6.126707427138507e-12,-2.770008143726702e-07,-5.896195358756014e-12,-8.135678319599098e-12,-1.264809786284124e-08,-6.575944275528918e-12,-1.1019769631081905e-08,-1.3565888234861047e-08,-1.3269049678798767e-10,-1.808493199043503e-08,-2.7487507815279275e-07,-6.101963918942162e-12,-2.6098429862791307e-07,-5.691336002432028e-12,-9.731565953794756e-12,-8.978991596819714e-12,-2.620911620301459e-07,-5.2272730136505266e-12,-2.821263256710651e-07,-5.123480896186511e-12,-1.3979908003144172e-08,-8.53266776073783e-12,-2.7778331478201326e-07,-7.856122383599072e-12,-1.1683247975744632e-08,-4.792471023859241e-12,-1.3656392934283473e-10,-1.2767060050446727e-08,-1.4010105309992813e-08,-1.3978105526753358e-10,-9.41565934796262e-12,-9.13182175893449e-09,-5.631399537302733e-12,-6.3089250873237466e-12,-1.4519509839951127e-08,-1.8559065286025287e-08,-7.400222427986553e-12,-6.447987665698553e-12,-1.3314002338958177e-08,-6.950695530896267e-12,-1.4399751541353293e-08,-1.455303359274815e-08,-1.146242318849438e-11,-9.510230140686762e-12,-6.480138650235811e-12,-2.5909625485845074e-07,-1.272705242582607e-08,-7.165234692706915e-12,-1.697163712057522e-08,-4.993368208845691e-12,-1.3650859107808003e-08,-6.13062796700475e-12,-1.453413032796749e-08,-1.502297252326353e-08,-1.2110917168784125e-08,-1.1074660698981943e-08,-6.3436402532912656e-12,-1.2299368070998343e-08,-1.0294087571980591e-08,-5.559923465643503e-12,-1.520515142780338e-08,-1.302097497689438e-10,-8.03111507636575e-09,-1.06343058543027e-08,-1.3888866413212764e-08,-6.889688328822602e-12,-1.4123585913763806e-10,-9.888992514703593e-09,-6.1553359556564165e-12,-1.3879542902281496e-08,-6.059888927397585e-12,-1.0124873090656129e-08,-1.4219140836572505e-10,-1.782975946204055e-08,-9.867448281865209e-09,-9.163047280042014e-09,-1.6514041566299985e-08,-1.8815450127814e-08,-1.4197000126292337e-08,-1.0739869168555642e-08,-1.3658833150669054e-08,-4.480130557418565e-12,-5.746743582435879e-12,-7.556837752680216e-12,-7.084250684721366e-12,-9.385141407427862e-09,-1.1865355974087237e-11,-3.8429350414311765e-08,-4.552371442265256e-12,-9.66409064573271e-12,-7.363886738800474e-12
1.000002165863712,2.5807792375734134e-07,-3.5766427125373584e-07,-2.2091965905781455e-07,-2.769594944820552e-10,-1.955990190017554e-10,-1.8850830689634872e-07,-5.779813272611842e-07,-3.9980435303295775e-11,-5.129083824694482e-07,-2.72964539244532e-07,0.9999972934841226,-1.5228364988974496e-10,0.9999967054865839,0.9999966354753138,-2.2701132573951868e-10,-2.394894526698466e-07,-1.1736714330449153e-10,0.9999966310560547,0.9999967029818648,-4.0951023228972716e-07,-1.7600436200625965e-10,-9.656927724697422e-11,6.476362018524078e-07,-3.2210553863488616e-07,-6.535496812405156e-07,-3.463228727224571e-07,-2.206108753829466e-10,-2.397743751408128e-07,-1.656400375463758e-10,-1.8219175428811132e-11,-3.554768318536079e-07,-1.1594276798249951e-12,-2.5442731298941265e-07,-1.337874876832278e-10,-4.5825209344592514e-07,-1.46716818046759e-10,-1.5300282137906752e-10,-1.591192678511006e-10,0.9999966943740809,-1.803472702982721e-10,-2.506444398649529e-07,-1.3578107047000822e-10,-1.6210063892208856e-10,-3.9834799065493475e-07,-3.825398180977323e-07,0.9999966830792077,4.846946863911902e-12,0.9999965787582493,-7.788496474230568e-11,0.9999966559130652,-2.0844086780633744e-10,-1.9252561320415968e-10,-3.419726983881201e-07,0.9999964628463323,-3.9242878350837203e-07,0.999996722123775,-3.185457697075514e-07,-5.0753840920791756e-11,-5.153864905893901e-07,0.999996612248499,-3.848229131377688e-10,-1.512604059528332e-10,-1.91944800845124e-10,0.9999965344523909,-1.3958107461284593e-07,-3.098411806552761e-07,0.9999965944029247,-4.5360773220662323e-07,-1.7282067993337963e-10,-1.9701669207983698e-10,-4.050542302358387e-11,1.3002095782508168e-08,-6.438388178371297e-11,1.558120835648609e-11,-1.0846560497993156e-10,-1.5116363186986691e-10,-1.9564669070490153e-10,-4.6973440201620695e-11,-6.491601409786948e-08,-5.4794368613370154e-11,-5.68967497758332e-07,-9.176093488135055e-11,0.9999965264337216,-2.3229360642336935e-10,-2.346181990187755e-11,-1.8343867935963805e-10,-2.485042129774806e-10,-1.9644292805394686e-10,-1.6759274918971116e-07,-1.680668714254269e-10,-5.214497185236269e-07,-1.488359399350566e-10,-1.7726762365077566e-10,-1.1787655552594624e-10,-3.509663388403412e-07,-1.4995487741174665e-10,-3.373675499999539e-07,-4.997592259621208e-07,0.999996492637195,-1.2060617569624744e-10,-1.7828355084922394e-10,-2.0135424733835496e-10,-2.9044910865757873e-07,0.9999966026107663,-1.4752760148268676e-10,-1.0782919385662634e-10,-8.798038283676458e-11,-1.247790236417845e-10,-1.9856958238307476e-10,0.9999966068106552,-4.093265244870028e-07,-4.234091149543604e-07,-2.2548369018476775e-10,-3.117887782292153e-07,-7.531774521309749e-07,-1.2484884714305812e-10,-3.346661077888538e-07,-3.7448830288559496e-07,-1.959861923293584e-10,-3.7199889886815866e-07,-3.549544205163994e-07,5.748831291467057e-11,-4.0332312428064493e-07,-9.230340710450937e-08,-2.6992973512944354e-06,-3.8997611085997775e-07,1.0363770182414334e-08,2.1884176716929246e-12
-4.068585757530341e-08,-1.709640039413122e-08,-6.087602035546626e-12,-1.7349120556711297e-08,-1.3702852110133199e-08,-3.4703736110932456e-12,-5.398287778528031e-12,-1.1684756009965225e-08,-9.46072358103398e-09,-1.3854275987129655e-08,-5.346085187222426e-12,-1.5228364988974496e-10,7.068885394850834e-07,-1.5624969484190778e-10,-1.5714387240580385e-10,-7.470235019361625e-09,-4.614144773167317e-12,-2.9555716668372083e-12,-1.5855386280708424e-10,-3.115137200284684e-07,-3.9182635741134445e-12,-4.129145463464336e-12,-5.648136866722302e-12,-2.1467370158224264e-08,-6.910457682289573e-12,-1.2121002330871681e-08,-3.808982318142516e-12,-7.49588712948325e-09,-4.6161931680009645e-12,-4.435747917078922e-12,-1.1307106471633294e-08,-4.975775212119111e-12,-9.62690212243161e-09,-4.728341943748932e-12,-8.177460014295605e-09,-3.574122170770696e-12,-8.119798445600604e-09,-9.813924368213368e-09,-9.223096868366951e-09,-3.069322868641703e-07,-8.86029033597283e-09,-1.2227411130178415e-08,-9.533056357523584e-09,-9.878676254585165e-09,-8.314200232428759e-09,-5.129398994879331e-12,-1.4927885989857097e-10,-1.363524022172916e-08,-1.529907432545676e-10,-9.189572228797468e-09,-2.9507805650088797e-07,-8.562585138181802e-09,-1.460762105329863e-08,-1.3512346610973107e-08,-1.4824526297158864e-10,-3.951742635861445e-12,-3.1069501105461955e-07,-3.86395678009268e-12,-5.280217465932294e-12,-1.2804370917886999e-08,-1.5407005317155422e-10,-5.921322868482178e-12,-8.83124406842266e-09,-7.207741788472002e-09,-1.5213861227482686e-10,-4.817927688868408e-12,-5.2895250089045015e-12,-3.083886161016797e-07,-1.4148498970291412e-08,-3.4540449085200525e-12,-4.245703643256605e-12,-4.7543672361402816e-12,-1.0929904759834692e-08,-7.00393782247994e-12,-5.566838098526406e-12,-9.690142649360792e-09,-1.0052353059546232e-08,-1.0458404008517894e-08,-5.431309747186391e-12,-1.0956351791642374e-08,-8.61820970118735e-12,-1.4279850509749268e-08,-4.8791613813533965e-12,-1.4714526751450114e-10,-9.589594960363009e-09,-1.0771698315792438e-08,-6.3931497994551165e-12,-3.767411433412927e-12,-5.159634765727864e-12,-4.624340829548682e-12,-5.4810965510719055e-12,-1.1344042942194532e-08,-9.141405962294654e-09,-8.354583945619104e-09,-4.779222282541932e-12,-9.277988271843803e-09,-7.788224388873665e-09,-4.194368265010407e-12,-5.749125283985885e-12,-2.942413762560616e-07,-3.0352721114115344e-12,-4.012371632690319e-12,-1.0469343808770809e-08,-5.196176531142924e-12,-1.5558995708211595e-10,-3.729688811825791e-12,-4.6436659437794025e-12,-5.241116635460559e-12,-4.5729012330872644e-12,-7.636224156941072e-09,-3.119466676210209e-07,-6.736758587946363e-12,-3.7327615508004184e-12,-3.4642164470385253e-12,-1.242595215071191e-08,-1.416536388502757e-08,-1.069602268313501e-08,-8.113938206618438e-09,-5.162367518688585e-12,-3.3848339335029894e-12,-4.329512157745817e-12,-5.705915053494422e-12,-5.338308550872334e-12,-7.078323080498586e-09,-8.911527571171938e-12,-2.8837175607279912e-08,-6.858981858359565e-09,-7.2660126271139424e-12,-1.1061032959258972e-08
