1.0000000000000129,1.3754544020327684e-11,-1.2164662737830507e-11,-5.573466669378789e-12,1.0248999096963073e-11,1.3744452308033685e-11,-1.6405422332796343e-11,1.0850549126359684e-11,5.798862193795005e-12,1.9327737472660565e-11,-5.1789275421689e-13,1.43124597348236e-12,1.0000000000029041,-4.468245447465462e-12,-7.749861576159146e-12,-2.4506017695663337e-11,6.7676195952326184e-12,-4.726623501477115e-11,2.1113031946495694e-11,-3.6104422784770306e-13,1.00000000000248,-1.6328839970731263e-12,-2.4145654314531406e-12,2.090951641246306e-11,1.00000000001952,1.000000000005968,-6.291005691066209e-12,-9.973338345754352e-12,2.106801235385159e-11,1.9177986657724385e-11,-1.9476916350290434e-12,1.32722525800977e-12,2.5117176067798774e-11,-4.5919919495814366e-11,-3.9318212550119495e-12,-8.4585444562546e-12,-1.1658081457829624e-11,0.9999999999899826,-7.943196798870113e-12,1.0000000000418863,2.4523714674367397e-11,-8.178799910667437e-12,1.968184716469138e-11,-7.42522685727739e-12,-1.41923571959296e-12,-6.850692668672879e-12,-3.6042293681915575e-12,-5.257627486536902e-15,2.8472943058889694e-11,-3.528127867030578e-12,1.0000000000193923,1.0000000000034466,1.0000000000369331,-1.775205441489736e-11,-4.299251199788012e-12,-2.069726372024755e-12,-2.1195495996853424e-11,-2.249367838418782e-12,4.039008336304267e-12,1.2462662970811e-12,4.744255594917501e-13,-1.7887336381047624e-12,-1.6006995698241155e-11,4.54717768078166e-12,3.514599412068955e-12,2.568762248760017e-11,-3.040828568992711e-11,1.8537666255214293e-12,1.2562882445411602e-12,-1.810065322358231e-11,1.7740205022650655e-12,3.97932673740386e-11,1.0000000000327,4.362804463881222e-11,-2.221958790770302e-11,-2.201496848733688e-11,-1.1592254492975057e-11,-7.796994776293004e-12,-5.227034463004814e-12,-2.4101322878478614e-12,-5.1115950130161156e-12,1.343059075511712e-11,-1.1494917091878788e-11,7.354949002318322e-12,1.0000000000275977,1.0000000000269884,6.814420555816285e-12,1.0061708119563628e-12,-2.9067390777487035e-12,-2.5377267801376274e-11,-1.1323208023101624e-11,1.7681913983465086e-11,9.641097706593565e-12,-8.298544149579913e-12,-5.2162526109925746e-11,3.11316341850061e-11,-2.950305825836175e-11,-2.4482128403315896e-11,0.9999999999816296,-2.1128626614864595e-11,7.431798391825796e-12,1.000000000003797,1.0000000000101177,1.0000000000351439,-5.957101127092652e-12,-1.583718492520007e-11,-4.961437435451454e-12,-2.0562324596423695e-12,-2.5662058051718036e-12,-2.1485321367028738e-11,1.00000000001279,-2.4979830043518638e-12,-1.5883331902322932e-11,-5.357242817427546e-12,1.8832987681291097e-11,1.0000000000071998,-2.1707265776362817e-11,4.7430110486373486e-12,1.0000000000131932,-7.741733302591676e-12,-3.0038777291242347e-12,-7.847205325708833e-12,0.9999999999546657,1.9883365781852974e-11,-2.3640419707459184e-11,-1.3679238980712303e-11,2.5014468373469726e-12,1.9260971212481113e-11,2.4510711301960734e-12
1.3754544020327684e-11,-4.518410928297912e-13,-4.0170292580831185e-17,-1.2143038192046207e-16,2.031624767712779e-17,-8.726319973711345e-18,2.3428754826235854e-16,4.945338591063975e-16,2.807956943441006e-16,9.713922812312958e-17,1.857951841607595e-16,2.6337676403927203e-16,1.7473091681291058e-11,2.511649672071652e-16,5.270200300152212e-16,-1.484957734930496e-16,1.152111169887361e-16,5.187410291687272e-16,4.108534730680567e-16,1.7889803011321563e-16,1.7473116938757947e-11,2.2844370978032733e-16,6.102664689860069e-19,1.9565031192362263e-16,1.7472774812135633e-11,1.747307501202188e-11,2.1726571314908433e-16,2.4356625626311537e-16,1.1497836329643761e-16,1.9182098610566636e-16,1.9984626346277135e-17,8.959498770482e-17,3.752615215599584e-16,6.110643425489802e-16,8.93333448614302e-17,1.2047360881551328e-16,3.0389144381415725e-16,1.7472886707455674e-11,3.05673659378373e-16,1.747296935961588e-11,3.138853876427165e-17,2.292251880743313e-16,9.548054014627773e-17,1.2106257409820973e-16,1.1301454582199618e-16,1.071035713390813e-16,1.3950389208633935e-16,1.5579967158941095e-16,3.327475003072609e-16,2.9896033463287175e-16,1.747280468550637e-11,1.747295545290874e-11,8.753548818708676e-15,3.7725454950296023e-16,8.660121113154542e-17,1.221647951308113e-16,5.510080971251665e-16,-6.678561016604133e-17,3.3143860048997637e-16,2.7959468814270413e-16,-1.9442031158323834e-16,1.5165018663932992e-16,2.7784885179345836e-19,4.538219884073207e-19,4.841972011328428e-19,1.746763974849507e-19,2.8425902258505323e-19,-2.014434100116935e-19,3.980584904226258e-20,6.003977000807744e-20,-2.288234479101891e-19,4.508133084501932e-20,8.753452758709055e-15,1.6003799358605938e-19,2.661080108044663e-19,1.597979456402413e-19,-2.061418403213927e-20,1.956054910054067e-19,-9.601291866647154e-21,5.080374468055042e-22,-9.782281264689014e-20,1.5694603058094667e-19,-3.580274224594333e-20,5.138519973090937e-20,8.753717736122784e-15,8.75367034362332e-15,1.6757832746017213e-19,3.0036786348769376e-19,5.605403565642927e-19,3.4468414832989647e-19,6.993009307175682e-20,1.9642121742165276e-19,-2.3976341701295647e-19,8.305431168300386e-21,-2.1310600559637906e-19,-1.1686250206927127e-19,5.1052306686345626e-20,6.023065291499904e-19,8.753600774360428e-15,1.2331177201876252e-19,5.403425648063669e-20,8.753263366053703e-15,8.753626452121333e-15,8.753646002820756e-15,4.8164624832264455e-20,1.144155855505232e-19,6.085545390272989e-20,-2.5998976714409578e-20,2.434098147950177e-19,-5.719062050622608e-21,8.753551185009046e-15,-1.090175109185652e-19,6.874568215387323e-19,1.0180567201224699e-19,1.8180804859316482e-19,8.753526307779764e-15,1.2682127721794309e-20,1.0957292978771819e-19,8.753787854494775e-15,6.57828054058502e-19,3.9739492976922925e-19,2.680839124737789e-19,8.753358418283666e-15,1.614737119230398e-19,2.9311096229058667e-19,7.185149910256016e-19,-5.354818256720589e-20,1.5708254222272327e-21,2.002502284432105e-19
-1.2164662737830507e-11,-4.0170292580831185e-17,-4.5209326943675723e-13,-1.0936838017870114e-19,1.624392168976158e-20,-3.283683906478212e-19,4.134342511613295e-17,4.157689699206148e-16,1.9756646563705528e-19,-2.799155695266191e-17,9.282140284790868e-17,1.4013954093491289e-16,-8.448662211059148e-12,1.527611246386269e-19,3.6053659021081456e-16,-2.578008260848904e-16,-1.5986294851927154e-19,3.88236950378232e-16,2.2240354130686807e-20,8.582642410883908e-17,-4.232563426708922e-15,5.699411434927839e-17,-1.0850986609734415e-16,4.98481963932628e-17,-8.448990421837162e-12,-8.448766008454694e-12,-7.401470335237923e-20,1.3901977911045286e-16,2.0723235307744078e-17,1.1472013268823419e-16,-5.274934208394264e-17,-6.279038632388757e-17,-2.319637201386491e-20,4.664794621412511e-16,3.368305310732005e-17,4.6645891675820656e-17,-1.5001630129010747e-20,-4.2327488449641315e-15,1.174961505138019e-16,-8.448870952035518e-12,-6.341727538398635e-20,1.3287426337551271e-16,1.615643143366327e-20,2.319759267018124e-19,-1.4216913072455455e-17,3.6148041662875274e-19,8.837593520194525e-17,3.8533747390679547e-19,1.9067804739592602e-19,3.286312365932257e-19,-8.449010543552503e-12,-4.232387419824084e-15,-8.44889356010271e-12,4.388937625190767e-19,1.2063886946424137e-17,-7.160756200122739e-20,3.364505595210944e-19,-1.3567239666497712e-19,-6.487364634946202e-19,1.6153384559222227e-16,-2.531503761079337e-16,-2.9037614791328776e-19,3.707201059219655e-17,3.8976794706546736e-16,4.260036960861821e-16,1.2626388987273553e-16,5.727690359992752e-16,-3.6981038837163987e-17,-6.748350479217781e-17,-2.3654496651149725e-18,-2.0026355796646114e-16,4.6723394131161513e-17,-4.232465327846185e-15,1.8485481119852454e-16,2.439732058547992e-16,3.313504228621594e-16,1.7139609462752638e-16,3.257109246492899e-16,-1.4207352333234318e-16,2.2852921673617877e-17,-1.3574896932382225e-16,1.5055563463690243e-16,-2.0944358626785727e-16,-7.04126352163668e-17,-8.448626356399589e-12,-8.448575425516049e-12,3.2254736821658405e-16,2.5194539030777756e-16,1.7384085471152279e-16,4.0717054806591537e-16,-4.5354084069831475e-18,6.351526738106654e-17,-3.2451695263529127e-16,1.4310283166046593e-19,2.247118822033081e-19,1.2987026065471728e-20,-3.6705308501037844e-19,-2.257851197572064e-19,-4.232861269968892e-15,7.903054256462173e-20,1.9275941719412712e-19,-4.2329564022164356e-15,-4.232545473563449e-15,-4.232966576132812e-15,2.8640101647521067e-19,6.733369742444316e-20,-1.7414666544908317e-19,2.9351148828270474e-20,1.4879409199801528e-19,2.0125919092607891e-19,-4.232518709433262e-15,3.6839133123095678e-19,-1.9570631179446774e-20,2.133418816570042e-19,-1.627149784276865e-19,-4.232669017463496e-15,2.9970877786481064e-19,-3.5181604226480036e-20,-4.232561970781584e-15,1.4062980343332643e-19,2.011808432646838e-19,-8.478618886328234e-19,-4.232627410004379e-15,3.1776129525752815e-19,-3.225685541072081e-19,1.7227958004243044e-20,-2.9710805689240696e-19,1.8448800170594377e-19,2.5397082419894065e-19
-5.573466669378789e-12,-1.2143038192046207e-16,-1.0936838017870114e-19,-4.520851756702156e-13,-9.346997118177281e-20,-3.0636519778024216e-19,-2.8617460949694323e-18,2.438096652118871e-19,1.85904446167395e-19,-1.166471867682838e-16,-6.42780861798754e-17,6.402002596027196e-17,-9.320072199463478e-16,8.68680236323383e-17,1.942679969255765e-19,-8.658005159085025e-20,-1.2590291683558556e-17,2.923679925683316e-16,2.0521630178867621e-19,2.56697050169004e-20,-1.8597172616480287e-12,9.520836855757504e-20,-1.1890994877045593e-16,-8.18888485753601e-20,-9.320832358089332e-16,-9.314813156658363e-16,6.319954161469928e-17,-5.615480714739747e-19,-1.6727162123963526e-16,5.253571272222849e-17,-1.7060453715319086e-16,1.683057448835124e-19,9.576298736679934e-17,3.480474606310029e-16,5.840658863678418e-20,-1.7042417997404631e-19,1.357829853504785e-16,-9.317337147155342e-16,-9.713909170723617e-20,-9.316890596234035e-16,-1.0076917418975188e-19,1.7165303164060421e-19,-1.0460013250074864e-16,1.0499204050422026e-17,1.5102795405401764e-17,-1.2755131269475676e-19,1.2748149837162748e-19,2.9059168842345176e-20,-5.643473014125603e-20,1.3081819292256488e-16,-9.319880379550762e-16,-9.318823010628935e-16,-1.8599060823315987e-12,1.788863021675162e-19,-9.96173949154187e-20,-6.484135158313724e-17,2.6529082393706887e-16,-2.5620471467641756e-19,2.460997498253964e-16,-2.9935756433542226e-17,-3.064149462416652e-16,-2.1301126224028745e-17,-6.315439293974718e-17,2.591736514316036e-19,1.9150577877575074e-19,-1.093380826226271e-19,2.4729472381150697e-19,1.0772253192111325e-19,2.4365510521269778e-20,-2.1622687117497715e-16,-1.2006149391428226e-19,3.5177286660864878e-19,-1.859686162285199e-12,1.4003236045263002e-16,1.261862935256081e-16,2.565530715678134e-19,-1.3820073246761707e-19,1.447913940750064e-16,-1.69101300359419e-19,-3.356451700951989e-17,-1.2511150173961563e-19,1.7447956944609645e-19,-3.4486841433038223e-16,5.414099281075136e-20,-9.318555662372748e-16,-9.317030352865304e-16,3.951863695366516e-21,3.139358507535758e-20,1.406246894129492e-19,3.0314389573511954e-19,-1.4163194142619692e-19,-1.3558976665861806e-16,-3.423038941505776e-16,-2.614249961889275e-17,7.823751611012253e-17,-1.561987062716055e-16,1.5992693517379572e-17,1.831184556095851e-16,-1.8597525685276266e-12,-9.597655648598058e-17,5.127335963562799e-17,-1.8600114061608552e-12,-1.8596481756606437e-12,-1.85976989079676e-12,3.215566602816423e-16,8.260237072777687e-17,-1.7531522191196336e-16,3.2699619637670646e-17,-1.769918467070351e-17,5.755490359567723e-19,-9.31661900699047e-16,6.467456164019795e-20,8.178983159958384e-20,-2.959049723857959e-19,-2.9138681938353254e-19,-9.316589753032034e-16,-1.5808770453131863e-19,1.2709751865953195e-19,-9.306547949447667e-16,1.3976186858409837e-20,1.5599350573768024e-20,1.748825736093025e-19,-9.319182271621422e-16,5.320840526570043e-20,-2.536759848781326e-19,-3.0443056944532574e-19,-4.7681889573794377e-20,-4.709739500919569e-21,1.5436816507028952e-19
1.0248999096963073e-11,2.031624767712779e-17,1.624392168976158e-20,-9.346997118177281e-20,-4.520100141994013e-13,-2.0718229253775363e-16,7.420478507502995e-17,3.0282547595923695e-19,1.2783185772991761e-19,-3.158605441812584e-17,7.402337659483769e-17,2.8039838874126287e-20,7.001676625909517e-15,1.10015470362983e-19,1.3994771108489455e-19,-2.6031758012515633e-19,-7.999523845864029e-17,4.0482342454581167e-19,-5.717834876857237e-20,1.4770921638847496e-19,7.001896956836519e-15,-2.0496877481973798e-19,9.57992907817165e-21,-3.8555357991835585e-17,1.397659399544483e-11,1.3976797779896777e-11,-1.8049986731530606e-19,1.0480795613350612e-20,6.380458482327474e-20,5.362084885338214e-17,-3.0290635744627925e-17,-1.6086666034040943e-20,2.234652520762055e-16,-5.244158819508629e-19,1.3538881304807136e-20,-1.1539159864889292e-20,-1.268377468376885e-20,1.3976664647363524e-11,1.2907700012832422e-16,7.001884513316423e-15,-2.3487973792029874e-19,4.565148130106124e-19,-4.5782286484728e-17,3.186929833085164e-17,-1.766744528800366e-19,3.1236691364471003e-17,2.476708508231205e-19,5.1920448552711224e-20,1.4151180540992928e-16,2.240820882382897e-20,1.3976589367726292e-11,1.3976780136768748e-11,7.001867179998913e-15,-5.1078340224410925e-20,7.441083137261172e-20,-1.7655667737140598e-19,3.7053683759069463e-16,-1.3647611715688737e-16,8.765400144118932e-20,9.428102466380033e-20,-9.1356064278912e-20,2.8851501894029494e-20,6.773519087600555e-18,4.48191212632862e-20,2.0021018548690176e-19,-4.839335336015887e-17,4.0460997739519927e-16,-1.0654417272869855e-17,-8.054217074657518e-18,2.0786065042521018e-17,-8.09743679049652e-17,1.5511713493856267e-17,1.3976915764840743e-11,8.976082851864985e-17,1.6857052510264453e-19,2.0955793983576858e-16,-8.581188991184508e-20,-2.0074100699885988e-19,9.889198503753827e-20,1.4132687843299338e-19,8.656121439316359e-20,1.1744965695633642e-16,-3.2731265252238343e-20,-1.3479960654170918e-21,1.3976929963576851e-11,1.3976986007245937e-11,2.2172773979485916e-16,2.3729012846909286e-19,1.4121566119142866e-19,3.1574885853059354e-16,7.072779450752929e-21,6.757957393602574e-20,-3.0208639094475383e-16,1.9333611687468482e-19,-3.4100208663916817e-19,-2.768274033610342e-19,7.5970353381308e-17,2.58914049343286e-16,1.3976835382540502e-11,-4.1991466537399173e-17,6.455039770169855e-20,7.001868200247281e-15,7.001917806944664e-15,7.0023351361899085e-15,2.8898699484971804e-16,5.9058118878136e-19,-8.88426648922967e-17,7.258566604265753e-17,2.6068642704602873e-17,3.3233005246778673e-16,1.3976957027816637e-11,8.988713447137151e-18,1.1844290697255483e-16,1.9516846253750603e-16,-6.229535238635025e-17,7.002011414313801e-15,-4.373002269759639e-21,-6.0824003077526105e-21,7.001959231704614e-15,-7.303802977545476e-20,-3.0532238006846486e-19,2.7582058051801293e-19,7.002036957563166e-15,-2.5081433612002778e-20,2.8363819563387707e-19,5.045555476660703e-19,-3.064616572789564e-20,4.138969092836437e-19,1.2489923689398655e-19
1.3744452308033685e-11,-8.726319973711345e-18,-3.283683906478212e-19,-3.0636519778024216e-19,-2.0718229253775363e-16,-4.5359281737183087e-13,2.85050432827615e-17,-5.176100442385538e-19,5.570218290373921e-20,-1.5312829439324293e-19,-1.2061792976474784e-20,-1.9351597910421765e-17,8.770958722363753e-15,2.705526385960984e-19,-6.27881902746693e-20,-4.744884471291852e-16,-3.0489557183316014e-16,2.242290478849633e-19,2.3400201906786364e-17,-1.0378588856523382e-16,1.7506414166898743e-11,-3.524676197975433e-17,7.399689789628812e-20,-2.0903968935318387e-19,8.770162772618905e-15,8.770387724516946e-15,1.3334779700270148e-17,-8.76893894184977e-20,-4.865764562748788e-17,-1.1265499358983494e-16,-1.318144426608943e-16,7.299357038352882e-20,2.3913440838057288e-17,3.3928704607133538e-19,-3.5367898993834134e-20,-1.173368170286774e-19,-1.1020589279325367e-17,1.750626493970504e-11,1.9721351499275304e-19,1.7506389533790114e-11,-1.2698201851966288e-19,1.4387215008748221e-19,-1.0123055297451954e-19,-1.2855537641848366e-16,-6.836164058529019e-17,-3.0172752605692577e-19,-2.8721736286080954e-16,-1.6859471230626653e-19,1.7244805918608335e-20,6.435005128365031e-17,1.750617242697445e-11,1.7506448883248376e-11,1.7506306484469836e-11,7.609354465930116e-18,-6.200409447411527e-17,1.269218295157117e-19,1.0957963103011067e-16,1.1728482277843047e-19,-1.9368373200378015e-19,-1.42074887180738e-16,-1.2124558889255032e-20,-3.3138707710978964e-16,7.68055543071116e-20,6.408666601315952e-17,-2.4935946707381035e-19,-6.702159134652722e-20,1.2478910974508075e-16,-1.0166028938512584e-19,-1.1756431874517523e-19,4.9382623604846026e-20,-8.097516789309715e-17,-1.4617499277467435e-16,1.7506484355672663e-11,-3.8843918104820114e-20,-1.1653259406459863e-16,-1.2659339901793296e-19,-3.402024384098237e-20,-4.090466708130509e-18,-1.9461073938315821e-16,-9.819584094430616e-17,-2.276923262539134e-19,-1.884451690379461e-17,9.028095625290825e-20,-1.1443214772136369e-19,1.7506524834827e-11,1.7506557198581246e-11,-6.99622108118185e-17,6.304924168973996e-17,-3.7334465997500994e-19,7.954432634690254e-17,-7.630458173586629e-17,1.2345099704607755e-19,-4.800168643375175e-16,-1.1097354125697391e-16,8.143241531051305e-21,-4.2784143892004707e-19,-8.050283743666754e-17,1.0545212659929877e-19,1.7506392425338456e-11,-4.048984425570018e-20,-2.313784367368875e-18,8.770240088650612e-15,1.7506600197474735e-11,1.7506521633411167e-11,1.2268472092544975e-16,-1.0704134398205831e-16,-5.344272063854574e-19,-2.5649747533056936e-17,-2.0580948380029368e-20,-3.474111685573396e-19,1.7506509339310897e-11,-1.8553765482777889e-19,1.5543158915190913e-20,9.199381245626705e-21,-1.370138080788295e-16,8.770003386032094e-15,-2.7188009103509504e-16,-1.6237554925421053e-16,1.750634189981574e-11,-2.0622243971765907e-16,6.195266070271774e-17,2.5120871740968607e-19,8.770248730886021e-15,7.306387954747787e-20,-1.5796097952509168e-19,-1.436673557008179e-19,-6.3477639677035e-20,4.75061946041702e-19,-2.4077920106250217e-20
-1.6405422332796343e-11,2.3428754826235854e-16,4.134342511613295e-17,-2.8617460949694323e-18,7.420478507502995e-17,2.85050432827615e-17,-4.5176937088978265e-13,2.4883824043989877e-19,1.8954996888032658e-16,1.4364973886465743e-16,2.0046682162381326e-19,2.72342896673919e-16,-6.355328671507652e-15,2.3756989554378583e-16,3.4161045567291803e-19,-1.0126993794025456e-16,1.0200166815214479e-16,4.462914421738085e-16,1.6251024551133783e-19,3.5145185544885853e-19,-1.2685803969911942e-11,2.736314014617206e-16,8.53524822082875e-17,1.6105308161580953e-16,-6.355593501293629e-15,-1.2685811637394975e-11,2.945968747096787e-19,2.1556511508749393e-16,1.8836719120755226e-16,-1.0979737465294477e-19,3.323961009747853e-19,1.9385640318403193e-16,3.4616382913106674e-16,5.099616059595132e-16,3.866369765600028e-19,1.457115235453888e-16,4.1156669861658784e-19,-1.2686010646229778e-11,-5.3897124927146015e-20,-6.3554290711501515e-15,5.502033732971714e-17,2.3768195434308514e-16,1.7236420322149755e-16,7.641435287608373e-17,1.5656066022400085e-16,4.817105047792664e-17,1.0647703890287442e-16,-4.907587935245671e-19,1.6309746855657742e-19,3.0486350726086515e-16,-6.355401328764823e-15,-1.268582237140061e-11,-6.355372459627186e-15,1.3588236995963283e-19,1.1041000965101104e-16,-9.443734392736486e-20,4.630784900315752e-19,6.263928994364763e-17,2.553988946257461e-16,1.772677713046175e-19,-8.548282912678201e-17,1.2886845124594557e-16,1.0200503499645332e-16,1.3529552941742566e-19,3.8534731380627155e-16,3.2462209945275193e-19,6.3782804541390995e-19,-1.1134116310995499e-20,1.6233280748765327e-19,1.0476337351061187e-16,8.615926511847355e-20,1.1344526010836364e-16,-6.355214180687002e-15,1.7920950580543601e-19,2.298269987103524e-16,2.929851248910118e-16,1.703792318186208e-16,1.5173312849655828e-19,-1.8610877975804257e-17,-1.7067641712135805e-19,-5.305031135356384e-17,2.312001362333352e-16,4.197136459497118e-19,2.1500337068192803e-16,-1.2685669093053876e-11,-6.355260418263253e-15,3.7076233931536454e-16,3.531501041521048e-16,1.1504852751749575e-19,9.056649489940907e-20,-2.5209786192915874e-20,-1.8011212419075914e-20,-1.0000753719829657e-16,1.8705143684458003e-19,2.5765967322206405e-16,5.3838830862404495e-17,2.830353808999273e-19,3.902929834775167e-16,-6.3553857684874445e-15,1.2418404895696686e-19,2.802643539521663e-16,-1.26858596604916e-11,-6.354960199364349e-15,-1.2685676595888987e-11,4.568663688323469e-16,-2.1061328708231036e-19,3.609849929645087e-17,1.1060178889977887e-19,1.5804579828291986e-16,4.126745724825209e-16,-1.2685661043103797e-11,4.8500820462595316e-20,1.6451442625366698e-19,3.643948646573144e-19,1.0334100820629996e-18,-6.354984070893516e-15,1.013711881081679e-19,1.2141509092125655e-19,-1.2685839281374491e-11,2.6617486043449845e-17,3.563190398741839e-16,3.3668096778526867e-16,-6.355370953203077e-15,4.03395519903721e-19,6.071545701348117e-19,1.464941217204715e-19,1.064795517821877e-19,4.4122012987992685e-20,2.2877675174405367e-19
1.0850549126359684e-11,4.945338591063975e-16,4.157689699206148e-16,2.438096652118871e-19,3.0282547595923695e-19,-5.176100442385538e-19,2.4883824043989877e-19,-4.5184046153862997e-13,-3.058874173942742e-20,2.627137343499478e-16,2.5703233211509856e-19,2.000228239578073e-19,1.4574610519153832e-11,2.4938997246405516e-19,1.7472632946555832e-19,3.068205837609791e-19,-1.1551129964400932e-16,6.505970888516497e-20,1.70586583716467e-19,2.940660055139136e-16,1.4574797238917757e-11,3.1062644681192237e-19,1.3284235721823481e-19,-1.7647599183348508e-19,7.301231921535658e-15,1.457486211174615e-11,1.7331629133917767e-16,1.277234246164306e-16,-1.6338539293137934e-19,2.2998606018830924e-17,3.7821351684431324e-19,3.033039659943247e-19,3.3212332017795485e-16,-1.2206525399866465e-20,2.2089020810046893e-16,2.3158628239840597e-19,7.533332096533758e-17,7.301544713605226e-15,3.3061865465663545e-16,7.301532940874646e-15,3.435513089997215e-19,2.2397847068065718e-19,2.773515946782837e-16,1.110425005848975e-17,2.5129167526014275e-19,5.81720803706438e-17,2.226717338234029e-16,4.844744387509284e-19,1.8528087472058425e-16,1.6972514492486426e-16,1.4574801197837382e-11,7.302218218821664e-15,1.4574899679548605e-11,1.8444351289189232e-16,1.205063723314506e-16,-2.1774479152503106e-19,2.233299027953279e-16,3.5030830863101535e-16,-2.0924035438275444e-16,3.5097364660655724e-16,5.573518198609005e-19,-6.287108754650198e-17,1.7232705311653465e-21,-1.3696766360777063e-19,1.4956481566293877e-16,-2.409982415465676e-16,-1.864335378544929e-17,2.2480325687385823e-19,2.4089604434696815e-19,1.9940845970544749e-19,7.382155659037203e-16,1.7362271173907964e-16,1.4574922634482942e-11,4.410832138879305e-20,1.2244176719908794e-19,7.387226433111701e-20,-3.3206236276078066e-19,1.3947556117003937e-19,-1.610344245333576e-19,3.994788749851949e-19,3.789459826745026e-19,2.4946180931524826e-16,7.29398612628956e-19,1.633709500559913e-19,7.301632756130884e-15,1.457512722625802e-11,2.521259817121128e-16,4.298029222355953e-16,2.713969978715879e-17,3.095065607285242e-16,3.120759585495944e-20,5.177982240891433e-16,1.3962495148028013e-19,1.9814655208462473e-16,-3.0467842680848027e-19,1.6337157896763767e-16,-7.619587808602907e-20,2.344631436876776e-16,1.4574869677214978e-11,1.8095003432358607e-16,1.278016961626785e-19,1.4575219897449556e-11,7.301649699967328e-15,7.30160368871192e-15,9.276369844046115e-20,9.807554507022092e-17,2.81138492432914e-16,1.2226514198269438e-16,3.474414356348537e-19,-2.2360839531931787e-16,7.301615128265715e-15,2.3254658934837336e-16,1.0629105163953485e-16,3.3443121043508847e-19,4.926367273530563e-16,7.301207840630364e-15,2.8402673583879176e-16,2.8053973362662424e-17,7.301507223091635e-15,2.1165723493617972e-16,1.2421986907992873e-19,7.40788265859391e-20,1.4574885959038014e-11,1.3646974160307398e-16,1.7865665292687486e-16,8.484237594896226e-20,1.9925106970685253e-19,-9.442981918038599e-20,-2.9660114071364605e-19
5.798862193795005e-12,2.807956943441006e-16,1.9756646563705528e-19,1.85904446167395e-19,1.2783185772991761e-19,5.570218290373921e-20,1.8954996888032658e-16,-3.058874173942742e-20,-4.519557376915625e-13,6.342502734183245e-19,2.4790689403515154e-19,1.298253277652432e-19,9.519065014828472e-12,7.641671891532722e-17,-2.926169189595176e-17,3.326980150569527e-20,-1.9574542230655298e-16,-3.166867528045514e-17,7.60422489446315e-17,1.4627476645169084e-16,9.519189644099904e-12,-2.2475481738191498e-19,1.268249031097677e-16,1.5762099760795246e-19,4.76904078404952e-15,9.519210978192734e-12,1.259119743466716e-19,-4.9544517741585025e-18,3.525237455104158e-16,-3.5949818249476186e-17,1.9939819850310392e-16,1.825520931947941e-16,3.595451045173174e-20,-3.66086739788163e-20,1.1922279290282453e-16,-6.478269761656141e-20,5.064900223154004e-18,9.51911650693525e-12,2.7466691328262997e-19,4.769054616077894e-15,1.7638918312681087e-16,1.5493961088653964e-19,8.806239014855901e-20,-2.0404264648488926e-17,-1.1815385584108268e-19,-2.1162711933745492e-19,1.0203037751336405e-19,1.2129405429876468e-16,4.441594873646611e-17,6.281205880677512e-17,4.76884205652319e-15,4.769134995117688e-15,4.768780090063287e-15,-1.6397272651188323e-19,4.7730302205532426e-17,7.935201726984283e-20,1.5206268917356035e-19,-1.858353472705661e-19,-4.409466535530281e-20,1.4769441164577227e-19,2.200720232568415e-16,-1.6610462586795935e-16,-1.7784250010450732e-19,-5.710108894517595e-17,3.82317550990896e-17,-2.9563548758358527e-16,1.271301710746383e-19,-1.331870725717381e-19,1.5296483442203786e-19,3.3741008576743207e-16,4.675699873021579e-16,7.455513063333195e-17,4.768709552673825e-15,-1.1091729248053921e-16,9.77592405402551e-19,-2.8172746164050866e-21,-2.6411742898616514e-16,4.0033765168018465e-20,3.73667504542678e-19,1.7274217768905387e-20,3.318439172134716e-16,-1.3228011110765269e-19,4.77625472629906e-16,-9.203911113923688e-20,9.519261723524708e-12,4.768945305471063e-15,1.884243134744338e-20,2.405474210560977e-16,5.884480821929543e-19,1.4368579713143735e-16,2.1294797079151674e-16,1.1908555380117954e-19,4.680314205089036e-20,9.764024705905656e-17,-2.996031386937408e-17,3.206332796159538e-17,7.263302001561837e-17,9.506301569398597e-20,9.519226569208227e-12,2.1699554661944967e-19,7.711388895299967e-17,4.7685115233553855e-15,9.51936827773298e-12,4.7691097821080264e-15,-5.192178004171448e-17,-3.9434876314329816e-20,1.6590464939129276e-16,5.700842499490952e-17,7.805147581258694e-17,-2.3492591071532807e-16,4.7687391629517665e-15,1.1874974397065115e-16,-4.22002637920684e-20,2.074341378433892e-16,3.194676373436729e-16,9.519019356529441e-12,-3.6015721198326166e-19,-6.229070749298823e-17,4.768803086520687e-15,1.1504556852910568e-16,1.2288868773723688e-16,2.2236452562503726e-20,9.519275535531126e-12,-8.680316973849454e-20,3.249823571999545e-17,1.2678185383086379e-16,5.93386115338204e-17,2.5632329690624884e-19,1.755941712894849e-19
1.9327737472660565e-11,9.713922812312958e-17,-2.799155695266191e-17,-1.166471867682838e-16,-3.158605441812584e-17,-1.5312829439324293e-19,1.4364973886465743e-16,2.627137343499478e-16,6.342502734183245e-19,-4.520716997448234e-13,8.438219241115305e-20,-2.797361778438512e-19,2.306315713380517e-11,-1.6479612274763333e-19,2.7071108057002765e-16,2.1002543682977105e-19,-2.2364598614743417e-19,1.3611118373602886e-20,2.0952078077878036e-16,3.082900274059129e-19,1.1554046244749414e-14,-2.474383246136717e-19,1.5130453973710726e-20,-4.878295925247936e-19,1.1553826666460178e-14,2.3063198132248254e-11,2.1054841036552248e-19,7.650204543741495e-17,1.3439110900924204e-19,2.573774197873785e-19,1.1619792014388363e-19,-2.8812615299365823e-19,2.29499814813453e-16,1.2084758673599446e-19,-5.493647927075671e-20,-2.1217529514595543e-19,1.4535337561730552e-16,2.3063030445742103e-11,6.239604025406417e-20,1.1553985434980774e-14,-1.406207320763295e-17,2.1528699130739133e-19,9.433478318297684e-18,1.1819736593156209e-17,2.3099037076982306e-17,8.745200245783815e-20,6.790676372337478e-20,8.093263236306397e-17,1.6624792335844738e-16,1.7053244569501733e-16,2.30629939803408e-11,2.3063232414082492e-11,1.1553895565149108e-14,1.9512050824565663e-16,1.1643167453785604e-19,-1.0258675504774521e-19,1.4828826575606559e-19,-6.398806962596746e-17,1.0503674589958449e-16,1.2160091621754313e-16,-4.230106332938372e-19,-5.54365253796704e-17,9.538839791358486e-18,2.423732038673322e-16,2.704634892993521e-16,1.9071805131594163e-19,5.42647060438025e-19,3.252589003523737e-17,6.786792399423771e-17,1.961728536045814e-20,8.073733642776962e-20,2.134494878219098e-17,1.1553693221461156e-14,9.20025320332969e-17,6.752542026545404e-20,1.1327556914731383e-19,-4.540937062121268e-19,4.4671957499585656e-20,-3.5429806493077786e-19,3.179045334605904e-17,-5.985507994636628e-17,1.2802892197408914e-16,1.2971230489490131e-17,3.171605177588136e-20,2.3063344900866195e-11,1.1554018789673312e-14,4.938478246954623e-19,2.4000186890588243e-16,1.665416668098042e-19,3.096536510839049e-16,3.647441647006992e-20,3.2486021957779543e-19,1.5033879595224181e-19,-7.111578050101547e-20,3.0206204973796076e-19,-6.637314601164621e-17,1.891514393206064e-19,2.521143086929088e-16,2.306322287926263e-11,-5.571686948821924e-20,9.624546774131531e-20,1.1554010587135664e-14,2.306341211209913e-11,2.306332819380616e-11,1.108895533438423e-19,1.1368434994711692e-16,2.0279986969526922e-19,3.2763181833708895e-20,4.3733321438152796e-17,1.2799126138627316e-19,1.1554071594186869e-14,3.032872347055872e-17,-1.1461867325913213e-19,2.2926602159593326e-16,-1.439354023700926e-17,2.3063307256940314e-11,-9.660259491726271e-18,3.5574714871081565e-19,2.3063197446036575e-11,1.3539164072709988e-19,2.1658019526076747e-19,-1.4767651568576927e-19,1.1553875483169676e-14,1.395422987213014e-16,1.3230448288753717e-16,1.2517727612270826e-16,-2.4249719432441694e-20,1.7336465034741197e-17,4.155682239763217e-20
-5.1789275421689e-13,1.857951841607595e-16,9.282140284790868e-17,-6.42780861798754e-17,7.402337659483769e-17,-1.2061792976474784e-20,2.0046682162381326e-19,2.5703233211509856e-19,2.4790689403515154e-19,8.438219241115305e-20,-4.5183670660826113e-13,-2.480995921915855e-20,1.6008533778663237e-15,9.467781472821618e-20,1.567494335787858e-19,-3.196973947415784e-19,-1.8430033530900547e-17,2.940459792377463e-16,2.452442070256735e-16,1.7456295243130546e-16,3.195741369490044e-12,1.2677818692357394e-19,2.0692266602581904e-17,-6.414051080552401e-17,3.1955226512954557e-12,3.1957447875692394e-12,-1.9612446743161347e-19,1.663645549562316e-16,2.266957733946428e-16,-6.68050184712348e-20,1.0879443919606208e-16,1.0668916658873198e-16,3.1445751732697957e-16,1.3569270019438439e-19,3.3760411267949874e-19,1.5063438072016568e-16,1.7284022972446607e-16,1.601272461271959e-15,2.439510413818668e-16,1.6008984597898028e-15,5.815863439346525e-20,2.3906622433664395e-16,1.8589732765147153e-20,-1.4311132986788479e-19,3.3778461303276896e-17,1.514770082746676e-19,2.327989655612368e-19,-7.115824439859089e-22,2.098602937750781e-16,1.8073092597593654e-16,3.195575329096881e-12,1.6011081489984226e-15,1.6006563777037775e-15,1.0201803361188782e-19,5.3776654556887265e-17,1.041396878732726e-16,3.883285922375363e-16,1.0611489537689744e-17,1.1017555206470799e-19,2.4383592514515724e-16,-3.6634022309607334e-19,5.351322383031881e-19,7.731331223602555e-17,2.4568013482903536e-16,1.736253156584206e-19,5.989197556164714e-19,4.992381638650684e-19,1.0017871621405601e-16,1.279587204402379e-16,1.9853066301248647e-16,1.5688035005811263e-16,9.243192220570991e-17,1.6010683002695699e-15,4.036642916176267e-19,1.6190829167312237e-16,-1.712927419894926e-19,1.277393380365531e-19,2.476992235231907e-16,-2.723334555234137e-19,6.923316016268238e-20,6.440317643185626e-20,1.853350230113287e-16,5.53193248545087e-20,8.287731039272633e-17,1.600996328364095e-15,3.1959696830003935e-12,2.21850797450113e-19,-6.507241525080353e-20,5.122177728657468e-19,2.6001217954032643e-19,1.2858435113162215e-19,-1.1074611729523508e-19,-5.400653469779611e-20,1.0881237243084683e-16,1.4636700571666258e-16,1.5531034487361106e-19,-3.405229218277129e-19,3.118645095665329e-16,3.1957766988790108e-12,6.022427197993831e-17,7.589722428648098e-20,1.6009149201557359e-15,3.1959507297944515e-12,3.195867348603218e-12,2.864970995338182e-16,1.7794899322648113e-16,1.3396327915806318e-17,1.0612370806229747e-16,-9.237352786699233e-20,2.459221330912003e-16,1.601614591562639e-15,-1.7805152309048414e-19,1.1605217457940402e-19,3.1457947369297425e-16,3.087701947469828e-19,1.6012200371096606e-15,3.629288091179496e-20,9.951138771961339e-20,1.6011449975975197e-15,2.5414659930038634e-17,7.146982235499117e-19,2.9794035744732253e-16,1.6008504224127834e-15,1.6065895415308987e-16,2.3238148517718286e-16,2.264922987818082e-16,4.4313247995591664e-17,1.0337602978731694e-16,2.1596988513522314e-16
1.43124597348236e-12,2.6337676403927203e-16,1.4013954093491289e-16,6.402002596027196e-17,2.8039838874126287e-20,-1.9351597910421765e-17,2.72342896673919e-16,2.000228239578073e-19,1.298253277652432e-19,-2.797361778438512e-19,-2.480995921915855e-20,-4.5176623573042555e-13,5.150919884463478e-12,-5.810543964038153e-20,2.6360226669570475e-16,4.009936872439723e-19,6.115843151745716e-18,2.1409348048786445e-16,1.4460178562114993e-19,1.5955408883205948e-16,5.151028611004786e-12,-4.261099516581422e-19,1.185536489172964e-19,-2.243754071095389e-19,5.150868374008055e-12,2.5805692462470646e-15,1.7113762627194906e-16,1.9325992268503849e-19,2.427296912531953e-16,-1.801175541002391e-19,1.4136504523114864e-19,8.932411213658519e-20,-1.406629844507066e-19,2.3752447007268027e-16,1.808333204907907e-19,1.469476830435509e-16,-1.7830585030224638e-19,2.5806012044348908e-15,-5.745970444519154e-20,2.580230987158143e-15,-4.1425411808067856e-20,5.20212936806662e-19,2.631079618683611e-19,7.061445249547434e-18,9.413252013483258e-17,2.6265318471967133e-19,-2.1782910613805846e-19,6.790523727165144e-17,2.048595665486347e-16,-3.845727301853206e-19,2.5800740118508844e-15,2.5805232504820265e-15,5.15101895830006e-12,2.1358898042920916e-16,7.765519878509661e-17,9.91139722014208e-20,-1.213683918137074e-19,5.0054859439294504e-20,3.665809330178247e-17,2.0474477225487415e-16,-2.0030241766756352e-19,2.1649533230106608e-19,-1.9644442461664696e-19,8.264502496556122e-20,1.99404098075662e-16,-7.892434234103138e-17,2.0960349464920147e-16,1.2570984485264212e-19,2.2289046785443616e-16,-5.358278781313703e-21,2.891492232638819e-16,4.803970391551939e-20,2.5806042074558824e-15,1.6398500256164004e-19,4.189494741349315e-20,1.6349332061479963e-19,-2.8486986246895857e-19,1.3663383097380083e-16,2.5612226159131857e-19,9.829917118641656e-17,7.151401838070267e-20,1.8654010142165555e-19,2.7408159946637673e-16,5.1517954382522806e-20,2.5802897234928888e-15,2.580559336901204e-15,2.3506558882364455e-16,1.0701205106002636e-19,2.6925232603792093e-19,2.830247727753755e-16,8.177926915221941e-20,1.2676585547971208e-19,2.420614967309321e-20,1.005447500009016e-16,1.2748181348211592e-16,6.266288038001408e-17,1.5953936378587246e-19,-2.874264580959072e-19,5.151066833223429e-12,9.030719838217252e-17,1.8951519701885352e-16,2.5806843565298896e-15,2.581383776180273e-15,5.1512006666898355e-12,2.1687057703512615e-16,1.1002643979402585e-16,-1.027650490003453e-20,9.0804180533377e-17,1.0282610609861326e-16,4.2306962599368854e-20,2.5804835643876103e-15,1.1158544434983212e-16,1.6324089422186387e-19,-1.401062857916062e-20,6.888181819090192e-20,2.5807670568495093e-15,1.7062245584255487e-19,3.8986318805813225e-20,2.580442123718277e-15,4.683533877880139e-17,2.28114853717472e-19,1.7540694532795813e-16,5.150920890462448e-12,9.798919231990456e-20,1.607104147013356e-16,2.1767050288726365e-16,5.852236417470897e-20,-2.377518376510137e-19,1.3278272361260024e-16
1.0000000000029041,1.7473091681291058e-11,-8.448662211059148e-12,-9.320072199463478e-16,7.001676625909517e-15,8.770958722363753e-15,-6.355328671507652e-15,1.4574610519153832e-11,9.519065014828472e-12,2.306315713380517e-11,1.6008533778663237e-15,5.150919884463478e-12,0.9999999999857504,-3.806586519839614e-16,-4.019413829195652e-12,-2.076426524043124e-11,1.049948697197082e-11,-2.1814891265581352e-14,1.2448450045439006e-14,1.6859891334892201e-15,0.9999999999857745,2.0892876969129443e-12,6.504839470424839e-16,2.4661624333211333e-11,1.0000000000028093,0.9999999999892704,-1.2904113528056838e-15,-3.132750140101342e-15,2.4791578199808814e-11,2.2900657013537623e-11,1.771668578722263e-12,2.5262771722852506e-15,2.8837707509769868e-11,-2.1140524161521065e-14,-1.131848091078964e-16,-2.375020917734101e-15,-7.938630065469815e-12,0.9999999999732618,-2.1193077198952575e-15,1.0000000000251885,2.8241121819572915e-11,-2.231483340226704e-15,2.341027028750809e-11,-3.7103063218452e-12,2.2897193693595375e-12,-1.5708917536482981e-15,6.150823300995837e-17,3.703357075192721e-12,1.6130115671634062e-14,9.204613324526784e-17,1.0000000000026863,0.9999999999867425,1.0000000000202376,-1.4030447724108512e-11,-2.953187957818722e-16,1.6470971601905092e-12,-8.753694655109147e-15,1.4758564259790526e-12,3.883348686596409e-15,2.498598491937841e-15,2.0980283694019774e-15,9.774921258563056e-16,-6.153345012978349e-15,8.272326538033558e-12,3.625618099081972e-15,2.944644118843292e-11,-2.668505342805653e-11,2.7882851557913102e-15,2.4931612042267103e-15,-1.4377793286880388e-11,5.511749073601985e-12,2.1797574464230523e-14,1.000000000016001,4.738173295531073e-11,-1.849528887767016e-11,-9.166344796140977e-15,-7.859874981909739e-12,-4.075842368272722e-12,-7.534559826587603e-16,6.508645942596624e-16,-6.991098689058617e-16,8.588909359287997e-15,-3.8918549226827694e-15,5.549067999382701e-15,1.00000000001091,1.0000000000103024,5.286526100663696e-15,4.723412767009492e-12,8.122248942806142e-13,-2.1661822965225083e-11,-3.812988697532581e-15,1.0723992723684094e-14,1.3392686807575407e-11,-2.2888929011408048e-15,-4.842906402322135e-11,3.485920758123185e-11,-1.2916796328736803e-14,-1.0394972291311669e-14,0.9999999999649251,-1.7398826968090914e-11,5.585830026140351e-15,0.9999999999870982,0.9999999999934223,1.0000000000184597,-2.2494957042862557e-12,-1.2109775617280422e-11,-6.261406962429578e-16,1.6490731070026856e-12,5.7754542324742e-16,-1.7755113098144726e-11,0.9999999999961008,6.074410297624747e-16,-6.0957414455797075e-15,-1.6384161820201108e-12,1.1297592994281207e-14,0.9999999999904977,-9.003659380309466e-15,8.478459857925527e-12,0.9999999999964897,-2.0107680848324677e-15,3.5616192485494e-16,-2.0701698417253452e-15,0.9999999999379432,1.1829838324880863e-14,-1.9901580453427562e-11,-9.955019628812442e-12,3.1211650765801613e-15,1.1513149651367444e-14,3.095216762503184e-15
