0.9999999999999987,-3.5107513965764704e-13,2.5947638578334096e-11,0.9999999999962567,-1.715459463046053e-11,4.718252355281719e-12,1.722476345884704e-12,-3.4589410210567254e-11,-1.3067991633143362e-11,3.2106683898477853e-11,2.8777860857382798e-11,0.9999999999911919,-1.1354174089660598e-11,-2.179088439250166e-12,-1.5107362821943282e-11,1.0178326058100968e-12,4.308639452356108e-12,1.0000000000045883,-1.5945140817597694e-12,9.814450015126326e-13,-9.864625477727629e-12,5.288542679612877e-12,-1.1374027117760707e-11,-1.2377299908682604e-11,0.9999999999918506,-1.2487374943833833e-11,-3.4239405411765403e-12,2.0804563764709076e-11,6.07706367822561e-12,2.131568326427301e-11,0.9999999999917061,1.7425141923954294e-12,0.9999999999866028,1.1880545030193808e-12,-1.0348071358520723e-10,-4.459379248438011e-11,-3.1858948039168446e-12,0.9999999999940093,2.004144270155607e-11,1.2057549548873781e-11,1.0000000000090503,2.3670648772541385e-11,-1.5507143972926417e-11,3.2156148631766897e-12,3.3493205899746046e-12,-1.6417310800036427e-11,1.2511758490103079e-11,-1.5810079874734223e-11,0.999999999975663,3.617260039435079e-12,3.7570405530589254e-12,8.889245217739796e-12,-2.786506637432617e-11,1.500251397598943e-11,1.779639264832994e-11,2.0807133915972945e-11,-7.071872962454095e-12,0.9999999999907924,-2.3657737179875673e-11,-8.145196775451275e-12,7.882465826519247e-12,-4.253607112387505e-13,-9.022202674848624e-12,7.31748451945466e-12,7.1503725789651075e-12,6.041383110069574e-12,7.38188200543141e-13,7.893684663488224e-12,1.8455085249766423e-11,9.881186678042761e-12,1.7110992548960837e-11,1.0000000000132692,0.9999999999942648,1.2279689761118608e-11,1.0158764909753388e-10,1.8172270839068922e-11,1.0000000000086822,4.543595633122234e-11,-3.276265364244023e-12,-1.1279427028316657e-11,-2.3719173527538495e-11,3.450187598836698e-11,6.824834599041765e-13,0.9999999999890837,3.7942365644044854e-12,1.8548928984098812e-11,7.837244858580417e-12,2.964216980512532e-11,1.2321535778024694e-11,3.9261983498833156e-14,-1.1475932382126596e-11,1.3907527120248715e-11,-3.8387244908849914e-11,-4.89458905612657e-11,-2.2095491850983373e-11,-1.0586099640323342e-12,-5.881841604351077e-11,2.9391660290783853e-12,0.9999999999956238,-1.8636132143656037e-11,-7.894959679046227e-12,5.825135045111635e-11,9.424936035765299e-12,-9.293583283688192e-12,-7.897972655990144e-12,4.362043386993688e-11,0.9999999999811002,-3.115393549888893e-12,0.999999999967688,0.9999999999924843,1.2839148752207712e-11,8.241835661549888e-12,5.753231899184105e-12,3.7968954575771266e-12,-1.2323592953522723e-12,0.9999999999972705,6.0235103328955515e-12,2.2240787144075218e-11,4.948106505415476e-13,1.0000000000023248,2.146878623443848e-12,7.196332771756592e-12,-3.1464357351276615e-11,1.913509061189775e-11,1.8090585572968574e-12,2.0335849993887028e-11,1.2778982066736758e-11,-6.369673241790323e-12,-4.3362652016892804e-11
-3.5107513965764704e-13,1.6000362569637246e-12,2.390184623004162e-16,-2.794102629401491e-12,2.2964853784674008e-16,3.309555078655144e-16,2.3024954872887e-16,5.083510352251746e-16,2.9644729022502313e-16,3.8351538191567767e-16,3.779229814227344e-16,-2.793964953692185e-12,2.780786835554571e-16,2.7555657098489566e-16,4.4209898211453363e-16,3.089593609617631e-16,2.599073675528339e-16,-2.7938305817033472e-12,2.938183588403479e-16,3.0582192908963283e-16,3.0882590519896603e-16,3.2053492124501613e-16,3.354177678672743e-16,1.8487976593728447e-16,-2.7938968136919037e-12,2.8565637730464846e-16,3.384389107467812e-16,2.096309427555006e-16,1.3965749220985703e-16,3.265298628735671e-16,-2.7940531251378524e-12,3.306321392760685e-16,-1.3999202237273035e-15,1.7315460630177878e-16,5.395223886806179e-16,1.9994877580655367e-16,3.2849522260032017e-16,-2.794200787749117e-12,3.271955241794726e-16,1.6084793308810322e-16,-2.79407082874961e-12,3.429050430933607e-16,3.27983087791907e-16,4.895705416490595e-16,2.4981624049052295e-16,1.9179026828647264e-16,4.892824610683481e-16,2.826336483085462e-16,-2.794022512964763e-12,2.8860334473221627e-16,3.037602566102448e-16,3.3712592108354104e-16,2.2665597758028733e-19,1.6368083740677503e-19,-9.59972781045597e-20,4.726422667542488e-19,2.312270387002422e-19,-1.3996919062594225e-15,8.668843618060985e-20,-3.0825718554710726e-19,8.673297875844876e-20,1.211281613806245e-19,2.0186917361149154e-19,1.970908038592303e-19,-2.938359212457826e-19,1.7382683999219618e-19,3.0708441534096894e-19,9.249023660257266e-20,1.5004975135289633e-19,1.2526151643581841e-19,9.977054370018486e-19,-1.399785002823993e-15,-1.3999641530692661e-15,1.8075124498312246e-19,1.7269727506433907e-19,2.5423822756723274e-20,-1.3996587294243043e-15,1.0926410156533919e-20,2.374160160073336e-19,1.3621950371878676e-19,-9.608635188397558e-21,-1.4079423423975663e-19,1.2894881313356234e-19,-1.3997248686321029e-15,1.2046894662214959e-19,3.465678901683237e-19,1.5969909482847343e-19,-9.092219269312695e-20,-7.948168526739623e-21,1.0321389526553594e-19,4.648128358090429e-19,3.3286283680478694e-19,2.5498605064623573e-19,3.5083749156878737e-19,2.943122953423852e-21,2.888445849982085e-20,2.8586775373408143e-19,-4.992976188331974e-20,-1.3999066107740557e-15,3.4932716718872686e-19,3.349990349585821e-19,1.7474618445921696e-19,6.279041758613184e-19,7.933307381036655e-19,3.6333044708047644e-19,3.580325388350235e-19,-1.3996341830975527e-15,2.2757545954054008e-19,-1.4001135985684519e-15,-1.4001663905827165e-15,2.050287967260267e-19,2.485412353514199e-19,-5.300306629469853e-20,4.6034025014030165e-19,1.5959573738338343e-19,-1.3996472546380433e-15,5.585403766245628e-20,1.6372901766736093e-21,4.737748062528641e-19,-1.3998601521505183e-15,3.6073971951412556e-19,-5.44717226532636e-19,3.396431796493064e-20,1.8265093317173859e-19,2.2414983608218115e-19,1.3519750782011003e-19,4.0745287138715533e-19,3.1397338194013022e-19,4.48207180952619e-19
2.5947638578334096e-11,2.390184623004162e-16,1.6000900289699773e-12,1.1774885219681026e-14,1.5635866551713464e-20,3.4883883347943025e-16,3.8259716334682163e-16,7.338365614309899e-21,2.5626234243821564e-16,3.073462369766122e-16,4.284069920205835e-16,1.1774868944338059e-14,3.805762517872784e-16,3.791126476647412e-16,-2.3676561078686325e-19,6.283043896374159e-19,1.2335935772290805e-19,2.3504115233169717e-11,3.882453191600307e-16,3.500034967318276e-16,3.6920202157665566e-16,4.579224295379615e-16,2.3820214521191113e-19,-3.8744994407544303e-19,2.35038450697567e-11,4.1513776867337043e-16,-2.6993367355144546e-21,2.405535901913439e-20,2.6215499225971766e-20,1.2119207290209e-19,2.3503793311478758e-11,2.8941784800837077e-19,2.3503628781901712e-11,2.2856382359430963e-16,4.0954406925471153e-16,3.2889608425710937e-16,1.1024529222175714e-16,1.1774476718289388e-14,2.841504704439438e-19,3.485036819876322e-16,1.1775030562609812e-14,2.453901205475197e-16,-9.477358198068118e-20,2.8579304074609414e-16,2.314090313923309e-16,1.7869337667761883e-19,2.565890651436606e-19,2.9907270461554e-19,1.1775000891684856e-14,9.027255825651678e-20,2.2510225264374987e-16,4.362167962222395e-16,2.3144175654488513e-16,3.455171025389715e-16,4.14424598860232e-16,5.988899842666433e-16,3.10758076500303e-16,2.3503897097510713e-11,3.106060658119182e-16,4.528166980139553e-16,4.802291001734406e-16,1.9844570264589286e-16,2.1588370742086585e-16,3.4703270043470653e-16,2.773519193241621e-16,3.930246758525164e-16,2.1360694613932466e-16,4.02956779301122e-16,2.7403902480040304e-16,3.6698059528857103e-16,4.0758597098459423e-16,2.3503902009736604e-11,2.3503527950330975e-11,3.643104391871866e-16,5.162885983073827e-16,3.361247300471271e-16,2.3504049450646803e-11,4.850673630924249e-16,2.149191845807489e-16,2.3539893687391545e-16,3.0711069102634023e-16,3.383237599131974e-16,7.263137150772136e-17,1.1774787553052339e-14,3.0271242607688906e-16,3.5771593017266017e-16,3.6754541547159753e-16,1.0106966609795466e-16,3.7369002589219247e-16,3.466864088689889e-16,1.2195516650097963e-18,3.8096596174923525e-19,2.428778214755681e-19,-2.073926919238777e-19,3.5091981707607205e-19,-4.962390071858372e-20,3.747928672398279e-19,-1.285743146293655e-19,1.1775000244165404e-14,3.036546779754001e-19,1.536962091123689e-19,2.911112386710229e-19,2.8207358648677046e-19,6.353561902127996e-20,-4.564887470191293e-19,2.7310675945503557e-19,1.1775146437065863e-14,-1.3524326476408175e-19,1.1774571601163114e-14,1.1774663973578446e-14,6.190844686671501e-21,4.529943441027435e-20,2.0895685997272659e-19,9.785962869293323e-20,4.0519434846592517e-19,1.17748920100849e-14,5.096967798423229e-19,-8.353259784543094e-20,3.9463568012951147e-19,1.1774503733753216e-14,2.3451163603591084e-19,-2.383885159442879e-19,2.2913207417424415e-19,2.695990815826812e-19,8.206873506168288e-20,-8.261415141607133e-20,2.2884536185672166e-19,1.5725441834196012e-19,-6.200815758628711e-19
0.9999999999962567,-2.794102629401491e-12,1.1774885219681026e-14,0.9999999999974378,-1.9597793022586556e-11,2.2769197596593315e-12,-7.188260987845391e-13,-3.7036381128230515e-11,-7.770344577346553e-15,1.4865353361185722e-14,2.633566484811002e-11,0.9999999999907588,-6.9098348996522666e-15,-2.3164948017575543e-15,-8.791063995066386e-15,-7.118258744535063e-16,9.367533020451401e-16,1.000000000004163,-2.0218489394628758e-15,-7.324123460650318e-16,-6.163784895541686e-15,2.843913067982642e-12,-1.3818085800389423e-11,-1.482026271593611e-11,0.9999999999914295,-7.475981351049315e-15,-2.9381355062042905e-15,1.8361312704658504e-11,1.8211673087832563e-15,9.455280184818306e-15,0.999999999991273,-3.47368481786608e-16,0.9999999999861738,-1.2503361012023889e-12,-5.306199484835229e-14,-2.3562069060217485e-14,-2.8185024948996793e-15,0.9999999999935834,8.81635301230354e-15,9.611996080779698e-12,1.0000000000086138,2.1224967922128743e-11,-1.7943508631135015e-11,7.729282526458483e-13,9.0453705499556e-13,-1.8857373456491892e-11,1.0071935930641083e-11,-9.144337137298203e-15,0.9999999999752286,1.1773566986108704e-12,6.566335504023095e-16,3.229827448874465e-15,-1.5182572495492823e-14,6.294302212826992e-15,7.69300394874361e-15,1.8370888598113045e-11,-4.7650716932798356e-15,0.9999999999903659,-2.6098844736757116e-11,-5.301885470738685e-15,5.440163329237899e-12,-1.4358783616633896e-15,-5.7433491843108644e-15,2.442062163897044e-15,2.3566566597764097e-15,1.7987733617170974e-15,-8.505668629617132e-16,2.7330274309931114e-15,1.6014221435194605e-11,3.7268873223165916e-15,7.346640804232911e-15,1.0000000000128466,0.9999999999938375,4.931071720906387e-15,4.967224239188732e-14,7.881972915014844e-15,1.0000000000082567,4.300011471472858e-11,-2.863284020755629e-15,-6.872544278794584e-15,-2.6158630582187245e-11,3.2062999917893274e-11,-8.813435292339729e-16,0.9999999999886475,1.351760021078383e-12,8.066861617348474e-15,2.7046375591066455e-15,1.3627792072913318e-14,4.948756513577087e-15,-1.2061831734839192e-15,-1.3924476577278638e-11,1.1467249807635114e-11,-4.082534485677684e-11,-5.138795752752757e-11,-2.454125288126782e-11,-1.7542465768249099e-15,-6.125884471335227e-11,2.4778884237917135e-16,0.9999999999951926,-2.107805668818853e-11,-1.0340753861887521e-11,5.581834286127685e-11,6.9859789027322925e-12,-1.1740300656639015e-11,-5.181460802986621e-15,2.0628883757271635e-14,0.9999999999806763,-2.782915182292805e-15,0.9999999999672542,0.9999999999920482,5.210863003662248e-15,2.9047752995732017e-15,1.6568269382049313e-15,6.79946795421706e-16,-1.8416773301581974e-15,0.9999999999968473,1.794984704971243e-15,9.917968790831257e-15,-9.748494779783546e-16,1.0000000000018956,-1.447738976754672e-16,2.384087286146576e-15,-1.6985473440174505e-14,8.364988522233566e-15,-3.1666291518941287e-16,8.966438633722777e-15,5.179205477605729e-15,-4.414616199520115e-15,-2.2947087890784136e-14
-1.715459463046053e-11,2.2964853784674008e-16,1.5635866551713464e-20,-1.9597793022586556e-11,1.6002511418317427e-12,4.783295719097727e-16,5.714734253149116e-16,1.655733793899392e-19,2.2560838581369747e-19,4.58733954091509e-19,4.655368351918583e-16,-1.959806531535052e-11,2.9673481186180025e-16,6.61366199505787e-16,3.184541315621935e-16,3.4463018970469177e-19,1.6678307031117324e-16,-9.818127719173465e-15,3.975913138098226e-16,5.741765403024569e-16,4.2566293644063517e-19,6.352885282892722e-16,1.3492843754669375e-19,1.3714227299784768e-19,-9.818080250909536e-15,5.01222668098662e-16,3.5063029321566734e-19,2.93962623580387e-16,2.4381527506467816e-16,1.3704042243456008e-19,-9.818570147360919e-15,4.0532180884650487e-16,-9.818179425452259e-15,-1.8422943776009188e-18,3.3125593546203886e-19,2.29613801461823e-16,4.199360912318012e-20,-1.959809688447411e-11,4.6643754226735504e-20,1.5163099599791677e-19,-9.81864215962862e-15,2.207360262304235e-19,-5.974719731201485e-20,-1.2526138701331356e-19,2.8049730248989367e-16,2.3988129958898906e-19,2.8728759363999203e-19,3.2039351098636764e-19,-1.959741721861882e-11,3.410841226551981e-16,1.7076186977232116e-16,2.2256424086261763e-19,7.510705239131266e-20,2.0879459057583082e-19,4.2224944145297587e-19,1.0360529257756466e-18,4.178285228981566e-16,-9.818448346535119e-15,2.9974127369563726e-16,2.9025391031614663e-19,7.056000444402958e-16,-9.384998802288682e-20,2.706486420678427e-16,-4.1382150398901905e-20,1.0815228458682945e-19,7.100992570951406e-16,1.516403308332936e-16,5.227599980830068e-16,2.274179945753326e-19,5.127692033784006e-16,5.44772356079456e-16,-9.817903256068696e-15,-9.818590829287617e-15,4.816201837755906e-16,2.711373462699893e-19,1.6030219250481548e-19,-1.9597614158079225e-11,3.6032085625673445e-19,2.1072056434425856e-19,-2.6033820498929204e-20,-1.7468632667227798e-21,5.098840260967349e-16,-1.3306623141810472e-19,-9.818336399349932e-15,2.6501719600043875e-16,5.341145182088773e-16,-2.3977500056148166e-19,8.778785114408125e-17,4.20854545108792e-16,5.799946156557539e-16,9.988384284109975e-20,4.159048587317075e-19,3.0647292793949403e-16,1.427527206968765e-16,9.209990338373758e-16,-5.068454876915396e-17,-1.647562638332506e-19,3.39637281916962e-16,-9.81817562055751e-15,5.072282878582504e-16,4.248360772270569e-16,3.266528540257047e-19,7.598478304000097e-16,2.6951899150160124e-16,1.1103424133002987e-19,4.885431639254231e-16,-1.959792790911974e-11,3.2052913732765027e-16,-1.9598302454817147e-11,-1.9597814966163428e-11,2.5859117936720326e-16,3.807574246974125e-16,5.21614421903452e-16,1.715525348966801e-17,1.9662852027013797e-16,-1.9597544513886682e-11,3.390637097092412e-19,3.429593355853722e-19,1.5667923496279373e-19,-9.818362712565092e-15,3.879111374546457e-19,5.265563169931348e-19,-2.0094483596912845e-19,3.6196548900679166e-19,2.8585640290629664e-19,6.009644174991157e-19,3.1597173325374395e-19,4.1051516321446333e-20,3.923302293497369e-21
4.718252355281719e-12,3.309555078655144e-16,3.4883883347943025e-16,2.2769197596593315e-12,4.783295719097727e-16,1.6000537499298358e-12,6.460370943261278e-20,4.303546775415696e-16,7.615800579645528e-20,2.0464355892898756e-19,1.1916588692058618e-19,1.1407134030314386e-15,5.147722855388252e-16,2.437471186051121e-16,3.5615522358570155e-16,3.643584518224445e-16,1.4825731886574425e-19,1.1410943234318818e-15,3.631367655691884e-19,-2.0817528925331422e-21,3.7330983759657307e-16,8.523853156351527e-20,1.288810340049391e-19,4.3456265295036885e-16,2.277025721841512e-12,-1.2026255105523127e-19,4.550834781140689e-19,4.334930696456384e-19,2.2154545569057968e-16,3.083486700512608e-16,2.2772184666878997e-12,2.7341369941012723e-19,2.277001345826848e-12,4.345851297990419e-16,5.5930242876927295e-16,4.545227375139481e-20,2.6682967036478457e-16,1.1405725523039973e-15,4.810659090403642e-19,3.3478525066456766e-19,1.1407528249504472e-15,2.352563102417474e-16,6.607253344101582e-20,2.253636435724994e-19,2.766080331170912e-16,2.5513884291056875e-19,3.1588347008162076e-16,4.10683931674105e-19,1.1406859593475394e-15,-6.841013258450973e-20,1.3052357639998468e-19,5.341329838092805e-16,4.277616333151687e-16,3.351578201175142e-20,4.1861582137484744e-16,5.897277456681475e-16,3.1841126498396847e-16,2.2772641698073046e-12,3.9870619233758293e-16,3.5257118828210546e-16,3.500096949256328e-16,2.33155723076356e-19,2.2496293466565175e-19,4.895426033032186e-19,2.8523290547228626e-16,4.064288113626973e-20,3.634394576957886e-16,3.930246651579567e-16,3.431532216272793e-16,3.2230396340562697e-16,3.575154409213491e-16,2.277205479696888e-12,2.2767761091847608e-12,1.5567861702019742e-19,5.238297418532913e-16,4.2462615640048105e-16,1.1408312115199626e-15,5.471134514021714e-16,1.605564158085763e-19,3.4851766022182327e-16,2.7628474386357356e-19,3.3800475704329204e-16,1.888863361441484e-19,2.2768985256316543e-12,3.9403360671317757e-16,-7.387702255042044e-20,3.8148821044968655e-16,2.7398604388001277e-16,1.579032027208055e-19,-2.1431367381205049e-19,2.4750199641837853e-16,-4.5970669042565764e-20,3.814306666955455e-19,2.936382219367374e-19,-1.9749496460726632e-19,3.1285388581984623e-19,4.970561639231055e-16,3.4227179183967945e-16,1.1411055770158113e-15,4.136327161193589e-16,2.1534931044620366e-19,3.5913633497155657e-19,2.4477146188374034e-19,3.013210083477757e-19,3.7036288707826833e-19,4.2007626898086246e-16,1.1406674537389752e-15,6.535266400075539e-21,1.1405399610619028e-15,1.1407648525120543e-15,1.2181384037651971e-19,3.2948817141561547e-16,1.6950376818415015e-19,2.3447733006764273e-19,3.0626049976396056e-19,1.1407367432046461e-15,3.731202524125799e-16,3.1676587879827195e-16,3.201957847624523e-16,2.2769155313184415e-12,2.8394965014942325e-16,3.732339184357576e-16,-6.21718912559022e-20,1.5437339579834757e-19,-5.802424532427986e-20,1.7282202884318034e-19,1.6105801391328235e-19,2.323165191431696e-19,8.52427573798453e-20
1.722476345884704e-12,2.3024954872887e-16,3.8259716334682163e-16,-7.188260987845391e-13,5.714734253149116e-16,6.460370943261278e-20,1.6001293204872123e-12,3.474324273971944e-20,6.785672810056488e-20,2.4203849686920454e-16,-1.0368607590108257e-19,-3.6039747016292094e-16,4.889520975633646e-16,2.0795426288362008e-19,1.6943072073241968e-20,3.6446825782347567e-16,2.0706122541658151e-19,-3.6002055552223586e-16,4.3049487603858777e-16,2.487227759887159e-16,2.1519089512709186e-19,3.977637649603701e-16,2.674782660724658e-16,4.879944815012404e-16,-3.600596957598041e-16,4.2891690381775624e-16,3.755920351566135e-16,2.612886624245324e-19,1.569249600603448e-19,1.2628412043391545e-19,-3.6008643070925015e-16,4.1784105569099734e-16,-3.602117024802279e-16,4.3485776904868594e-20,3.9407539440022957e-16,4.2810701539939363e-16,1.0121182743435823e-16,-3.5994434413557583e-16,3.7380316718474973e-19,2.717708923744192e-19,-3.600256970121074e-16,1.3723645253976962e-16,9.849115712019717e-20,1.2650942924122224e-16,2.2506635974911427e-16,2.95865992826577e-19,-5.450372790253499e-19,3.1227723125782503e-16,-3.604847505746112e-16,1.3905537288528029e-19,2.4761677585245745e-16,3.1333459678995703e-19,2.534439827765835e-16,3.432724814760541e-16,4.477310038879391e-16,6.406063433721558e-16,-6.241973256842298e-20,-7.185828719424235e-13,2.9839520308608017e-16,5.015470309221884e-16,4.595561326699877e-16,1.9837922608574568e-19,-1.8342668174437805e-19,4.291273517289977e-16,1.7597361076838925e-19,2.6920971787845404e-16,2.9547340110419077e-16,3.7272859931935814e-19,-5.112032989289624e-20,1.1343861669697775e-19,2.0033077205828588e-19,-7.185337351352387e-13,-7.189895600434217e-13,2.065787782673749e-19,5.763277497163846e-16,3.563728082268269e-16,-3.599976959042526e-16,5.528707797646182e-16,1.5221026060912027e-16,-1.1952910329858774e-20,2.5983551115772104e-20,3.0815610988577104e-16,-9.013461125409593e-21,-3.6028852572587337e-16,-2.83893636504664e-21,3.046399771462458e-16,3.4715084946189374e-16,5.0465419269689845e-17,4.3797129179805713e-16,2.341589843063641e-16,2.042354668276537e-16,4.3459099055577844e-16,4.463842530845943e-16,4.1258783716008483e-16,3.1732192122345747e-19,1.81716068679899e-16,3.6723669631371707e-16,-5.76793988936502e-20,-7.186450829899483e-13,3.9705419579438367e-16,2.8119387354547995e-16,1.094902231130438e-19,4.0720436395970664e-16,-1.4030530104959989e-19,1.8334699185740898e-16,2.1775926779451546e-20,-7.186758822488859e-13,3.590549252945664e-16,-3.604763077280175e-16,-7.188006665575981e-13,5.770864952308906e-16,2.5987493921223754e-19,2.3168938325775553e-19,3.729746884260351e-16,4.721019310594968e-19,-3.599606638488414e-16,1.7133368184941038e-19,3.944031271556207e-16,1.595989378559211e-19,-3.6031233016007394e-16,2.6643994060980774e-19,3.931527895314046e-16,1.6523443418329875e-16,3.128238995068498e-16,3.547803433820252e-16,2.7878048358876213e-16,2.0997539181642819e-19,1.7726611056073675e-19,2.397215356315515e-19
-3.4589410210567254e-11,5.083510352251746e-16,7.338365614309899e-21,-3.7036381128230515e-11,1.655733793899392e-19,4.303546775415696e-16,3.474324273971944e-20,1.6003113251168268e-12,4.3812992702648806e-16,4.503131624890573e-16,2.526472836950144e-19,-3.7035854994652426e-11,6.418079549609573e-16,8.396266897773807e-20,2.1220324352683635e-19,3.9980517757899886e-16,2.5754238955266244e-19,-1.8553803524102844e-14,4.462028160759272e-19,8.920588995904712e-20,4.301450401781386e-16,3.2911013574165474e-16,5.195754689127127e-16,-1.4591398127541115e-19,-3.703618930524936e-11,4.1701892980428466e-16,5.654361784155411e-16,4.15758464966218e-16,1.641862676251264e-19,3.591337546969591e-16,-3.703589360788973e-11,3.9268759255214435e-19,-3.703601081643023e-11,6.0489856119867175e-19,8.772987880566503e-16,5.037358975849288e-16,5.732854609310892e-16,-1.8554333403241385e-14,1.7723485656430466e-19,3.809506793461659e-19,-1.8554177543579112e-14,3.5746424786902723e-16,-4.462811029292556e-20,5.5185585254134885e-16,5.055998095446834e-19,9.44665227476676e-20,5.170471006181646e-19,1.8944011773956544e-19,-3.703634952494994e-11,4.580316744813059e-16,2.863581881927771e-19,6.403357351933554e-16,7.648027506040761e-16,2.7382051608900343e-19,4.173658427025357e-16,3.254998011334059e-19,4.0743008610326357e-16,-1.855417251623234e-14,5.805505434922229e-16,1.4356238713950555e-16,1.7090208955512068e-16,5.510920747268288e-16,2.1169727366654347e-19,-4.1352040316591965e-20,2.3958973386588757e-16,2.1711621914556546e-19,5.51600218938664e-16,1.1032400894215562e-19,4.101333354868688e-16,2.402552195451168e-16,3.1118740335772536e-16,-1.8554158898114385e-14,-1.8554911462562545e-14,3.84205760896693e-16,-5.17724864698415e-20,1.742950270168376e-19,-3.703588287680056e-11,2.8350365487449286e-19,2.4001348742529956e-19,5.120612779663084e-16,2.68513550725739e-19,4.0758934008917304e-16,3.072604486140271e-19,-3.703624479519644e-11,3.0254316037546063e-19,3.7391076912777775e-16,-2.4867034253802655e-19,3.794610774814522e-19,3.2724824778680183e-16,-2.1882737531905178e-20,2.6634018530081556e-16,3.3906824590815127e-19,9.059593206056442e-16,8.139829345323466e-16,7.997353627448694e-20,4.04297570149383e-16,7.939667899402457e-16,1.9385933316646548e-19,-3.703610209589593e-11,2.4796482302018137e-19,4.376121951846194e-16,4.720423247949547e-19,1.2796041466652952e-19,3.5711477598065184e-19,3.2966286065412286e-19,4.730257319915322e-16,-3.703606059004103e-11,4.3484389167027266e-20,-1.855418776779549e-14,-3.7036489724988113e-11,4.643325610930288e-19,3.4967291839746276e-19,1.414493813561159e-19,6.915758969615162e-16,2.8757666460742937e-19,-1.8554297727216326e-14,3.9317239847108777e-16,2.2310471482370774e-16,4.458749847515354e-16,-3.703613445243078e-11,5.388038631828407e-16,8.280383477378202e-19,3.3235825437863117e-19,1.7680864107078946e-19,3.368878680974805e-16,4.484104928067968e-16,2.124409727761022e-16,5.722838702971928e-16,9.664369979693822e-19
-1.3067991633143362e-11,2.9644729022502313e-16,2.5626234243821564e-16,-7.770344577346553e-15,2.2560838581369747e-19,7.615800579645528e-20,6.785672810056488e-20,4.3812992702648806e-16,1.5999888177912935e-12,1.13238460776973e-19,-3.442840781499676e-19,-7.770105492481936e-15,6.502729488571759e-19,1.8852164231121118e-19,2.7142142842087883e-19,-4.9223515236246725e-20,2.462258492809226e-16,-1.5509946314283704e-11,3.8027925841623884e-16,1.7583801920540188e-16,2.964145001353424e-16,3.4522297816393927e-19,3.2253879753632624e-16,3.59646922710196e-16,-1.551016163420042e-11,3.1116692390560325e-16,3.9001876048043833e-16,3.1231633790882986e-16,1.9369551073516572e-16,2.7790053716780006e-16,-1.550999263677915e-11,3.8994534465355744e-16,-1.5510122009564505e-11,3.822724124358824e-16,5.762658572518858e-16,3.868809220219768e-19,3.0463738053390775e-16,-7.770071253237781e-15,1.1756945669926662e-19,2.4309645477507477e-19,-1.5510055945683195e-11,4.7930934268343056e-20,8.693052139331824e-20,2.917737224638613e-16,1.7051727726771832e-19,1.5906922239324108e-19,2.911592041059658e-16,8.057547478047599e-20,-1.551019771723424e-11,3.029457161541577e-16,2.390515443596122e-19,3.4723443763670517e-19,4.283365786504546e-19,1.4926348580686505e-19,1.2616790215772625e-19,2.7409179783048604e-19,2.875681681213734e-16,-7.770177439325348e-15,3.785024426645371e-19,2.466357787474438e-16,7.081550555443222e-20,1.2638957809975543e-19,1.4859106893635655e-19,3.0737964485936527e-16,2.6063435171837984e-20,4.9745254896622974e-20,3.5288923893676577e-16,1.5934245757975432e-19,1.1796557684678092e-19,2.403739440943581e-16,2.642571322833574e-16,-7.770060172728528e-15,-7.770323033276589e-15,2.722748166738537e-16,9.079522295890575e-20,5.462117196571586e-19,-1.550988880236311e-11,4.772874926071455e-16,3.166850652059901e-16,5.1975467200882525e-21,3.7328800587232985e-16,3.0557704610275494e-16,3.48060422776492e-20,-7.769954070029773e-15,3.4351798010427447e-16,2.6845070416889074e-19,-4.6731888165361614e-20,3.397940244541568e-16,3.7972981839165594e-19,1.920405586304881e-16,3.633964098069616e-19,2.9015968451758367e-16,5.867333210633527e-16,3.829369061116879e-19,3.30353778992825e-19,2.3837133476153373e-16,2.8852665662981643e-19,1.4943692052091047e-19,-1.5510087500043216e-11,1.7633060213005836e-19,4.254868413522342e-19,1.7785476079869387e-19,1.53927643200017e-19,2.724919155400492e-19,3.261255931053995e-19,2.7566409744474383e-19,-1.5510087115866066e-11,2.549414725912764e-16,-7.770480696459654e-15,-7.770109785563123e-15,6.872923656800851e-16,3.078581999672067e-16,2.9187540908163965e-16,1.772938030258007e-19,1.7360863418365525e-19,-1.551017724896695e-11,8.606775987939966e-20,2.504763285505421e-16,8.936213280477115e-20,-7.7703509341763e-15,2.9637324095396297e-16,2.8187665756610207e-16,2.2494938288707213e-19,3.1081725435938735e-16,1.276148304927351e-19,3.323002726136998e-16,2.290213191221233e-19,3.624427129506775e-16,5.089033393039564e-16
3.2106683898477853e-11,3.8351538191567767e-16,3.073462369766122e-16,1.4865353361185722e-14,4.58733954091509e-19,2.0464355892898756e-19,2.4203849686920454e-16,4.503131624890573e-16,1.13238460776973e-19,1.5999743566546632e-12,1.8621378419904761e-19,1.4865605319677914e-14,6.004459915371894e-16,-7.927824625087213e-19,9.969508911547209e-19,3.046614377576387e-16,2.6816725573481e-16,2.967331699617722e-11,4.779998799284446e-16,8.075303090853639e-20,2.748384057116229e-19,3.0545458425642555e-16,1.6629049571143335e-19,1.36257322612812e-19,1.4865525083988795e-14,4.0562137206213735e-16,6.179423442441921e-20,3.8103384489708737e-16,2.1659252361409351e-16,2.4400219140852305e-16,2.967345970424396e-11,4.867973286787595e-16,1.4865722526318874e-14,6.049317150004322e-16,5.864871653974314e-16,9.074607343194568e-20,9.43288480277606e-20,1.4865580145757386e-14,3.7620078722843245e-16,3.7163375371355496e-19,2.9673298920042154e-11,1.71972628488545e-16,5.111469225446948e-16,2.773412328159376e-16,2.7309845371176517e-16,-3.483152059137153e-20,3.078626993365555e-16,-4.482462855661218e-19,1.486542104149302e-14,7.455875814277578e-21,4.3157778782152645e-16,6.12427492147553e-16,5.344977605626797e-16,5.741477138766302e-20,2.9607029418968603e-19,5.426689034375011e-16,4.699776039183022e-20,1.4865924217380126e-14,-9.277188633373799e-20,2.686273173530651e-16,1.6269758334203642e-19,1.4174821789161622e-19,3.041017927790654e-16,7.030788666290518e-20,6.893763047735397e-19,9.16556419529819e-17,3.5224627407570703e-19,7.445430110015893e-20,3.8911986744312064e-16,1.4063233116073312e-19,3.061548829113352e-16,1.486569716224367e-14,2.9672846297914656e-11,3.3100979574822827e-16,5.045934739165e-16,4.587598633009781e-16,2.967352200062028e-11,2.488816595921649e-19,3.1174797742001533e-16,5.31177624225611e-19,-1.9539962698983266e-19,4.5061381026071085e-20,5.083864162392428e-16,1.4865454422731016e-14,-7.01827056466419e-20,3.096307681965419e-19,2.6681866983180813e-19,3.6609478494144727e-19,3.8934548688483703e-19,1.4512224935213623e-19,9.662803522257948e-17,2.61183437446362e-19,6.661402803287454e-16,2.4725553526241727e-19,2.513122760677977e-16,3.520624038021882e-16,5.858855349138194e-16,-6.351630534414209e-20,1.486547447067451e-14,3.8303653642726946e-16,2.2928971609862253e-19,4.913938898563358e-16,2.6594354426112945e-16,5.055555263430692e-16,2.4650472114811684e-16,4.03919407796181e-16,1.4865502046666322e-14,-6.961936271863553e-20,2.967273857465018e-11,2.967293842456428e-11,2.9331136580231566e-19,3.1603226616301967e-16,3.6371848760417657e-16,6.064781613560741e-16,3.8981818409428303e-16,2.967305690895808e-11,3.89061396668818e-16,1.9468906556268904e-19,3.23329018067655e-16,2.9673052753792325e-11,2.274200214397891e-19,3.441767733397641e-16,3.391191733938517e-16,1.5844027873699835e-19,-5.584643559497466e-19,3.2986827634995467e-19,2.1234146258197283e-16,4.499969637251264e-16,6.513849645420216e-16
2.8777860857382798e-11,3.779229814227344e-16,4.284069920205835e-16,2.633566484811002e-11,4.655368351918583e-16,1.1916588692058618e-19,-1.0368607590108257e-19,2.526472836950144e-19,-3.442840781499676e-19,1.8621378419904761e-19,1.6001533160301747e-12,2.6335747746834915e-11,2.1523076891294962e-19,-2.2616943632334697e-20,2.419751041188207e-19,2.549558634534949e-19,2.8158123341162113e-16,1.3193543339289547e-14,-2.313260869078522e-19,4.637403413663963e-16,4.791714022481079e-16,5.457572165286447e-16,-3.292962373765658e-20,1.152039077130196e-19,2.6335910408925244e-11,4.686472256954168e-16,4.594020035613643e-16,3.335711342452273e-16,5.056955797192326e-19,4.60315939064111e-16,2.6335696961527924e-11,1.198062450811408e-18,2.6335715360706838e-11,2.380157874294921e-16,-1.8287630084101194e-19,2.46739056434389e-19,2.1242408074158276e-19,2.6335516633647914e-11,4.753857865174657e-19,3.170067617856542e-16,2.6335793954542194e-11,4.923001161075895e-19,3.705752782665314e-16,6.91648336697653e-19,3.3486783138357673e-16,3.693978547370361e-19,5.635810366649334e-16,3.94412837481301e-16,1.3193718269106607e-14,3.9790543299918913e-16,1.571874801382204e-19,4.742677139138129e-19,3.202479074019031e-19,4.080856113546951e-16,4.492075065728988e-16,3.3788182498105937e-19,1.079502655252294e-19,1.319357788394358e-14,4.35525305279973e-19,3.803638773753807e-16,4.674049444526315e-16,1.183121597250002e-19,4.7118964189e-16,3.164867816182087e-16,1.096337698930385e-19,4.167612597525845e-19,3.1129895611986925e-16,5.296992574510953e-16,2.2443241716912555e-19,2.0054550816760145e-19,2.833201822868128e-19,2.6335815472617508e-11,1.3192985394044997e-14,5.874293369216711e-19,3.8241043671552453e-19,4.649169432177527e-16,1.3193749058122795e-14,5.417458798371177e-16,4.755328359491698e-16,-1.5323691557539422e-19,-1.7163776436369047e-19,4.72563427596239e-16,-5.267596844013149e-19,2.6335478601110413e-11,3.744537573758021e-16,8.941832645365844e-19,2.7665715722832663e-19,3.976778914342577e-16,3.549747995124235e-16,4.954626066887815e-16,5.875538926937867e-16,6.543538765414515e-16,2.3296981817722907e-19,1.759562483717201e-19,2.870013361380321e-19,1.4526251931973148e-16,4.895014561032723e-16,3.888766944261243e-16,1.3193502917424398e-14,5.076757255888388e-16,2.7502561612375914e-19,4.780217611084586e-19,6.204089360898535e-16,4.4403005832624757e-16,2.3304983059425043e-19,2.472874952591151e-19,1.319346528026466e-14,3.115736953729595e-16,2.6335143964411783e-11,1.3193384360829552e-14,5.592148820241065e-16,4.3916519404524334e-16,3.808995245688296e-16,2.6160169012242775e-16,2.233580049800072e-19,2.633579175755597e-11,3.560822143827392e-19,3.345839045383731e-16,4.153122857272257e-16,1.3193608371379026e-14,3.442147056362872e-16,1.7538245652380578e-19,4.977243428189833e-16,5.514681140085986e-16,4.54158762146433e-19,4.3831259336332503e-16,4.782770906334451e-16,1.021985307310075e-19,1.6346424721988995e-19
0.9999999999911919,-2.793964953692185e-12,1.1774868944338059e-14,0.9999999999907588,-1.959806531535052e-11,1.1407134030314386e-15,-3.6039747016292094e-16,-3.7035854994652426e-11,-7.770105492481936e-15,1.4865605319677914e-14,2.6335747746834915e-11,0.9999999999872901,-1.3792507254252148e-11,-2.316284383024028e-15,-8.791145927890961e-15,-7.118792714040333e-16,9.367079117105813e-16,0.999999999999092,-4.035781003211363e-12,-7.318022956654727e-16,-6.16327593455877e-15,2.844037853333469e-12,-1.3817862584860893e-11,-7.42485430458722e-15,0.9999999999863591,-7.475986121155159e-15,-5.864443395123748e-12,1.8361257883903964e-11,1.8210696688336643e-15,1.8874171783906134e-11,0.9999999999862018,-6.929239900734948e-13,0.9999999999811009,-6.26724118991702e-16,-1.0591713039729474e-10,-2.3562077000040025e-14,-2.8182195959008393e-15,0.9999999999885109,1.7598678155176345e-11,4.8151683566975245e-15,1.0000000000035425,1.0633323137418878e-14,-1.7943410493146675e-11,7.7355148806706e-13,4.530317626712848e-16,-1.8857589708541284e-11,1.0072534496254589e-11,-9.144237629037091e-15,0.9999999999701578,1.1774536154565096e-12,6.566323462580384e-16,6.4473949116306995e-12,-3.030554079297261e-11,6.2944678472590676e-15,7.69296240055835e-15,9.203834732599456e-15,-4.764741740696688e-15,0.9999999999852961,-1.3074685695406943e-14,-1.0584105034753375e-11,2.7255049657586216e-15,-1.435847404914616e-15,-5.7430604646643845e-15,4.874376133208683e-12,2.356629699258481e-15,1.799222852144063e-15,-1.6980136017891161e-12,5.4551902843371934e-12,8.022631906935094e-15,7.439683815487727e-12,1.466479860929841e-11,1.0000000000077756,0.9999999999887663,4.931200995639537e-15,9.915130720629957e-11,1.5733485159002863e-11,1.000000000003186,2.1542404414586646e-14,-5.714682910637817e-12,-6.872321649483551e-15,-2.6158474507337126e-11,3.2063295561933187e-11,-8.813531376461196e-16,0.9999999999835768,1.3517131742441531e-12,8.067157649948978e-15,5.398971266829447e-12,2.7202950059509067e-11,4.948353332940134e-15,-2.4070397096275116e-12,-1.3923871795939766e-11,1.14675260705618e-11,-4.0825158879573166e-11,-2.57443230055987e-14,-1.2293112098252675e-14,-1.7542576097703678e-15,-6.125866934067058e-11,2.4754227424285205e-16,0.9999999999901208,-1.0559553199681721e-14,-5.180229815936291e-15,2.7963510556699782e-14,6.986296160445794e-12,-1.1740219824497457e-11,-5.181272386862566e-15,2.06287570811229e-14,0.9999999999756072,-5.555089199234136e-12,0.9999999999621821,0.9999999999869779,5.211140005539346e-15,2.904273012622565e-15,1.6568522095153082e-15,1.3560657886890066e-12,-1.841881787069439e-15,0.9999999999917769,1.7947426848031385e-15,9.91718993075682e-15,-9.746881925286818e-16,0.9999999999968251,-1.4475992331396391e-16,4.758978180973565e-12,-3.390458108191968e-11,8.365205602696387e-15,-3.1653141091574137e-16,8.966383570804878e-15,5.179339868620186e-15,-8.810425871493668e-12,-4.5804617381398985e-11
-1.1354174089660598e-11,2.780786835554571e-16,3.805762517872784e-16,-6.9098348996522666e-15,2.9673481186180025e-16,5.147722855388252e-16,4.889520975633646e-16,6.418079549609573e-16,6.502729488571759e-19,6.004459915371894e-16,2.1523076891294962e-19,-1.3792507254252148e-11,1.599824182571157e-12,6.51714493158751e-16,5.763409508420392e-16,1.6088831725637573e-19,2.921685594831561e-16,-6.909789567828945e-15,3.019401539391195e-16,5.821431685613143e-16,6.111613019398276e-20,5.425212427952376e-16,2.6418484069560563e-19,3.443740943110874e-19,-6.9093982872574976e-15,2.5736086290970082e-20,1.7671272782806434e-19,2.232162806410976e-16,1.9618175311399433e-16,3.071017477249751e-19,-6.9099800221886925e-15,2.175245185287613e-19,-6.9090867385012166e-15,-1.6326212383468198e-16,1.3910400960444524e-19,5.954019803026278e-17,3.094993613827689e-16,-1.3792713041494825e-11,3.8534880442772614e-16,1.7748340534484095e-20,-6.9086380208790985e-15,2.9116835587685193e-19,2.2650148214896224e-19,6.937350125153083e-16,3.3466404553281777e-16,9.011753150825113e-20,9.567609409261177e-20,2.4285665081002454e-16,-1.3792084458895676e-11,3.336271282318865e-16,1.2668861148063032e-19,-2.3861901655176878e-20,3.0604626708864113e-16,3.651525043232064e-19,1.5887515513850269e-19,5.815780374312407e-16,3.6630858967713366e-21,-1.3792302316453447e-11,3.294988695171545e-19,3.161750180012604e-16,2.5567427485857673e-19,1.1204893390149954e-16,1.5911377636469568e-19,1.9550741816964962e-16,1.8007063657142588e-19,1.083477887920374e-18,1.810585704820836e-16,1.3158946038100326e-19,1.2699513160342625e-19,1.6631896797747523e-19,-2.8230589824980394e-20,-6.909592219043386e-15,-1.3792399162538016e-11,2.295260094483173e-19,4.1339655546977446e-16,3.671740741147483e-16,-1.3792347076563003e-11,3.9077196176631846e-16,5.470953252666849e-16,2.054104986301172e-16,3.7226175664159693e-19,1.821801567041898e-19,-8.045296535642629e-17,-1.3792578432504108e-11,1.9893669441151212e-16,5.849874097922408e-16,4.693660484797774e-20,1.54010000669803e-19,2.2418277588521013e-16,6.357701798747522e-16,4.426635080151444e-19,3.6118798356321356e-19,4.206829359255593e-16,3.642613534883668e-19,8.309696302781995e-16,1.4217500790332855e-19,4.7125061808609945e-20,2.953447097213711e-16,-1.3792598545299749e-11,4.891373488834909e-16,3.0386947754101023e-19,6.105322023570941e-16,3.1674211616671664e-19,2.974211924343038e-16,2.8631543449680195e-19,4.0472230572633716e-19,-6.9099103239639695e-15,4.737477524389166e-20,-1.3792878806087089e-11,-1.3792420586520095e-11,2.8449430878454213e-16,4.806608820163905e-16,2.6784761586461895e-16,-2.9197960964364106e-17,3.4328510684334823e-16,-1.379215827235456e-11,-8.607381177847019e-20,3.0159845784175376e-16,2.1940956483689077e-19,-1.3792364003177136e-11,1.0831890267862317e-19,3.7386543744327625e-16,1.3885910058836078e-18,6.530388607346516e-16,1.5755982690486774e-19,5.542584835392991e-16,2.9018654146540435e-19,2.6953081871170516e-16,1.5523512700291308e-16
-2.179088439250166e-12,2.7555657098489566e-16,3.791126476647412e-16,-2.3164948017575543e-15,6.61366199505787e-16,2.437471186051121e-16,2.0795426288362008e-19,8.396266897773807e-20,1.8852164231121118e-19,-7.927824625087213e-19,-2.2616943632334697e-20,-2.316284383024028e-15,6.51714493158751e-16,1.5998596765194282e-12,9.697645918859161e-17,2.840484408556217e-16,-7.064578617752328e-20,-4.6235328892342304e-12,5.144743094240435e-16,1.969170421504003e-19,3.7541626396548557e-16,3.527761308805754e-16,1.4639517785957572e-19,6.024669912344168e-16,-4.623961605900468e-12,6.914756345699992e-20,1.5602228758195302e-19,4.111940855853108e-16,2.338848780625869e-16,5.705670593800517e-20,-2.3160646815580444e-15,3.917330276361498e-19,-2.316560455298731e-15,9.953949587402603e-19,3.695361727120352e-16,3.2063380634567474e-19,-1.683268837465306e-19,-2.3165402182536003e-15,2.4982410531393685e-16,5.824201831809751e-16,-2.3163360173340903e-15,-6.305857142893862e-19,3.872302133696498e-16,2.4294104409001605e-20,1.9559018275410946e-16,1.9335160762670426e-19,2.393649378365404e-17,2.3810719897533436e-19,-2.3163912503653332e-15,2.1586661712454217e-19,3.212241832606779e-16,6.357433864258237e-16,1.7438634210293572e-19,6.817211841586965e-19,4.71538223325364e-16,6.263153893014973e-16,1.635283059396624e-19,-4.62345284423163e-12,5.7756525492084685e-19,5.125923705715931e-16,3.709455652229782e-16,3.87585464469453e-16,8.239425668761795e-17,4.948018968313967e-16,4.148086341502638e-19,3.344393804192436e-17,1.315612187940596e-19,8.16455554065604e-21,1.0616597708917476e-18,3.410448418305152e-16,3.765644160201619e-16,-2.3161792739803383e-15,-4.624129181832161e-12,1.6485749934853932e-19,6.342419350230846e-16,3.917218655428421e-16,-4.623178639228468e-12,8.959947695784354e-19,5.157923241710671e-17,3.5537671731973924e-16,3.4213278867230385e-16,1.6941849015351852e-16,4.706091768596031e-19,-4.623871995257744e-12,1.1002425397025304e-19,1.5889931955958261e-19,4.789499523626778e-19,-1.865860514212183e-17,-3.996376325810339e-19,7.478479825374263e-17,-7.034469060514844e-17,5.413141954661223e-21,2.9903217512143e-19,5.971342261155071e-16,1.2225481481160392e-19,3.4960184390029517e-16,3.074296747514454e-19,2.144020585443099e-19,-2.316020153029692e-15,3.566521095990174e-16,8.994797300945419e-20,6.139582525760382e-19,1.4044224985868753e-19,3.2030558301386294e-19,3.988041252223696e-20,3.875630318750134e-16,-2.316483832722346e-15,-2.4698715737297246e-19,-2.3165457167400975e-15,-2.3164946315197396e-15,1.9801991214535978e-19,1.1774451183993576e-19,5.567899588557938e-16,2.487274318831503e-19,4.816395880707854e-19,-2.3165193141919352e-15,1.5463545007321278e-19,3.8819212077961064e-16,2.4129474237731163e-16,-2.3162098415887523e-15,1.5693522852515656e-16,4.1655828498701774e-16,6.164871846836455e-20,8.840998912385233e-20,2.5270993911624463e-16,3.465263654735106e-19,1.7242562388284084e-19,1.7308339564061737e-19,5.556926148353662e-16
-1.5107362821943282e-11,4.4209898211453363e-16,-2.3676561078686325e-19,-8.791063995066386e-15,3.184541315621935e-16,3.5615522358570155e-16,1.6943072073241968e-20,2.1220324352683635e-19,2.7142142842087883e-19,9.969508911547209e-19,2.419751041188207e-19,-8.791145927890961e-15,5.763409508420392e-16,9.697645918859161e-17,1.6002102875048499e-12,3.5009344417026943e-19,3.570083883188815e-16,-1.7547808174192742e-11,4.585114522054937e-16,1.6511899502734701e-16,3.65496621904866e-16,2.6126514665002056e-16,4.496570860488016e-16,5.185983371630423e-19,-8.791135913172261e-15,3.074482916325874e-19,2.104225743577018e-19,3.7232754300706877e-16,-1.7597968526272407e-19,2.873442585640112e-16,-1.7547656979054554e-11,4.92707746430349e-16,-8.790989126988509e-15,1.6443531632162307e-19,3.7264675903433947e-19,5.642297300766517e-20,5.023889871700718e-16,-8.791248254331906e-15,3.192965064908639e-19,-2.4056109364243336e-19,-8.791841930736341e-15,1.5462952335487686e-19,2.3417328676545003e-19,4.539035778694715e-16,3.1950862654593904e-16,1.1507659106824933e-19,-5.594763602119168e-20,4.8304457267369735e-19,-8.791197838183911e-15,3.4330191199788955e-19,5.087286318058044e-16,5.652756399045249e-16,6.736548794444479e-16,3.1672381780965857e-16,3.541516611753424e-16,4.704309238299219e-16,3.3917612075496146e-16,-1.7547618927572417e-11,5.016698707451487e-16,1.160371560673674e-16,2.77486049589165e-19,8.172614377754284e-19,-4.788776192753372e-20,2.970983626696697e-16,2.6669721693362e-20,1.0492811112806612e-16,4.1036400691018474e-19,3.726699875926064e-16,3.6830036048123764e-19,-3.491898076892672e-19,1.6295819070725122e-19,-1.7547797332701983e-11,-1.7548172469246202e-11,3.2420695687538467e-16,2.9197637230811115e-19,1.5947782226914887e-19,-8.791246199637942e-15,5.268898670457591e-16,4.964007511784916e-16,4.546642958337682e-16,3.115077956025927e-19,1.271487917743365e-19,6.297132992785595e-16,-1.7547977431283734e-11,5.270972649115772e-19,1.7778178390338548e-19,1.4703109738384746e-19,5.746411866188676e-16,6.131871493987193e-20,1.9031529477696495e-16,2.841690373262065e-20,9.768433710126373e-20,8.059874918793685e-16,1.9091663573614123e-19,1.9071594775263932e-16,-2.3037872722009206e-19,3.578405508655489e-19,3.6282542676164094e-16,-8.79118178832638e-15,4.1357899606251783e-16,3.6878371378406003e-16,4.0341469274172786e-16,2.706784533435423e-16,5.621896778772839e-16,3.8394051204934126e-16,4.010790058538474e-16,-1.7547816307280785e-11,2.762924214204103e-16,-1.7548391475861886e-11,-8.790823821991171e-15,9.695848678733783e-16,3.940206959131551e-16,-9.780211582747221e-19,6.345553962918575e-16,1.0832725519766397e-19,-1.7548113895193028e-11,1.2981722528686553e-19,1.857581368445194e-16,3.814470401516745e-16,-1.754789656927723e-11,4.732278347443466e-16,1.2701696507699215e-19,5.303589707666302e-16,3.7187164208186645e-19,2.658122107666073e-16,4.0730012531953853e-19,5.469776972185868e-20,5.0920903426316045e-16,7.776418314063216e-16
1.0178326058100968e-12,3.089593609617631e-16,6.283043896374159e-19,-7.118258744535063e-16,3.4463018970469177e-19,3.643584518224445e-16,3.6446825782347567e-16,3.9980517757899886e-16,-4.9223515236246725e-20,3.046614377576387e-16,2.549558634534949e-19,-7.118792714040333e-16,1.6088831725637573e-19,2.840484408556217e-16,3.5009344417026943e-19,1.6000741193877177e-12,2.121128232906027e-16,-1.42067420250145e-12,4.672650622667387e-16,1.8364067374148083e-19,7.059780409291732e-20,4.1037380932052714e-16,3.528338414720951e-16,4.710225083869906e-16,-1.4209983888040518e-12,4.26320679215675e-16,1.5459566969920595e-19,2.0866310704238464e-19,1.376465086564707e-19,8.37238282872101e-19,-7.121357258019045e-16,1.5465954747079138e-19,-1.421046261217067e-12,4.240137230929374e-16,5.765044565452948e-16,4.566904158209352e-16,1.5505820410120106e-19,-1.4210141579602153e-12,-2.828684642218145e-20,1.673746067485103e-19,-7.116397204776017e-16,-4.699172329594697e-19,1.7756208765683306e-19,2.8962507223654825e-16,5.5054151655376205e-19,1.775915034558927e-19,2.7810734168149434e-19,4.074640767596001e-16,-7.116832955805166e-16,5.131753868387522e-19,3.4162901240918463e-16,9.953734660853869e-19,4.92029085581207e-19,1.4902783535601864e-19,-1.4352562895744806e-19,6.394437478979287e-16,1.1606876742639798e-19,-1.420758909114992e-12,5.332560067376999e-19,2.8157143419357275e-19,3.895076554376768e-19,1.5549648870809927e-19,2.6393684173543866e-16,2.128956630347639e-19,3.1463416113173855e-16,1.4681213153352488e-19,2.024753234555895e-19,5.030831911252904e-19,3.529737295083382e-16,3.4738838741739956e-16,3.880065332999469e-16,-1.4207982483998e-12,-1.4212673053437763e-12,5.483630305693563e-19,5.930272819455477e-16,8.610728464305288e-20,-7.112806196292495e-16,5.883123360680703e-16,2.831294424435964e-16,3.1101710425042024e-19,4.0293677952101316e-16,2.0420909962023216e-19,4.593013115181822e-19,-1.421133045099964e-12,1.116585313221372e-19,1.132886938996862e-19,3.9142292781969133e-16,5.209486726377256e-19,2.793964333079956e-19,2.731312780908842e-16,-1.6446414581050508e-19,4.607038809525392e-19,5.941565009383548e-16,4.495039916972725e-19,3.996359471489458e-19,2.415856498244198e-16,4.769376766239104e-16,3.539483714041711e-16,-7.113827523402193e-16,4.311176390893826e-16,3.5543894740619074e-16,6.283132497021103e-16,4.2728516529257867e-16,4.2701861662080978e-16,2.850042583970373e-16,4.44977894362023e-16,-7.115608004933042e-16,4.791069660547001e-19,-1.4214560571462967e-12,-7.116708245443554e-16,6.878981276239295e-16,3.24986015854127e-16,1.3348643946557546e-19,1.5472266710212795e-19,3.193780815908458e-20,-1.4209304138344282e-12,3.8320905946246864e-16,3.664781262956363e-16,3.178138395844647e-16,-7.119999069308608e-16,2.6150623638634615e-16,2.701808412227729e-19,3.189599664722163e-16,2.1167019369169525e-19,3.653340899817111e-16,2.348586028874537e-19,3.6448991943049897e-16,3.870873125885901e-16,3.034763407582155e-19
4.308639452356108e-12,2.599073675528339e-16,1.2335935772290805e-19,9.367533020451401e-16,1.6678307031117324e-16,1.4825731886574425e-19,2.0706122541658151e-19,2.5754238955266244e-19,2.462258492809226e-16,2.6816725573481e-16,2.8158123341162113e-16,9.367079117105813e-16,2.921685594831561e-16,-7.064578617752328e-20,3.570083883188815e-16,2.121128232906027e-16,1.6000135336805175e-12,9.368845695509752e-16,6.991778247681513e-19,1.550167182874722e-16,-7.516000143973023e-20,1.756104027689188e-16,-2.0527598131092334e-20,8.161874539174176e-20,9.367224398561989e-16,-6.74479139264873e-20,2.9814963542787035e-16,3.025020108499837e-19,-1.272478927196533e-19,1.6227089135760558e-19,1.8700880666594703e-12,1.883217570558501e-19,9.367855458300079e-16,2.4759235100490754e-16,2.297691748798411e-19,2.001217013962386e-16,2.9995373263968724e-16,9.36497264561449e-16,2.3983158136439595e-19,3.0751395814145644e-19,1.8699914558557725e-12,2.1726988001156724e-16,1.3658510348057444e-19,3.1954873120945543e-16,2.020431284755269e-16,1.9631022180792596e-16,3.332076747514899e-16,-1.8095039450672956e-19,9.367036126221324e-16,2.347615505332877e-16,-2.206209117030011e-19,3.0519062180107103e-16,3.8436992761215283e-16,8.034715368062477e-20,1.388136697824058e-19,2.8885496973365057e-16,8.902449589307842e-20,9.366807699865165e-16,2.8530936549691804e-16,-1.0692931227222147e-19,4.918334782783655e-20,9.813005864533128e-21,1.9204434307434048e-19,1.5426147593673347e-16,1.1498945398588368e-16,1.4138747708285252e-16,2.2553279466497076e-19,8.148615230992909e-20,1.434336333988707e-19,1.3975872358564365e-16,1.563351402317991e-16,1.8700356964123637e-12,1.869886767497169e-12,1.9838921436269724e-16,2.8111767792060253e-19,-7.896061512314159e-20,9.369271339361155e-16,1.4859780633265483e-19,3.22446311604767e-16,2.4578344721936524e-16,2.8619252899583603e-19,3.170960180038397e-19,4.435458495242287e-19,9.365689232133178e-16,2.2994555206265264e-16,2.1738887645400675e-19,-1.142164173077649e-19,3.5651190723372045e-16,1.480617431630188e-16,2.765562067108055e-19,1.7225392888269883e-19,2.0598312598592494e-16,1.5888283032493234e-19,3.6965026673402114e-16,1.8262869670879414e-16,6.202185614823922e-19,2.444449629389386e-19,-1.0390295042979277e-19,9.365579588285877e-16,4.068956567842746e-19,2.36299537125498e-16,2.6001909367478606e-16,2.6803080293718897e-19,3.1184542958759507e-16,2.585614478431281e-16,7.006262533879568e-21,9.364885836238193e-16,-1.8031482790787292e-19,9.36397723256633e-16,9.36669920790736e-16,5.149128112758839e-16,-7.562335817107754e-20,1.1509383487824249e-16,3.076143520617437e-16,1.0564331418876954e-19,9.369139831653162e-16,8.820928769142144e-20,9.99455448645726e-20,2.3011136199057454e-16,9.368014284439848e-16,3.872813313035528e-20,2.8707286113623314e-20,3.4598475090258865e-16,1.437854015365372e-19,1.9657318289412709e-16,2.9493079605379905e-19,5.469273524520986e-21,-2.9555278719435536e-19,3.138546460782555e-19
1.0000000000045883,-2.7938305817033472e-12,2.3504115233169717e-11,1.000000000004163,-9.818127719173465e-15,1.1410943234318818e-15,-3.6002055552223586e-16,-1.8553803524102844e-14,-1.5509946314283704e-11,2.967331699617722e-11,1.3193543339289547e-14,0.999999999999092,-6.909789567828945e-15,-4.6235328892342304e-12,-1.7547808174192742e-11,-1.42067420250145e-12,9.368845695509752e-16,1.0000000000141012,-2.0214010837031145e-15,-7.321032130675724e-16,-6.163060534117914e-15,2.844366834611892e-12,-1.38177781867911e-11,-1.4819849364689496e-11,0.9999999999997614,-1.492299095645223e-11,-2.9378469772071764e-15,1.8361637255899354e-11,1.8213709257436526e-15,1.8874261178253198e-11,0.9999999999996058,-6.925204125778786e-13,0.999999999994504,-1.2500738513341522e-12,-5.306219458144099e-14,-4.7032367015438745e-11,-2.8183076783221006e-15,1.0000000000019156,1.7598786533946907e-11,9.612359991925756e-12,1.0000000000169478,2.1225253716038887e-11,-8.98907295695485e-15,3.867934534525234e-16,4.532329493777751e-16,-9.447431515333478e-15,5.045949144530109e-15,-9.143813947493594e-15,0.9999999999835611,5.900070035634906e-16,1.3110110919637226e-12,6.447991245046454e-12,-1.5182229060916616e-14,6.2950397606997266e-15,1.5356669159375773e-11,1.8371566007991537e-11,-4.764766330572349e-15,0.9999999999986997,-2.6098486787732473e-11,-1.0583390173353656e-11,5.440656926603752e-12,-2.8658241397652704e-12,-5.743391182671077e-15,2.4421630778225866e-15,2.3566486136845677e-15,3.5909406999198217e-12,-8.503646261973422e-16,2.7331130728923575e-15,8.022758055125675e-15,3.727276927741844e-15,7.34651953024249e-15,1.0000000000211784,1.000000000002169,4.931580851747991e-15,9.915207234142829e-11,7.882097300916833e-15,1.0000000000165905,2.1542567520390376e-14,-5.714938979220758e-12,-6.872567849627075e-15,-1.3104713102448305e-14,3.206339189449368e-11,-8.817352662899189e-16,0.9999999999969803,6.7739592266211325e-16,8.067100498453073e-15,5.399302679361342e-12,2.7202584593704128e-11,4.94892463334001e-15,-1.2054553726801978e-15,-6.975665427450048e-15,1.1467782473955575e-11,-4.0824825405757896e-11,-5.1387527043179064e-11,-2.4540649203930258e-11,-1.7539548973323924e-15,-6.125846107714558e-11,4.95008563394008e-13,1.0000000000035254,-2.1077633674497224e-11,-1.0340381673878479e-11,5.5819082556511155e-11,6.9864920505745836e-12,-1.17399364423522e-11,-5.181088741582472e-15,4.117838920378377e-11,0.9999999999890082,-2.782871893617301e-15,0.9999999999755872,1.0000000000003813,1.0403084162739849e-11,5.797929103596707e-12,3.3079487655144892e-12,6.796463494868286e-16,-3.675847733416768e-12,1.0000000000051803,1.7949605654817425e-15,9.918027655424869e-15,-1.9452602740971335e-12,1.0000000000102276,-1.445367659945108e-16,2.3840882482649497e-15,-3.3904772697247084e-11,8.365119607812034e-15,-6.315083096542662e-13,1.7898908066658302e-11,5.179451665667278e-15,-4.413740466543428e-15,-2.2946238623094438e-14
-1.5945140817597694e-12,2.938183588403479e-16,3.882453191600307e-16,-2.0218489394628758e-15,3.975913138098226e-16,3.631367655691884e-19,4.3049487603858777e-16,4.462028160759272e-19,3.8027925841623884e-16,4.779998799284446e-16,-2.313260869078522e-19,-4.035781003211363e-12,3.019401539391195e-16,5.144743094240435e-16,4.585114522054937e-16,4.672650622667387e-16,6.991778247681513e-19,-2.0214010837031145e-15,1.5999798078952096e-12,4.728065662478886e-16,2.818140028969522e-19,3.9805513592469237e-19,2.2081260769322505e-19,2.766579619958227e-16,-4.0354692022906415e-12,3.9643611152402005e-16,4.0761713781841777e-16,1.475413053910653e-19,2.051090459762282e-16,2.3502689939242484e-19,-4.0358251383219895e-12,3.9310210770400183e-16,-4.035733033296544e-12,6.636662458801405e-17,5.637829693221925e-19,2.1554588525994944e-16,1.8729827511696495e-19,-2.0221650325346456e-15,-1.993056602528275e-19,-3.6014575715440724e-20,-2.021746813514071e-15,1.2726026243996194e-19,7.504355211299192e-20,1.738322268167794e-19,1.4266192875873693e-19,-1.5758316846045916e-19,5.010189572000468e-16,-8.124928124145559e-20,-4.035505550358131e-12,3.380251406414645e-16,5.143218396803308e-19,3.8026528588465e-16,1.004860501718077e-19,3.5774529429244753e-16,3.960857468549077e-16,5.951983656230912e-16,4.1824490482123606e-16,-4.035593861682376e-12,-3.702623472073734e-21,3.8673275761521983e-20,4.8033705159492595e-16,1.9623054382174841e-16,4.004250137707069e-16,1.4999953091926589e-19,2.0270147322161732e-16,5.065443384156861e-19,-1.6831236435573184e-19,4.7246689353118e-16,2.258960282137944e-16,5.672707673502835e-19,4.2021775643882694e-16,-4.035666142690864e-12,-2.021738721739929e-15,4.066457267285014e-16,9.664365198553478e-21,1.4823780432773386e-19,-4.0355667125668304e-12,4.525485284901339e-16,4.300098213790216e-16,2.086092134786718e-19,3.742596803791912e-16,2.567684697331773e-19,5.3170083453702236e-17,-4.035936252139701e-12,2.751819039902479e-16,1.6695073199321732e-19,-1.1960359813066339e-18,5.54298172878484e-20,6.979423106361739e-20,4.907010549658982e-19,6.283546310605358e-16,6.521502730310557e-16,4.534063292836221e-16,1.833516397606838e-19,6.990277467935775e-16,4.179301584207814e-17,4.732930845439905e-19,3.191051718069443e-16,-2.0221276128968298e-15,1.173163534854796e-19,4.3800773490605155e-16,2.7292516424820713e-19,2.809455010882428e-20,1.0529454852590854e-19,2.1287303548982029e-19,5.531215249456126e-19,-2.0217052108723716e-15,2.462028787000311e-16,-2.0216704241699715e-15,-2.0218640419047896e-15,-2.3378853117794203e-19,1.54553172186999e-19,2.1207316557568436e-19,1.2830967279615216e-16,4.9409718004047894e-20,-4.035577975176854e-12,1.7145797281034245e-19,1.0850432980762182e-19,2.0803833678275914e-19,-4.035806546592186e-12,2.0707365868259776e-19,2.937151540935919e-19,4.518418089580283e-16,5.402966293480074e-16,-1.3046315748964781e-20,4.441274772333599e-16,-1.46173902510319e-20,3.049900536848087e-16,2.7351735734541564e-16
9.814450015126326e-13,3.0582192908963283e-16,3.500034967318276e-16,-7.324123460650318e-16,5.741765403024569e-16,-2.0817528925331422e-21,2.487227759887159e-16,8.920588995904712e-20,1.7583801920540188e-16,8.075303090853639e-20,4.637403413663963e-16,-7.318022956654727e-16,5.821431685613143e-16,1.969170421504003e-19,1.6511899502734701e-16,1.8364067374148083e-19,1.550167182874722e-16,-7.321032130675724e-16,4.728065662478886e-16,1.5999299481184079e-12,3.154125024580145e-19,2.1606714591729588e-19,4.868361582206496e-19,5.155130320606522e-19,-7.324455068658836e-16,2.1673592839058373e-19,3.4919744250520717e-16,3.6276621275606987e-19,2.1196493622270075e-16,1.8673465335264052e-19,-1.4614139129941895e-12,4.645393166888857e-16,-1.4618647756473055e-12,-3.604011386126457e-19,3.825136001302403e-16,5.398367187522736e-16,1.4258218736755715e-16,-7.323447503380428e-16,2.665871444411915e-16,5.07459611664448e-16,-7.323259040812199e-16,-5.319969022641767e-21,3.9077421640958313e-16,1.0524974507013947e-19,2.0699481890576735e-16,1.4066330062268432e-19,1.3846022958119564e-16,-9.997973060779012e-20,-7.323167115985561e-16,1.3589074265368118e-19,3.331920915431183e-16,5.999672560787983e-16,3.374262775545359e-19,3.470105617677385e-16,4.2935548090286197e-16,2.771329461084235e-19,1.5678906621816496e-19,-1.4614695820746668e-12,1.7978591568189265e-19,4.0327912475088406e-16,3.241174491372279e-16,3.6513704767111886e-16,4.0889872620808524e-21,4.187125062385215e-16,3.389757948706661e-16,-5.1035415782202445e-21,3.399966539477043e-16,5.117285524633367e-19,1.7002121261369593e-19,-1.1148655098306786e-19,3.414146452676445e-16,-1.461480004405394e-12,-7.325433240368872e-16,8.655640362493702e-20,1.3874047795302316e-20,4.624047494492467e-19,-7.321133367246902e-16,5.907370155132006e-20,1.2737387374367982e-16,3.41878085593771e-16,4.190350251993115e-19,1.948188458467281e-16,7.719323047544873e-20,-7.327473397934474e-16,1.2505882554575548e-19,2.0557932274917804e-16,3.9568853872093555e-16,3.8501609660729605e-19,2.275925222237512e-19,1.1934158046054394e-16,1.8230776945241347e-17,2.966178394825599e-16,4.421494373761562e-19,3.101896525783961e-19,2.943854602941725e-16,8.513218199454481e-20,2.7934323381430073e-19,2.714771027820223e-19,-7.321892778133865e-16,3.4175661272041866e-16,1.0623658614892965e-19,5.222156700980719e-16,1.2856323733628277e-19,4.184044157640027e-16,8.376801461533783e-20,1.3564548782361989e-19,-7.3226797114522205e-16,3.770379423524504e-16,-7.325258569946961e-16,-7.323164551919009e-16,3.6722524189333567e-19,2.1456502690003183e-16,8.787152742666362e-20,5.97848097019864e-19,9.252828776162424e-20,-7.324479038690083e-16,1.9314895132974702e-19,1.0913814564825025e-19,1.417584029091831e-19,-1.4619566779923245e-12,1.4727782702375142e-19,2.2906261978040403e-19,1.4068358412773862e-16,2.343731855230509e-16,1.5818779599829453e-19,3.206908903812533e-19,2.540641769978291e-16,-9.999026514427606e-20,3.552196538673728e-19
-9.864625477727629e-12,3.0882590519896603e-16,3.6920202157665566e-16,-6.163784895541686e-15,4.2566293644063517e-19,3.7330983759657307e-16,2.1519089512709186e-19,4.301450401781386e-16,2.964145001353424e-16,2.748384057116229e-19,4.791714022481079e-16,-6.16327593455877e-15,6.111613019398276e-20,3.7541626396548557e-16,3.65496621904866e-16,7.059780409291732e-20,-7.516000143973023e-20,-6.163060534117914e-15,2.818140028969522e-19,3.154125024580145e-19,1.6000738173974036e-12,3.1565755502504083e-19,3.578069808024952e-16,3.3340395049761244e-19,-1.2302890661105467e-11,4.0824581865398275e-16,3.722903516470454e-16,2.982828405391461e-16,3.6741034152362578e-19,3.490916043630909e-16,-6.163662696435329e-15,4.2546789861496316e-16,-6.163498347861377e-15,2.5935952218530186e-16,3.043961938461263e-19,1.4752446333565049e-19,1.8283166180031864e-19,-6.163614966327117e-15,3.1977117877519583e-16,1.6632504930387982e-19,-1.230289666995222e-11,-4.976422989554826e-20,3.1471821756858385e-16,4.3833695777133107e-16,3.781158465653564e-19,3.286620384145181e-16,2.365996676009152e-19,3.4110977407690916e-16,-6.1631255208140654e-15,3.29849784518138e-16,3.0464884839331915e-16,4.503997910135399e-16,3.441405449872883e-16,3.481092103539493e-16,3.9227542095042447e-16,5.534412900121346e-16,3.5357403675704607e-16,-6.163441881276828e-15,3.830140868083912e-16,3.506762347049856e-16,1.5096748212743445e-19,1.8694000977488146e-19,3.573235631577038e-16,2.941544550857153e-16,2.1358987909517309e-19,3.927021026918567e-16,2.6854620208729e-16,4.335816810231723e-16,2.7032782997182553e-16,-3.3505102473895695e-19,3.045581612678834e-19,-6.163462798772896e-15,-6.163702883005342e-15,3.234649682426886e-19,8.020817774059636e-19,1.75878191704701e-19,-1.2302754137456833e-11,4.371088889182929e-19,1.573852843426078e-19,-1.854156825156389e-21,1.6862437184907803e-19,-3.920378295068608e-19,1.8811101361294403e-19,-1.2303198277330292e-11,3.3490857985902934e-16,2.0470425181402371e-19,3.98096240290969e-16,3.9295313105870955e-19,3.3007529044233077e-16,3.8072697497734715e-16,2.9448711638728427e-19,5.195660118745849e-16,4.844654925551886e-16,3.8183246063149985e-16,2.9632769570633027e-19,1.494832484681147e-16,4.0189037293096417e-16,3.3184333035283005e-16,-1.2303018369339881e-11,4.1410274243428874e-16,2.5408266211195567e-19,5.300345820689422e-16,5.361086182883133e-19,1.9401404390844087e-19,3.468322831834528e-16,5.2562139608512e-20,-1.230298762313681e-11,2.924772444557235e-16,-1.2303454400268634e-11,-6.163453025333356e-15,3.4228225990196803e-19,3.3876408409781756e-16,3.6105960232762326e-16,4.310077389375394e-19,1.2219071148905165e-19,-1.23029432441623e-11,2.335330174387783e-19,3.5830228349007203e-19,-4.816339910071129e-20,-1.2303134614893047e-11,-1.6360685413531652e-19,3.326625756351163e-19,3.5794904414306553e-16,3.364560880785011e-19,3.958688590611467e-16,2.690773874895549e-19,3.938120780012867e-16,3.3047977901457013e-16,1.6888258096342273e-19
5.288542679612877e-12,3.2053492124501613e-16,4.579224295379615e-16,2.843913067982642e-12,6.352885282892722e-16,8.523853156351527e-20,3.977637649603701e-16,3.2911013574165474e-16,3.4522297816393927e-19,3.0545458425642555e-16,5.457572165286447e-16,2.844037853333469e-12,5.425212427952376e-16,3.527761308805754e-16,2.6126514665002056e-16,4.1037380932052714e-16,1.756104027689188e-16,2.844366834611892e-12,3.9805513592469237e-19,2.1606714591729588e-19,3.1565755502504083e-19,1.600146383633649e-12,3.5096146082804074e-16,5.077067079585536e-16,2.843997678320265e-12,3.7267686773595243e-19,5.488880200647823e-19,3.808324500301438e-16,1.1580216182989283e-19,3.9018925863135366e-19,2.844153034702622e-12,2.1367209649836466e-19,1.4246938087588086e-15,1.2386715997339875e-19,2.0963452022886986e-19,4.960684499473433e-16,1.4818850799822053e-16,2.843947893861382e-12,3.1248670108267016e-16,4.095229806817349e-19,1.4247846668698887e-15,6.103258569606623e-19,1.411523481479023e-19,2.6396533883043577e-19,1.3433024642413193e-19,7.179835000673021e-20,2.7533217461727726e-16,1.3234534920355288e-19,2.8441683288147133e-12,3.668121629467718e-16,8.337875055530926e-19,5.912917304934979e-16,3.3531668339086644e-16,2.665201307867945e-19,5.012426259826931e-16,7.219784079201564e-19,3.5183728063538494e-19,1.4245904954448346e-15,2.6530237093195716e-19,7.038012315342236e-19,5.072923357178612e-16,1.1889907947104206e-19,2.5548153999873056e-16,-7.144477661229657e-21,2.0091107249681875e-19,3.454785205202096e-16,-2.0319687773975636e-22,4.678139899181048e-16,3.73667819311002e-16,4.0408777967216674e-16,4.672882079515519e-16,1.4250673225201919e-15,2.8436441101338908e-12,4.279342744075625e-16,2.1568499447674715e-19,1.0233399431438055e-19,1.425079034694988e-15,3.2364343448340407e-19,1.6371337104424802e-19,1.7993684852447273e-19,1.8319769214529325e-19,3.4258150522112206e-16,2.2455766406198287e-16,2.8437579565607786e-12,-2.3712653509219155e-19,3.706246984937322e-16,6.443188541936587e-20,5.772118293157679e-21,4.725784547771296e-16,3.316701461309378e-16,1.493956007361868e-19,2.9761154961411874e-19,5.205844788098945e-16,4.728546279895659e-16,2.188474087593335e-19,-1.0376800296520874e-19,4.187547784280588e-16,6.549515954292236e-20,1.4250388637340102e-15,9.519795719810002e-19,3.510867490957562e-16,1.873323258566719e-19,4.873799118946722e-16,3.6344362689786786e-19,1.6375849933547738e-19,2.724679369018441e-19,1.424563721617516e-15,4.055364211629213e-16,2.8434980411769223e-12,1.4245534351787835e-15,5.904758832463142e-16,3.1240039407264617e-16,5.312975352743667e-16,1.7721963174239823e-19,1.507656628187829e-19,1.42467752216796e-15,4.530738557846422e-16,4.140238167264304e-16,2.3514288310719273e-19,1.4246639626142273e-15,3.0892648783556297e-19,2.646309397805038e-19,1.5543841597332846e-19,1.6180559854482313e-19,1.5959982160782764e-19,2.9925567750137123e-16,2.1239377929160441e-19,3.6666207645048914e-16,4.490313619687706e-16
-1.1374027117760707e-11,3.354177678672743e-16,2.3820214521191113e-19,-1.3818085800389423e-11,1.3492843754669375e-19,1.288810340049391e-19,2.674782660724658e-16,5.195754689127127e-16,3.2253879753632624e-16,1.6629049571143335e-19,-3.292962373765658e-20,-1.3817862584860893e-11,2.6418484069560563e-19,1.4639517785957572e-19,4.496570860488016e-16,3.528338414720951e-16,-2.0527598131092334e-20,-1.38177781867911e-11,2.2081260769322505e-19,4.868361582206496e-19,3.578069808024952e-16,3.5096146082804074e-16,1.600068431430514e-12,4.2236005609215327e-19,-6.9225128551510085e-15,-3.301718862634388e-19,3.903915104157594e-16,2.733604246233869e-19,1.6990602239883378e-16,1.2689704944817943e-19,-1.3817914768328557e-11,4.0774282961906644e-16,-6.922550171676893e-15,-9.495736699673813e-20,3.2405566812945e-19,2.0676810536722253e-19,3.460557953539656e-16,-6.922495265600017e-15,-1.6419181667762731e-19,2.490391721270399e-16,-1.381796047126882e-11,-3.922734988275843e-20,4.041173271548378e-16,4.613585416065716e-16,2.428216822717388e-19,2.909022257908068e-16,2.6040100159627532e-19,-3.8399000597751153e-20,-1.381800591711267e-11,3.2643039141647385e-16,3.5618685536816686e-16,-3.012698756076838e-19,2.9029491147139897e-19,3.023791692015077e-16,-1.1935205031229398e-19,4.560159430054526e-16,3.9698001099487557e-19,-6.92235396567309e-15,4.008560480170372e-16,1.0693994415692467e-19,2.5191784096456247e-16,1.595226933429141e-19,2.1217733492840832e-19,2.6984878624238956e-19,1.6333913250169866e-16,-1.7076143354764455e-19,3.326750129580648e-16,1.1255002453477399e-19,2.6099887821676627e-16,2.0142545339537e-20,3.078726546144742e-16,-6.922337246338941e-15,-6.922721447480018e-15,3.3287091910612973e-16,3.872554825951985e-16,4.0458192939876873e-16,-6.922263174727374e-15,4.290627431847611e-16,-6.253768642667718e-20,3.1882303946739836e-16,2.447789878126095e-19,1.4706423761289473e-19,3.357987841469414e-16,-6.922859311829316e-15,1.318939619993138e-19,1.087113946832599e-19,1.15712786014348e-19,4.1692557624971784e-16,1.3067856509890979e-19,3.087926188636801e-16,3.568608996363515e-16,3.8831206840190153e-16,5.7118758995891845e-16,7.324171801460727e-20,3.7931380592611447e-16,2.0180951704376529e-16,2.2333276777208025e-19,3.093199531743854e-16,-6.9221331852743735e-15,3.8788105267454495e-16,3.623718141002142e-16,3.6322489642822653e-19,3.905410090285884e-16,4.094183501164154e-16,3.7661384562613903e-16,3.5531116659347017e-16,-1.3817965984306066e-11,1.2262551057684658e-19,-1.3818417032031507e-11,-6.922661192385398e-15,6.013876683727576e-16,-3.694725640646495e-19,-1.9306516882077586e-19,2.144519996298076e-19,5.2327744726136595e-20,-1.381804164390446e-11,1.772421828377749e-19,2.1240653895644667e-16,1.7027471872194713e-19,-6.922449328840467e-15,3.4059608919790883e-16,1.1510062567326e-19,1.9291425422948798e-19,-9.867264531810881e-20,1.5426672106627301e-19,7.452343378190368e-20,6.65737215788284e-20,3.712103456364281e-16,2.0011417505674074e-19
-1.2377299908682604e-11,1.8487976593728447e-16,-3.8744994407544303e-19,-1.482026271593611e-11,1.3714227299784768e-19,4.3456265295036885e-16,4.879944815012404e-16,-1.4591398127541115e-19,3.59646922710196e-16,1.36257322612812e-19,1.152039077130196e-19,-7.42485430458722e-15,3.443740943110874e-19,6.024669912344168e-16,5.185983371630423e-19,4.710225083869906e-16,8.161874539174176e-20,-1.4819849364689496e-11,2.766579619958227e-16,5.155130320606522e-19,3.3340395049761244e-19,5.077067079585536e-16,4.2236005609215327e-19,1.5999244232250938e-12,-7.425066481174798e-15,4.438316267512138e-19,3.0448704979876575e-19,1.1758173108546364e-19,1.5929059355436792e-19,2.0973575896388194e-19,-1.482054354698438e-11,2.956788027849435e-16,-7.42463354280159e-15,-1.4231752272691152e-16,2.7473100303836143e-19,8.302013742378024e-17,6.356547146797979e-20,-7.425050950465915e-15,1.3788874314102264e-19,1.3797942456089836e-16,-7.424654392673487e-15,4.2895554837115585e-16,3.744927642894683e-17,4.694292636762261e-16,2.613774193136447e-16,2.572222061768657e-16,4.224485550454926e-19,1.705508455551038e-16,-1.4819989582246805e-11,4.369967862920654e-19,1.4022669266110368e-16,2.482809532038139e-16,1.4621858446062971e-16,3.1923798980867136e-16,3.61788714733856e-16,5.752094634630325e-16,1.0386109436077825e-19,-7.424427755438293e-15,2.460688504304063e-16,4.0850210241111776e-16,5.524461551954182e-16,7.434581725415214e-20,3.013695029493601e-16,1.6874311954728191e-19,1.7465092887539715e-16,2.3700657506668696e-19,1.2524563363132326e-16,4.2952663254959733e-16,1.4328033517115163e-16,1.636930376892377e-19,1.221653676964646e-19,-7.424563649226328e-15,-7.424979301476327e-15,4.958815967587653e-19,3.253812388888426e-19,2.919478321155948e-16,-1.4820249202341078e-11,3.701434408522002e-16,3.6015101730680644e-16,1.4681020059043707e-16,4.561551852389949e-19,4.89779477078284e-16,-1.7499454664064143e-16,-1.4820536202327033e-11,7.841134067497632e-20,4.951953654716117e-16,-2.9125087521599207e-20,4.617138021948384e-20,4.9583957783032545e-19,2.495631904786239e-19,7.120176208154462e-16,7.0848756844065e-16,3.762319061833088e-19,8.680737823478755e-17,3.6613901559719797e-19,-9.955367316968885e-20,2.2549982236135015e-16,1.0355690244930647e-19,-1.482050253512315e-11,4.3106053603842903e-16,4.0922286155021334e-16,2.3114104865289515e-19,2.7775044703308413e-19,1.196303467361012e-19,1.2988442828607484e-19,1.0140185580669136e-19,-7.424954920442874e-15,1.383648918691937e-19,-1.4820716960226834e-11,-7.424687453775037e-15,2.2183866875489215e-19,9.770844435195219e-20,3.441364916552684e-16,-5.616819574225956e-17,2.147743714325496e-16,-7.42453093408058e-15,2.56239171654697e-16,1.4473610089474816e-19,2.9457843566227046e-16,-1.4820403343910334e-11,1.547596913925222e-16,3.6503667731734016e-16,3.6702190027231764e-16,4.99264772738259e-19,8.5627029687147e-20,4.4126940443110584e-16,5.115788401634405e-16,1.9267541823994317e-16,2.981736004652359e-19
0.9999999999918506,-2.7938968136919037e-12,2.35038450697567e-11,0.9999999999914295,-9.818080250909536e-15,2.277025721841512e-12,-3.600596957598041e-16,-3.703618930524936e-11,-1.551016163420042e-11,1.4865525083988795e-14,2.6335910408925244e-11,0.9999999999863591,-6.9093982872574976e-15,-4.623961605900468e-12,-8.791135913172261e-15,-1.4209983888040518e-12,9.367224398561989e-16,0.9999999999997614,-4.0354692022906415e-12,-7.324455068658836e-16,-1.2302890661105467e-11,2.843997678320265e-12,-6.9225128551510085e-15,-7.425066481174798e-15,0.9999999999886254,-1.492323162455267e-11,-2.9380237986327195e-15,9.198733076573315e-15,1.8209158753803063e-15,9.455343230293435e-15,0.9999999999868731,-6.926920843806845e-13,0.9999999999817709,-6.261981171818685e-16,-1.0591723097453051e-10,-2.3562151828526842e-14,-2.8180801160014575e-15,0.9999999999891813,1.759864424092507e-11,4.81535093665337e-15,1.000000000004213,1.0633600143381383e-14,-1.79431861863095e-11,7.730054789283334e-13,9.046677858705352e-13,-9.446960115777078e-15,5.045881599433526e-15,-9.144513491853119e-15,0.9999999999708278,5.897071435118823e-16,1.3109901774794365e-12,3.2304267335096924e-15,-3.030543324402489e-11,1.256468633521888e-11,1.5356419253525743e-11,1.8371150677991928e-11,-9.511003992373118e-12,0.9999999999859662,-1.3074792081504706e-14,-5.302248630710452e-15,2.725382574534262e-15,-1.4355061207821383e-15,-1.1464200045746037e-11,2.4420668038586694e-15,2.3566712652975168e-15,3.5904580182759943e-12,-8.505341162717035e-16,5.455158946009908e-12,8.022438614950075e-15,7.439823617167743e-12,1.4664855396625774e-11,1.0000000000084461,0.9999999999894366,4.9309758424572294e-15,9.915173905590989e-11,1.573359767357659e-11,1.000000000003856,4.3000435909113756e-11,-2.863149697430025e-15,-1.3717900428794655e-11,-1.3104942295007646e-14,1.606257364836241e-14,-1.7587657560805428e-12,0.9999999999842473,1.3520053570112097e-12,1.6102534642612142e-11,2.7046495619698026e-15,2.7202555843210835e-11,4.948614147434282e-15,-1.2062280099973086e-15,-1.3924597781303216e-11,1.1467267995006438e-11,-4.0824941134973914e-11,-5.138752496990381e-11,-1.2294491606801555e-14,-1.7545810538142934e-15,-6.125852360760796e-11,2.4802735785898313e-16,0.9999999999907926,-1.0559192491361817e-14,-1.0340637421655418e-11,5.581859985711607e-11,6.986002535436341e-12,-1.1740016939385426e-11,-1.0342722084698602e-11,2.0629305254518355e-14,0.9999999999762765,-5.554773084532869e-12,0.9999999999628534,0.9999999999876489,5.21114497175352e-15,5.797711982799897e-12,1.6567703269856022e-15,6.795736047057634e-16,-3.675927484030972e-12,0.9999999999924469,3.5830756202149746e-12,1.9797566096977918e-11,-1.9454096294583424e-12,0.9999999999974934,-2.8857361823319354e-13,4.759096792633935e-12,-1.698566575890791e-14,1.6697557354962588e-11,-6.318793620707602e-13,1.789861489401954e-11,1.0338429790386898e-11,-4.414234255945329e-15,-2.2946500720534045e-14
-1.2487374943833833e-11,2.8565637730464846e-16,4.1513776867337043e-16,-7.475981351049315e-15,5.01222668098662e-16,-1.2026255105523127e-19,4.2891690381775624e-16,4.1701892980428466e-16,3.1116692390560325e-16,4.0562137206213735e-16,4.686472256954168e-16,-7.475986121155159e-15,2.5736086290970082e-20,6.914756345699992e-20,3.074482916325874e-19,4.26320679215675e-16,-6.74479139264873e-20,-1.492299095645223e-11,3.9643611152402005e-16,2.1673592839058373e-19,4.0824581865398275e-16,3.7267686773595243e-19,-3.301718862634388e-19,4.438316267512138e-19,-1.492323162455267e-11,1.600128976947646e-12,7.303612345445228e-19,3.993613106746477e-19,2.112873037900897e-16,4.189186340824379e-19,-1.492339422198889e-11,4.139348317434594e-16,-7.47632567410799e-15,1.7857744637932112e-16,4.897635208188566e-16,2.990778785382111e-16,-3.1543606463198316e-20,-1.492355041725661e-11,3.0165978431317606e-19,3.135066100648192e-16,-7.476165975109726e-15,3.4173710195658586e-16,-2.454264054952625e-19,4.243155053783382e-16,2.6995864155830923e-16,2.2079253344986136e-19,3.9892157846581714e-16,2.8862919704735616e-16,-1.492314646615655e-11,3.387629423448845e-16,2.6100979557340185e-16,4.518808213453612e-16,2.2216685226925835e-19,1.7739890117172077e-19,4.329763318329157e-16,2.578648849086738e-19,4.472017275309068e-19,-7.476169213777932e-15,3.487456587736344e-16,4.2199445884719305e-16,1.173174065440764e-19,1.60668635375215e-20,2.6849832950657444e-19,5.039304690430744e-19,3.9986037258629866e-19,3.644471522847311e-19,2.3650247030267715e-16,4.565491992928985e-16,2.0146822427633569e-19,7.733804872416226e-20,4.4211704868612836e-16,-7.476370123476608e-15,-7.476041799432627e-15,2.902060795295662e-19,6.994300715607415e-19,3.8732188022576834e-19,-7.475751019565954e-15,4.843311574298767e-16,-2.0186874933654345e-19,1.6999548840933985e-19,1.367385158438945e-19,1.737854763972714e-19,7.547365559720005e-17,-7.476261809643953e-15,3.102125058757455e-16,4.2880905925012325e-16,2.1358826196866672e-19,-1.489833952912134e-19,1.884736523048053e-19,4.445334310133287e-16,5.192111861469276e-16,6.1986088999875115e-16,4.102821825703792e-16,2.9655890427083184e-16,1.7308967102169575e-19,-7.269763147530215e-19,3.561849240683653e-16,3.1909151716264796e-20,-1.4923440778094274e-11,4.4264763335932865e-16,9.995543408430117e-20,5.993172496944387e-16,5.733578477597797e-16,3.0285486062917483e-19,3.5385732754807267e-16,4.256927300833935e-16,-1.4923401200469216e-11,2.9965256591974637e-16,-7.476714516164875e-15,-1.4923451513784752e-11,2.5159625915888443e-19,2.9027020269579095e-19,3.013560414570132e-19,1.849915489587784e-16,1.9572663925181086e-19,-1.4923249100621168e-11,-2.763545118864191e-20,3.499717855771569e-16,3.345913148536792e-16,-7.476467456603088e-15,2.138636866637523e-16,4.231539701650526e-16,1.9390348820428856e-19,2.1399450396532763e-19,4.589146345605123e-16,2.0412322205759e-19,3.8307934310352996e-19,1.4313640850113642e-20,2.7238033617735453e-16
-3.4239405411765403e-12,3.384389107467812e-16,-2.6993367355144546e-21,-2.9381355062042905e-15,3.5063029321566734e-19,4.550834781140689e-19,3.755920351566135e-16,5.654361784155411e-16,3.9001876048043833e-16,6.179423442441921e-20,4.594020035613643e-16,-5.864443395123748e-12,1.7671272782806434e-19,1.5602228758195302e-19,2.104225743577018e-19,1.5459566969920595e-19,2.9814963542787035e-16,-2.9378469772071764e-15,4.0761713781841777e-16,3.4919744250520717e-16,3.722903516470454e-16,5.488880200647823e-19,3.903915104157594e-16,3.0448704979876575e-19,-2.9380237986327195e-15,7.303612345445228e-19,1.6000963655008119e-12,3.253205932233406e-16,2.1951353882623721e-16,4.149479481494085e-16,-5.864442318640665e-12,2.3921924199329956e-19,-5.864474634955237e-12,1.754982425113124e-19,6.504281766335306e-16,2.480417224334122e-19,-5.084347815650853e-19,-5.864639895470314e-12,-1.333858792593296e-19,2.749247795029344e-16,-2.9377581139217977e-15,2.229035498569463e-19,2.2886677175053114e-19,4.569782436920833e-16,3.133398706372968e-16,3.755715315829862e-16,4.59559527639482e-16,3.6476817970330807e-16,-2.938161808554771e-15,3.6443248034088626e-16,2.9061483301848463e-19,4.603804306980645e-16,4.510755555873904e-16,3.5147086833042634e-16,3.5735975206293697e-19,5.718845867020883e-16,2.2201067053409055e-19,-2.9378576465654736e-15,1.4750399377941428e-19,1.37257951625736e-19,1.7260130183144568e-19,-1.4285484468114598e-19,1.720205877077828e-19,3.119569482044839e-16,2.277402258467506e-16,1.9244432069043978e-19,1.1101384441790348e-19,2.268634490301293e-19,4.50325528243963e-20,8.785822703905095e-20,3.6597760960826555e-16,-5.864406201386872e-12,-2.9380951253181352e-15,3.7685646405891465e-16,4.786326630199419e-16,-5.054750720773733e-20,-5.864299770061168e-12,2.608224977034657e-19,3.076783039191826e-19,1.8943774081327456e-19,3.1322831172301095e-19,4.592390346324329e-19,2.032548071890358e-19,-5.864634812289728e-12,3.490583026467318e-16,4.1731044208943827e-16,3.516325626546304e-16,4.0752154505402128e-16,5.1022170999321235e-20,3.6939265525074845e-16,-1.0951181142039983e-19,4.984921847999141e-16,5.922666066677629e-16,5.208148226838397e-19,5.12702882745472e-16,3.1417155043939566e-19,5.122183774753141e-16,4.977755352684595e-19,-5.8645386978763705e-12,2.7956887742289596e-19,4.08609363669569e-16,1.9950113442171694e-19,5.008200774606226e-16,4.250661005916846e-16,2.390998888029444e-19,1.2777580741168287e-19,-5.86449312029378e-12,2.6556558682891475e-16,-2.9380395754285936e-15,-5.864638767979221e-12,3.638648847300486e-19,4.0876377683486154e-16,5.441345335417103e-20,7.21333837910853e-20,3.9356638272126648e-16,-2.937912080694742e-15,3.4432127117719643e-19,2.9214032413075934e-16,2.245163829133949e-20,-5.86452904999369e-12,3.297880130520423e-16,3.6063771925247575e-16,1.981421221618693e-19,1.1847529354564402e-19,2.451296100026348e-19,2.1212238742227592e-19,3.512182612155864e-16,3.827798924810303e-16,3.5992291625634096e-19
2.0804563764709076e-11,2.096309427555006e-16,2.405535901913439e-20,1.8361312704658504e-11,2.93962623580387e-16,4.334930696456384e-19,2.612886624245324e-19,4.15758464966218e-16,3.1231633790882986e-16,3.8103384489708737e-16,3.335711342452273e-16,1.8361257883903964e-11,2.232162806410976e-16,4.111940855853108e-16,3.7232754300706877e-16,2.0866310704238464e-19,3.025020108499837e-19,1.8361637255899354e-11,1.475413053910653e-19,3.6276621275606987e-19,2.982828405391461e-16,3.808324500301438e-16,2.733604246233869e-19,1.1758173108546364e-19,9.198733076573315e-15,3.993613106746477e-19,3.253205932233406e-16,1.5999508317419196e-12,-4.495796818913391e-20,3.7331709147724534e-16,1.8361229181881123e-11,2.9750155632304144e-16,9.19856395293376e-15,2.7070808932909247e-17,4.657290651278181e-16,1.1663612090887804e-19,2.0345158270533867e-19,1.8361131824879078e-11,2.845498649392262e-16,1.3322668958125296e-19,1.836133993961879e-11,3.402472043121175e-16,-8.071900963515119e-20,4.0372025366266963e-16,7.0786911773022e-20,2.456941636824334e-16,3.7954002134972483e-16,1.0771571135214729e-19,1.8361478345929118e-11,-1.2751530542242808e-19,1.9874341953891637e-16,1.7733786806596205e-19,1.1894639548431352e-18,2.673907252306701e-16,1.2063480850796251e-19,2.6729826545685584e-19,3.2514222754150245e-16,9.19851714444657e-15,2.6259287019504593e-19,2.672155276874186e-19,-4.891466001544999e-21,6.513086068931583e-20,1.9161504934441637e-19,2.1161574947008468e-16,1.1264223305944398e-19,6.22190628610469e-19,1.9070198179525216e-16,1.7994832157849512e-19,1.641053150803998e-16,3.967639239413723e-19,3.2592443137802667e-16,9.198505471796142e-15,9.198629418260174e-15,3.855223280458576e-19,3.564963323745622e-16,-1.1340711141794637e-20,9.198253189829038e-15,3.2650994342863475e-19,3.91459887958135e-19,3.470344916727759e-19,3.0216930965478373e-16,3.8356941351261957e-16,1.5271257801764827e-19,9.1985330125356e-15,2.131002031984915e-16,2.966423653225599e-19,3.067244667738584e-19,2.7497335794064784e-16,2.283712533032214e-16,1.2213818583637726e-19,4.984760817081948e-16,4.3247873408602463e-19,4.155479514168075e-19,-6.001042155596512e-20,5.417668105871114e-16,2.0799332277394407e-17,4.5284416337521985e-20,2.1504795941812064e-19,9.19854497951424e-15,3.6956393416337304e-16,3.4463988637544963e-16,4.574907887579904e-16,1.7975582768890585e-19,6.445718456273033e-19,1.7367300078565375e-19,4.195686995058886e-19,9.198674141641523e-15,1.8799508945014055e-16,9.198074122990898e-15,1.8361259422810315e-11,2.088814935307441e-19,3.586815006782492e-19,2.6801822328089453e-16,1.0022610654974019e-16,2.0306172260449895e-20,9.198977065152255e-15,1.0594102342481973e-19,2.496904300657505e-16,2.745302679253705e-16,9.198380413202274e-15,2.0651191267177126e-16,3.039565615047877e-16,2.8259365401729668e-19,2.068698279244865e-19,3.896486012345189e-21,3.5449637166630266e-16,2.1273648492567415e-19,2.339756984165691e-16,1.9930747077332337e-16
6.07706367822561e-12,1.3965749220985703e-16,2.6215499225971766e-20,1.8211673087832563e-15,2.4381527506467816e-16,2.2154545569057968e-16,1.569249600603448e-19,1.641862676251264e-19,1.9369551073516572e-16,2.1659252361409351e-16,5.056955797192326e-19,1.8210696688336643e-15,1.9618175311399433e-16,2.338848780625869e-16,-1.7597968526272407e-19,1.376465086564707e-19,-1.272478927196533e-19,1.8213709257436526e-15,2.051090459762282e-16,2.1196493622270075e-16,3.6741034152362578e-19,1.1580216182989283e-19,1.6990602239883378e-16,1.5929059355436792e-19,1.8209158753803063e-15,2.112873037900897e-16,2.1951353882623721e-16,-4.495796818913391e-20,1.599927877774237e-12,7.719024502102695e-20,1.8216471182343298e-15,2.0648583587660577e-16,3.6354976724038774e-12,7.954660031053338e-17,-5.891011302387675e-19,1.7868599906911277e-19,1.0615964700162779e-16,1.820748567373037e-15,1.7539872289954154e-16,1.2675987578807873e-19,1.821273452618822e-15,-2.2693056987467285e-20,1.0707681198455747e-16,2.809607978002495e-19,-1.727794920277232e-19,-2.722022352587915e-19,1.8665413480465307e-19,1.4786265685278308e-16,1.8211908222633312e-15,1.7290578903459245e-16,3.8617428520202053e-19,2.214901711328116e-16,-1.2003252962217582e-19,1.873442723412543e-16,4.0590142029287464e-19,3.406052410070015e-16,7.081223337560002e-20,1.821050722882558e-15,4.1770397332340874e-20,2.269094746774686e-16,2.663536145612302e-16,-2.1611316944539496e-19,1.4763421769907967e-16,1.7991968904667363e-16,1.4436714556899942e-16,2.5972807395893823e-16,1.648290846062947e-20,2.2527717305862406e-16,1.1044512475560229e-19,1.884562316190877e-19,2.163277124289234e-16,1.821209214444759e-15,1.821106782206927e-15,1.0738315925725255e-19,1.4807039033801905e-19,9.849622991384625e-20,1.8210839741322105e-15,1.303135616667002e-19,1.9001339490845868e-19,9.242070244945731e-20,1.9420896591020888e-16,1.2141061863614258e-19,2.791926552107859e-17,3.6354358707904174e-12,1.520165170840147e-16,2.3216428656248844e-16,1.1244938987715604e-19,1.2751353754949117e-16,1.997785645446183e-20,8.356534247073133e-20,2.300607003203564e-19,3.1059341946817947e-16,2.404967681240614e-16,1.730062211785049e-16,-9.644444178423884e-20,-8.248768547721298e-20,1.9649436227070357e-16,1.1184194955849324e-19,1.821206395217518e-15,1.8566156825190306e-19,2.084143902461363e-16,2.0217835838109368e-19,4.9815495514986684e-20,1.7603543898024383e-16,1.8422168649148435e-21,2.373777480428206e-16,1.8211714640471543e-15,-2.325385856592323e-19,1.8210605921898995e-15,1.8212124135238356e-15,1.6087726361607776e-19,1.959977968432821e-16,2.0617234492761216e-19,1.0739728105683422e-19,-4.2709397383138294e-19,1.8211585649745135e-15,2.1323505107160165e-20,1.9598938764517954e-16,1.6366469210193258e-16,1.8213742169539034e-15,1.5208778659927135e-19,9.775459474289954e-20,1.9157569939293412e-16,7.183142795213502e-19,2.4195327922071263e-16,1.0309074360503257e-19,2.3417339933867773e-16,1.5887660800641742e-16,1.389717661930784e-16
2.131568326427301e-11,3.265298628735671e-16,1.2119207290209e-19,9.455280184818306e-15,1.3704042243456008e-19,3.083486700512608e-16,1.2628412043391545e-19,3.591337546969591e-16,2.7790053716780006e-16,2.4400219140852305e-16,4.60315939064111e-16,1.8874171783906134e-11,3.071017477249751e-19,5.705670593800517e-20,2.873442585640112e-16,8.37238282872101e-19,1.6227089135760558e-19,1.8874261178253198e-11,2.3502689939242484e-19,1.8673465335264052e-19,3.490916043630909e-16,3.9018925863135366e-19,1.2689704944817943e-19,2.0973575896388194e-19,9.455343230293435e-15,4.189186340824379e-19,4.149479481494085e-16,3.7331709147724534e-16,7.719024502102695e-20,1.5999625504476215e-12,9.455318825395624e-15,4.644449562728279e-16,9.455432956737126e-15,5.282419791651205e-19,5.231086285324117e-16,6.018870735663467e-20,1.9675457358527811e-19,9.455367599452621e-15,5.124626231415169e-19,4.511193690005983e-16,1.8874233748811546e-11,-3.50630608056247e-19,4.1797361166968293e-16,-6.858288663497394e-21,1.751346813856762e-19,-1.6414529341778667e-19,4.61221569342856e-19,1.1800183564378675e-19,1.887402884130712e-11,2.876945075034423e-19,3.6702998709537665e-16,-3.7605292787420245e-19,4.4406226830383753e-16,3.806618356199398e-19,4.2540932840069487e-16,2.964886605990274e-19,1.65979028269947e-19,1.887427657055018e-11,1.4429685122015075e-19,1.8284469340528454e-20,4.611227145913833e-19,7.448930430230809e-19,1.4696132609574165e-19,1.410711654976851e-19,3.369879576797871e-16,6.041862340737095e-20,3.822681742245657e-16,7.664536919738963e-19,3.880973383512151e-16,3.16630771955518e-16,3.252920066682482e-16,9.455134322042415e-15,9.45519735046719e-15,3.1814642669841255e-16,5.689205131521359e-16,4.118241600583101e-16,9.455372588615245e-15,4.338671718568036e-19,2.259149712298279e-16,3.681488732984141e-16,3.870549922068199e-16,4.691920490386547e-19,3.9098723856702926e-16,9.45529496180855e-15,4.2357891145986005e-19,1.5041714790163689e-19,3.691961216314235e-16,4.657891458403933e-19,-4.234774790980953e-19,1.5453102279891836e-16,1.1883365400199152e-20,3.3440867753507926e-19,3.657616903174772e-19,3.236871657750755e-19,3.2384515104101173e-16,-3.764735303665304e-19,5.031103102756509e-16,3.385840336885475e-16,9.455696646519454e-15,2.447567566060748e-19,2.8650273136507057e-16,2.970612390670579e-19,2.998824031261834e-16,2.156427026691278e-19,1.9751031258742294e-16,1.9544795655990458e-19,1.88741462635911e-11,-3.3858796547765744e-20,9.455539114176395e-15,1.8873857472026227e-11,7.815810087156275e-16,2.8368175855295067e-16,4.19086178834034e-16,1.714851284638992e-19,3.2341578458234643e-16,1.8874028259940597e-11,3.797588566126094e-16,3.280225156312659e-16,2.8294956131450695e-16,1.8873875846041283e-11,2.5091331850787264e-19,-7.946612903296194e-20,-9.395312273894022e-20,2.961371265847918e-16,2.2910861395313747e-19,9.001283687512855e-20,2.6112384201308127e-16,3.943468338942242e-16,2.237454729525546e-19
0.9999999999917061,-2.7940531251378524e-12,2.3503793311478758e-11,0.999999999991273,-9.818570147360919e-15,2.2772184666878997e-12,-3.6008643070925015e-16,-3.703589360788973e-11,-1.550999263677915e-11,2.967345970424396e-11,2.6335696961527924e-11,0.9999999999862018,-6.9099800221886925e-15,-2.3160646815580444e-15,-1.7547656979054554e-11,-7.121357258019045e-16,1.8700880666594703e-12,0.9999999999996058,-4.0358251383219895e-12,-1.4614139129941895e-12,-6.163662696435329e-15,2.844153034702622e-12,-1.3817914768328557e-11,-1.482054354698438e-11,0.9999999999868731,-1.492339422198889e-11,-5.864442318640665e-12,1.8361229181881123e-11,1.8216471182343298e-15,9.455318825395624e-15,0.999999999988319,-3.468043235606e-16,0.9999999999816164,-1.2509697005016795e-12,-5.3062013297539546e-14,-4.7033104379007197e-11,-2.8181046666805227e-15,0.9999999999890254,8.816415491496615e-15,9.611656984337545e-12,1.0000000000040585,1.0633383964331803e-14,-8.989357829439729e-15,3.8699897117361185e-16,4.538564013102273e-16,-9.447318848758644e-15,5.045740823217923e-15,-1.8252874860671068e-11,0.9999999999706721,5.899366934238805e-16,1.310713933872474e-12,6.4473162731190845e-12,-1.5182858965615327e-14,1.25646152261686e-11,1.5356235375241855e-11,1.8370964008712035e-11,-9.510821126766924e-12,0.9999999999858105,-1.3074465600463581e-14,-1.0583953257196256e-11,2.7253927463012038e-15,-1.4360346861325064e-15,-1.146393673072789e-11,2.441794243847696e-15,4.704034931750961e-12,3.5911988667372937e-12,-1.6981243230245983e-12,2.7327350763862282e-15,8.022915312799742e-15,3.7271677282418316e-15,7.346953481507068e-15,1.0000000000082885,0.9999999999892806,9.843179388552497e-12,4.967257845678846e-14,1.5733431037363396e-11,1.0000000000036995,4.300000757474224e-11,-5.714715314569952e-12,-1.3718189936693697e-11,-1.3104735697128153e-14,3.206341402751204e-11,-8.815380750404864e-16,0.9999999999840905,6.771350587112907e-16,1.6102861251154476e-11,2.704320061501555e-15,2.7202814804802866e-11,4.9486662817486544e-15,-1.2059660685076685e-15,-6.975359025371562e-15,5.7447650215823475e-15,-4.082534004063558e-11,-5.13882332765787e-11,-1.229453826525056e-14,-1.7545580822866338e-15,-6.125881474609732e-11,2.477679363842549e-16,0.9999999999906357,-2.1077843880652632e-11,-5.180175999562911e-15,5.581844129184772e-11,3.499908324374058e-15,-1.1740334274505507e-11,-5.181515930141535e-15,4.117805698068917e-11,0.9999999999761198,-5.5551024545850345e-12,0.9999999999626975,0.9999999999874915,1.0402313312674262e-11,2.9042357908991918e-15,1.6569125629527585e-15,6.792320570575969e-16,-1.841583024864347e-15,0.999999999992291,3.582814348333489e-12,9.917860231567953e-15,-1.94536526556079e-12,0.9999999999973386,-1.4494130141028545e-16,2.3841065930481962e-15,-1.6985546154000892e-14,1.6697964555896596e-11,-6.315995224450164e-13,8.966479361686947e-15,1.0338658696460743e-11,-4.413809039107571e-15,-4.5804933980312556e-11
1.7425141923954294e-12,3.306321392760685e-16,2.8941784800837077e-19,-3.47368481786608e-16,4.0532180884650487e-16,2.7341369941012723e-19,4.1784105569099734e-16,3.9268759255214435e-19,3.8994534465355744e-16,4.867973286787595e-16,1.198062450811408e-18,-6.929239900734948e-13,2.175245185287613e-19,3.917330276361498e-19,4.92707746430349e-16,1.5465954747079138e-19,1.883217570558501e-19,-6.925204125778786e-13,3.9310210770400183e-16,4.645393166888857e-16,4.2546789861496316e-16,2.1367209649836466e-19,4.0774282961906644e-16,2.956788027849435e-16,-6.926920843806845e-13,4.139348317434594e-16,2.3921924199329956e-19,2.9750155632304144e-16,2.0648583587660577e-16,4.644449562728279e-16,-3.468043235606e-16,1.6000616179452751e-12,-6.929018241841124e-13,-2.392747798577082e-20,3.6440742289106876e-19,2.6365942960384474e-16,1.1698527216108327e-19,-6.931370146352723e-13,5.103338760744017e-19,2.9461463617987753e-19,-3.4720555622622466e-16,8.859535058131779e-20,2.96826119210671e-16,-1.1488030702611586e-19,3.1520123323407466e-16,3.0873643145311217e-16,1.6804360937895163e-19,3.003542149010387e-19,-6.927480509733629e-13,7.091162407191009e-19,3.1654576862892273e-16,2.1176343567693834e-19,9.649309597152165e-20,3.079727493627291e-19,4.0564923976372643e-16,-4.402382844482947e-19,4.284414824087684e-16,-3.4697017863314575e-16,-1.5526050666313085e-19,3.3814612310486126e-16,4.5366205355983536e-20,1.7639128016208683e-19,2.7876046028988987e-19,2.761988688397133e-16,1.0125173248353511e-19,3.4589560017925625e-19,2.7481825642302354e-16,6.545944578326862e-19,2.475451990999572e-16,3.4241523310093685e-16,-2.4101999652694363e-19,-6.928469231883345e-13,-3.4739472925013076e-16,4.2460294702093936e-16,3.404173777134264e-19,4.236287565549127e-16,-6.927512133513073e-13,1.0387149150914965e-19,4.69328795604091e-16,2.8610907361433456e-16,4.1005989497856874e-16,4.748686467814046e-16,1.1905505983160197e-19,-3.472300843446745e-16,3.1633568652053917e-16,2.5450101307370556e-19,7.015299534029484e-19,3.907187862756314e-16,9.352313085117503e-20,4.977461169167208e-16,1.680382677294107e-19,3.915588600370751e-19,5.161276646410996e-16,3.4737453457817727e-16,6.659157633134372e-16,8.854066550932815e-17,4.3537174609028973e-16,3.4261252167107674e-16,-3.472771843694728e-16,4.2268945879292727e-19,8.755684019510753e-20,2.920801493913889e-19,6.130991914455302e-16,3.843769357250781e-16,4.678807588927753e-16,4.380654859558213e-16,-3.476534558681297e-16,2.6493040152493866e-16,-6.93426960874729e-13,-3.4738150049730335e-16,4.0151486307780724e-19,3.356729140754467e-19,1.9203483952875542e-19,1.8808053217103832e-16,3.4794988408139197e-16,-6.928244819631324e-13,9.668384379041269e-20,-9.043990303151116e-21,1.9452375312015227e-19,-6.929953117424251e-13,3.1293630367564206e-16,4.13205158136133e-16,2.0325625639794576e-19,5.434625287848473e-16,4.793279366829637e-16,4.3600123670624185e-16,4.570274788282421e-16,4.126709436532646e-19,1.784952261535354e-19
0.9999999999866028,-1.3999202237273035e-15,2.3503628781901712e-11,0.9999999999861738,-9.818179425452259e-15,2.277001345826848e-12,-3.602117024802279e-16,-3.703601081643023e-11,-1.5510122009564505e-11,1.4865722526318874e-14,2.6335715360706838e-11,0.9999999999811009,-6.9090867385012166e-15,-2.316560455298731e-15,-8.790989126988509e-15,-1.421046261217067e-12,9.367855458300079e-16,0.999999999994504,-4.035733033296544e-12,-1.4618647756473055e-12,-6.163498347861377e-15,1.4246938087588086e-15,-6.922550171676893e-15,-7.42463354280159e-15,0.9999999999817709,-7.47632567410799e-15,-5.864474634955237e-12,9.19856395293376e-15,3.6354976724038774e-12,9.455432956737126e-15,0.9999999999816164,-6.929018241841124e-13,0.999999999978118,-1.2503371225810352e-12,-1.0591719526521273e-10,-2.3562290516317146e-14,-5.625333194417065e-12,0.9999999999839242,1.7598644478871043e-11,4.815446173082823e-15,0.9999999999989555,2.122518185396093e-11,-1.7943270774431268e-11,7.732597354073997e-13,9.046376198548681e-13,-1.88574772318923e-11,5.0458087179467584e-15,-9.14441499370401e-15,0.9999999999655718,5.898609293498055e-16,6.567026368605363e-16,3.2297204218193368e-15,-1.518214501079886e-14,6.2945048729844674e-15,7.693002546997612e-15,9.203544754276649e-15,-4.764974083557946e-15,0.9999999999807095,-2.6098698667271185e-11,-5.3024089773073325e-15,2.72522170702134e-15,-1.4358052621290898e-15,-1.1464022096062498e-11,4.874456273360198e-12,2.356701634131019e-15,1.7987212517916983e-15,-1.6979085612847985e-12,2.7333783103440054e-15,8.022875512756868e-15,3.7268512800163554e-15,7.346563295937094e-15,1.0000000000031892,0.9999999999841799,4.93103895290718e-15,9.915135150117057e-11,7.88199019628564e-15,0.9999999999985987,2.154227929394708e-14,-2.8631687702959496e-15,-6.87233849218353e-15,-2.6158493808346763e-11,1.6062869328736414e-14,-8.811964758674304e-16,0.9999999999789904,1.351798825211233e-12,1.6102544339363948e-11,2.7048994745241227e-15,1.3627891581581734e-14,4.94874980583876e-15,-2.4073486278697725e-12,-6.975724674581526e-15,5.745329913276323e-15,-4.0825054856147124e-11,-5.1387770413812483e-11,-1.2294459608350912e-14,-1.7542198534671133e-15,-3.0689146080949986e-14,2.4776697400004025e-16,0.9999999999855348,-2.107799603159433e-11,-1.0340623507365513e-11,5.5818231399199374e-11,3.5000142274537576e-15,-1.1740158635473971e-11,-5.181383833973115e-15,4.1177951059822717e-11,0.9999999999710176,-2.7826679094362925e-15,0.9999999999575966,0.9999999999823909,5.211641940806166e-15,5.7977481230912954e-12,1.6566987521290582e-15,6.794264428900864e-16,-1.8415790504079437e-15,0.9999999999871901,3.5828295871156875e-12,1.9797300614349588e-11,-9.744641271352866e-16,0.999999999992238,-1.4453199378731018e-16,4.758907165992122e-12,-1.6985418380731852e-14,1.6697601882187606e-11,-3.1715754981808572e-16,1.7898645029838082e-11,1.0338298745046437e-11,-4.4139183506692965e-15,-4.5804395375332896e-11
1.1880545030193808e-12,1.7315460630177878e-16,2.2856382359430963e-16,-1.2503361012023889e-12,-1.8422943776009188e-18,4.345851297990419e-16,4.3485776904868594e-20,6.0489856119867175e-19,3.822724124358824e-16,6.049317150004322e-16,2.380157874294921e-16,-6.26724118991702e-16,-1.6326212383468198e-16,9.953949587402603e-19,1.6443531632162307e-19,4.240137230929374e-16,2.4759235100490754e-16,-1.2500738513341522e-12,6.636662458801405e-17,-3.604011386126457e-19,2.5935952218530186e-16,1.2386715997339875e-19,-9.495736699673813e-20,-1.4231752272691152e-16,-6.261981171818685e-16,1.7857744637932112e-16,1.754982425113124e-19,2.7070808932909247e-17,7.954660031053338e-17,5.282419791651205e-19,-1.2509697005016795e-12,-2.392747798577082e-20,-1.2503371225810352e-12,1.599301404088566e-12,1.383822852614329e-19,-4.0219575024651896e-19,2.9068177612671805e-16,-1.2509436123689692e-12,2.8300114007369973e-16,-1.980920461000519e-16,-6.264676830686327e-16,1.5902317748501034e-19,-2.853142968398761e-20,7.834097014552831e-16,2.4968785148371766e-16,-8.282464212515363e-21,5.752895204038292e-19,-1.1786940788645278e-19,-1.2501923860718051e-12,-1.8568188412321139e-19,9.549373692716595e-17,-2.365220475809647e-17,2.0645071715853698e-21,1.7180985402186633e-19,1.5477444540577406e-16,1.590184016021418e-19,5.34498527235422e-19,-1.2505482704751609e-12,2.0658578805222888e-16,-4.8089451205410306e-20,-9.475656940769438e-20,-3.775598563358048e-20,4.701070683955134e-20,-5.833974753733362e-17,-4.2503889987730035e-19,4.547364601776325e-19,7.760432486888258e-18,3.903578966340876e-16,-6.332999042957481e-17,2.102978469054592e-16,2.9667884680028144e-16,-6.266116875924459e-16,-6.264291580453196e-16,3.8733458283666285e-20,7.663515375945303e-17,1.0747555692408646e-19,-1.250781726598397e-12,7.149897424027156e-17,5.853268341356921e-16,-1.5591623036879018e-19,2.43151944814235e-16,7.267539799973223e-19,-2.540681561239708e-16,-6.265732559275633e-16,6.719423774574309e-19,5.303042011774557e-16,5.3832605857217236e-21,3.2487520770231186e-19,1.3523112008252274e-19,6.725886979360698e-16,3.283511508484226e-19,2.8151941104166384e-19,1.6322087762891033e-16,5.78155454473749e-20,7.473280433375022e-16,-3.754271890431233e-19,1.0705649931216462e-19,5.815129722180897e-19,-6.267655796904617e-16,4.386813683521368e-19,4.394530541420901e-16,1.1759973566725026e-19,2.4225872801742167e-19,1.1394301686870977e-19,2.721668609302507e-19,2.6150486248405833e-16,-6.265348173869063e-16,-3.082752268173097e-19,-6.266616169365277e-16,-6.266189935233963e-16,-1.0091656971413708e-16,4.812310905036778e-19,5.7757782918415275e-18,-1.830446879658119e-19,1.6204911612637878e-19,-6.259107487123113e-16,7.75733149011792e-17,1.3402759837327674e-19,3.117384719354556e-16,-6.262477637956054e-16,2.4289399657655317e-16,2.2426596664599366e-16,5.722478131940636e-16,3.4479273447084197e-19,4.865475766500305e-16,3.603760174421202e-19,6.716458286778121e-21,-5.158642475448863e-19,-1.059946976572956e-16
-1.0348071358520723e-10,5.395223886806179e-16,4.0954406925471153e-16,-5.306199484835229e-14,3.3125593546203886e-19,5.5930242876927295e-16,3.9407539440022957e-16,8.772987880566503e-16,5.762658572518858e-16,5.864871653974314e-16,-1.8287630084101194e-19,-1.0591713039729474e-10,1.3910400960444524e-19,3.695361727120352e-16,3.7264675903433947e-19,5.765044565452948e-16,2.297691748798411e-19,-5.306219458144099e-14,5.637829693221925e-19,3.825136001302403e-16,3.043961938461263e-19,2.0963452022886986e-19,3.2405566812945e-19,2.7473100303836143e-19,-1.0591723097453051e-10,4.897635208188566e-16,6.504281766335306e-16,4.657290651278181e-16,-5.891011302387675e-19,5.231086285324117e-16,-5.3062013297539546e-14,3.6440742289106876e-19,-1.0591719526521273e-10,1.383822852614329e-19,1.6003212522083674e-12,3.6830350740171554e-19,6.084267501896772e-16,-1.0591751150584192e-10,6.184059520809165e-16,3.7367223334630547e-16,-1.0591729676003616e-10,2.679650572218709e-19,6.832720006029137e-16,5.766190942247308e-19,2.8912264601319247e-19,4.810778475913088e-16,3.854278412633921e-19,6.350149206322361e-16,-5.3062143482216727e-14,5.14929944994903e-16,-1.3847903153659236e-21,2.7298478966317524e-19,3.8325348432404405e-19,2.187978234527243e-19,6.399675639924274e-19,4.5837005014788535e-19,1.2043518035659098e-19,-1.0591701040173023e-10,6.577735197215477e-16,-3.244895565754087e-19,1.656104662769625e-19,5.497838537007016e-16,6.438035617092488e-16,3.8967668564849746e-16,2.8704868799666657e-16,4.247898754030616e-16,5.539711078330494e-16,5.901658429115787e-16,4.370787950335244e-16,1.1217939626512147e-18,4.3264839057770886e-16,-1.0591724402338253e-10,-5.30617449281909e-14,-4.2833840161451104e-20,5.623379532733525e-19,6.359139743261776e-16,-1.0591703872754912e-10,5.492390763994255e-19,4.544277084993399e-19,5.30774187421832e-16,6.368576891658658e-16,2.382954745228483e-19,5.746530872890387e-16,-1.059175107932488e-10,2.1156929153840397e-19,5.514451992862904e-16,3.0941587931694926e-19,3.956442121718084e-19,3.7964896491949897e-16,4.48386293259191e-16,5.092009091584519e-16,5.625078263112888e-16,7.541785061318366e-19,8.274696508126038e-16,5.622040698999378e-16,1.1119722623120943e-19,8.197199649783485e-16,4.867529280411305e-16,-1.0591735094989053e-10,6.106739612021232e-16,3.307913216959661e-19,5.681970982673698e-19,4.412130765135493e-19,6.806958452263542e-16,9.128401676076507e-20,5.980192304403335e-16,-1.059172984154244e-10,3.607541074289526e-16,-5.3062595679437867e-14,-1.0591772664768176e-10,1.0525290002520954e-15,5.754567287854533e-16,3.6059075296654937e-16,3.667586001616279e-19,6.185198272436775e-16,-1.0591742651136043e-10,4.0001546794848535e-19,3.3744226035125487e-16,2.231738820852441e-19,-1.0591738174693116e-10,2.605830393123505e-19,4.688713488371656e-16,7.704121991769309e-16,6.084522811236952e-16,4.995374493025027e-16,7.329951135482088e-19,1.2596409421243015e-19,6.099698021322128e-16,8.745374346629642e-16
-4.459379248438011e-11,1.9994877580655367e-16,3.2889608425710937e-16,-2.3562069060217485e-14,2.29613801461823e-16,4.545227375139481e-20,4.2810701539939363e-16,5.037358975849288e-16,3.868809220219768e-19,9.074607343194568e-20,2.46739056434389e-19,-2.3562077000040025e-14,5.954019803026278e-17,3.2063380634567474e-19,5.642297300766517e-20,4.566904158209352e-16,2.001217013962386e-16,-4.7032367015438745e-11,2.1554588525994944e-16,5.398367187522736e-16,1.4752446333565049e-19,4.960684499473433e-16,2.0676810536722253e-19,8.302013742378024e-17,-2.3562151828526842e-14,2.990778785382111e-16,2.480417224334122e-19,1.1663612090887804e-19,1.7868599906911277e-19,6.018870735663467e-20,-4.7033104379007197e-11,2.6365942960384474e-16,-2.3562290516317146e-14,-4.0219575024651896e-19,3.6830350740171554e-19,1.599748864976586e-12,1.1072247974915169e-19,-2.3562655399894597e-14,1.089272546303159e-19,-1.0062626253208918e-19,-2.3562292171891144e-14,8.708199981226235e-20,4.4578656072524095e-20,5.649779272146943e-19,-3.9452168758896077e-20,4.985629359110861e-20,5.681055523842397e-16,1.8052145582963038e-16,-4.703251566204605e-11,2.5748254593047054e-16,2.2411858493800894e-19,-1.517724481063692e-19,1.6937372871164884e-16,2.783067599287484e-19,2.5208965538404706e-21,4.54871901455286e-16,6.40612178785537e-20,-4.703277427766628e-11,6.357549030032398e-20,2.7519521175566954e-16,3.2369960291862356e-19,4.196499975563607e-22,3.524387288297032e-19,1.1831451884996755e-16,1.9074922496588384e-19,1.108695906167612e-19,9.521912899242264e-17,2.7718410486470875e-19,6.719806298802455e-19,3.4812375867286786e-19,3.8581672595613415e-16,-4.7032842554436634e-11,-2.3562366715977784e-14,2.9349585161317996e-19,2.923508194129305e-16,2.8076847942861646e-16,-2.3562712517220058e-14,2.631333777605088e-16,5.849825605159139e-20,1.255874567249394e-16,1.4318634354826525e-19,5.288720940957193e-19,-3.4315595209602025e-20,-2.3562629827066568e-14,-3.576775913973397e-20,-5.100068052276414e-19,2.893189101864707e-16,3.475510638364362e-16,8.03814727373392e-20,3.882775622168078e-19,8.114863857131693e-16,3.642120163060659e-19,1.65722054232767e-19,3.212917294123461e-17,7.584962047906899e-16,-1.2163444622846595e-16,2.2045124207647491e-16,2.407697384469211e-16,-4.703305860238666e-11,4.1158171423661557e-16,4.301022879200327e-16,-4.4603409788086345e-20,3.841308190129386e-19,2.7034117596315057e-19,5.022879803874887e-16,4.410689077078138e-19,-4.7032943257569364e-11,-6.994932009477382e-19,-4.7033205571721946e-11,-4.7032829767638636e-11,8.679440596965709e-17,8.957331644356056e-20,2.192904751882593e-19,-1.5234609450485394e-16,1.774708443659136e-19,-2.356221863829645e-14,2.0765977043086508e-16,1.3931506356094687e-19,3.2453980900521946e-16,-2.3562482842779852e-14,9.116526634745661e-20,3.3840059808585537e-16,4.598810457663582e-16,-4.853793642612581e-19,-2.2027562739032866e-19,-2.7875836639659164e-19,4.89185225879399e-16,2.2735351134633976e-19,2.0182892879663257e-20
-3.1858948039168446e-12,3.2849522260032017e-16,1.1024529222175714e-16,-2.8185024948996793e-15,4.199360912318012e-20,2.6682967036478457e-16,1.0121182743435823e-16,5.732854609310892e-16,3.0463738053390775e-16,9.43288480277606e-20,2.1242408074158276e-19,-2.8182195959008393e-15,3.094993613827689e-16,-1.683268837465306e-19,5.023889871700718e-16,1.5505820410120106e-19,2.9995373263968724e-16,-2.8183076783221006e-15,1.8729827511696495e-19,1.4258218736755715e-16,1.8283166180031864e-19,1.4818850799822053e-16,3.460557953539656e-16,6.356547146797979e-20,-2.8180801160014575e-15,-3.1543606463198316e-20,-5.084347815650853e-19,2.0345158270533867e-19,1.0615964700162779e-16,1.9675457358527811e-19,-2.8181046666805227e-15,1.1698527216108327e-19,-5.625333194417065e-12,2.9068177612671805e-16,6.084267501896772e-16,1.1072247974915169e-19,1.6001737305082056e-12,-2.8185238838015593e-15,1.0056815836726798e-19,1.0289868213239695e-16,-5.625622736216888e-12,2.9955996940605044e-16,2.2027780854019337e-19,4.652092147624572e-16,2.4013171944193495e-16,1.527174997431856e-16,2.3646601521036024e-19,3.197191051950334e-19,-2.8180440137618434e-15,2.681757884383341e-16,1.4859276786646005e-19,3.1272827557929155e-16,2.471591971411552e-19,1.8600034727693878e-16,-2.3465589984706693e-19,2.3405988910988443e-16,1.0557257977035747e-19,-2.818381984387119e-15,3.6204801697480564e-16,2.428234369534379e-19,-9.605436495410471e-20,-2.700922592791312e-19,3.346188758753997e-19,1.1412493732728064e-19,5.218399216005063e-20,-1.6287041199384844e-19,1.4552353132635557e-19,2.5406522395406543e-16,1.8988230951535035e-16,2.253072314252308e-19,1.2682669949653342e-16,-2.818394819412385e-15,-5.625636299635042e-12,-3.912849389466946e-21,1.8423181090936173e-16,-1.0439150271700896e-20,-2.8183256939503478e-15,2.785156743922188e-16,4.705262512018114e-16,3.056298232165081e-16,3.5255771922881625e-16,1.381387209335777e-19,5.174563302654916e-20,-5.625551755119591e-12,1.4479640643275685e-19,1.7881908067267347e-19,2.23638568596502e-16,5.633920345557237e-16,-1.1821651662501471e-19,4.098419566694811e-20,2.3505353780739967e-16,1.6006662235596388e-16,1.201861083148785e-19,4.760827313989613e-16,1.067532683219567e-16,2.3023162229577446e-16,2.6122119340386864e-19,2.269723125578902e-16,-5.625565180779638e-12,1.8485379519735964e-19,1.8120863904668427e-19,-3.992722575351563e-19,8.190461953165896e-20,1.9948942524255988e-19,3.626978023432418e-16,1.5708130828891794e-19,-2.818150425676169e-15,-4.366696982909833e-19,-2.8184114087780806e-15,-2.8183142862456124e-15,6.404473128881057e-16,1.0310371913832773e-19,2.943474836870135e-17,-8.129554018215426e-20,4.12667774180767e-16,-5.625718898126104e-12,-8.060838761942403e-20,4.435643149443212e-17,3.9524500826586956e-19,-2.8182465475803717e-15,4.009239475011613e-16,1.5974976993044517e-16,3.4600608605201486e-19,3.121758264642396e-16,-3.4104884669751975e-20,-1.366714677540376e-19,7.167986244953469e-20,3.5662344507365524e-16,5.44836780934465e-16
0.9999999999940093,-2.794200787749117e-12,1.1774476718289388e-14,0.9999999999935834,-1.959809688447411e-11,1.1405725523039973e-15,-3.5994434413557583e-16,-1.8554333403241385e-14,-7.770071253237781e-15,1.4865580145757386e-14,2.6335516633647914e-11,0.9999999999885109,-1.3792713041494825e-11,-2.3165402182536003e-15,-8.791248254331906e-15,-1.4210141579602153e-12,9.36497264561449e-16,1.0000000000019156,-2.0221650325346456e-15,-7.323447503380428e-16,-6.163614966327117e-15,2.843947893861382e-12,-6.922495265600017e-15,-7.425050950465915e-15,0.9999999999891813,-1.492355041725661e-11,-5.864639895470314e-12,1.8361131824879078e-11,1.820748567373037e-15,9.455367599452621e-15,0.9999999999890254,-6.931370146352723e-13,0.9999999999839242,-1.2509436123689692e-12,-1.0591751150584192e-10,-2.3562655399894597e-14,-2.8185238838015593e-15,0.999999999992937,1.759846037667271e-11,9.611625366937149e-12,1.0000000000063654,1.0633289504967134e-14,-1.794376030071312e-11,7.732272451235187e-13,4.530067519293627e-16,-9.447569559198138e-15,5.045945311632274e-15,-9.144104381283272e-15,0.9999999999729808,5.897399677576308e-16,6.564975304785026e-16,6.44717916378868e-12,-1.5182779529435883e-14,6.2943354855749436e-15,1.5356091232111537e-11,1.837074821608203e-11,-4.765064675602952e-15,0.9999999999881192,-2.6098957834152302e-11,-5.302492180646658e-15,5.4401982521334894e-12,-1.4361428009334362e-15,-5.7435432904885625e-15,4.874338761531031e-12,2.3564076924241518e-15,1.7988989829312544e-15,-1.6982365960231904e-12,2.732905476171114e-15,8.022507460475678e-15,3.7270403011284614e-15,1.4664728361721258e-11,1.0000000000105984,0.9999999999915898,4.931149296104433e-15,9.915122720221194e-11,1.573325367475783e-11,1.000000000006008,2.1541597778026764e-14,-5.7149912868487706e-12,-6.872578150635253e-15,-1.310520773775593e-14,3.206317245795254e-11,-8.8171167567335725e-16,0.9999999999863998,6.770850413914634e-16,1.610263093371809e-11,2.704092346501426e-15,2.720257572155737e-11,9.87810445827949e-12,-1.2061451666093833e-15,-1.3923984455717165e-11,5.7448614936778515e-15,-4.082554570191318e-11,-5.1388331969919057e-11,-2.4541007412420947e-11,-1.7542543754051945e-15,-6.125901755711516e-11,2.478741772481599e-16,0.9999999999929441,-1.0559441490465408e-14,-5.180436953326233e-15,5.581825405201043e-11,3.4997634051159165e-15,-5.881408108049333e-15,-1.0342546307412658e-11,4.117788091098284e-11,0.9999999999784284,-2.7831188873583785e-15,0.9999999999650059,0.9999999999898013,1.0402123130351763e-11,2.9045175841509886e-15,3.3072856739139806e-12,6.790994946145613e-16,-3.676136053231253e-12,0.9999999999946007,1.794939172411556e-15,1.9797338305284615e-11,-9.74743272324341e-16,0.9999999999996484,-2.887660055686696e-13,2.3844216172033306e-15,-3.3904894349619966e-11,1.6697678116726085e-11,-3.164508100416217e-16,8.967016821734758e-15,1.0338482792708222e-11,-4.414051840498717e-15,-4.580503851404679e-11
2.004144270155607e-11,3.271955241794726e-16,2.841504704439438e-19,8.81635301230354e-15,4.6643754226735504e-20,4.810659090403642e-19,3.7380316718474973e-19,1.7723485656430466e-19,1.1756945669926662e-19,3.7620078722843245e-16,4.753857865174657e-19,1.7598678155176345e-11,3.8534880442772614e-16,2.4982410531393685e-16,3.192965064908639e-19,-2.828684642218145e-20,2.3983158136439595e-19,1.7598786533946907e-11,-1.993056602528275e-19,2.665871444411915e-16,3.1977117877519583e-16,3.1248670108267016e-16,-1.6419181667762731e-19,1.3788874314102264e-19,1.759864424092507e-11,3.0165978431317606e-19,-1.333858792593296e-19,2.845498649392262e-16,1.7539872289954154e-16,5.124626231415169e-19,8.816415491496615e-15,5.103338760744017e-19,1.7598644478871043e-11,2.8300114007369973e-16,6.184059520809165e-16,1.089272546303159e-19,1.0056815836726798e-19,1.759846037667271e-11,1.600074838906445e-12,-1.163858572167667e-19,1.7598583660175285e-11,4.0297033819885743e-19,3.8412693793667124e-16,4.4309015728105194e-16,1.0448991962546838e-19,2.975690229184997e-19,1.6635463744930858e-19,3.556488060201155e-16,1.759854897738487e-11,1.8890587661941787e-19,1.1211931299396357e-19,-3.717062172355882e-19,4.607244963465037e-16,2.880564364952306e-16,3.1896512146953065e-16,4.538513738751449e-16,1.8095623031699163e-19,8.816492806168844e-15,3.8143930921885457e-16,1.7793088295242285e-16,2.3323930979147854e-19,2.3489519301481507e-19,3.853307155599897e-16,2.423537865168727e-16,1.711016758061016e-16,6.929210314981516e-19,3.3694470904256736e-16,3.9892576962124995e-19,2.5177762078504772e-20,3.6858938516366767e-19,2.237134910589171e-19,8.816532108771038e-15,1.7598407953778483e-11,3.089901196300737e-16,3.777587713790715e-16,1.510086547505665e-19,8.816548330866853e-15,4.256397147221981e-16,1.8978554971053397e-19,1.5874843391701018e-19,3.9120346529637716e-16,1.1990372079878013e-19,-6.169921073544653e-21,8.816345264890654e-15,3.154254748985276e-16,3.4209555697140224e-16,3.1224487517084586e-16,4.3751507618345234e-16,1.313570736866412e-19,2.9353156031365087e-16,5.619683483407698e-20,3.650460605736478e-16,5.695771975053975e-16,3.2726093661796447e-19,1.6436654464006014e-19,-2.552862377224471e-19,-3.758058387453835e-19,2.904382051340907e-16,8.816623418144338e-15,3.7686878251679847e-16,7.346694129854611e-19,4.2644197707158105e-16,3.8058792700580533e-16,4.030410365469265e-16,1.936152852887494e-19,3.6549199365582365e-16,1.759859230147141e-11,2.163137156706568e-16,8.815996201989449e-15,8.816156049304002e-15,3.849229336339515e-19,3.623619974724684e-16,3.966641451490934e-19,2.8802816078676753e-19,1.682851338591087e-19,8.81649588488572e-15,2.754382573530912e-16,2.1021468847029264e-16,3.232638002853389e-16,8.81642930492036e-15,2.460079017962835e-19,-7.494261371629637e-20,4.533911873968863e-16,4.0102405435275394e-16,-4.653723400650256e-20,3.7127699291105327e-16,2.2422914305552285e-19,4.450794636382559e-19,4.757185004971145e-16
1.2057549548873781e-11,1.6084793308810322e-16,3.485036819876322e-16,9.611996080779698e-12,1.5163099599791677e-19,3.3478525066456766e-19,2.717708923744192e-19,3.809506793461659e-19,2.4309645477507477e-19,3.7163375371355496e-19,3.170067617856542e-16,4.8151683566975245e-15,1.7748340534484095e-20,5.824201831809751e-16,-2.4056109364243336e-19,1.673746067485103e-19,3.0751395814145644e-19,9.612359991925756e-12,-3.6014575715440724e-20,5.07459611664448e-16,1.6632504930387982e-19,4.095229806817349e-19,2.490391721270399e-16,1.3797942456089836e-16,4.81535093665337e-15,3.135066100648192e-16,2.749247795029344e-16,1.3322668958125296e-19,1.2675987578807873e-19,4.511193690005983e-16,9.611656984337545e-12,2.9461463617987753e-19,4.815446173082823e-15,-1.980920461000519e-16,3.7367223334630547e-16,-1.0062626253208918e-19,1.0289868213239695e-16,9.611625366937149e-12,-1.163858572167667e-19,1.5998441659700121e-12,4.815579013630957e-15,4.139180793784016e-16,1.6685808167660109e-19,-1.128515873621358e-20,5.256125647910015e-19,1.7010475124765204e-19,4.107675556904682e-16,1.6912139661440123e-19,4.8156249892488686e-15,1.9138338055827944e-19,-1.8244814757963078e-19,1.9549259996130642e-16,6.365176527576214e-20,2.8995223720977156e-16,3.083512348892029e-16,5.288684361795144e-19,3.5333119048914114e-16,4.8153073166214565e-15,2.1049148098554947e-16,3.5127708423670074e-16,-2.9853135208089824e-20,1.1345229204816212e-19,3.6506101176891043e-20,1.7184960275382864e-16,1.2986693492040267e-16,2.191909409950757e-19,5.483996729304201e-17,3.9686542560448514e-16,9.730753340292188e-17,3.4187234686674737e-16,3.8606185667287467e-16,4.815411442307242e-15,9.611870260705246e-12,3.487686721131821e-16,3.384927152951792e-16,-1.925649612282281e-19,9.611946362416225e-12,2.8997548079493627e-16,3.1060288841216824e-19,9.517039964179517e-17,-1.0023601461590036e-19,-1.7074231332236767e-19,5.160159682712036e-19,4.814934051078332e-15,-5.569138098760254e-21,2.5369899397052555e-19,1.1769509188161104e-19,7.376253480919104e-21,1.3790747067428852e-19,6.740791730441413e-19,3.15541110150059e-19,3.2711840708497734e-19,9.157956660140612e-21,1.5554357374238613e-18,6.111325731865021e-19,-2.9217176797822515e-20,1.425643066867205e-16,1.0418155163205841e-19,4.815217841986939e-15,3.67631027455556e-16,3.640817100413522e-16,5.157832439213956e-16,6.392625514091245e-16,1.1227547376842003e-19,2.2903619547137377e-19,3.3615788404692755e-16,9.61178841066388e-12,4.304330821650813e-20,4.815070601165275e-15,4.815308054031265e-15,4.6498551233276216e-17,3.265279594390668e-16,1.7472944792513012e-19,-1.4235805705779422e-16,7.430320425528871e-20,4.8155013922816295e-15,-6.623052898884701e-20,-2.4299997184546134e-19,2.6221818494756627e-16,9.611824926771463e-12,5.058018701672452e-19,3.272917214942187e-16,1.2152225284286645e-19,4.996834405146032e-16,4.704323564837798e-16,1.3913869128251424e-19,2.380567124785108e-19,1.3770550520714883e-16,-3.3278743309519545e-17
1.0000000000090503,-2.79407082874961e-12,1.1775030562609812e-14,1.0000000000086138,-9.81864215962862e-15,1.1407528249504472e-15,-3.600256970121074e-16,-1.8554177543579112e-14,-1.5510055945683195e-11,2.9673298920042154e-11,2.6335793954542194e-11,1.0000000000035425,-6.9086380208790985e-15,-2.3163360173340903e-15,-8.791841930736341e-15,-7.116397204776017e-16,1.8699914558557725e-12,1.0000000000169478,-2.021746813514071e-15,-7.323259040812199e-16,-1.230289666995222e-11,1.4247846668698887e-15,-1.381796047126882e-11,-7.424654392673487e-15,1.000000000004213,-7.476165975109726e-15,-2.9377581139217977e-15,1.836133993961879e-11,1.821273452618822e-15,1.8874233748811546e-11,1.0000000000040585,-3.4720555622622466e-16,0.9999999999989555,-6.264676830686327e-16,-1.0591729676003616e-10,-2.3562292171891144e-14,-5.625622736216888e-12,1.0000000000063654,1.7598583660175285e-11,4.815579013630957e-15,1.0000000000230065,1.0633102387224913e-14,-8.989050728056509e-15,7.73291596216894e-13,4.531541978779172e-16,-1.8857347527184648e-11,5.045927255204399e-15,-1.8252818880997878e-11,0.999999999988012,5.899838054824319e-16,6.56728247574672e-16,6.447495065783863e-12,-3.030578384193341e-11,1.2564677047544245e-11,7.693240990730383e-15,1.8371177770204966e-11,-4.76462639415412e-15,1.000000000003152,-1.3074821245271054e-14,-1.0583645541460045e-11,5.4405331499162724e-12,-2.8661697572195306e-12,-5.74354806683238e-15,4.874616160019672e-12,2.3566214958932912e-15,3.5911066127044837e-12,-8.5058000347185e-16,5.455261671608794e-12,1.6014202277115548e-11,3.7273892685396435e-15,7.346691494919246e-15,1.0000000000256295,1.0000000000066207,9.84320317977453e-12,9.915163553790403e-11,1.5733451452286105e-11,1.0000000000210403,4.300022860334747e-11,-5.714967043352782e-12,-1.3718154401932919e-11,-2.615852687184227e-11,1.60626198188341e-14,-1.759455438728608e-12,1.000000000001432,6.769005674402967e-16,8.067049402558921e-15,5.399045912469532e-12,1.3628043447266201e-14,9.878395776380112e-12,-1.2053760750312028e-15,-6.974926294564599e-15,1.1467759459980929e-11,-4.0825310212381604e-11,-2.5744181511037768e-14,-2.4540656999303926e-11,-1.7544652750815557e-15,-3.068887404766451e-14,4.947745189326704e-13,1.000000000007976,-2.1077834991225627e-11,-5.1803286527004466e-15,5.5818710535199756e-11,6.986482386145368e-12,-1.1740295750262992e-11,-1.0342478923421643e-11,4.11781360749916e-11,0.9999999999934595,-2.7830784191074e-15,0.9999999999800374,1.0000000000048335,1.0402385668158889e-11,2.9042744785232967e-15,1.6573804880259811e-15,1.3559910804550427e-12,-1.841704655182713e-15,1.0000000000096314,3.582942051054131e-12,9.917924786011533e-15,-9.745175937864593e-16,1.0000000000146791,-2.887209941724407e-13,4.7591259127210945e-12,-3.390483919603453e-11,8.365520742192614e-15,-6.315962539476676e-13,1.7898811322197236e-11,1.033875583669341e-11,-8.810506330076284e-12,-4.5804851986261586e-11
2.3670648772541385e-11,3.429050430933607e-16,2.453901205475197e-16,2.1224967922128743e-11,2.207360262304235e-19,2.352563102417474e-16,1.3723645253976962e-16,3.5746424786902723e-16,4.7930934268343056e-20,1.71972628488545e-16,4.923001161075895e-19,1.0633323137418878e-14,2.9116835587685193e-19,-6.305857142893862e-19,1.5462952335487686e-19,-4.699172329594697e-19,2.1726988001156724e-16,2.1225253716038887e-11,1.2726026243996194e-19,-5.319969022641767e-21,-4.976422989554826e-20,6.103258569606623e-19,-3.922734988275843e-20,4.2895554837115585e-16,1.0633600143381383e-14,3.4173710195658586e-16,2.229035498569463e-19,3.402472043121175e-16,-2.2693056987467285e-20,-3.50630608056247e-19,1.0633383964331803e-14,8.859535058131779e-20,2.122518185396093e-11,1.5902317748501034e-19,2.679650572218709e-19,8.708199981226235e-20,2.9955996940605044e-16,1.0633289504967134e-14,4.0297033819885743e-19,4.139180793784016e-16,1.0633102387224913e-14,1.599857234864099e-12,4.841535399309947e-19,4.864053243790253e-19,2.3017267060667694e-16,4.073180630071372e-16,2.3326256361696886e-16,4.4025442976153863e-16,2.1224996291333387e-11,3.085845083572631e-16,1.8379210820027651e-19,3.488853906835179e-19,-3.9069003029981865e-19,2.723294031497185e-16,3.3764360852139313e-16,2.828697445932594e-19,2.348428308246884e-16,1.0633139194187071e-14,-9.182786941117368e-20,1.0302080578214621e-19,-2.0124875335350868e-19,1.3396303346150901e-19,-2.2777660316612345e-20,3.3720570827954983e-16,7.176235544332831e-21,1.2582769307568143e-20,4.0042408872131994e-16,3.015295221252481e-16,4.344278357756915e-19,1.718950206884491e-16,8.129464481882242e-20,1.0633060488279995e-14,2.1224813067015774e-11,2.4948680149033917e-16,-7.053645301692684e-21,3.985014130424862e-16,2.1225544913962467e-11,9.611428664200738e-20,1.0852128701356326e-19,2.9532515600527764e-19,1.5950846401474357e-19,1.1193075331280042e-19,5.476988059993093e-16,2.122508315614937e-11,4.2791340063147203e-16,2.4880582245251173e-19,3.803829907443461e-19,2.7782138225233566e-20,1.469095531872344e-19,-1.9001879646042412e-19,7.041882283248073e-20,1.6780655987087012e-19,6.590422754606283e-16,1.8079665751620098e-19,6.809582970453497e-20,3.792552084890894e-16,5.332319211423202e-16,3.140346531001962e-16,1.0633302427289166e-14,3.1048106304726784e-16,2.2451616544077367e-19,4.22612342394237e-16,1.5668022980617988e-16,4.704840429073481e-16,1.8005799236871903e-16,9.756274381341454e-20,1.0633218807185915e-14,3.1415930369279406e-16,1.0632986342759622e-14,2.122487316295618e-11,4.0794768495431407e-19,2.431155713183198e-16,-1.5202636880628962e-20,5.443878270613564e-19,9.18639855966108e-21,2.122503071515557e-11,3.378217342549942e-16,8.346945630907093e-20,2.7331040772582147e-16,1.063314335143101e-14,4.6521995767990455e-21,2.9984677767151125e-16,2.8741988252495366e-16,2.20742694813433e-19,-3.8678801786675086e-19,5.203667765670558e-19,1.5122781144268957e-16,2.1018937826229778e-19,5.14914164223228e-19
-1.5507143972926417e-11,3.27983087791907e-16,-9.477358198068118e-20,-1.7943508631135015e-11,-5.974719731201485e-20,6.607253344101582e-20,9.849115712019717e-20,-4.462811029292556e-20,8.693052139331824e-20,5.111469225446948e-16,3.705752782665314e-16,-1.7943410493146675e-11,2.2650148214896224e-19,3.872302133696498e-16,2.3417328676545003e-19,1.7756208765683306e-19,1.3658510348057444e-19,-8.98907295695485e-15,7.504355211299192e-20,3.9077421640958313e-16,3.1471821756858385e-16,1.411523481479023e-19,4.041173271548378e-16,3.744927642894683e-17,-1.79431861863095e-11,-2.454264054952625e-19,2.2886677175053114e-19,-8.071900963515119e-20,1.0707681198455747e-16,4.1797361166968293e-16,-8.989357829439729e-15,2.96826119210671e-16,-1.7943270774431268e-11,-2.853142968398761e-20,6.832720006029137e-16,4.4578656072524095e-20,2.2027780854019337e-19,-1.794376030071312e-11,3.8412693793667124e-16,1.6685808167660109e-19,-8.989050728056509e-15,4.841535399309947e-19,1.6000350269806249e-12,3.936164982534971e-19,2.881654637221251e-16,1.4376508781298317e-19,7.081065590292934e-16,1.712964796019379e-19,-8.988651069859892e-15,7.404039873520908e-20,2.5945677294447556e-19,1.1600424305274313e-19,4.492907529328788e-16,2.3812319599339363e-16,4.200271226202353e-20,8.588587969501611e-20,-3.8415080260252173e-19,-8.989202455026434e-15,3.7532061674499394e-16,5.943024620850366e-19,3.250433655418908e-19,2.4064436175949016e-16,3.2549175829950424e-19,-7.227295607395973e-19,1.8450523603012147e-19,4.613870697103881e-16,2.4186572600392806e-16,3.8129928594518635e-16,1.1221686575993515e-16,1.317937879089135e-16,6.468498432794638e-20,-8.989315884555328e-15,-1.7943516800897044e-11,3.035818130930346e-16,8.889398456629508e-20,-1.4045943094964175e-19,-8.988859604034293e-15,2.3881275161446806e-16,4.124140674355846e-19,2.415915200482336e-16,3.665138961586854e-16,4.284940516919913e-16,1.140998937962851e-19,-8.989256023511579e-15,2.0203549760637037e-16,9.463073426137653e-20,2.760180150194829e-16,5.758991963490512e-19,6.510296277576351e-17,4.393972419786633e-19,6.410888451309104e-16,-1.9702572234646165e-19,5.003649922906924e-16,2.8424180354328135e-16,2.948136579644803e-19,5.569121013162131e-17,4.4312699054868383e-16,2.474066176954667e-16,-1.7943692554633134e-11,6.283301951861201e-19,3.2646168820874547e-19,4.0705633450489134e-19,4.787289583804312e-16,3.3676700554264065e-16,-1.7394635523075358e-20,2.9616403442300887e-16,-8.989421931801539e-15,2.214754483094212e-19,-1.7943915782394395e-11,-8.989077563859117e-15,1.963504411703374e-19,1.1467427989453404e-19,2.7524994226613722e-17,9.78486487084719e-17,4.089421078275818e-16,-1.7943541224807716e-11,-4.055118269492222e-19,7.884280182314141e-17,1.613827869041032e-19,-8.989191740121859e-15,2.561560523954997e-19,-4.04246059999413e-20,3.8731268850653256e-19,3.817149581813146e-20,3.5786295092845864e-16,1.7963894261682984e-19,1.1743991080659836e-19,3.098613675815454e-16,-1.6864802692006595e-20
3.2156148631766897e-12,4.895705416490595e-16,2.8579304074609414e-16,7.729282526458483e-13,-1.2526138701331356e-19,2.253636435724994e-19,1.2650942924122224e-16,5.5185585254134885e-16,2.917737224638613e-16,2.773412328159376e-16,6.91648336697653e-19,7.7355148806706e-13,6.937350125153083e-16,2.4294104409001605e-20,4.539035778694715e-16,2.8962507223654825e-16,3.1954873120945543e-16,3.867934534525234e-16,1.738322268167794e-19,1.0524974507013947e-19,4.3833695777133107e-16,2.6396533883043577e-19,4.613585416065716e-16,4.694292636762261e-16,7.730054789283334e-13,4.243155053783382e-16,4.569782436920833e-16,4.0372025366266963e-16,2.809607978002495e-19,-6.858288663497394e-21,3.8699897117361185e-16,-1.1488030702611586e-19,7.732597354073997e-13,7.834097014552831e-16,5.766190942247308e-19,5.649779272146943e-19,4.652092147624572e-16,7.732272451235187e-13,4.4309015728105194e-16,-1.128515873621358e-20,7.73291596216894e-13,4.864053243790253e-19,3.936164982534971e-19,1.600045050938769e-12,5.315679495000736e-20,-1.7238869315503472e-19,3.342815043290798e-19,5.708587576626895e-16,7.72914310608314e-13,4.1120465560095543e-16,1.9144687572269316e-19,6.824245724719868e-16,7.136655146509292e-16,2.9088028125901805e-19,3.9388066246971083e-16,2.960672357918731e-19,3.172984816943092e-16,3.873979745084876e-16,8.78012744717581e-19,7.174855645933638e-20,1.0941818190003536e-16,2.990233288631217e-19,2.0026001698528954e-19,3.2284624428534396e-19,1.2655292374264666e-19,-4.1691473235576863e-20,5.190865597661077e-16,4.0154608176953645e-16,2.275542284568059e-19,1.6786374848392863e-16,4.612546421354034e-19,3.8693607675119494e-16,7.727479433100158e-13,3.3680791746961557e-16,5.076594696918405e-16,5.1793505643658e-19,3.8711756100895163e-16,-4.340240234550096e-19,4.111389116920518e-16,7.662276058490747e-19,3.2034550602523165e-19,2.290175805168395e-16,5.377412174161549e-19,3.870266079104217e-16,5.407955577041943e-16,6.717863354963533e-20,3.691418192098337e-19,3.012524946789058e-19,3.5503800519377713e-16,1.1887322658769652e-16,3.112574694819033e-17,2.0128399418391606e-16,2.483418547987071e-19,8.509012026764854e-16,-2.1535300284427275e-20,4.871404393349292e-16,3.0631313460598173e-19,4.0724628207604523e-16,3.8757398600429554e-16,3.9881623750277164e-16,3.3753215853601314e-16,-4.307217104092135e-19,1.9192431056487377e-16,2.360862311734499e-19,2.9556324071269345e-16,1.8616655302932356e-19,3.8732228553638305e-16,3.5919194674734674e-16,7.726345463439438e-13,3.871466253863042e-16,5.15109876798011e-19,3.4422730514478405e-16,5.271266692621565e-19,7.403119839053752e-16,3.0480472247951573e-19,7.729225383712916e-13,4.144606262847151e-19,5.357437643573552e-19,3.8909538109343452e-16,3.8725168431234105e-16,4.744469063648972e-16,3.6864271270451595e-16,4.137224416294756e-19,2.8992261177581687e-16,2.3278911120602223e-16,2.613914303025691e-16,3.797500783770275e-19,5.419486708626613e-16,9.366483487379131e-16
3.3493205899746046e-12,2.4981624049052295e-16,2.314090313923309e-16,9.0453705499556e-13,2.8049730248989367e-16,2.766080331170912e-16,2.2506635974911427e-16,5.055998095446834e-19,1.7051727726771832e-19,2.7309845371176517e-16,3.3486783138357673e-16,4.530317626712848e-16,3.3466404553281777e-16,1.9559018275410946e-16,3.1950862654593904e-16,5.5054151655376205e-19,2.020431284755269e-16,4.532329493777751e-16,1.4266192875873693e-19,2.0699481890576735e-16,3.781158465653564e-19,1.3433024642413193e-19,2.428216822717388e-19,2.613774193136447e-16,9.046677858705352e-13,2.6995864155830923e-16,3.133398706372968e-16,7.0786911773022e-20,-1.727794920277232e-19,1.751346813856762e-19,4.538564013102273e-16,3.1520123323407466e-16,9.046376198548681e-13,2.4968785148371766e-16,2.8912264601319247e-19,-3.9452168758896077e-20,2.4013171944193495e-16,4.530067519293627e-16,1.0448991962546838e-19,5.256125647910015e-19,4.531541978779172e-16,2.3017267060667694e-16,2.881654637221251e-16,5.315679495000736e-20,1.5999517565815319e-12,2.709054521732644e-16,2.9518349451782904e-16,2.7576701984879137e-16,4.52846836505941e-16,2.535832810718686e-16,2.6678385232728883e-16,3.458206245073841e-16,2.0920781256062688e-19,7.789085027330394e-20,2.765443095084446e-16,4.0061505140168685e-16,2.555880860294132e-16,4.529994375765146e-16,-2.363268421242177e-19,2.0367664960863933e-16,2.317402448519279e-16,4.5859872124777374e-20,1.6850970274077694e-19,1.003631936221033e-19,1.7836547989860374e-16,1.6377110515507144e-19,2.5287088705906136e-16,1.8758867595106573e-19,2.3060509764571357e-19,5.082562294643409e-19,3.455293267512368e-19,4.532528933690944e-16,4.531029362871633e-16,-9.86637176737008e-22,2.1521793417892277e-19,3.041327928735337e-16,9.048016084635332e-13,1.2279439067022873e-19,1.553330994693327e-20,2.4701961489764356e-16,2.9637591673321186e-16,-3.082672137901823e-19,2.287479813797115e-19,9.045216321267039e-13,-3.619908515773717e-20,-3.985522536409399e-20,2.6138320322881383e-16,1.8576178209965455e-19,2.2646823293198667e-16,8.886161574903823e-20,2.4123193470221164e-16,-1.0304325805269949e-19,2.4928457186898196e-19,2.101335527301387e-19,3.9442975545396577e-19,5.458459111909467e-19,3.6729227270201543e-16,2.375103050556271e-16,4.530362419458969e-16,-7.036386602054661e-20,-2.198257294947658e-19,1.4376891777690555e-19,7.179673916479205e-19,3.1638914173262333e-16,2.5750224962829213e-16,3.037609468514559e-16,9.04645204278303e-13,2.295282475082338e-19,4.52984519345173e-16,4.533633854760817e-16,2.569761171124755e-19,2.6753005959771517e-16,1.7225570087786358e-19,2.896083240419117e-16,-1.5361802121890807e-19,9.046238258646171e-13,2.3681060208120275e-16,2.856346449236608e-19,2.4330425159977408e-16,4.53050319331357e-16,2.3966830873479443e-16,2.468632682137741e-16,1.9768061343884232e-19,2.1036428696729405e-19,2.617700372225141e-16,1.4796577993356691e-19,5.02982138767267e-19,1.2393816464945388e-19,1.584152818945201e-19
-1.6417310800036427e-11,1.9179026828647264e-16,1.7869337667761883e-19,-1.8857373456491892e-11,2.3988129958898906e-19,2.5513884291056875e-19,2.95865992826577e-19,9.44665227476676e-20,1.5906922239324108e-19,-3.483152059137153e-20,3.693978547370361e-19,-1.8857589708541284e-11,9.011753150825113e-20,1.9335160762670426e-19,1.1507659106824933e-19,1.775915034558927e-19,1.9631022180792596e-16,-9.447431515333478e-15,-1.5758316846045916e-19,1.4066330062268432e-19,3.286620384145181e-16,7.179835000673021e-20,2.909022257908068e-16,2.572222061768657e-16,-9.446960115777078e-15,2.2079253344986136e-19,3.755715315829862e-16,2.456941636824334e-16,-2.722022352587915e-19,-1.6414529341778667e-19,-9.447318848758644e-15,3.0873643145311217e-16,-1.88574772318923e-11,-8.282464212515363e-21,4.810778475913088e-16,4.985629359110861e-20,1.527174997431856e-16,-9.447569559198138e-15,2.975690229184997e-19,1.7010475124765204e-19,-1.8857347527184648e-11,4.073180630071372e-16,1.4376508781298317e-19,-1.7238869315503472e-19,2.709054521732644e-16,1.5999728248441788e-12,2.206002898735021e-19,-2.1211196887991463e-19,-9.447119558038868e-15,2.84326096238978e-16,1.5990703071729082e-16,1.2650911794878689e-19,1.7473530259021543e-16,2.031173014845292e-19,3.8141849540380874e-16,6.025517715206793e-16,5.380871604178917e-19,-9.447119338874101e-15,9.664167264951952e-20,2.6067537955440747e-19,5.545066399517847e-16,6.51584859078336e-17,1.2046327412221245e-19,2.744635026959197e-16,2.0944444676522613e-16,3.259889470006244e-19,2.6649977005316643e-19,4.2002878403134114e-16,2.0216101681774561e-19,4.073223442537906e-16,3.2111246956063176e-19,-1.8857367570493336e-11,-9.446897319996666e-15,3.784590002894968e-16,4.567550199497173e-16,1.0883227780790403e-19,-1.8857285206163452e-11,2.1280651266721561e-19,3.469952907760269e-16,-3.392549077397488e-20,1.134508331770447e-19,3.2204622489002554e-19,1.2350915630374316e-19,-1.8857601999353683e-11,-2.0569219838061272e-20,4.878683686667085e-16,2.979578216921796e-19,1.4151361410540336e-19,2.946533763451956e-16,5.104228042782709e-16,4.581032823728502e-19,6.756134312732883e-16,3.164014357743729e-16,1.4167437156384638e-16,7.624960079209469e-16,3.258025443185776e-20,2.5741339984424963e-16,2.0439021430613857e-19,-9.447390110199692e-15,4.3371792420816514e-16,-2.145461757886094e-19,6.28069374681282e-16,6.647700811541956e-16,2.332126005214348e-16,4.0660797475974564e-16,2.3701677852351e-19,-1.885748910306644e-11,7.350826628337671e-20,-1.8857811977569822e-11,-9.447281312863693e-15,1.5354922711680618e-19,3.722397660311405e-16,3.7427914233289825e-16,1.3815096436847858e-17,2.2951588027323867e-16,-1.8857159973012957e-11,7.365454296771371e-20,1.317085399435243e-19,2.923907456813496e-16,-9.447526202189022e-15,1.5343668078704112e-19,2.3621394060162864e-19,2.310908143589689e-19,2.635147159455021e-19,4.960630043975945e-16,1.6571520233168363e-19,4.998823382165773e-16,2.2011344687298585e-16,7.073144323488509e-17
1.2511758490103079e-11,4.892824610683481e-16,2.565890651436606e-19,1.0071935930641083e-11,2.8728759363999203e-19,3.1588347008162076e-16,-5.450372790253499e-19,5.170471006181646e-19,2.911592041059658e-16,3.078626993365555e-16,5.635810366649334e-16,1.0072534496254589e-11,9.567609409261177e-20,2.393649378365404e-17,-5.594763602119168e-20,2.7810734168149434e-19,3.332076747514899e-16,5.045949144530109e-15,5.010189572000468e-16,1.3846022958119564e-16,2.365996676009152e-19,2.7533217461727726e-16,2.6040100159627532e-19,4.224485550454926e-19,5.045881599433526e-15,3.9892157846581714e-16,4.59559527639482e-16,3.7954002134972483e-16,1.8665413480465307e-19,4.61221569342856e-19,5.045740823217923e-15,1.6804360937895163e-19,5.0458087179467584e-15,5.752895204038292e-19,3.854278412633921e-19,5.681055523842397e-16,2.3646601521036024e-19,5.045945311632274e-15,1.6635463744930858e-19,4.107675556904682e-16,5.045927255204399e-15,2.3326256361696886e-16,7.081065590292934e-16,3.342815043290798e-19,2.9518349451782904e-16,2.206002898735021e-19,1.6002028626801741e-12,6.030643874680631e-19,5.04577990760648e-15,6.366041577180159e-20,5.522481067562201e-16,5.108244639995878e-19,7.041559025778545e-16,1.6072429125446824e-19,1.162809409702254e-19,4.4270363289528643e-16,3.0586242749428895e-19,1.0072527702986108e-11,5.508224894458548e-16,2.9777840370778273e-20,1.2911464332329182e-19,-1.5469217812891775e-19,2.5774266686504914e-19,3.0431297403010347e-16,2.0693027336726184e-16,-2.537893437236329e-19,5.114182307909523e-16,2.2557492616637493e-19,3.9696510175758985e-16,-4.4710965958269223e-20,3.2091087015801307e-19,1.0072326863324806e-11,5.04572913567867e-15,3.4009014625603286e-16,-1.6483197308709011e-19,5.276470060742074e-16,5.04582068656412e-15,5.328181257019033e-16,4.590314564153523e-16,1.8660606302495928e-19,6.031198074543589e-19,1.5473780576166714e-19,7.517774836084941e-16,1.0072062711755352e-11,8.868825054813585e-19,2.383369086309541e-16,4.365091696687111e-16,5.297164901951337e-16,2.2902666494606316e-19,1.444499086404544e-16,8.972466596839863e-17,1.9669514564585828e-16,2.86018604867911e-19,4.2492278429615027e-19,1.1134413713807843e-16,4.566519986161915e-16,7.251600277006971e-16,3.899688697498956e-16,1.0072278736166242e-11,3.8914303832300807e-16,3.308095049134861e-16,3.415460288711733e-16,5.0242674397466775e-19,6.040681831918799e-16,3.246175192417501e-16,3.6436261070144865e-16,5.046196628489213e-15,2.0162231965274031e-19,1.0071696597332626e-11,5.0458912399530724e-15,7.598524523271049e-19,1.8486193050983642e-19,6.376267274209755e-20,6.996331865471136e-16,2.24843977283829e-19,1.0071884329939451e-11,1.7234064473153693e-19,1.339873395605284e-19,-2.9795150918635704e-20,5.045740021688408e-15,4.846690560749922e-16,1.0884218379316145e-19,4.741715854393859e-16,1.613715240730031e-19,2.213312992789518e-16,-1.2838800018127584e-20,1.2680612217404614e-16,5.36548101329828e-16,8.812162278661203e-16
-1.5810079874734223e-11,2.826336483085462e-16,2.9907270461554e-19,-9.144337137298203e-15,3.2039351098636764e-19,4.10683931674105e-19,3.1227723125782503e-16,1.8944011773956544e-19,8.057547478047599e-20,-4.482462855661218e-19,3.94412837481301e-16,-9.144237629037091e-15,2.4285665081002454e-16,2.3810719897533436e-19,4.8304457267369735e-19,4.074640767596001e-16,-1.8095039450672956e-19,-9.143813947493594e-15,-8.124928124145559e-20,-9.997973060779012e-20,3.4110977407690916e-16,1.3234534920355288e-19,-3.8399000597751153e-20,1.705508455551038e-16,-9.144513491853119e-15,2.8862919704735616e-16,3.6476817970330807e-16,1.0771571135214729e-19,1.4786265685278308e-16,1.1800183564378675e-19,-1.8252874860671068e-11,3.003542149010387e-19,-9.14441499370401e-15,-1.1786940788645278e-19,6.350149206322361e-16,1.8052145582963038e-16,3.197191051950334e-19,-9.144104381283272e-15,3.556488060201155e-16,1.6912139661440123e-19,-1.8252818880997878e-11,4.4025442976153863e-16,1.712964796019379e-19,5.708587576626895e-16,2.7576701984879137e-16,-2.1211196887991463e-19,6.030643874680631e-19,1.5999802577607949e-12,-9.144279476413503e-15,6.882185184372742e-19,2.862531887923843e-16,2.8115625452218123e-16,-5.551284081879785e-21,2.60343752595865e-19,2.786141503656241e-16,-2.7283892993285515e-19,1.8649679298358055e-19,-1.8252639308350395e-11,3.5540672976102493e-16,3.432857476431915e-20,-1.2677734360121624e-19,2.405604294436476e-16,4.544529024899409e-16,3.6902612526933464e-19,1.4321424352115191e-19,4.482868433880921e-16,2.566330235126434e-16,3.912076215724526e-16,1.555790200697252e-19,2.0770738152778995e-16,3.12312175338585e-16,-1.8252768077860753e-11,-1.825286978226041e-11,3.2717489988629847e-16,1.688407219101291e-19,3.5596017553112524e-16,-9.144160233339134e-15,3.405348587195025e-16,3.1372808337663396e-19,2.4955935451327314e-16,3.680849793590834e-16,4.063908840840225e-16,1.7412916227823955e-16,-1.8252907256102242e-11,2.0664448417631057e-19,4.092548145936092e-16,1.1615560637954417e-18,2.835449903220461e-19,1.801298352061932e-16,2.8234787773519407e-19,2.410806259051529e-19,4.828021332280454e-16,5.013414646129212e-16,2.711319735679652e-19,4.968910233825169e-16,4.189241838864656e-20,4.138033028356651e-16,2.745553539226367e-16,-9.143970942530769e-15,3.985626191222807e-16,4.108842638009557e-16,4.975534291877113e-20,4.3089029173201463e-19,3.313627583972159e-16,4.7058111823846585e-16,3.381811828163837e-16,-1.82528272727235e-11,1.7514085746280266e-16,-1.8253213255775766e-11,-1.825294732023438e-11,4.183958810529108e-16,3.8633831946388253e-16,1.0684951818137263e-19,1.4808115930294187e-16,3.73141883296855e-20,-1.8252761628323433e-11,1.8446034033257715e-19,9.848007762210596e-20,2.5749415819939936e-19,-9.143948674701068e-15,3.300550661419182e-16,3.098810775486457e-16,5.060956993166917e-16,4.503779791969955e-16,6.539834588023781e-20,1.0262293895663922e-19,3.4096415308078106e-16,2.7496595488788535e-19,1.554979232330713e-19
0.999999999975663,-2.794022512964763e-12,1.1775000891684856e-14,0.9999999999752286,-1.959741721861882e-11,1.1406859593475394e-15,-3.604847505746112e-16,-3.703634952494994e-11,-1.551019771723424e-11,1.486542104149302e-14,1.3193718269106607e-14,0.9999999999701578,-1.3792084458895676e-11,-2.3163912503653332e-15,-8.791197838183911e-15,-7.116832955805166e-16,9.367036126221324e-16,0.9999999999835611,-4.035505550358131e-12,-7.323167115985561e-16,-6.1631255208140654e-15,2.8441683288147133e-12,-1.381800591711267e-11,-1.4819989582246805e-11,0.9999999999708278,-1.492314646615655e-11,-2.938161808554771e-15,1.8361478345929118e-11,1.8211908222633312e-15,1.887402884130712e-11,0.9999999999706721,-6.927480509733629e-13,0.9999999999655718,-1.2501923860718051e-12,-5.3062143482216727e-14,-4.703251566204605e-11,-2.8180440137618434e-15,0.9999999999729808,1.759854897738487e-11,4.8156249892488686e-15,0.999999999988012,2.1224996291333387e-11,-8.988651069859892e-15,7.72914310608314e-13,4.52846836505941e-16,-9.447119558038868e-15,5.04577990760648e-15,-9.144279476413503e-15,0.999999999956237,1.1774992903696143e-12,6.565947788914025e-16,3.2302564515079455e-15,-3.0305732439611116e-11,6.294544688811093e-15,7.693426092952173e-15,9.203328041634441e-15,-9.510986478811955e-12,0.9999999999697664,-1.307487212009323e-14,-1.0583508853829425e-11,5.440508387935209e-12,-1.4359021197893885e-15,-5.743298330963931e-15,2.442070667180606e-15,2.356737053743218e-15,1.798843504001758e-15,-1.6979631608344775e-12,5.455210278433664e-12,8.022820434942356e-15,7.440004716028342e-12,1.466500396800742e-11,0.9999999999922456,0.9999999999732363,4.931411906828316e-15,9.91517947836886e-11,7.881707592908584e-15,0.9999999999876562,4.300041917669857e-11,-2.8632750043666622e-15,-1.371803243800519e-11,-2.6158503063967895e-11,3.206315647515456e-11,-8.815193354481182e-16,0.9999999999680482,1.3519086340915672e-12,1.6102628462179154e-11,5.399124078998303e-12,1.3627897490260964e-14,4.94888922700033e-15,-1.206169059308145e-15,-1.3924350967658556e-11,1.1467549043661739e-11,-2.0452077174691154e-14,-2.574368008642896e-14,-2.4540904919140593e-11,-1.7547053376974583e-15,-6.12587518553434e-11,4.948417867963462e-13,0.9999999999745922,-1.0559428228338891e-14,-5.180578800909316e-15,2.7963841501969168e-14,6.9862318092579904e-12,-5.881548047460361e-15,-1.0342746911805067e-11,2.062938556044051e-14,0.999999999960075,-2.7828671984844948e-15,0.9999999999466544,0.9999999999714482,5.210878073059077e-15,5.797696230135053e-12,3.3078362527841736e-12,1.3563870783260102e-12,-3.676085636760044e-12,0.9999999999762464,1.795059020750231e-15,1.979769780230764e-11,-9.74590063179968e-16,0.9999999999812937,-1.4520288738281005e-16,2.3844456844816587e-15,-3.390510657351682e-11,1.669765331882313e-11,-6.31716197990485e-13,1.7898645113949012e-11,5.179419072630411e-15,-8.810412316889461e-12,-2.2946647073828824e-14
3.617260039435079e-12,2.8860334473221627e-16,9.027255825651678e-20,1.1773566986108704e-12,3.410841226551981e-16,-6.841013258450973e-20,1.3905537288528029e-19,4.580316744813059e-16,3.029457161541577e-16,7.455875814277578e-21,3.9790543299918913e-16,1.1774536154565096e-12,3.336271282318865e-16,2.1586661712454217e-19,3.4330191199788955e-19,5.131753868387522e-19,2.347615505332877e-16,5.900070035634906e-16,3.380251406414645e-16,1.3589074265368118e-19,3.29849784518138e-16,3.668121629467718e-16,3.2643039141647385e-16,4.369967862920654e-19,5.897071435118823e-16,3.387629423448845e-16,3.6443248034088626e-16,-1.2751530542242808e-19,1.7290578903459245e-16,2.876945075034423e-19,5.899366934238805e-16,7.091162407191009e-19,5.898609293498055e-16,-1.8568188412321139e-19,5.14929944994903e-16,2.5748254593047054e-16,2.681757884383341e-16,5.897399677576308e-16,1.8890587661941787e-19,1.9138338055827944e-19,5.899838054824319e-16,3.085845083572631e-16,7.404039873520908e-20,4.1120465560095543e-16,2.535832810718686e-16,2.84326096238978e-16,6.366041577180159e-20,6.882185184372742e-19,1.1774992903696143e-12,1.600039298145289e-12,2.8830276797857496e-16,2.1666021752910434e-19,4.8321057595481e-19,9.436871424599013e-20,3.339051151494092e-16,4.748388106462271e-16,3.217541984162509e-16,5.89835408870715e-16,3.404553988794767e-16,2.4585781035174496e-16,2.611931354467719e-19,2.428535577275513e-16,1.8610230670921673e-19,2.3221124718922644e-19,1.7827279083317608e-16,3.483285335505093e-16,5.64868111454403e-20,3.707453240055659e-16,-8.842287185948774e-21,2.7207474662897226e-16,3.190618951245201e-16,5.900672567220633e-16,1.1772594272547318e-12,3.289527363860178e-16,1.0992629126463374e-19,3.5759331972078653e-16,1.1775746127975708e-12,4.040651593225182e-16,1.3863521787398852e-19,2.657172265352971e-16,3.464024217301947e-16,1.5993315889282152e-19,1.99687143148881e-16,1.1772697557877282e-12,2.0498053983975258e-19,3.507390574945502e-16,1.7904505179432588e-19,3.19781395898636e-16,2.633739637566417e-16,3.3511449128599273e-16,4.028031620281687e-16,7.030859191145735e-19,4.585390997058035e-16,-6.517825933895037e-20,6.308982467250609e-19,1.116215528300454e-19,9.723662665471592e-20,2.2326632129799535e-19,5.897639555084596e-16,3.7421906383513147e-16,3.38852589218507e-16,2.7571226027855074e-19,5.602655730979821e-19,2.0721584745442999e-19,3.410531336554719e-19,1.9244979882291165e-19,5.901404980543125e-16,7.565507380055204e-20,5.895766501997183e-16,5.897034806128429e-16,2.260126882787189e-19,4.158587578759318e-19,2.7242517214968527e-16,2.5107856821289394e-16,8.580495281698125e-20,1.1774428473438105e-12,2.8859697216642336e-16,2.383455808633065e-16,3.3210058040573996e-19,1.1773633167621832e-12,2.6684542394010174e-16,1.4349095908374654e-19,2.0655863742267384e-19,4.114976425616727e-16,5.500838082515103e-19,-4.461440598112051e-19,-2.6342214989044744e-19,-1.17680012674006e-19,3.501342019717334e-16
3.7570405530589254e-12,3.037602566102448e-16,2.2510225264374987e-16,6.566335504023095e-16,1.7076186977232116e-16,1.3052357639998468e-19,2.4761677585245745e-16,2.863581881927771e-19,2.390515443596122e-19,4.3157778782152645e-16,1.571874801382204e-19,6.566323462580384e-16,1.2668861148063032e-19,3.212241832606779e-16,5.087286318058044e-16,3.4162901240918463e-16,-2.206209117030011e-19,1.3110110919637226e-12,5.143218396803308e-19,3.331920915431183e-16,3.0464884839331915e-16,8.337875055530926e-19,3.5618685536816686e-16,1.4022669266110368e-16,1.3109901774794365e-12,2.6100979557340185e-16,2.9061483301848463e-19,1.9874341953891637e-16,3.8617428520202053e-19,3.6702998709537665e-16,1.310713933872474e-12,3.1654576862892273e-16,6.567026368605363e-16,9.549373692716595e-17,-1.3847903153659236e-21,2.2411858493800894e-19,1.4859276786646005e-19,6.564975304785026e-16,1.1211931299396357e-19,-1.8244814757963078e-19,6.56728247574672e-16,1.8379210820027651e-19,2.5945677294447556e-19,1.9144687572269316e-19,2.6678385232728883e-16,1.5990703071729082e-16,5.522481067562201e-16,2.862531887923843e-16,6.565947788914025e-16,2.8830276797857496e-16,1.6000004762043795e-12,2.8789166988685583e-16,2.0278052299088125e-19,1.5553403955470235e-19,2.477303085590648e-16,3.5964546501294675e-16,3.4888051444737534e-16,6.562299843673168e-16,3.5344888607767734e-16,5.371358250803767e-19,3.5781950537597127e-19,2.3900670896900644e-16,1.7319218146548612e-19,6.411085896680978e-20,7.6379963076944e-17,5.466217382698799e-19,2.2567866237528035e-20,3.5874599790754945e-16,1.6787748289746556e-16,1.1045211368246326e-19,1.7146401137579864e-19,6.565711542203861e-16,1.3106984275503775e-12,2.9356479660964194e-16,3.2916605914681676e-20,-2.670779618379132e-19,6.563192716706684e-16,3.040482879580178e-16,4.863302557996533e-16,4.127958214295131e-19,3.5005763393653695e-16,8.855781380017793e-20,2.258127518781996e-16,1.3106654587839865e-12,7.591097182837689e-20,3.6992393741649363e-16,1.4039093889804252e-19,4.896111165172803e-16,1.4370779060731191e-16,1.2065199622847445e-19,6.271695991036837e-19,4.2091381410190313e-16,3.4302653588321816e-19,3.262997820281403e-16,-1.1771375549002141e-20,-4.424090449091081e-20,7.06777228985286e-19,1.7827549061411518e-19,1.3106583601728752e-12,4.027272476747437e-19,3.700182446340533e-16,6.575995960369563e-19,4.270012841164214e-16,1.936211860869359e-19,4.3665958942942613e-16,3.1105372420218086e-16,1.3107384755595207e-12,4.639995544783227e-19,6.562315762824487e-16,1.3106183801346596e-12,4.4150180696583654e-16,3.7240929022341635e-16,1.2354336736343404e-16,1.0751676624255705e-19,3.651350446153093e-16,6.5630258372982e-16,2.1250857124807416e-16,5.034098135284233e-20,4.3102749943305415e-19,1.3108350426567381e-12,3.416646326214743e-16,2.5526781829940837e-16,5.032541443912881e-16,1.9776512433468273e-19,3.011906450989157e-19,8.835651194816374e-20,4.680773205773302e-19,3.029836753211927e-16,2.711131433355878e-19
8.889245217739796e-12,3.3712592108354104e-16,4.362167962222395e-16,3.229827448874465e-15,2.2256424086261763e-19,5.341329838092805e-16,3.1333459678995703e-19,6.403357351933554e-16,3.4723443763670517e-19,6.12427492147553e-16,4.742677139138129e-19,6.4473949116306995e-12,-2.3861901655176878e-20,6.357433864258237e-16,5.652756399045249e-16,9.953734660853869e-19,3.0519062180107103e-16,6.447991245046454e-12,3.8026528588465e-16,5.999672560787983e-16,4.503997910135399e-16,5.912917304934979e-16,-3.012698756076838e-19,2.482809532038139e-16,3.2304267335096924e-15,4.518808213453612e-16,4.603804306980645e-16,1.7733786806596205e-19,2.214901711328116e-16,-3.7605292787420245e-19,6.4473162731190845e-12,2.1176343567693834e-19,3.2297204218193368e-15,-2.365220475809647e-17,2.7298478966317524e-19,-1.517724481063692e-19,3.1272827557929155e-16,6.44717916378868e-12,-3.717062172355882e-19,1.9549259996130642e-16,6.447495065783863e-12,3.488853906835179e-19,1.1600424305274313e-19,6.824245724719868e-16,3.458206245073841e-16,1.2650911794878689e-19,5.108244639995878e-19,2.8115625452218123e-16,3.2302564515079455e-15,2.1666021752910434e-19,2.8789166988685583e-16,1.6000106251695071e-12,3.508963846475481e-16,4.1621310592373314e-16,4.3582726179144333e-16,2.9822567162911295e-19,6.142243490285602e-19,6.447600996530755e-12,4.019890268977795e-16,-2.9743728937074097e-20,5.513085132058042e-16,1.3752460439327568e-19,4.943314912420136e-16,2.5786771694554443e-16,1.8777230466361376e-16,7.211508561189634e-16,1.8012342608167055e-19,5.321628857181191e-19,2.1693935102977947e-16,3.3785484967668125e-19,4.822565226775145e-16,6.447523009811832e-12,3.2299972489734444e-15,2.735633521420554e-19,9.693561987250018e-20,5.758293144149236e-19,6.447581120485832e-12,4.620760048113988e-16,5.405351155744428e-16,-4.552748382777992e-19,4.214511026458151e-16,5.771394778255694e-16,-1.2167395473692806e-20,3.229806656967314e-15,1.180942207833101e-19,3.345454466784531e-19,4.13678889249618e-16,2.7070523959556693e-19,6.498688720579883e-19,6.315713958821909e-16,8.297791710247106e-16,8.052776214042216e-16,3.4229632153861343e-19,1.5033725165159367e-19,4.308296025540614e-19,4.871504577467103e-20,3.3971553166371685e-19,3.5345496651060025e-16,6.447296436259666e-12,5.314780260478751e-16,7.182813867042411e-20,6.456062393310172e-16,7.633238485096994e-16,1.720969542738315e-19,5.503889966256956e-16,-1.9824567821143918e-19,6.447392656439513e-12,2.3714219737293e-16,3.229828949164762e-15,3.229913574268901e-15,3.917448681768977e-16,4.904049976972364e-16,1.7565749827575775e-19,-2.852433221390341e-19,3.713954922146848e-16,6.4476761691419825e-12,3.4541866238321224e-16,3.307999861393987e-16,4.171383588689548e-16,3.2302580031500578e-15,3.098479592468648e-16,4.385264245077991e-16,5.433648355992909e-16,6.838551867491775e-16,2.7046185046622536e-19,2.7536124684665857e-19,5.437642218971711e-16,3.197983865061207e-16,2.2312948779038427e-16
-2.786506637432617e-11,2.2665597758028733e-19,2.3144175654488513e-16,-1.5182572495492823e-14,7.510705239131266e-20,4.277616333151687e-16,2.534439827765835e-16,7.648027506040761e-16,4.283365786504546e-19,5.344977605626797e-16,3.202479074019031e-19,-3.030554079297261e-11,3.0604626708864113e-16,1.7438634210293572e-19,6.736548794444479e-16,4.92029085581207e-19,3.8436992761215283e-16,-1.5182229060916616e-14,1.004860501718077e-19,3.374262775545359e-19,3.441405449872883e-16,3.3531668339086644e-16,2.9029491147139897e-19,1.4621858446062971e-16,-3.030543324402489e-11,2.2216685226925835e-19,4.510755555873904e-16,1.1894639548431352e-18,-1.2003252962217582e-19,4.4406226830383753e-16,-1.5182858965615327e-14,9.649309597152165e-20,-1.518214501079886e-14,2.0645071715853698e-21,3.8325348432404405e-19,1.6937372871164884e-16,2.471591971411552e-19,-1.5182779529435883e-14,4.607244963465037e-16,6.365176527576214e-20,-3.030578384193341e-11,-3.9069003029981865e-19,4.492907529328788e-16,7.136655146509292e-16,2.0920781256062688e-19,1.7473530259021543e-16,7.041559025778545e-16,-5.551284081879785e-21,-3.0305732439611116e-11,4.8321057595481e-19,2.0278052299088125e-19,3.508963846475481e-16,1.6001937030159776e-12,3.6387200387511096e-20,2.6628029630171685e-19,1.3336437807747582e-19,7.016397227542092e-19,-1.5182316870923856e-14,3.9288050970553775e-19,2.0524677233305896e-19,1.0739542193844965e-19,3.2460559951144337e-16,2.8297659470450896e-19,1.3115508589075025e-16,7.851901240971688e-17,9.948867492177039e-20,3.417735232684335e-16,-8.236312165215581e-20,1.8763464643048134e-19,1.8085010955861494e-16,3.7364657443455922e-19,-1.5182374496776402e-14,-3.030577013055347e-11,3.672002963299529e-19,-2.719124238020076e-19,3.09275264314375e-19,-3.0305658779271595e-11,2.0110122702240612e-19,3.194371786405087e-19,2.856807013271483e-20,2.295048814951833e-19,4.616417040254162e-16,2.1340363687486651e-19,-3.0305777794708773e-11,2.858162613562326e-16,4.3969512370438665e-16,3.2152998724896304e-16,6.910167136645389e-16,-8.667361247792586e-20,1.4290902848832087e-19,1.3959050897536327e-19,1.265461117441794e-22,6.52191097827511e-16,4.599479450199379e-16,4.188315449969338e-16,1.602978085972188e-19,5.683924756958342e-16,3.0000618548032726e-16,-3.030580664194843e-11,4.177283369751489e-16,4.540743080970842e-16,3.80374972951518e-16,-1.5617114839588195e-20,4.4233017283520633e-16,5.511163955242873e-16,1.93951085352193e-19,-1.5182611861559806e-14,1.327816465733277e-19,-3.0306183152892294e-11,-3.0305907931532167e-11,3.2764033342468126e-19,2.1993269290742013e-19,5.135137072453353e-19,2.7928418492483103e-16,2.821791048097954e-19,-3.0305750222613366e-11,2.297707781800704e-16,3.2187245601427166e-19,3.9940759914117823e-16,-1.518247115284974e-14,4.698412883024588e-16,2.6422097132452744e-16,5.140906499019788e-19,5.373970561726389e-16,1.1396271868967523e-19,4.90247941353555e-16,2.6594231874195068e-16,3.977329378547027e-16,5.173907051522073e-16
1.500251397598943e-11,1.6368083740677503e-19,3.455171025389715e-16,6.294302212826992e-15,2.0879459057583082e-19,3.351578201175142e-20,3.432724814760541e-16,2.7382051608900343e-19,1.4926348580686505e-19,5.741477138766302e-20,4.080856113546951e-16,6.2944678472590676e-15,3.651525043232064e-19,6.817211841586965e-19,3.1672381780965857e-16,1.4902783535601864e-19,8.034715368062477e-20,6.2950397606997266e-15,3.5774529429244753e-16,3.470105617677385e-16,3.481092103539493e-16,2.665201307867945e-19,3.023791692015077e-16,3.1923798980867136e-16,1.256468633521888e-11,1.7739890117172077e-19,3.5147086833042634e-16,2.673907252306701e-16,1.873442723412543e-16,3.806618356199398e-19,1.25646152261686e-11,3.079727493627291e-19,6.2945048729844674e-15,1.7180985402186633e-19,2.187978234527243e-19,2.783067599287484e-19,1.8600034727693878e-16,6.2943354855749436e-15,2.880564364952306e-16,2.8995223720977156e-16,1.2564677047544245e-11,2.723294031497185e-16,2.3812319599339363e-16,2.9088028125901805e-19,7.789085027330394e-20,2.031173014845292e-19,1.6072429125446824e-19,2.60343752595865e-19,6.294544688811093e-15,9.436871424599013e-20,1.5553403955470235e-19,4.1621310592373314e-16,3.6387200387511096e-20,1.6000812557208987e-12,3.751025423978535e-16,5.346753463207464e-16,3.109974727638822e-16,6.294577945366348e-15,3.1924797058380034e-16,6.756174846747888e-20,4.849985742489779e-19,9.862062584672841e-20,2.805686840727702e-16,2.8776860227252367e-16,2.672247281767018e-19,-4.1673491237887104e-20,2.828291144785894e-19,4.97386933835325e-19,2.4677253948668895e-16,2.7452432239793584e-19,4.255230747058603e-19,6.294413573461157e-15,1.256440066000966e-11,2.0267778714844188e-19,4.2444297341063703e-16,3.44639988634026e-16,1.2564798740102584e-11,4.3016033390810835e-16,4.549749917540575e-20,2.476993607022939e-16,3.233860282663063e-16,1.5466783344012252e-19,1.329249364938498e-16,6.2944200740689645e-15,2.2246512055942753e-19,2.5776735812083443e-19,3.483811240741345e-16,2.0230493648437923e-16,-2.0585423342616577e-19,1.0206014871138462e-19,4.016223153537329e-16,-4.189777640021589e-19,4.1811173651747756e-20,2.6866158333330166e-19,5.193882415384588e-16,2.622067136042391e-20,3.499977610074725e-16,7.99368298520934e-20,6.29453906017566e-15,3.822879980800536e-16,3.19364514941726e-16,5.064023446935599e-16,4.578042766386969e-16,1.813172895086596e-21,-7.027053081212024e-20,2.508738918242923e-19,6.294287552628422e-15,2.598987877605021e-16,1.2564213503368603e-11,1.256450785764763e-11,4.3799928223274975e-16,2.991366697528702e-19,3.467921507870871e-16,5.305968003226965e-19,2.5875532334016407e-16,6.294555712513634e-15,1.6106155311338915e-19,2.8955209303314204e-16,2.1869007312026674e-19,6.294586777222747e-15,2.08276741593242e-16,3.539907676935035e-16,2.9575733732330974e-16,4.133523158702204e-16,3.8099291398172855e-16,3.2474971556942465e-16,3.597042941556927e-16,-5.585563415555855e-21,2.799820974707498e-16
1.779639264832994e-11,-9.59972781045597e-20,4.14424598860232e-16,7.69300394874361e-15,4.2224944145297587e-19,4.1861582137484744e-16,4.477310038879391e-16,4.173658427025357e-16,1.2616790215772625e-19,2.9607029418968603e-19,4.492075065728988e-16,7.69296240055835e-15,1.5887515513850269e-19,4.71538223325364e-16,3.541516611753424e-16,-1.4352562895744806e-19,1.388136697824058e-19,1.5356669159375773e-11,3.960857468549077e-16,4.2935548090286197e-16,3.9227542095042447e-16,5.012426259826931e-16,-1.1935205031229398e-19,3.61788714733856e-16,1.5356419253525743e-11,4.329763318329157e-16,3.5735975206293697e-19,1.2063480850796251e-19,4.0590142029287464e-19,4.2540932840069487e-16,1.5356235375241855e-11,4.0564923976372643e-16,7.693002546997612e-15,1.5477444540577406e-16,6.399675639924274e-19,2.5208965538404706e-21,-2.3465589984706693e-19,1.5356091232111537e-11,3.1896512146953065e-16,3.083512348892029e-16,7.693240990730383e-15,3.3764360852139313e-16,4.200271226202353e-20,3.9388066246971083e-16,2.765443095084446e-16,3.8141849540380874e-16,1.162809409702254e-19,2.786141503656241e-16,7.693426092952173e-15,3.339051151494092e-16,2.477303085590648e-16,4.3582726179144333e-16,2.6628029630171685e-19,3.751025423978535e-16,1.600131719288087e-12,3.3689683965696425e-19,5.299847197871397e-19,7.693094270148094e-15,3.346786401619353e-16,2.426329580464053e-19,5.227110029251421e-16,1.9127230460536198e-16,2.916636552057983e-16,3.3939615864225245e-16,2.6347170311145655e-16,3.421398662128197e-19,3.9870962038643324e-19,4.496694473792995e-16,2.635129454105317e-16,5.081023180371454e-19,4.3933339520979086e-16,7.692994668298006e-15,7.692395929200798e-15,4.093712297811035e-16,3.671890826055955e-19,3.7491362732939004e-16,1.5356495270417875e-11,5.005825752706809e-16,3.7324393655611097e-19,2.525324309694128e-16,3.6008584979126795e-16,-3.114276328933482e-19,-7.460005943847328e-19,1.5356042450699298e-11,2.3998808849315227e-19,2.9537329779484706e-19,3.811801082098065e-16,2.006208806244856e-16,3.6991410770314295e-16,2.7438495876657937e-19,1.159599156819745e-18,3.7183962215218727e-19,4.2229256935471315e-16,1.8601957446204304e-19,6.778618027252035e-16,6.609254279452852e-17,3.537534388948642e-16,3.242376342871229e-16,7.693004497749645e-15,-1.8145560996519087e-19,3.8734872974265933e-16,5.529451450538576e-19,5.883011302293523e-16,3.3145311223635137e-16,2.2604135639674843e-19,2.1313274135746737e-19,1.5356234624513265e-11,-2.0233876509080936e-19,1.5355823165330177e-11,7.693002807529503e-15,2.0826603194848262e-19,3.6103354084693697e-16,3.9983934792505422e-19,3.1654638383269606e-19,1.49705070582905e-19,7.693141366821262e-15,1.8143225690836194e-19,1.8973822553030495e-19,3.4160372607756605e-19,1.5356112936426654e-11,2.0226703571415563e-16,1.5366207990548107e-19,1.0455012362493665e-19,4.862907550046404e-16,2.866241157303003e-19,4.62788697912457e-19,4.67071415670111e-16,1.6156243613895892e-19,2.4921439234874564e-16
2.0807133915972945e-11,4.726422667542488e-19,5.988899842666433e-16,1.8370888598113045e-11,1.0360529257756466e-18,5.897277456681475e-16,6.406063433721558e-16,3.254998011334059e-19,2.7409179783048604e-19,5.426689034375011e-16,3.3788182498105937e-19,9.203834732599456e-15,5.815780374312407e-16,6.263153893014973e-16,4.704309238299219e-16,6.394437478979287e-16,2.8885496973365057e-16,1.8371566007991537e-11,5.951983656230912e-16,2.771329461084235e-19,5.534412900121346e-16,7.219784079201564e-19,4.560159430054526e-16,5.752094634630325e-16,1.8371150677991928e-11,2.578648849086738e-19,5.718845867020883e-16,2.6729826545685584e-19,3.406052410070015e-16,2.964886605990274e-19,1.8370964008712035e-11,-4.402382844482947e-19,9.203544754276649e-15,1.590184016021418e-19,4.5837005014788535e-19,4.54871901455286e-16,2.3405988910988443e-16,1.837074821608203e-11,4.538513738751449e-16,5.288684361795144e-19,1.8371177770204966e-11,2.828697445932594e-19,8.588587969501611e-20,2.960672357918731e-19,4.0061505140168685e-16,6.025517715206793e-16,4.4270363289528643e-16,-2.7283892993285515e-19,9.203328041634441e-15,4.748388106462271e-16,3.5964546501294675e-16,2.9822567162911295e-19,1.3336437807747582e-19,5.346753463207464e-16,3.3689683965696425e-19,1.600285467122405e-12,2.531137149175994e-19,1.837115021863291e-11,5.96933877930992e-19,6.855698844846232e-16,3.838939523691384e-19,1.4213218010934792e-19,-8.257943775005339e-20,2.7484649921113197e-19,4.35114990971523e-16,6.78678166341292e-16,2.1310621120367186e-19,4.0248412358867784e-19,4.221669061649922e-16,8.083321159429553e-20,5.565467894240295e-19,1.8371142769043723e-11,9.203236325360312e-15,5.612826756775795e-16,8.22574665016659e-16,4.1698791498162273e-19,1.8371374619141705e-11,6.053680580044704e-19,-3.259270664388223e-19,5.2413609338872697e-20,4.44412336721985e-19,3.065031731633287e-19,-1.631162217301864e-19,9.203654754346978e-15,3.1240764889502486e-19,6.100110548262353e-16,2.5384522081191627e-19,2.515909186761577e-16,3.5971493271903937e-19,2.804503049429543e-19,6.46435209773847e-16,2.2295235003835853e-19,3.4073101660887055e-19,4.975877798516921e-16,2.499776705840991e-19,1.2711547082711766e-16,3.1968542950620744e-19,4.612519996884275e-16,1.8370929400311657e-11,7.731284018292021e-19,5.477127551564026e-16,9.8502077833953e-16,8.155687583725033e-16,4.914500649525544e-16,4.627900167669811e-16,6.500136488821154e-16,1.837094150612128e-11,4.512901698654272e-16,1.8370280265765564e-11,1.837084416648871e-11,6.612373835475889e-16,4.989169727639847e-16,1.7714467590775746e-19,3.336799520627659e-16,3.7020982832707134e-16,9.202477973442015e-15,4.197689991126381e-19,8.984015643594201e-20,2.3366936151066864e-19,1.8370701614702048e-11,3.400870392456356e-20,-2.2530233028767894e-19,2.4179869800157854e-19,3.508112552117963e-19,6.562692601657542e-16,5.771448014785598e-16,6.667561103715613e-16,1.6024325566830533e-19,2.9461335338226854e-19
-7.071872962454095e-12,2.312270387002422e-19,3.10758076500303e-16,-4.7650716932798356e-15,4.178285228981566e-16,3.1841126498396847e-16,-6.241973256842298e-20,4.0743008610326357e-16,2.875681681213734e-16,4.699776039183022e-20,1.079502655252294e-19,-4.764741740696688e-15,3.6630858967713366e-21,1.635283059396624e-19,3.3917612075496146e-16,1.1606876742639798e-19,8.902449589307842e-20,-4.764766330572349e-15,4.1824490482123606e-16,1.5678906621816496e-19,3.5357403675704607e-16,3.5183728063538494e-19,3.9698001099487557e-19,1.0386109436077825e-19,-9.511003992373118e-12,4.472017275309068e-19,2.2201067053409055e-19,3.2514222754150245e-16,7.081223337560002e-20,1.65979028269947e-19,-9.510821126766924e-12,4.284414824087684e-16,-4.764974083557946e-15,5.34498527235422e-19,1.2043518035659098e-19,6.40612178785537e-20,1.0557257977035747e-19,-4.765064675602952e-15,1.8095623031699163e-19,3.5333119048914114e-16,-4.76462639415412e-15,2.348428308246884e-16,-3.8415080260252173e-19,3.172984816943092e-16,2.555880860294132e-16,5.380871604178917e-19,3.0586242749428895e-19,1.8649679298358055e-19,-9.510986478811955e-12,3.217541984162509e-16,3.4888051444737534e-16,6.142243490285602e-19,7.016397227542092e-19,3.109974727638822e-16,5.299847197871397e-19,2.531137149175994e-19,1.5999858775453967e-12,-9.5107599325658e-12,3.9043713865500134e-16,1.4052522633681726e-19,2.948596326530741e-16,3.5443177633140546e-19,1.861216165653841e-19,3.276841751570002e-16,-1.6916975027633717e-19,-2.447727538118173e-19,3.3577516170186247e-16,4.707272838547597e-19,1.9135351881513773e-20,2.6572979125045992e-16,1.86974672364943e-19,-4.7647831280174446e-15,-9.511256195931546e-12,3.174763270319262e-16,1.741136531495226e-19,1.968756381929484e-20,-4.764612247040131e-15,8.371560195733416e-20,2.973855308292776e-16,3.294316769256371e-16,2.1298710209760673e-19,1.8630867504223306e-19,3.3931263974767855e-16,-9.511118575028856e-12,2.953673248496926e-19,1.2278047372614067e-19,3.6017037708377877e-16,3.08773461426396e-19,3.464264242702118e-19,2.2956907240146266e-16,6.735768280611302e-20,1.7627866831018005e-19,5.687286010348736e-16,5.169839996716972e-16,3.5976804278371223e-16,-4.430426217166569e-19,4.669984661469125e-16,5.954515074749256e-20,-4.764798183790383e-15,3.706142536218048e-16,7.77426836449641e-20,5.081237306114924e-16,3.2289883138945443e-19,4.16492604147929e-16,2.6942061199722644e-16,3.81852879969015e-16,-4.7645819389089086e-15,-1.559926986636923e-19,-9.511426719118733e-12,-9.51117856918626e-12,6.538813401285677e-16,-3.822892277579151e-19,3.424421764950644e-16,4.689574183122964e-20,1.4259752396119043e-19,-9.510999654226455e-12,3.3733479827100097e-16,2.783327859708651e-16,2.6402126884931035e-19,-4.76501301504615e-15,2.848282090907405e-16,3.399483977710537e-16,3.336237712665331e-16,2.87629206782296e-19,3.031722127824865e-16,-1.094506913547396e-18,2.8153115097438147e-16,3.687534067984391e-16,2.1600319116582628e-19
0.9999999999907924,-1.3996919062594225e-15,2.3503897097510713e-11,0.9999999999903659,-9.818448346535119e-15,2.2772641698073046e-12,-7.185828719424235e-13,-1.855417251623234e-14,-7.770177439325348e-15,1.4865924217380126e-14,1.319357788394358e-14,0.9999999999852961,-1.3792302316453447e-11,-4.62345284423163e-12,-1.7547618927572417e-11,-1.420758909114992e-12,9.366807699865165e-16,0.9999999999986997,-4.035593861682376e-12,-1.4614695820746668e-12,-6.163441881276828e-15,1.4245904954448346e-15,-6.92235396567309e-15,-7.424427755438293e-15,0.9999999999859662,-7.476169213777932e-15,-2.9378576465654736e-15,9.19851714444657e-15,1.821050722882558e-15,1.887427657055018e-11,0.9999999999858105,-3.4697017863314575e-16,0.9999999999807095,-1.2505482704751609e-12,-1.0591701040173023e-10,-4.703277427766628e-11,-2.818381984387119e-15,0.9999999999881192,8.816492806168844e-15,4.8153073166214565e-15,1.000000000003152,1.0633139194187071e-14,-8.989202455026434e-15,3.873979745084876e-16,4.529994375765146e-16,-9.447119338874101e-15,1.0072527702986108e-11,-1.8252639308350395e-11,0.9999999999697664,5.89835408870715e-16,6.562299843673168e-16,6.447600996530755e-12,-1.5182316870923856e-14,6.294577945366348e-15,7.693094270148094e-15,1.837115021863291e-11,-9.5107599325658e-12,0.9999999999865089,-2.6098587024754247e-11,-5.30236801143412e-15,5.440378816898345e-12,-2.865958950285719e-12,-1.1463855548842835e-11,2.4418167120909836e-15,4.704184733594284e-12,1.799073468362896e-15,-8.507102981167775e-16,5.4553454566337005e-12,1.6014254477023454e-11,7.439862726849921e-12,7.346460763077468e-15,1.0000000000073828,0.9999999999883756,4.931693841275686e-15,4.967258981729671e-14,1.5733605835437695e-11,1.0000000000027947,4.300026633713287e-11,-2.862697996020064e-15,-6.872370021678018e-15,-2.6158372247264526e-11,1.606282398473996e-14,-1.7591205394904007e-12,0.9999999999831856,6.771686637482313e-16,8.066865645084179e-15,5.399129881925821e-12,2.7202883792813214e-11,9.878354387992747e-12,-1.205655330805421e-15,-6.975548553962863e-15,1.1467734561097417e-11,-2.045231116125757e-14,-2.5744122551484062e-14,-2.454075292413844e-11,-1.7544525447354339e-15,-3.0688880758768916e-14,4.948634621870846e-13,0.99999999998973,-2.107774668635284e-11,-1.0340381218152923e-11,2.7962768316657434e-14,3.4998306498991573e-15,-1.1740105490005895e-11,-1.0342298777943443e-11,4.1178172750237595e-11,0.9999999999752142,-5.5549247619239126e-12,0.9999999999617918,0.9999999999865864,1.040268358854408e-11,5.797950844826446e-12,1.6568064906612891e-15,6.79297047948784e-16,-3.675839407184861e-12,0.9999999999913849,3.582988011585269e-12,9.917861266638653e-15,-1.945263366314446e-12,0.9999999999964341,-2.8847493960316916e-13,2.3843493505172193e-15,-3.390456893763378e-11,1.6697950270834268e-11,-3.164196078227533e-16,8.96674519403046e-15,5.179275411432724e-15,-4.413866717105387e-15,-4.5804517797720675e-11
-2.3657737179875673e-11,8.668843618060985e-20,3.106060658119182e-16,-2.6098844736757116e-11,2.9974127369563726e-16,3.9870619233758293e-16,2.9839520308608017e-16,5.805505434922229e-16,3.785024426645371e-19,-9.277188633373799e-20,4.35525305279973e-19,-1.3074685695406943e-14,3.294988695171545e-19,5.7756525492084685e-19,5.016698707451487e-16,5.332560067376999e-19,2.8530936549691804e-16,-2.6098486787732473e-11,-3.702623472073734e-21,1.7978591568189265e-19,3.830140868083912e-16,2.6530237093195716e-19,4.008560480170372e-16,2.460688504304063e-16,-1.3074792081504706e-14,3.487456587736344e-16,1.4750399377941428e-19,2.6259287019504593e-19,4.1770397332340874e-20,1.4429685122015075e-19,-1.3074465600463581e-14,-1.5526050666313085e-19,-2.6098698667271185e-11,2.0658578805222888e-16,6.577735197215477e-16,6.357549030032398e-20,3.6204801697480564e-16,-2.6098957834152302e-11,3.8143930921885457e-16,2.1049148098554947e-16,-1.3074821245271054e-14,-9.182786941117368e-20,3.7532061674499394e-16,8.78012744717581e-19,-2.363268421242177e-19,9.664167264951952e-20,5.508224894458548e-16,3.5540672976102493e-16,-1.307487212009323e-14,3.404553988794767e-16,3.5344888607767734e-16,4.019890268977795e-16,3.9288050970553775e-19,3.1924797058380034e-16,3.346786401619353e-16,5.96933877930992e-19,3.9043713865500134e-16,-2.6098587024754247e-11,1.600067205671466e-12,-9.109449527751709e-20,3.0526936379112395e-16,3.9115064063109916e-19,1.2068812298231739e-19,2.1825513917114972e-16,3.1087346848866735e-22,4.0688316904914605e-16,1.2606497343873967e-19,5.905239535530649e-19,9.38874293590811e-20,2.4679099374572184e-16,4.1122948430148146e-20,-1.307477640427371e-14,-2.609896451611412e-11,4.08200482233585e-19,3.952250314441578e-16,2.1195170476501399e-19,-1.3074963965335695e-14,4.2521319639135093e-16,4.782064165181538e-16,-6.702636407181556e-19,3.9597207433529744e-16,2.1857351133839676e-19,2.6417317861513583e-16,-2.6098945380373037e-11,3.104766802179913e-16,1.75996586572656e-19,3.7084698850651877e-16,4.416131260920366e-19,5.038069250269199e-19,4.042454997618281e-16,2.1673883602457764e-19,3.360251946520239e-19,5.613229668358826e-16,4.1474929094530274e-16,4.957147255874974e-16,1.4771055409524225e-16,2.9853110126492335e-19,-4.79666220452149e-20,-1.3075060185598436e-14,1.6393711964533253e-19,4.126668761006385e-16,4.729584283975785e-16,4.837099748430397e-16,4.0403500167467096e-16,2.584001280224241e-19,3.8483384234017583e-16,-1.307500901042123e-14,2.204715547704108e-16,-2.6099277863785166e-11,-1.3075197657873658e-14,1.4303512257164113e-19,-1.5925427192671898e-19,8.960772918258625e-20,2.557699251334559e-16,1.9051398198087165e-19,-2.609878046308479e-11,2.968743927598992e-16,3.1118088143362475e-20,4.2295250832228203e-19,-2.6098813065315767e-11,3.588404932012255e-16,3.393682097601e-16,5.080391640901684e-16,3.126947045432505e-19,2.890634015071385e-19,3.991114237370706e-16,1.8510072848201178e-19,1.752574812262207e-19,2.187042681979337e-19
-8.145196775451275e-12,-3.0825718554710726e-19,4.528166980139553e-16,-5.301885470738685e-15,2.9025391031614663e-19,3.5257118828210546e-16,5.015470309221884e-16,1.4356238713950555e-16,2.466357787474438e-16,2.686273173530651e-16,3.803638773753807e-16,-1.0584105034753375e-11,3.161750180012604e-16,5.125923705715931e-16,1.160371560673674e-16,2.8157143419357275e-19,-1.0692931227222147e-19,-1.0583390173353656e-11,3.8673275761521983e-20,4.0327912475088406e-16,3.506762347049856e-16,7.038012315342236e-19,1.0693994415692467e-19,4.0850210241111776e-16,-5.302248630710452e-15,4.2199445884719305e-16,1.37257951625736e-19,2.672155276874186e-19,2.269094746774686e-16,1.8284469340528454e-20,-1.0583953257196256e-11,3.3814612310486126e-16,-5.3024089773073325e-15,-4.8089451205410306e-20,-3.244895565754087e-19,2.7519521175566954e-16,2.428234369534379e-19,-5.302492180646658e-15,1.7793088295242285e-16,3.5127708423670074e-16,-1.0583645541460045e-11,1.0302080578214621e-19,5.943024620850366e-19,7.174855645933638e-20,2.0367664960863933e-16,2.6067537955440747e-19,2.9777840370778273e-20,3.432857476431915e-20,-1.0583508853829425e-11,2.4585781035174496e-16,5.371358250803767e-19,-2.9743728937074097e-20,2.0524677233305896e-19,6.756174846747888e-20,2.426329580464053e-19,6.855698844846232e-16,1.4052522633681726e-19,-5.30236801143412e-15,-9.109449527751709e-20,1.600275841334808e-12,3.3601761924034674e-19,5.593450403400576e-17,7.027820027005828e-17,2.843197803383479e-19,1.0932150556137756e-19,5.329278516825169e-16,-2.217962191687834e-20,3.7019027266664036e-19,2.4238749793934867e-16,1.6402274684355337e-19,3.09490516555345e-19,-5.3021812215666804e-15,-1.058410565752965e-11,1.8348446333589038e-19,6.103159636621563e-16,1.5462676032408008e-19,-1.0583550167429429e-11,1.5767483928467267e-19,5.497713949961941e-19,2.196507690222517e-19,2.398854114128122e-16,2.725608189053859e-19,-1.350398362705761e-19,-1.0584139350548072e-11,2.3495468744668887e-16,-2.086802646575463e-20,3.583374790660707e-19,6.31081017429908e-19,2.64534119205875e-19,4.0127240117802386e-16,4.2953883276746486e-16,6.460612750108904e-16,5.752304500531462e-20,1.4939308788845592e-16,7.684103308731065e-16,-2.1179903772470162e-17,1.3145361428435481e-16,6.207315401272298e-20,-1.0583895216052703e-11,2.020728625169553e-19,3.1489667407830306e-16,2.6786011103214016e-19,5.979106653215021e-16,1.6188038534343533e-19,2.0246822391301312e-16,4.165001546285018e-16,-5.30219489688956e-15,3.324657007701824e-16,-5.302280147667138e-15,-5.302300955612916e-15,1.8621553216960216e-16,2.4896799941288897e-20,2.66451390404718e-19,5.098197364451961e-17,6.508791501709645e-17,-1.0583565430808817e-11,3.4027887774770694e-16,4.711485177210837e-16,1.4536458413152234e-19,-5.302374220790442e-15,7.819167591068394e-18,1.9272150720943276e-19,1.060566586007862e-16,1.8895272957658029e-19,6.917140624590877e-19,3.485607786827134e-19,3.555163481354406e-20,1.685324431464936e-19,-5.577224349199258e-20
7.882465826519247e-12,8.673297875844876e-20,4.802291001734406e-16,5.440163329237899e-12,7.056000444402958e-16,3.500096949256328e-16,4.595561326699877e-16,1.7090208955512068e-16,7.081550555443222e-20,1.6269758334203642e-19,4.674049444526315e-16,2.7255049657586216e-15,2.5567427485857673e-19,3.709455652229782e-16,2.77486049589165e-19,3.895076554376768e-19,4.918334782783655e-20,5.440656926603752e-12,4.8033705159492595e-16,3.241174491372279e-16,1.5096748212743445e-19,5.072923357178612e-16,2.5191784096456247e-16,5.524461551954182e-16,2.725382574534262e-15,1.173174065440764e-19,1.7260130183144568e-19,-4.891466001544999e-21,2.663536145612302e-16,4.611227145913833e-19,2.7253927463012038e-15,4.5366205355983536e-20,2.72522170702134e-15,-9.475656940769438e-20,1.656104662769625e-19,3.2369960291862356e-19,-9.605436495410471e-20,5.4401982521334894e-12,2.3323930979147854e-19,-2.9853135208089824e-20,5.4405331499162724e-12,-2.0124875335350868e-19,3.250433655418908e-19,1.0941818190003536e-16,2.317402448519279e-16,5.545066399517847e-16,1.2911464332329182e-19,-1.2677734360121624e-19,5.440508387935209e-12,2.611931354467719e-19,3.5781950537597127e-19,5.513085132058042e-16,1.0739542193844965e-19,4.849985742489779e-19,5.227110029251421e-16,3.838939523691384e-19,2.948596326530741e-16,5.440378816898345e-12,3.0526936379112395e-16,3.3601761924034674e-19,1.6002852956388602e-12,6.171425079841826e-20,-5.114609988892863e-20,4.989223597970214e-16,1.4544785352050753e-19,9.285941614093628e-20,2.372150038208441e-16,4.240317895718607e-16,6.02787267247572e-19,4.831296412508125e-16,6.984792143736029e-20,5.440461618009188e-12,5.439894670766953e-12,3.957229062994946e-16,3.6583983834781245e-19,3.52411101622581e-16,2.7253493129476337e-15,6.331277539532289e-16,7.189995766313286e-17,-1.511280238334363e-19,3.1380848403217795e-16,3.315485541376171e-16,3.91021904858056e-17,2.7253379006438275e-15,2.5030089105873984e-19,1.34221017445918e-19,4.1432049827978674e-16,-4.585641584517002e-19,5.194059241826718e-16,-1.1073043496365805e-19,2.3548815515269884e-19,1.0465868966082271e-18,6.939609915612593e-19,2.1506956662936297e-19,6.528765630232651e-16,1.443077278965168e-16,2.886652860116738e-16,6.158120310231776e-20,2.7254168966505015e-15,4.21237457695527e-16,1.60932729881195e-19,7.877690211593421e-16,4.472661660144529e-19,1.588841495467275e-19,1.4786729145508162e-16,4.70752454983305e-16,2.7254669841170357e-15,2.899640882711645e-19,2.7251042475204753e-15,2.7256073165500527e-15,-2.847055978788142e-20,2.4976664257639953e-16,6.193047817916842e-16,2.1572255309697154e-19,1.5002429981628136e-16,2.7252329526550796e-15,2.1453847704676892e-19,4.871956413601886e-20,5.956043002021251e-20,5.4398950428704926e-12,2.028357413707312e-19,2.1631548871240535e-19,1.0124030903746348e-16,3.4603717338333495e-16,2.0565773589024724e-19,2.9878047119753346e-16,2.0187162887881636e-19,2.8062401455395727e-16,2.5859686412003545e-16
-4.253607112387505e-13,1.211281613806245e-19,1.9844570264589286e-16,-1.4358783616633896e-15,-9.384998802288682e-20,2.33155723076356e-19,1.9837922608574568e-19,5.510920747268288e-16,1.2638957809975543e-19,1.4174821789161622e-19,1.183121597250002e-19,-1.435847404914616e-15,1.1204893390149954e-16,3.87585464469453e-16,8.172614377754284e-19,1.5549648870809927e-19,9.813005864533128e-21,-2.8658241397652704e-12,1.9623054382174841e-16,3.6513704767111886e-16,1.8694000977488146e-19,1.1889907947104206e-19,1.595226933429141e-19,7.434581725415214e-20,-1.4355061207821383e-15,1.60668635375215e-20,-1.4285484468114598e-19,6.513086068931583e-20,-2.1611316944539496e-19,7.448930430230809e-19,-1.4360346861325064e-15,1.7639128016208683e-19,-1.4358052621290898e-15,-3.775598563358048e-20,5.497838537007016e-16,4.196499975563607e-22,-2.700922592791312e-19,-1.4361428009334362e-15,2.3489519301481507e-19,1.1345229204816212e-19,-2.8661697572195306e-12,1.3396303346150901e-19,2.4064436175949016e-16,2.990233288631217e-19,4.5859872124777374e-20,6.51584859078336e-17,-1.5469217812891775e-19,2.405604294436476e-16,-1.4359021197893885e-15,2.428535577275513e-16,2.3900670896900644e-16,1.3752460439327568e-19,3.2460559951144337e-16,9.862062584672841e-20,1.9127230460536198e-16,1.4213218010934792e-19,3.5443177633140546e-19,-2.865958950285719e-12,3.9115064063109916e-19,5.593450403400576e-17,6.171425079841826e-20,1.5999368126909656e-12,8.327828939197153e-19,-7.595359108053315e-20,-6.661361752055969e-20,2.201191542599399e-19,7.110737412035439e-20,3.4080635000143255e-16,8.506327639700673e-17,2.292915231843718e-19,3.237304654962834e-19,-2.8661033352638723e-12,-1.4355303237279766e-15,2.796741367906579e-16,-3.193136889518955e-19,2.915750809280216e-16,-1.4358808975835692e-15,6.43520420105945e-20,4.985826471610469e-16,1.568257938633092e-19,9.304566417462437e-20,3.2427457519397026e-19,1.2109103490441927e-16,-2.8661689727580755e-12,1.6878473178812885e-16,3.754637984044959e-16,2.3989975533709146e-16,5.001720033390426e-19,2.3586448987031746e-19,4.2263533492072047e-16,4.1039057351020617e-19,7.629970151199207e-20,2.1390526362057337e-19,1.9609531493158503e-16,4.388537152370301e-16,-3.340781050971185e-20,3.3791147712823444e-16,2.1486312835588042e-16,-1.435768492426316e-15,8.73107048097885e-20,1.5761148433521935e-19,2.6009843371339134e-16,2.721264292891458e-19,2.605502348008775e-16,3.3873320347788104e-19,-5.459007640243129e-20,-2.8661349132137975e-12,7.004754119183683e-20,-1.4361849320562347e-15,-1.4357246818511788e-15,6.613003565944052e-20,5.81208408288284e-19,9.786055178781718e-20,5.359792518337988e-19,3.1023127872690667e-16,-1.4355675731668634e-15,1.271182221020674e-19,9.93998369761174e-17,3.0053368826187885e-19,-2.865972101963668e-12,1.25288628934038e-19,2.362750696142766e-16,4.987683392540978e-16,4.4152397628026213e-16,3.35141837559892e-16,3.090508686906998e-19,-1.4161497213143565e-19,1.380255097670755e-19,2.6850832995607317e-16
-9.022202674848624e-12,2.0186917361149154e-19,2.1588370742086585e-16,-5.7433491843108644e-15,2.706486420678427e-16,2.2496293466565175e-19,-1.8342668174437805e-19,2.1169727366654347e-19,1.4859106893635655e-19,3.041017927790654e-16,4.7118964189e-16,-5.7430604646643845e-15,1.5911377636469568e-19,8.239425668761795e-17,-4.788776192753372e-20,2.6393684173543866e-16,1.9204434307434048e-19,-5.743391182671077e-15,4.004250137707069e-16,4.0889872620808524e-21,3.573235631577038e-16,2.5548153999873056e-16,2.1217733492840832e-19,3.013695029493601e-16,-1.1464200045746037e-11,2.6849832950657444e-19,1.720205877077828e-19,1.9161504934441637e-19,1.4763421769907967e-16,1.4696132609574165e-19,-1.146393673072789e-11,2.7876046028988987e-19,-1.1464022096062498e-11,4.701070683955134e-20,6.438035617092488e-16,3.524387288297032e-19,3.346188758753997e-19,-5.7435432904885625e-15,3.853307155599897e-16,3.6506101176891043e-20,-5.74354806683238e-15,-2.2777660316612345e-20,3.2549175829950424e-19,2.0026001698528954e-19,1.6850970274077694e-19,1.2046327412221245e-19,2.5774266686504914e-19,4.544529024899409e-16,-5.743298330963931e-15,1.8610230670921673e-19,1.7319218146548612e-19,4.943314912420136e-16,2.8297659470450896e-19,2.805686840727702e-16,2.916636552057983e-16,-8.257943775005339e-20,1.861216165653841e-19,-1.1463855548842835e-11,1.2068812298231739e-19,7.027820027005828e-17,-5.114609988892863e-20,8.327828939197153e-19,1.6001398174376295e-12,2.255686850580237e-22,-4.834253894753693e-19,2.8204654119860046e-19,1.8612075073499618e-19,4.892465366984051e-20,5.869457949195735e-19,1.2117309627571025e-16,1.8596821462772864e-19,-1.1464042178340121e-11,-5.743926123724662e-15,1.4841097403107816e-19,2.481904891329415e-19,2.4366969807195184e-20,-5.7432484094273366e-15,1.0618008284536076e-18,2.2149615141383163e-19,3.895749983104691e-16,4.124573555822406e-16,-1.609129613212432e-19,2.7987736451312235e-19,-5.7437048193656846e-15,4.047049469631773e-16,2.4311468943781735e-16,3.5819488054956095e-16,1.908728308992606e-19,2.31615807616586e-16,6.295628297989288e-20,1.6966822915935519e-16,2.1428399327523304e-19,6.831831006269619e-16,6.254825905633109e-16,8.009193183604851e-20,3.439991244504679e-16,5.973820186000278e-16,3.2500434415404816e-16,-1.1464097763575002e-11,3.2205219662274052e-19,6.681236820647624e-19,2.9001662003531823e-16,-4.033569868302153e-21,4.922436886750974e-16,3.312165968199834e-16,3.081147377163506e-16,-1.1464066304424888e-11,3.2715812535813766e-19,-1.1464575619426469e-11,-5.743837976821193e-15,7.698200278607672e-16,3.2610393105922133e-16,1.7669783582286146e-16,2.4114788618091416e-19,4.207415351438018e-16,-5.743814451679678e-15,1.2782155014232128e-20,-8.037048045271067e-19,3.4864323987744246e-16,-5.743319288759382e-15,6.982976857859107e-19,9.96354172632178e-20,4.541881302976139e-16,3.0907362225014556e-16,2.1191122821550771e-19,2.530225539104118e-16,-5.0901684176654546e-20,2.587009292597952e-19,7.160665616186856e-16
7.31748451945466e-12,1.970908038592303e-19,3.4703270043470653e-16,2.442062163897044e-15,-4.1382150398901905e-20,4.895426033032186e-19,4.291273517289977e-16,-4.1352040316591965e-20,3.0737964485936527e-16,7.030788666290518e-20,3.164867816182087e-16,4.874376133208683e-12,1.9550741816964962e-16,4.948018968313967e-16,2.970983626696697e-16,2.128956630347639e-19,1.5426147593673347e-16,2.4421630778225866e-15,1.4999953091926589e-19,4.187125062385215e-16,2.941544550857153e-16,-7.144477661229657e-21,2.6984878624238956e-19,1.6874311954728191e-19,2.4420668038586694e-15,5.039304690430744e-19,3.119569482044839e-16,2.1161574947008468e-16,1.7991968904667363e-16,1.410711654976851e-19,2.441794243847696e-15,2.761988688397133e-16,4.874456273360198e-12,-5.833974753733362e-17,3.8967668564849746e-16,1.1831451884996755e-16,1.1412493732728064e-19,4.874338761531031e-12,2.423537865168727e-16,1.7184960275382864e-16,4.874616160019672e-12,3.3720570827954983e-16,-7.227295607395973e-19,3.2284624428534396e-19,1.003631936221033e-19,2.744635026959197e-16,3.0431297403010347e-16,3.6902612526933464e-19,2.442070667180606e-15,2.3221124718922644e-19,6.411085896680978e-20,2.5786771694554443e-16,1.3115508589075025e-16,2.8776860227252367e-16,3.3939615864225245e-16,2.7484649921113197e-19,3.276841751570002e-16,2.4418167120909836e-15,2.1825513917114972e-16,2.843197803383479e-19,4.989223597970214e-16,-7.595359108053315e-20,2.255686850580237e-22,1.6000032797485657e-12,2.6904685911982833e-19,5.493833591089075e-16,1.271489793965088e-16,3.7636718999286147e-19,1.5883318803612235e-16,3.623985887445003e-16,3.7328676404756823e-16,2.4420422327746736e-15,4.87446758586845e-12,-9.087844529423509e-20,1.9512418608594055e-19,2.6258548834482198e-16,2.441952975000139e-15,3.672957718362143e-16,1.3210907222783766e-19,1.8047072920663207e-19,-2.4458682557862092e-19,4.142316106423521e-16,-1.3283241945994498e-16,2.4419232118121853e-15,1.7244281869885293e-16,4.1670310999687535e-16,2.2429971553152144e-19,6.751533391514332e-19,4.1232207892584943e-19,4.3873420968973407e-16,5.558574946036526e-16,5.990193029002518e-16,2.6426450948768075e-16,1.0052773571217834e-19,6.749195562613515e-16,-5.5244303701931014e-17,2.0599754890930535e-16,-1.0783729039247242e-19,2.4419293516893633e-15,3.7792204522211e-16,6.325452819171558e-19,5.637240559871993e-16,1.6994850397613198e-19,1.9624107655244379e-16,1.80875307090748e-19,1.550151940167553e-19,2.441980470601614e-15,2.011231567435555e-16,2.441788769967339e-15,2.4418493974586516e-15,2.1418448700019486e-16,3.096523888727807e-16,3.4260750643268906e-16,-1.1527206313215204e-19,1.013514697734471e-19,4.874768830782558e-12,2.455199211783824e-16,3.2282260077267615e-16,2.4811430410042243e-16,4.874439630800395e-12,1.4053251261398407e-19,3.268844740686817e-16,3.461450757289758e-19,4.447755978946885e-16,-2.5182666630060183e-19,-5.479383434613366e-20,4.185609774330763e-19,1.786390612617616e-16,5.035943189515812e-17
7.1503725789651075e-12,-2.938359212457826e-19,2.773519193241621e-16,2.3566566597764097e-15,1.0815228458682945e-19,2.8523290547228626e-16,1.7597361076838925e-19,2.3958973386588757e-16,2.6063435171837984e-20,6.893763047735397e-19,1.096337698930385e-19,2.356629699258481e-15,1.8007063657142588e-19,4.148086341502638e-19,2.6669721693362e-20,3.1463416113173855e-16,1.1498945398588368e-16,2.3566486136845677e-15,2.0270147322161732e-16,3.389757948706661e-16,2.1358987909517309e-19,2.0091107249681875e-19,1.6333913250169866e-16,1.7465092887539715e-16,2.3566712652975168e-15,3.9986037258629866e-19,2.277402258467506e-16,1.1264223305944398e-19,1.4436714556899942e-16,3.369879576797871e-16,4.704034931750961e-12,1.0125173248353511e-19,2.356701634131019e-15,-4.2503889987730035e-19,2.8704868799666657e-16,1.9074922496588384e-19,5.218399216005063e-20,2.3564076924241518e-15,1.711016758061016e-16,1.2986693492040267e-16,2.3566214958932912e-15,7.176235544332831e-21,1.8450523603012147e-19,1.2655292374264666e-19,1.7836547989860374e-16,2.0944444676522613e-16,2.0693027336726184e-16,1.4321424352115191e-19,2.356737053743218e-15,1.7827279083317608e-16,7.6379963076944e-17,1.8777230466361376e-16,7.851901240971688e-17,2.672247281767018e-19,2.6347170311145655e-16,4.35114990971523e-16,-1.6916975027633717e-19,4.704184733594284e-12,3.1087346848866735e-22,1.0932150556137756e-19,1.4544785352050753e-19,-6.661361752055969e-20,-4.834253894753693e-19,2.6904685911982833e-19,1.5999256872975828e-12,1.333822684324195e-19,8.602799183207816e-20,3.5269276998752464e-19,-3.7249026001407775e-19,2.973433254290051e-16,3.1703442989293313e-19,2.356649251841772e-15,2.356633044427042e-15,2.4372302836627946e-16,3.4538531624111628e-16,6.201801778524091e-20,4.704291579929181e-12,8.990317893763868e-20,2.44870740226143e-19,1.6476936634236128e-19,2.3680507452855787e-19,1.8727947491581894e-19,-1.7040407063442973e-19,4.704018827410432e-12,-8.296047303084082e-20,7.175936049486848e-20,2.061579594656564e-16,6.279709218331311e-21,1.1617360263264856e-19,1.4932480764898378e-19,4.38959269537763e-16,2.298154524323773e-20,1.6954051982742802e-16,1.877241154785517e-19,-3.460169620541865e-20,-7.182162061258417e-21,1.1510176189325803e-16,7.760167869016545e-20,4.704096762640446e-12,2.7776591115833434e-16,6.795186914091529e-19,9.952270941823158e-20,2.1148694048009144e-19,-1.9309731209047771e-19,2.3858418504392615e-16,2.9001947160865766e-16,2.3568140123288758e-15,1.456548609834379e-16,4.703872792458485e-12,2.35659747268511e-15,7.134074432207114e-20,4.083925745050821e-19,2.6843981482133426e-16,-1.791740996595551e-20,4.492099411509989e-20,2.3567198169745786e-15,1.7954165194684973e-16,2.6871191849574425e-16,1.7195689861715072e-16,2.356482231115837e-15,6.461087807590607e-17,2.4123338159713707e-16,1.3472532545571067e-19,1.8250842804009348e-19,7.363549416084497e-20,1.9458392768162394e-20,1.0399440403942423e-19,8.580876860150669e-19,-4.616010846033018e-19
6.041383110069574e-12,1.7382683999219618e-19,3.930246758525164e-16,1.7987733617170974e-15,7.100992570951406e-16,4.064288113626973e-20,2.6920971787845404e-16,2.1711621914556546e-19,4.9745254896622974e-20,9.16556419529819e-17,4.167612597525845e-19,1.799222852144063e-15,1.083477887920374e-18,3.344393804192436e-17,1.0492811112806612e-16,1.4681213153352488e-19,1.4138747708285252e-16,3.5909406999198217e-12,5.065443384156861e-19,-5.1035415782202445e-21,3.927021026918567e-16,3.454785205202096e-16,-1.7076143354764455e-19,2.3700657506668696e-19,3.5904580182759943e-12,3.644471522847311e-19,1.9244432069043978e-19,6.22190628610469e-19,2.5972807395893823e-16,6.041862340737095e-20,3.5911988667372937e-12,3.4589560017925625e-19,1.7987212517916983e-15,4.547364601776325e-19,4.247898754030616e-16,1.108695906167612e-19,-1.6287041199384844e-19,1.7988989829312544e-15,6.929210314981516e-19,2.191909409950757e-19,3.5911066127044837e-12,1.2582769307568143e-20,4.613870697103881e-16,-4.1691473235576863e-20,1.6377110515507144e-19,3.259889470006244e-19,-2.537893437236329e-19,4.482868433880921e-16,1.798843504001758e-15,3.483285335505093e-16,5.466217382698799e-19,7.211508561189634e-16,9.948867492177039e-20,-4.1673491237887104e-20,3.421398662128197e-19,6.78678166341292e-16,-2.447727538118173e-19,1.799073468362896e-15,4.0688316904914605e-16,5.329278516825169e-16,9.285941614093628e-20,2.201191542599399e-19,2.8204654119860046e-19,5.493833591089075e-16,1.333822684324195e-19,1.5997229819253246e-12,4.203428319880159e-16,1.5517440141861924e-19,-7.509223204997088e-20,1.159024783998499e-19,6.457855038077842e-20,1.7990551421110716e-15,1.797820461061089e-15,6.427086325108512e-20,-1.12365703586991e-19,1.1421375625411237e-20,3.591377907786866e-12,-9.624809901260728e-20,4.111782051306128e-17,4.073242000331416e-16,3.7544277978372263e-16,1.6664600998445755e-16,-2.5992005286442033e-19,3.590605738730893e-12,5.164641130739925e-16,-1.1511650096106199e-19,4.3224464804996094e-16,-3.543415077385635e-18,1.2082844526337293e-19,2.867442811433548e-17,-1.554544208633235e-16,2.4565566466764306e-16,7.30667212712764e-19,5.291953142023861e-19,2.618028963167798e-16,1.2595251115191274e-20,3.2269530298776797e-19,3.793260788855293e-16,1.798495990665209e-15,3.6666312060747763e-16,1.815953290062454e-19,6.578090429553036e-16,2.0447251100810124e-16,2.912692850141033e-19,-2.531212883139796e-19,4.703947721642333e-19,1.799133982518813e-15,4.770422489533115e-16,3.5903299016670986e-12,1.7989771829922788e-15,8.696607175608327e-16,9.955611885201227e-20,5.868346716056809e-16,7.014557518015987e-16,5.3460870857167e-20,1.7987245329689953e-15,4.803427912180853e-16,4.154885955929267e-16,-1.668850634261379e-19,3.590430428248093e-12,1.8735590829481187e-16,-7.753223599177777e-20,7.939133231391754e-17,6.911764353059605e-20,2.4787698584239606e-16,1.717884362755648e-16,1.043460644275839e-19,4.204894165117024e-16,6.54484991851223e-16
7.38188200543141e-13,3.0708441534096894e-19,2.1360694613932466e-16,-8.505668629617132e-16,1.516403308332936e-16,3.634394576957886e-16,2.9547340110419077e-16,5.51600218938664e-16,3.5288923893676577e-16,3.5224627407570703e-19,3.1129895611986925e-16,-1.6980136017891161e-12,1.810585704820836e-16,1.315612187940596e-19,4.1036400691018474e-19,2.024753234555895e-19,2.2553279466497076e-19,-8.503646261973422e-16,-1.6831236435573184e-19,3.399966539477043e-16,2.6854620208729e-16,-2.0319687773975636e-22,3.326750129580648e-16,1.2524563363132326e-16,-8.505341162717035e-16,2.3650247030267715e-16,1.1101384441790348e-19,1.9070198179525216e-16,1.648290846062947e-20,3.822681742245657e-16,-1.6981243230245983e-12,2.7481825642302354e-16,-1.6979085612847985e-12,7.760432486888258e-18,5.539711078330494e-16,9.521912899242264e-17,1.4552353132635557e-19,-1.6982365960231904e-12,3.3694470904256736e-16,5.483996729304201e-17,-8.5058000347185e-16,4.0042408872131994e-16,2.4186572600392806e-16,5.190865597661077e-16,2.5287088705906136e-16,2.6649977005316643e-19,5.114182307909523e-16,2.566330235126434e-16,-1.6979631608344775e-12,5.64868111454403e-20,2.2567866237528035e-20,1.8012342608167055e-19,3.417735232684335e-16,2.828291144785894e-19,3.9870962038643324e-19,2.1310621120367186e-19,3.3577516170186247e-16,-8.507102981167775e-16,1.2606497343873967e-19,-2.217962191687834e-20,2.372150038208441e-16,7.110737412035439e-20,1.8612075073499618e-19,1.271489793965088e-16,8.602799183207816e-20,4.203428319880159e-16,1.5999644012376826e-12,2.3801824049552566e-19,1.2620108806232363e-16,2.0074221318901299e-16,2.2661691187526195e-19,-8.506917860251594e-16,-8.506330704568654e-16,2.8729073365983e-16,1.74968589038368e-19,3.1415007003553264e-16,-8.507922942829879e-16,2.723030049375036e-16,4.745025561264736e-16,2.1755632436356595e-16,1.4886706329567918e-19,8.481787377103313e-20,1.3436052081259064e-16,-1.6981154949129033e-12,4.118917834099643e-19,1.2977581469673111e-19,2.285230770272359e-16,4.596088825449979e-16,1.3328098035834145e-19,2.268727569483389e-19,2.324582434192822e-21,2.0694772558738783e-19,4.2710170955885642e-16,-1.377617296609971e-19,4.3804866335523096e-16,4.0675791872069753e-17,3.8169701158195875e-16,-1.6925007806770117e-19,-8.508899972853651e-16,3.5928502091637453e-16,3.627906072935391e-16,3.2487496477584324e-16,4.552448146135887e-16,3.0360557317992547e-19,4.3961947332543287e-16,3.2860779889212956e-19,-8.504473997885626e-16,1.1836685607776172e-16,-8.508186019839912e-16,-1.6981199435219558e-12,1.9300885229567866e-21,3.6648909123092956e-16,1.3441703524690635e-16,8.337169989546261e-20,1.9151093213336709e-19,-1.6980077010319141e-12,1.827879893175515e-16,2.0549448023976887e-19,2.1506692372810996e-19,-8.506457620367814e-16,3.035339784693521e-16,6.34045657078985e-20,2.610574189772094e-19,3.502227853776722e-19,3.434164153063004e-16,3.856741407518359e-16,1.129133279631293e-19,2.694427040470644e-16,2.6932519317778254e-16
7.893684663488224e-12,9.249023660257266e-20,4.02956779301122e-16,2.7330274309931114e-15,5.227599980830068e-16,3.930246651579567e-16,3.7272859931935814e-19,1.1032400894215562e-19,1.5934245757975432e-19,7.445430110015893e-20,5.296992574510953e-16,5.4551902843371934e-12,1.3158946038100326e-19,8.16455554065604e-21,3.726699875926064e-16,5.030831911252904e-19,8.148615230992909e-20,2.7331130728923575e-15,4.7246689353118e-16,5.117285524633367e-19,4.335816810231723e-16,4.678139899181048e-16,1.1255002453477399e-19,4.2952663254959733e-16,5.455158946009908e-12,4.565491992928985e-16,2.268634490301293e-19,1.7994832157849512e-19,2.2527717305862406e-16,7.664536919738963e-19,2.7327350763862282e-15,6.545944578326862e-19,2.7333783103440054e-15,3.903578966340876e-16,5.901658429115787e-16,2.7718410486470875e-19,2.5406522395406543e-16,2.732905476171114e-15,3.9892576962124995e-19,3.9686542560448514e-16,5.455261671608794e-12,3.015295221252481e-16,3.8129928594518635e-16,4.0154608176953645e-16,1.8758867595106573e-19,4.2002878403134114e-16,2.2557492616637493e-19,3.912076215724526e-16,5.455210278433664e-12,3.707453240055659e-16,3.5874599790754945e-16,5.321628857181191e-19,-8.236312165215581e-20,4.97386933835325e-19,4.496694473792995e-16,4.0248412358867784e-19,4.707272838547597e-19,5.4553454566337005e-12,5.905239535530649e-19,3.7019027266664036e-19,4.240317895718607e-16,3.4080635000143255e-16,4.892465366984051e-20,3.7636718999286147e-19,3.5269276998752464e-19,1.5517440141861924e-19,2.3801824049552566e-19,1.6000952285434657e-12,-3.207070925777044e-19,3.4746290425360106e-16,4.1727346016195038e-16,5.455275117754387e-12,5.454812946703674e-12,4.044950044925593e-16,5.459361350150198e-19,3.4116697169089913e-19,2.7330224315618227e-15,5.385262554888756e-19,5.98007122103547e-20,3.4057791098992103e-16,9.074472705672785e-20,3.7114858795999183e-16,2.67411046993121e-19,2.7327243679773933e-15,1.4668758562708512e-19,3.831393364518983e-16,4.388282774355344e-16,2.738156688374177e-16,4.1110698466306864e-20,3.4681703584101464e-16,3.567701763929343e-16,5.089953523326043e-16,3.1088868862453446e-19,4.979864649365328e-16,3.1558734110878593e-19,2.1591046998425752e-16,4.760717947238717e-16,2.420415844961797e-19,5.455153117964101e-12,4.444412266951799e-16,4.3184616077560535e-19,6.14649139728269e-16,1.8997327407662737e-19,2.4661932858674245e-19,1.8027547410670947e-19,4.419380981546261e-16,2.7329671737693743e-15,3.459923084948591e-16,2.732685577436219e-15,2.732637640654375e-15,1.8978439377336966e-19,3.5718718760922564e-16,4.23032529603279e-20,3.786289924489536e-16,3.2690281369708763e-16,5.455154231559378e-12,4.0604975855127446e-16,3.447876553532136e-16,3.5381099999531633e-16,5.454943350814802e-12,1.1452314887145706e-19,4.2762234715794957e-16,3.612171766267022e-16,4.225194374244924e-16,1.636735796116867e-19,9.34251972921536e-20,1.179655146349418e-19,1.9112399328585056e-19,2.5589232011521585e-19
1.8455085249766423e-11,1.5004975135289633e-19,2.7403902480040304e-16,1.6014221435194605e-11,2.274179945753326e-19,3.431532216272793e-16,-5.112032989289624e-20,4.101333354868688e-16,1.1796557684678092e-19,3.8911986744312064e-16,2.2443241716912555e-19,8.022631906935094e-15,1.2699513160342625e-19,1.0616597708917476e-18,3.6830036048123764e-19,3.529737295083382e-16,1.434336333988707e-19,8.022758055125675e-15,2.258960282137944e-16,1.7002121261369593e-19,2.7032782997182553e-16,3.73667819311002e-16,2.6099887821676627e-16,1.4328033517115163e-16,8.022438614950075e-15,2.0146822427633569e-19,4.50325528243963e-20,1.641053150803998e-16,1.1044512475560229e-19,3.880973383512151e-16,8.022915312799742e-15,2.475451990999572e-16,8.022875512756868e-15,-6.332999042957481e-17,4.370787950335244e-16,6.719806298802455e-19,1.8988230951535035e-16,8.022507460475678e-15,2.5177762078504772e-20,9.730753340292188e-17,1.6014202277115548e-11,4.344278357756915e-19,1.1221686575993515e-16,2.275542284568059e-19,2.3060509764571357e-19,2.0216101681774561e-19,3.9696510175758985e-16,1.555790200697252e-19,8.022820434942356e-15,-8.842287185948774e-21,1.6787748289746556e-16,2.1693935102977947e-16,1.8763464643048134e-19,2.4677253948668895e-16,2.635129454105317e-16,4.221669061649922e-16,1.9135351881513773e-20,1.6014254477023454e-11,9.38874293590811e-20,2.4238749793934867e-16,6.02787267247572e-19,8.506327639700673e-17,5.869457949195735e-19,1.5883318803612235e-16,-3.7249026001407775e-19,-7.509223204997088e-20,1.2620108806232363e-16,-3.207070925777044e-19,1.5998692337946357e-12,2.6419133390817673e-16,1.4942291402510657e-19,1.601419543836819e-11,1.601414080507865e-11,2.8494150789825606e-16,1.9850858106559414e-19,2.547923184311199e-16,1.6014255214630733e-11,2.9339350839503323e-16,5.883158734500362e-19,1.4780465412882033e-16,2.5696726711662485e-16,3.8384876173349516e-16,-5.478607939284223e-20,8.022304099978598e-15,2.349525706438336e-19,3.8663883003921366e-16,5.56057059039651e-20,2.7234160423798177e-16,-5.435425853557916e-19,3.4457555305949005e-19,5.411039584102229e-16,3.0778398709055516e-19,1.5219420058422261e-19,2.500236280760095e-19,2.661766162565825e-19,-5.751969279224597e-19,4.852716336836502e-21,7.830833334202874e-20,1.60140702857048e-11,3.2949056539863217e-16,3.0016653020571304e-19,2.1075593752386257e-19,-1.1797018724558767e-19,2.128297291994468e-16,1.6442476713689192e-19,2.197792497568388e-19,1.601412741275417e-11,-1.5422130155190656e-19,8.022447480978331e-15,8.022841390950197e-15,2.1258517426018485e-16,3.14120489036742e-16,1.5556340743093692e-19,9.3854994494492e-20,2.271371938496502e-16,8.022732815598914e-15,1.938071036738367e-16,1.0760965705041277e-19,2.5374456498211196e-16,8.022232829109031e-15,7.754246747939248e-20,2.612922646870786e-16,3.62902153877928e-16,4.327977547744661e-16,-3.539048837769885e-20,1.856105110952746e-19,5.1996076401766635e-20,-2.521304633354399e-19,-1.2275939046748061e-20
9.881186678042761e-12,1.2526151643581841e-19,3.6698059528857103e-16,3.7268873223165916e-15,5.127692033784006e-16,3.2230396340562697e-16,1.1343861669697775e-19,2.402552195451168e-16,2.403739440943581e-16,1.4063233116073312e-19,2.0054550816760145e-19,7.439683815487727e-12,1.6631896797747523e-19,3.410448418305152e-16,-3.491898076892672e-19,3.4738838741739956e-16,1.3975872358564365e-16,3.727276927741844e-15,5.672707673502835e-19,-1.1148655098306786e-19,-3.3505102473895695e-19,4.0408777967216674e-16,2.0142545339537e-20,1.636930376892377e-19,7.439823617167743e-12,7.733804872416226e-20,8.785822703905095e-20,3.967639239413723e-19,1.884562316190877e-19,3.16630771955518e-16,3.7271677282418316e-15,3.4241523310093685e-16,3.7268512800163554e-15,2.102978469054592e-16,1.1217939626512147e-18,3.4812375867286786e-19,2.253072314252308e-19,3.7270403011284614e-15,3.6858938516366767e-19,3.4187234686674737e-16,3.7273892685396435e-15,1.718950206884491e-16,1.317937879089135e-16,1.6786374848392863e-16,5.082562294643409e-19,4.073223442537906e-16,-4.4710965958269223e-20,2.0770738152778995e-16,7.440004716028342e-12,2.7207474662897226e-16,1.1045211368246326e-19,3.3785484967668125e-19,1.8085010955861494e-16,2.7452432239793584e-19,5.081023180371454e-19,8.083321159429553e-20,2.6572979125045992e-16,7.439862726849921e-12,2.4679099374572184e-16,1.6402274684355337e-19,4.831296412508125e-16,2.292915231843718e-19,1.2117309627571025e-16,3.623985887445003e-16,2.973433254290051e-16,1.159024783998499e-19,2.0074221318901299e-16,3.4746290425360106e-16,2.6419133390817673e-16,1.6001338316835854e-12,4.523306667038206e-19,7.439915051925982e-12,3.7272196709014715e-15,3.2933609931044407e-16,2.6165050955974647e-19,2.9733476232133614e-16,7.440060755849676e-12,4.715508400918853e-16,-3.0105413133106393e-20,2.1168644408483442e-16,2.81064179178786e-16,7.732653656348567e-19,-2.199496520518043e-19,3.727202793248392e-15,2.692338287001085e-16,2.44865354631414e-19,3.0911147591880537e-16,3.413359514559161e-20,3.7788677436560575e-16,2.914998668407851e-16,3.100354552239033e-16,4.884049762205601e-16,3.1760222257175673e-16,2.7023394303323865e-16,5.460308133149566e-16,7.428409687937572e-17,1.78895911087902e-20,1.4150886526711557e-19,3.72711184216319e-15,3.59452228574136e-16,2.722473281391535e-16,5.9774651762361375e-16,8.552747060111678e-19,2.6788907354541353e-16,1.9413999075851068e-16,3.844715341555539e-16,3.727036278869259e-15,2.8954740234929504e-16,3.726941152894457e-15,3.727066602597587e-15,1.7720440311696657e-19,2.54933857239088e-16,4.4275916895900236e-16,2.3767630044665122e-19,6.713501940141019e-19,7.439941843595898e-12,5.016005049589659e-19,3.658662937090624e-16,1.4608578615987944e-19,3.72719044072282e-15,9.882246809459674e-17,1.7796949518223222e-19,1.018665118927856e-19,3.5298708447305154e-16,2.32765148853759e-19,3.088759977642235e-16,1.2461041232256617e-19,2.334926964444917e-16,1.7219605446697533e-16
1.7110992548960837e-11,9.977054370018486e-19,4.0758597098459423e-16,7.346640804232911e-15,5.44772356079456e-16,3.575154409213491e-16,2.0033077205828588e-19,3.1118740335772536e-16,2.642571322833574e-16,3.061548829113352e-16,2.833201822868128e-19,1.466479860929841e-11,-2.8230589824980394e-20,3.765644160201619e-16,1.6295819070725122e-19,3.880065332999469e-16,1.563351402317991e-16,7.34651953024249e-15,4.2021775643882694e-16,3.414146452676445e-16,3.045581612678834e-19,4.672882079515519e-16,3.078726546144742e-16,1.221653676964646e-19,1.4664855396625774e-11,4.4211704868612836e-16,3.6597760960826555e-16,3.2592443137802667e-16,2.163277124289234e-16,3.252920066682482e-16,7.346953481507068e-15,-2.4101999652694363e-19,7.346563295937094e-15,2.9667884680028144e-16,4.3264839057770886e-16,3.8581672595613415e-16,1.2682669949653342e-16,1.4664728361721258e-11,2.237134910589171e-19,3.8606185667287467e-16,7.346691494919246e-15,8.129464481882242e-20,6.468498432794638e-20,4.612546421354034e-19,3.455293267512368e-19,3.2111246956063176e-19,3.2091087015801307e-19,3.12312175338585e-16,1.466500396800742e-11,3.190618951245201e-16,1.7146401137579864e-19,4.822565226775145e-16,3.7364657443455922e-19,4.255230747058603e-19,4.3933339520979086e-16,5.565467894240295e-19,1.86974672364943e-19,7.346460763077468e-15,4.1122948430148146e-20,3.09490516555345e-19,6.984792143736029e-20,3.237304654962834e-19,1.8596821462772864e-19,3.7328676404756823e-16,3.1703442989293313e-19,6.457855038077842e-20,2.2661691187526195e-19,4.1727346016195038e-16,1.4942291402510657e-19,4.523306667038206e-19,1.600132761365669e-12,7.346964082199195e-15,1.4664552189028844e-11,3.9057840096020423e-16,5.371520161237166e-16,2.2167343843228814e-19,7.346797940099208e-15,2.605247455690389e-19,2.3023086588420494e-16,2.6786625401340035e-16,2.0890784974559265e-19,-2.9232016143088637e-19,3.6051719939995873e-19,7.346482707668066e-15,2.6298062176246486e-19,4.650523893979859e-19,3.965654276047727e-16,1.1465330886232196e-16,2.620017357660587e-19,1.8745440178318693e-19,3.001727159830032e-19,1.1107807678321397e-19,4.2427098622514695e-16,3.527399562306677e-16,5.725565223438741e-16,6.394339201730495e-19,1.5939956994337437e-19,3.302764024303758e-16,7.346656778566942e-15,1.8317970120522268e-19,-1.3997229163931276e-19,3.0616623208431563e-19,2.524239469559353e-19,3.4140545088056253e-16,2.5894316622174107e-16,3.399787364450006e-19,7.346320388071139e-15,3.410232177044427e-16,1.4664394740301895e-11,7.34652504799587e-15,2.714052383299508e-19,2.950123801425058e-16,4.672637367846666e-16,2.704349334056137e-16,2.185518545080001e-16,1.4664929520609938e-11,2.5485613424888108e-19,4.945513655184711e-19,2.969377293390385e-16,1.4664603189931243e-11,1.7782334191249082e-16,4.227639391702968e-16,-6.390967148223572e-20,3.9436202115284224e-19,1.9342685429552148e-19,1.3202687016335825e-19,4.210658074579422e-16,3.0538912042508157e-16,2.0114071214229923e-19
1.0000000000132692,-1.399785002823993e-15,2.3503902009736604e-11,1.0000000000128466,-9.817903256068696e-15,2.277205479696888e-12,-7.185337351352387e-13,-1.8554158898114385e-14,-7.770060172728528e-15,1.486569716224367e-14,2.6335815472617508e-11,1.0000000000077756,-6.909592219043386e-15,-2.3161792739803383e-15,-1.7547797332701983e-11,-1.4207982483998e-12,1.8700356964123637e-12,1.0000000000211784,-4.035666142690864e-12,-1.461480004405394e-12,-6.163462798772896e-15,1.4250673225201919e-15,-6.922337246338941e-15,-7.424563649226328e-15,1.0000000000084461,-7.476370123476608e-15,-5.864406201386872e-12,9.198505471796142e-15,1.821209214444759e-15,9.455134322042415e-15,1.0000000000082885,-6.928469231883345e-13,1.0000000000031892,-6.266116875924459e-16,-1.0591724402338253e-10,-4.7032842554436634e-11,-2.818394819412385e-15,1.0000000000105984,8.816532108771038e-15,4.815411442307242e-15,1.0000000000256295,1.0633060488279995e-14,-8.989315884555328e-15,3.8693607675119494e-16,4.532528933690944e-16,-1.8857367570493336e-11,1.0072326863324806e-11,-1.8252768077860753e-11,0.9999999999922456,5.900672567220633e-16,6.565711542203861e-16,6.447523009811832e-12,-1.5182374496776402e-14,6.294413573461157e-15,7.692994668298006e-15,1.8371142769043723e-11,-4.7647831280174446e-15,1.0000000000073828,-1.307477640427371e-14,-5.3021812215666804e-15,5.440461618009188e-12,-2.8661033352638723e-12,-1.1464042178340121e-11,2.4420422327746736e-15,2.356649251841772e-15,1.7990551421110716e-15,-8.506917860251594e-16,5.455275117754387e-12,1.601419543836819e-11,7.439915051925982e-12,7.346964082199195e-15,1.0000000000314604,1.0000000000108542,9.843232323005676e-12,9.915156962056435e-11,1.5733501437210877e-11,1.0000000000252722,2.1542405000883352e-14,-2.863207418234225e-15,-6.872381401273601e-15,-2.6158475569976096e-11,1.6063112754418277e-14,-8.816945429418678e-16,1.0000000000056641,6.77037533495274e-16,1.61028198141404e-11,5.3990598050696604e-12,1.362767884895811e-14,9.878375693050605e-12,-2.4069721846851204e-12,-6.976181702413224e-15,1.1467738935801573e-11,-4.082524273095085e-11,-2.574392652110648e-14,-1.2294133079700355e-14,-1.7542539056009711e-15,-3.068940685495689e-14,4.948014642316639e-13,1.000000000012209,-2.1077803967342585e-11,-5.180465816950138e-15,5.5818617198559126e-11,6.986466628849927e-12,-5.8816731204763554e-15,-1.0342417944696026e-11,2.0629153700979267e-14,0.9999999999976934,-2.7830859434136504e-15,0.9999999999842701,1.000000000009065,1.0402488665094022e-11,5.797856641135531e-12,1.6569315814570488e-15,1.3560482243434367e-12,-3.675989880665011e-12,1.0000000000138642,1.7949190983213534e-15,9.917958818614344e-15,-9.746788802731325e-16,1.0000000000189118,-2.886451390793135e-13,4.7591326565711245e-12,-1.6985784300445962e-14,1.66978820980585e-11,-3.164042963769606e-16,8.966967530661874e-15,5.1794746616370525e-15,-8.810450655063744e-12,-4.580476934399855e-11
0.9999999999942648,-1.3999641530692661e-15,2.3503527950330975e-11,0.9999999999938375,-9.818590829287617e-15,2.2767761091847608e-12,-7.189895600434217e-13,-1.8554911462562545e-14,-7.770323033276589e-15,2.9672846297914656e-11,1.3192985394044997e-14,0.9999999999887663,-1.3792399162538016e-11,-4.624129181832161e-12,-1.7548172469246202e-11,-1.4212673053437763e-12,1.869886767497169e-12,1.000000000002169,-2.021738721739929e-15,-7.325433240368872e-16,-6.163702883005342e-15,2.8436441101338908e-12,-6.922721447480018e-15,-7.424979301476327e-15,0.9999999999894366,-7.476041799432627e-15,-2.9380951253181352e-15,9.198629418260174e-15,1.821106782206927e-15,9.45519735046719e-15,0.9999999999892806,-3.4739472925013076e-16,0.9999999999841799,-6.264291580453196e-16,-5.30617449281909e-14,-2.3562366715977784e-14,-5.625636299635042e-12,0.9999999999915898,1.7598407953778483e-11,9.611870260705246e-12,1.0000000000066207,2.1224813067015774e-11,-1.7943516800897044e-11,7.727479433100158e-13,4.531029362871633e-16,-9.446897319996666e-15,5.04572913567867e-15,-1.825286978226041e-11,0.9999999999732363,1.1772594272547318e-12,1.3106984275503775e-12,3.2299972489734444e-15,-3.030577013055347e-11,1.256440066000966e-11,7.692395929200798e-15,9.203236325360312e-15,-9.511256195931546e-12,0.9999999999883756,-2.609896451611412e-11,-1.058410565752965e-11,5.439894670766953e-12,-1.4355303237279766e-15,-5.743926123724662e-15,4.87446758586845e-12,2.356633044427042e-15,1.797820461061089e-15,-8.506330704568654e-16,5.454812946703674e-12,1.601414080507865e-11,3.7272196709014715e-15,1.4664552189028844e-11,1.0000000000108542,0.9999999999934474,9.842860704031536e-12,4.967245776157242e-14,7.88178709319286e-15,1.000000000006264,4.299994913397992e-11,-5.7152484393277685e-12,-6.872586942749583e-15,-1.3104966515324617e-14,1.6062570446574914e-14,-8.812110369015025e-16,0.9999999999866558,1.3516792126474879e-12,8.066510744000368e-15,2.7045404345936987e-15,1.362747499451312e-14,9.878198511442389e-12,-2.4076278204292017e-12,-1.3924725686982529e-11,5.744598212838961e-15,-4.082540431297169e-11,-5.1387967440009446e-11,-2.4541617591128782e-11,-1.7542719191978772e-15,-6.125885432480463e-11,2.475951223562602e-16,0.9999999999931991,-2.1078203954550025e-11,-5.180857243853907e-15,2.79638072945866e-14,6.985705411205274e-12,-5.882068818832059e-15,-5.1814805966977184e-15,4.1177790085960154e-11,0.9999999999786842,-5.555067106643358e-12,0.9999999999652615,0.9999999999900566,1.0402612482435468e-11,5.797494249326077e-12,1.6569120795190293e-15,1.356342467058643e-12,-1.8416865450952885e-15,0.9999999999948548,1.7950795933204607e-15,1.9797276304825035e-11,-1.9456516982029853e-12,0.9999999999999023,-1.4463878291247302e-16,2.383900454058814e-15,-3.390516083078335e-11,1.6697309855507453e-11,-3.168475117642104e-16,1.789839733682895e-11,1.033812824511358e-11,-8.81055209903653e-12,-4.5804683444808686e-11
1.2279689761118608e-11,1.8075124498312246e-19,3.643104391871866e-16,4.931071720906387e-15,4.816201837755906e-16,1.5567861702019742e-19,2.065787782673749e-19,3.84205760896693e-16,2.722748166738537e-16,3.3100979574822827e-16,5.874293369216711e-19,4.931200995639537e-15,2.295260094483173e-19,1.6485749934853932e-19,3.2420695687538467e-16,5.483630305693563e-19,1.9838921436269724e-16,4.931580851747991e-15,4.066457267285014e-16,8.655640362493702e-20,3.234649682426886e-19,4.279342744075625e-16,3.3287091910612973e-16,4.958815967587653e-19,4.9309758424572294e-15,2.902060795295662e-19,3.7685646405891465e-16,3.855223280458576e-19,1.0738315925725255e-19,3.1814642669841255e-16,9.843179388552497e-12,4.2460294702093936e-16,4.93103895290718e-15,3.8733458283666285e-20,-4.2833840161451104e-20,2.9349585161317996e-19,-3.912849389466946e-21,4.931149296104433e-15,3.089901196300737e-16,3.487686721131821e-16,9.84320317977453e-12,2.4948680149033917e-16,3.035818130930346e-16,3.3680791746961557e-16,-9.86637176737008e-22,3.784590002894968e-16,3.4009014625603286e-16,3.2717489988629847e-16,4.931411906828316e-15,3.289527363860178e-16,2.9356479660964194e-16,2.735633521420554e-19,3.672002963299529e-19,2.0267778714844188e-19,4.093712297811035e-16,5.612826756775795e-16,3.174763270319262e-16,4.931693841275686e-15,4.08200482233585e-19,1.8348446333589038e-19,3.957229062994946e-16,2.796741367906579e-16,1.4841097403107816e-19,-9.087844529423509e-20,2.4372302836627946e-16,6.427086325108512e-20,2.8729073365983e-16,4.044950044925593e-16,2.8494150789825606e-16,3.2933609931044407e-16,3.9057840096020423e-16,9.843232323005676e-12,9.842860704031536e-12,1.6001119596448896e-12,4.701015077027288e-16,3.869287605628873e-16,4.931300747561461e-15,2.814939450207173e-19,2.9697282348560243e-16,2.910052106277968e-16,2.27054680987606e-19,2.3596601698212973e-19,2.1449111296312481e-16,9.842903260651885e-12,3.5158033621098597e-16,3.4490371175439797e-16,3.7730594431399103e-16,-1.3347299682511204e-19,3.6102496785849374e-16,3.245598548949638e-16,1.827511271941844e-19,4.796218951775074e-16,3.4264508914349865e-19,1.853626143033483e-19,4.947034899490595e-16,2.3676698279719713e-19,4.090377205953331e-16,3.2594356632884633e-16,4.9311366445068165e-15,4.0727986648966803e-16,5.831920856457866e-20,5.213481861567554e-16,5.18796309700968e-19,5.637362710696056e-20,2.928745479812448e-16,2.301001411660606e-19,9.843109855273391e-12,2.4528567856867607e-19,9.842703061371659e-12,4.930985209746738e-15,1.4744410225447292e-19,3.1655276046578917e-16,-5.610456430956995e-19,2.0635953036306403e-19,2.7533859610865117e-16,9.8431323180622e-12,1.9860927035165083e-19,2.0378648893664507e-19,1.4896772969949228e-19,4.931051209336179e-15,2.3204704568255375e-16,3.9358074779336025e-16,1.2834070527958089e-19,6.251579962257493e-19,4.620862302979602e-19,4.862234785500233e-21,3.608137311122928e-16,7.580205573230282e-20,3.823361335395111e-16
1.0158764909753388e-10,1.7269727506433907e-19,5.162885983073827e-16,4.967224239188732e-14,2.711373462699893e-19,5.238297418532913e-16,5.763277497163846e-16,-5.17724864698415e-20,9.079522295890575e-20,5.045934739165e-16,3.8241043671552453e-19,9.915130720629957e-11,4.1339655546977446e-16,6.342419350230846e-16,2.9197637230811115e-19,5.930272819455477e-16,2.8111767792060253e-19,9.915207234142829e-11,9.664365198553478e-21,1.3874047795302316e-20,8.020817774059636e-19,2.1568499447674715e-19,3.872554825951985e-16,3.253812388888426e-19,9.915173905590989e-11,6.994300715607415e-19,4.786326630199419e-16,3.564963323745622e-16,1.4807039033801905e-19,5.689205131521359e-16,4.967257845678846e-14,3.404173777134264e-19,9.915135150117057e-11,7.663515375945303e-17,5.623379532733525e-19,2.923508194129305e-16,1.8423181090936173e-16,9.915122720221194e-11,3.777587713790715e-16,3.384927152951792e-16,9.915163553790403e-11,-7.053645301692684e-21,8.889398456629508e-20,5.076594696918405e-16,2.1521793417892277e-19,4.567550199497173e-16,-1.6483197308709011e-19,1.688407219101291e-19,9.91517947836886e-11,1.0992629126463374e-19,3.2916605914681676e-20,9.693561987250018e-20,-2.719124238020076e-19,4.2444297341063703e-16,3.671890826055955e-19,8.22574665016659e-16,1.741136531495226e-19,4.967258981729671e-14,3.952250314441578e-16,6.103159636621563e-16,3.6583983834781245e-19,-3.193136889518955e-19,2.481904891329415e-19,1.9512418608594055e-19,3.4538531624111628e-16,-1.12365703586991e-19,1.74968589038368e-19,5.459361350150198e-19,1.9850858106559414e-19,2.6165050955974647e-19,5.371520161237166e-16,9.915156962056435e-11,4.967245776157242e-14,4.701015077027288e-16,1.600135455766453e-12,2.784940161538626e-19,9.915177844729436e-11,3.130310168176484e-19,3.7642833298376623e-16,2.0268351560586773e-19,4.383729370033371e-19,4.0440053942587987e-19,-6.325418520071094e-17,9.915119199664288e-11,3.2115394100808824e-16,5.864534083551541e-16,4.469658969006217e-16,-5.033616798677293e-19,1.9134179851172566e-19,5.76499629895874e-16,6.779445599678147e-16,8.089198129061339e-16,2.4413219190463707e-19,3.352820088701589e-16,8.020692899921505e-19,-1.1366619322516292e-19,3.6453297775958517e-16,3.767038408673656e-16,9.915139392683001e-11,5.432335057535798e-16,3.9526503731981966e-19,8.940347086158522e-16,-5.8900247406527795e-21,3.6746272215720963e-16,4.1283242697365033e-19,4.981098147833824e-19,4.9672377797069135e-14,3.4588511023888836e-16,4.967210280391152e-14,4.96721398112131e-14,4.37996703668134e-16,4.446338851756667e-16,5.297236563312251e-16,1.4488447717370655e-16,2.8951777286653493e-16,9.915175646517995e-11,3.912019703269138e-16,1.2896130661729784e-19,2.534809796062019e-19,9.915125480508086e-11,2.234827420508043e-16,4.941161381289744e-16,1.837348477210703e-19,5.931938013550584e-16,6.059593797566966e-16,2.452505918356812e-20,1.4316966546486356e-19,1.0311540275771681e-19,2.581038518933303e-16
1.8172270839068922e-11,2.5423822756723274e-20,3.361247300471271e-16,7.881972915014844e-15,1.6030219250481548e-19,4.2462615640048105e-16,3.563728082268269e-16,1.742950270168376e-19,5.462117196571586e-19,4.587598633009781e-16,4.649169432177527e-16,1.5733485159002863e-11,3.671740741147483e-16,3.917218655428421e-16,1.5947782226914887e-19,8.610728464305288e-20,-7.896061512314159e-20,7.882097300916833e-15,1.4823780432773386e-19,4.624047494492467e-19,1.75878191704701e-19,1.0233399431438055e-19,4.0458192939876873e-16,2.919478321155948e-16,1.573359767357659e-11,3.8732188022576834e-19,-5.054750720773733e-20,-1.1340711141794637e-20,9.849622991384625e-20,4.118241600583101e-16,1.5733431037363396e-11,4.236287565549127e-16,7.88199019628564e-15,1.0747555692408646e-19,6.359139743261776e-16,2.8076847942861646e-16,-1.0439150271700896e-20,1.573325367475783e-11,1.510086547505665e-19,-1.925649612282281e-19,1.5733451452286105e-11,3.985014130424862e-16,-1.4045943094964175e-19,5.1793505643658e-19,3.041327928735337e-16,1.0883227780790403e-19,5.276470060742074e-16,3.5596017553112524e-16,7.881707592908584e-15,3.5759331972078653e-16,-2.670779618379132e-19,5.758293144149236e-19,3.09275264314375e-19,3.44639988634026e-16,3.7491362732939004e-16,4.1698791498162273e-19,1.968756381929484e-20,1.5733605835437695e-11,2.1195170476501399e-19,1.5462676032408008e-19,3.52411101622581e-16,2.915750809280216e-16,2.4366969807195184e-20,2.6258548834482198e-16,6.201801778524091e-20,1.1421375625411237e-20,3.1415007003553264e-16,3.4116697169089913e-19,2.547923184311199e-16,2.9733476232133614e-16,2.2167343843228814e-19,1.5733501437210877e-11,7.88178709319286e-15,3.869287605628873e-16,2.784940161538626e-19,1.6000847442474838e-12,7.882229588800502e-15,4.507726174547006e-16,4.706591874886851e-16,1.0470721490187865e-18,6.272230183256576e-20,4.327352228807367e-16,2.423725113852304e-16,7.881632058929891e-15,3.331035337438913e-16,4.2831455985462755e-16,3.678077229965555e-16,4.2631851458398766e-16,2.8125304294332186e-16,4.1402289542873e-16,5.131595773263867e-16,5.313416396082617e-16,1.780664971885403e-19,2.6290823003521015e-19,2.7760134195588103e-19,-3.022332995057308e-19,4.842900297789483e-16,4.637667335093233e-19,1.5733351203094837e-11,2.3779332419955804e-19,4.154106432135979e-16,1.4775760233705634e-20,3.0558672123441445e-19,1.1504705378468061e-19,4.397850273884597e-16,2.107138485802363e-19,1.5733415232824065e-11,1.5910810492981336e-19,7.88180889807324e-15,7.881640960499044e-15,5.656437865717746e-16,4.084785005340741e-16,1.033135023986695e-19,2.748053717260306e-16,3.783193550075085e-16,1.573345622037526e-11,2.1663665961823354e-19,1.802929469718018e-19,2.0449597546172656e-19,7.882651225924411e-15,3.4059521777915897e-16,8.84650654112019e-19,4.565776309509492e-19,4.990667004206808e-16,4.208272197103704e-16,4.145583585147383e-16,3.655340540355265e-16,1.8154036631138443e-19,3.597264350885803e-19
1.0000000000086822,-1.3996587294243043e-15,2.3504049450646803e-11,1.0000000000082567,-1.9597614158079225e-11,1.1408312115199626e-15,-3.599976959042526e-16,-3.703588287680056e-11,-1.550988880236311e-11,2.967352200062028e-11,1.3193749058122795e-14,1.000000000003186,-1.3792347076563003e-11,-4.623178639228468e-12,-8.791246199637942e-15,-7.112806196292495e-16,9.369271339361155e-16,1.0000000000165905,-4.0355667125668304e-12,-7.321133367246902e-16,-1.2302754137456833e-11,1.425079034694988e-15,-6.922263174727374e-15,-1.4820249202341078e-11,1.000000000003856,-7.475751019565954e-15,-5.864299770061168e-12,9.198253189829038e-15,1.8210839741322105e-15,9.455372588615245e-15,1.0000000000036995,-6.927512133513073e-13,0.9999999999985987,-1.250781726598397e-12,-1.0591703872754912e-10,-2.3562712517220058e-14,-2.8183256939503478e-15,1.000000000006008,8.816548330866853e-15,9.611946362416225e-12,1.0000000000210403,2.1225544913962467e-11,-8.988859604034293e-15,3.8711756100895163e-16,9.048016084635332e-13,-1.8857285206163452e-11,5.04582068656412e-15,-9.144160233339134e-15,0.9999999999876562,1.1775746127975708e-12,6.563192716706684e-16,6.447581120485832e-12,-3.0305658779271595e-11,1.2564798740102584e-11,1.5356495270417875e-11,1.8371374619141705e-11,-4.764612247040131e-15,1.0000000000027947,-1.3074963965335695e-14,-1.0583550167429429e-11,2.7253493129476337e-15,-1.4358808975835692e-15,-5.7432484094273366e-15,2.441952975000139e-15,4.704291579929181e-12,3.591377907786866e-12,-8.507922942829879e-16,2.7330224315618227e-15,1.6014255214630733e-11,7.440060755849676e-12,7.346797940099208e-15,1.0000000000252722,1.000000000006264,4.931300747561461e-15,9.915177844729436e-11,7.882229588800502e-15,1.000000000022282,4.3000363078843124e-11,-5.714756217080769e-12,-1.3718079003074777e-11,-2.615838825736115e-11,3.2063542679090583e-11,-1.7594733598203659e-12,1.000000000001074,1.3517960820574336e-12,8.067014993839839e-15,5.399165692694278e-12,1.362716806225205e-14,9.878462932381435e-12,-1.2056043688023684e-15,-1.3923559898095837e-11,1.1468037069132055e-11,-4.0825145166625716e-11,-5.13880318932273e-11,-2.4540358867829702e-11,-1.7545343071297065e-15,-6.125872827302326e-11,2.4780391172962954e-16,1.0000000000076181,-2.1077660433552798e-11,-5.179974031351521e-15,5.58189285141561e-11,3.5001726095069676e-15,-5.881640618648384e-15,-1.0342262933960785e-11,4.117829080205272e-11,0.9999999999931035,-2.783029367997576e-15,0.9999999999796804,1.000000000004475,1.0402474939984051e-11,2.9045161064773657e-15,1.6569124544819074e-15,1.3559724145557649e-12,-1.8417806957386333e-15,1.000000000009275,3.5830278158012684e-12,1.9797712340459455e-11,-1.9452674044616203e-12,1.0000000000143228,-2.886047228927156e-13,2.3839945020568786e-15,-3.390461645323954e-11,8.365754766219962e-15,-6.313880731080086e-13,8.967142019635674e-15,5.179444522003754e-15,-8.810411198937675e-12,-4.5804783186639025e-11
4.543595633122234e-11,1.0926410156533919e-20,4.850673630924249e-16,4.300011471472858e-11,3.6032085625673445e-19,5.471134514021714e-16,5.528707797646182e-16,2.8350365487449286e-19,4.772874926071455e-16,2.488816595921649e-19,5.417458798371177e-16,2.1542404414586646e-14,3.9077196176631846e-16,8.959947695784354e-19,5.268898670457591e-16,5.883123360680703e-16,1.4859780633265483e-19,2.1542567520390376e-14,4.525485284901339e-16,5.907370155132006e-20,4.371088889182929e-19,3.2364343448340407e-19,4.290627431847611e-16,3.701434408522002e-16,4.3000435909113756e-11,4.843311574298767e-16,2.608224977034657e-19,3.2650994342863475e-19,1.303135616667002e-19,4.338671718568036e-19,4.300000757474224e-11,1.0387149150914965e-19,2.154227929394708e-14,7.149897424027156e-17,5.492390763994255e-19,2.631333777605088e-16,2.785156743922188e-16,2.1541597778026764e-14,4.256397147221981e-16,2.8997548079493627e-16,4.300022860334747e-11,9.611428664200738e-20,2.3881275161446806e-16,-4.340240234550096e-19,1.2279439067022873e-19,2.1280651266721561e-19,5.328181257019033e-16,3.405348587195025e-16,4.300041917669857e-11,4.040651593225182e-16,3.040482879580178e-16,4.620760048113988e-16,2.0110122702240612e-19,4.3016033390810835e-16,5.005825752706809e-16,6.053680580044704e-19,8.371560195733416e-20,4.300026633713287e-11,4.2521319639135093e-16,1.5767483928467267e-19,6.331277539532289e-16,6.43520420105945e-20,1.0618008284536076e-18,3.672957718362143e-16,8.990317893763868e-20,-9.624809901260728e-20,2.723030049375036e-16,5.385262554888756e-19,2.9339350839503323e-16,4.715508400918853e-16,2.605247455690389e-19,2.1542405000883352e-14,4.299994913397992e-11,2.814939450207173e-19,3.130310168176484e-19,4.507726174547006e-16,4.3000363078843124e-11,1.6000706495409839e-12,4.764972524772104e-16,2.957234671374868e-16,4.506524861038372e-16,1.9410090961043846e-19,2.3273775973886226e-19,4.2999878067843674e-11,3.2841750884357313e-16,5.9897462977209365e-16,4.283328151143379e-20,3.6185187400365735e-16,3.9014310723813757e-16,5.968806044210481e-16,7.366163800386186e-16,8.016029783809988e-16,6.06723334138921e-20,1.2756546624925422e-19,8.81918916542705e-16,3.572916375547189e-17,2.5007604265622594e-19,5.899674574242082e-19,4.3000014956588207e-11,2.293250253570194e-19,5.6261216199085e-19,8.09510795890655e-16,7.821003411215481e-16,2.0640133107209187e-19,5.163482573494447e-16,2.8672705852115206e-19,4.3000068954740904e-11,8.275572512545679e-20,2.154179175776742e-14,4.300003431593651e-11,4.946462209570056e-16,4.880756098069114e-16,2.6624751328911715e-19,-5.856373642112419e-21,1.983889190874022e-19,4.300035979861586e-11,-1.7313259679631282e-19,5.111417403690835e-20,4.1049122647708615e-16,2.1541878542615628e-14,4.937137702240839e-19,1.9065146188263432e-19,4.296200724468662e-19,6.447891254019751e-16,7.3807100032755075e-19,2.7313855960821658e-21,4.7544881568956925e-20,3.5666671591184687e-16,2.985672879282198e-16
-3.276265364244023e-12,2.374160160073336e-19,2.149191845807489e-16,-2.863284020755629e-15,2.1072056434425856e-19,1.605564158085763e-19,1.5221026060912027e-16,2.4001348742529956e-19,3.166850652059901e-16,3.1174797742001533e-16,4.755328359491698e-16,-5.714682910637817e-12,5.470953252666849e-16,5.157923241710671e-17,4.964007511784916e-16,2.831294424435964e-16,3.22446311604767e-16,-5.714938979220758e-12,4.300098213790216e-16,1.2737387374367982e-16,1.573852843426078e-19,1.6371337104424802e-19,-6.253768642667718e-20,3.6015101730680644e-16,-2.863149697430025e-15,-2.0186874933654345e-19,3.076783039191826e-19,3.91459887958135e-19,1.9001339490845868e-19,2.259149712298279e-16,-5.714715314569952e-12,4.69328795604091e-16,-2.8631687702959496e-15,5.853268341356921e-16,4.544277084993399e-19,5.849825605159139e-20,4.705262512018114e-16,-5.7149912868487706e-12,1.8978554971053397e-19,3.1060288841216824e-19,-5.714967043352782e-12,1.0852128701356326e-19,4.124140674355846e-19,4.111389116920518e-16,1.553330994693327e-20,3.469952907760269e-16,4.590314564153523e-16,3.1372808337663396e-19,-2.8632750043666622e-15,1.3863521787398852e-19,4.863302557996533e-16,5.405351155744428e-16,3.194371786405087e-19,4.549749917540575e-20,3.7324393655611097e-19,-3.259270664388223e-19,2.973855308292776e-16,-2.862697996020064e-15,4.782064165181538e-16,5.497713949961941e-19,7.189995766313286e-17,4.985826471610469e-16,2.2149615141383163e-19,1.3210907222783766e-19,2.44870740226143e-19,4.111782051306128e-17,4.745025561264736e-16,5.98007122103547e-20,5.883158734500362e-19,-3.0105413133106393e-20,2.3023086588420494e-16,-2.863207418234225e-15,-5.7152484393277685e-12,2.9697282348560243e-16,3.7642833298376623e-16,4.706591874886851e-16,-5.714756217080769e-12,4.764972524772104e-16,1.6001537356102753e-12,4.3284467411171555e-16,4.551445060853539e-16,2.7181416453783777e-16,6.428154311311956e-16,-2.8631166070088123e-15,4.434838431288676e-16,2.46844529864132e-16,3.483845442935925e-16,5.282646548293389e-16,4.853864792965356e-19,1.4661845370750817e-16,1.2262099500502214e-16,1.863135910000807e-16,7.539222167299969e-16,3.2562214229164303e-19,1.2165919763538683e-16,1.9126514713617904e-19,2.6553574925241195e-19,4.596959917057739e-20,-5.714915335468262e-12,2.949527116607151e-20,8.523374956243422e-20,3.2048455965342896e-19,1.3864565014297327e-19,5.35592270770428e-16,1.2531276660796946e-19,3.4809376623661373e-16,-2.8632601763520294e-15,2.969730956299023e-19,-2.8634546963637306e-15,-2.863259504273429e-15,9.101931034335533e-16,1.555997925632869e-19,2.0934590154904725e-16,5.69849022537396e-20,-3.6375575309986757e-19,-2.863531481419517e-15,3.8000892173774297e-19,1.4962467184816547e-16,3.558977124142585e-16,-5.714978575161296e-12,8.60201356301977e-19,2.4025052318124983e-19,4.7233299612958825e-16,4.559071464199479e-19,2.1776736642470537e-16,7.494460710667098e-19,-3.318367142595555e-20,1.2038968877215324e-19,7.687547535654068e-16
-1.1279427028316657e-11,1.3621950371878676e-19,2.3539893687391545e-16,-6.872544278794584e-15,-2.6033820498929204e-20,3.4851766022182327e-16,-1.1952910329858774e-20,5.120612779663084e-16,5.1975467200882525e-21,5.31177624225611e-19,-1.5323691557539422e-19,-6.872321649483551e-15,2.054104986301172e-16,3.5537671731973924e-16,4.546642958337682e-16,3.1101710425042024e-19,2.4578344721936524e-16,-6.872567849627075e-15,2.086092134786718e-19,3.41878085593771e-16,-1.854156825156389e-21,1.7993684852447273e-19,3.1882303946739836e-16,1.4681020059043707e-16,-1.3717900428794655e-11,1.6999548840933985e-19,1.8943774081327456e-19,3.470344916727759e-19,9.242070244945731e-20,3.681488732984141e-16,-1.3718189936693697e-11,2.8610907361433456e-16,-6.87233849218353e-15,-1.5591623036879018e-19,5.30774187421832e-16,1.255874567249394e-16,3.056298232165081e-16,-6.872578150635253e-15,1.5874843391701018e-19,9.517039964179517e-17,-1.3718154401932919e-11,2.9532515600527764e-19,2.415915200482336e-16,7.662276058490747e-19,2.4701961489764356e-16,-3.392549077397488e-20,1.8660606302495928e-19,2.4955935451327314e-16,-1.371803243800519e-11,2.657172265352971e-16,4.127958214295131e-19,-4.552748382777992e-19,2.856807013271483e-20,2.476993607022939e-16,2.525324309694128e-16,5.2413609338872697e-20,3.294316769256371e-16,-6.872370021678018e-15,-6.702636407181556e-19,2.196507690222517e-19,-1.511280238334363e-19,1.568257938633092e-19,3.895749983104691e-16,1.8047072920663207e-19,1.6476936634236128e-19,4.073242000331416e-16,2.1755632436356595e-16,3.4057791098992103e-16,1.4780465412882033e-16,2.1168644408483442e-16,2.6786625401340035e-16,-6.872381401273601e-15,-6.872586942749583e-15,2.910052106277968e-16,2.0268351560586773e-19,1.0470721490187865e-18,-1.3718079003074777e-11,2.957234671374868e-16,4.3284467411171555e-16,1.5999333660114396e-12,-2.195557921652139e-19,3.7883006346412625e-16,-1.753954568933449e-19,-1.371822485094366e-11,2.1938695257672368e-20,1.5220784902762493e-19,2.577037556709782e-16,2.6393444997126863e-19,2.274969315320118e-19,2.7174137162006025e-19,5.580433302473022e-19,1.1247329430122465e-19,4.091336269332272e-16,2.571925165015154e-16,7.258710904049016e-19,5.082164455810955e-17,3.5946798981583724e-16,-1.2843495719940702e-19,-6.872454808218551e-15,3.454081993142512e-16,3.510480423187646e-16,3.580075845968697e-16,4.443212375949541e-16,2.892542757319772e-16,4.0601663046406316e-16,6.906213625114057e-20,-1.3718153750346856e-11,1.373598801751644e-16,-6.873620735831071e-15,-6.8726005622459055e-15,3.7660694884547374e-16,5.458000757616054e-19,1.597121094593123e-16,1.3017607660333868e-16,3.839637168404304e-19,-1.3718079838105781e-11,9.947017358912333e-20,4.890468772888425e-19,1.228646453847187e-19,-6.872719398268897e-15,2.821777755113934e-16,2.5449720464162863e-16,4.427070678650621e-16,4.323950334637836e-16,3.4300242430388474e-16,3.6518233592045087e-16,2.899725109964252e-16,2.6563093295892873e-16,-1.8118255473218659e-19
-2.3719173527538495e-11,-9.608635188397558e-21,3.0711069102634023e-16,-2.6158630582187245e-11,-1.7468632667227798e-21,2.7628474386357356e-19,2.5983551115772104e-20,2.68513550725739e-19,3.7328800587232985e-16,-1.9539962698983266e-19,-1.7163776436369047e-19,-2.6158474507337126e-11,3.7226175664159693e-19,3.4213278867230385e-16,3.115077956025927e-19,4.0293677952101316e-16,2.8619252899583603e-19,-1.3104713102448305e-14,3.742596803791912e-16,4.190350251993115e-19,1.6862437184907803e-19,1.8319769214529325e-19,2.447789878126095e-19,4.561551852389949e-19,-1.3104942295007646e-14,1.367385158438945e-19,3.1322831172301095e-19,3.0216930965478373e-16,1.9420896591020888e-16,3.870549922068199e-16,-1.3104735697128153e-14,4.1005989497856874e-16,-2.6158493808346763e-11,2.43151944814235e-16,6.368576891658658e-16,1.4318634354826525e-19,3.5255771922881625e-16,-1.310520773775593e-14,3.9120346529637716e-16,-1.0023601461590036e-19,-2.615852687184227e-11,1.5950846401474357e-19,3.665138961586854e-16,3.2034550602523165e-19,2.9637591673321186e-16,1.134508331770447e-19,6.031198074543589e-19,3.680849793590834e-16,-2.6158503063967895e-11,3.464024217301947e-16,3.5005763393653695e-16,4.214511026458151e-16,2.295048814951833e-19,3.233860282663063e-16,3.6008584979126795e-16,4.44412336721985e-19,2.1298710209760673e-19,-2.6158372247264526e-11,3.9597207433529744e-16,2.398854114128122e-16,3.1380848403217795e-16,9.304566417462437e-20,4.124573555822406e-16,-2.4458682557862092e-19,2.3680507452855787e-19,3.7544277978372263e-16,1.4886706329567918e-19,9.074472705672785e-20,2.5696726711662485e-16,2.81064179178786e-16,2.0890784974559265e-19,-2.6158475569976096e-11,-1.3104966515324617e-14,2.27054680987606e-19,4.383729370033371e-19,6.272230183256576e-20,-2.615838825736115e-11,4.506524861038372e-16,4.551445060853539e-16,-2.195557921652139e-19,1.6000846244006311e-12,2.671796366702977e-19,2.605793557863876e-19,-1.3104868996613267e-14,3.326237900596753e-16,3.997652738545259e-16,3.429510654986905e-16,4.334508767746968e-16,2.748718788945776e-16,2.884988364246491e-19,4.451812622605216e-16,4.66442632638557e-16,1.5662691171830243e-19,4.3774861166393934e-16,4.715245879198604e-16,-1.0356217376112797e-19,4.96714530240975e-16,8.179537058372686e-21,-2.6158604121651128e-11,4.295628565612535e-16,2.515764838828942e-19,2.4933538634844466e-19,4.706592961981934e-16,-2.868573463994726e-19,4.177478385546924e-16,3.688707388221651e-19,-1.3104237559618709e-14,2.426349617517412e-16,-2.6158983600973548e-11,-1.3105038258302828e-14,6.119170020407507e-16,3.9345775384782496e-16,1.0726957626419711e-19,3.18594140122678e-16,3.8197356284625646e-16,-1.3104655987258101e-14,3.0655532174541663e-16,2.498872445954492e-16,1.6848665137072127e-19,-1.3104748378985458e-14,-2.772451408879244e-20,3.409158534481713e-16,4.743270806344971e-16,2.3275401085997436e-19,7.017465167650073e-20,1.785061939929618e-19,3.245568416888857e-16,3.737265642754148e-16,4.465776848211116e-16
3.450187598836698e-11,-1.4079423423975663e-19,3.383237599131974e-16,3.2062999917893274e-11,5.098840260967349e-16,3.3800475704329204e-16,3.0815610988577104e-16,4.0758934008917304e-16,3.0557704610275494e-16,4.5061381026071085e-20,4.72563427596239e-16,3.2063295561933187e-11,1.821801567041898e-19,1.6941849015351852e-16,1.271487917743365e-19,2.0420909962023216e-19,3.170960180038397e-19,3.206339189449368e-11,2.567684697331773e-19,1.948188458467281e-16,-3.920378295068608e-19,3.4258150522112206e-16,1.4706423761289473e-19,4.89779477078284e-16,1.606257364836241e-14,1.737854763972714e-19,4.592390346324329e-19,3.8356941351261957e-16,1.2141061863614258e-19,4.691920490386547e-19,3.206341402751204e-11,4.748686467814046e-16,1.6062869328736414e-14,7.267539799973223e-19,2.382954745228483e-19,5.288720940957193e-19,1.381387209335777e-19,3.206317245795254e-11,1.1990372079878013e-19,-1.7074231332236767e-19,1.60626198188341e-14,1.1193075331280042e-19,4.284940516919913e-16,2.290175805168395e-16,-3.082672137901823e-19,3.2204622489002554e-19,1.5473780576166714e-19,4.063908840840225e-16,3.206315647515456e-11,1.5993315889282152e-19,8.855781380017793e-20,5.771394778255694e-16,4.616417040254162e-16,1.5466783344012252e-19,-3.114276328933482e-19,3.065031731633287e-19,1.8630867504223306e-19,1.606282398473996e-14,2.1857351133839676e-19,2.725608189053859e-19,3.315485541376171e-16,3.2427457519397026e-19,-1.609129613212432e-19,4.142316106423521e-16,1.8727947491581894e-19,1.6664600998445755e-16,8.481787377103313e-20,3.7114858795999183e-16,3.8384876173349516e-16,7.732653656348567e-19,-2.9232016143088637e-19,1.6063112754418277e-14,1.6062570446574914e-14,2.3596601698212973e-19,4.0440053942587987e-19,4.327352228807367e-16,3.2063542679090583e-11,1.9410090961043846e-19,2.7181416453783777e-16,3.7883006346412625e-16,2.671796366702977e-19,1.5999846727420006e-12,3.934590668610056e-16,3.206304434852758e-11,4.263043548380271e-16,2.9449462252074362e-16,3.680645317193952e-16,2.5365029529703205e-16,4.0576899669123477e-16,1.8607059932115908e-16,1.1930813050797694e-19,3.422175354150009e-16,3.689095622985214e-19,9.6077306388388e-21,1.3122290171403204e-19,-9.423793030740339e-20,5.30378091849252e-16,1.8515758960150692e-19,3.206328313239982e-11,4.0478575971033544e-16,3.157354402769658e-16,2.814110527182868e-19,1.887305602436045e-19,3.7418884687075633e-19,4.016541721137986e-20,4.3021249005768165e-16,1.6062836773252617e-14,-6.468343815640138e-20,1.606211757857973e-14,1.606295832070055e-14,7.986154946805199e-16,1.7023313877962927e-19,4.209460688584709e-16,5.445573466832756e-16,3.495331298866616e-16,1.6062739190157684e-14,5.74930517949135e-19,3.493206703245306e-19,3.0448241623741696e-16,3.206302680826037e-11,2.8159319367365076e-16,3.6475585037387436e-16,3.050798736618068e-16,3.272361293724798e-16,2.2019371956096685e-19,3.2983208927337627e-16,3.8779016148380433e-19,4.111369856880685e-16,2.8638898102682903e-19
6.824834599041765e-13,1.2894881313356234e-19,7.263137150772136e-17,-8.813435292339729e-16,-1.3306623141810472e-19,1.888863361441484e-19,-9.013461125409593e-21,3.072604486140271e-19,3.48060422776492e-20,5.083864162392428e-16,-5.267596844013149e-19,-8.813531376461196e-16,-8.045296535642629e-17,4.706091768596031e-19,6.297132992785595e-16,4.593013115181822e-19,4.435458495242287e-19,-8.817352662899189e-16,5.3170083453702236e-17,7.719323047544873e-20,1.8811101361294403e-19,2.2455766406198287e-16,3.357987841469414e-16,-1.7499454664064143e-16,-1.7587657560805428e-12,7.547365559720005e-17,2.032548071890358e-19,1.5271257801764827e-19,2.791926552107859e-17,3.9098723856702926e-16,-8.815380750404864e-16,1.1905505983160197e-19,-8.811964758674304e-16,-2.540681561239708e-16,5.746530872890387e-16,-3.4315595209602025e-20,5.174563302654916e-20,-8.8171167567335725e-16,-6.169921073544653e-21,5.160159682712036e-19,-1.759455438728608e-12,5.476988059993093e-16,1.140998937962851e-19,5.377412174161549e-19,2.287479813797115e-19,1.2350915630374316e-19,7.517774836084941e-16,1.7412916227823955e-16,-8.815193354481182e-16,1.99687143148881e-16,2.258127518781996e-16,-1.2167395473692806e-20,2.1340363687486651e-19,1.329249364938498e-16,-7.460005943847328e-19,-1.631162217301864e-19,3.3931263974767855e-16,-1.7591205394904007e-12,2.6417317861513583e-16,-1.350398362705761e-19,3.91021904858056e-17,1.2109103490441927e-16,2.7987736451312235e-19,-1.3283241945994498e-16,-1.7040407063442973e-19,-2.5992005286442033e-19,1.3436052081259064e-16,2.67411046993121e-19,-5.478607939284223e-20,-2.199496520518043e-19,3.6051719939995873e-19,-8.816945429418678e-16,-8.812110369015025e-16,2.1449111296312481e-16,-6.325418520071094e-17,2.423725113852304e-16,-1.7594733598203659e-12,2.3273775973886226e-19,6.428154311311956e-16,-1.753954568933449e-19,2.605793557863876e-19,3.934590668610056e-16,1.5999008897628465e-12,-8.814249412555976e-16,5.459593140078453e-17,4.519287863530068e-19,1.4548306636216349e-16,3.022117623908157e-19,-1.1024065935271237e-16,8.734447441265948e-20,3.430311538643122e-19,3.8567220655055044e-16,3.2852678462595477e-16,-3.1920306801194715e-21,1.0818550988011542e-19,-6.595560421348074e-17,2.93605060430872e-19,1.381263616226893e-16,-8.815383410989751e-16,2.69649842220324e-16,3.6803908990601977e-16,4.2119674055725e-17,4.2089866162460415e-16,5.820432098654025e-20,4.055314765282082e-19,-5.705915687179103e-20,-8.814925296062752e-16,-7.567629992523358e-20,-8.815300077550815e-16,-8.812771576265124e-16,1.5857678132026992e-16,3.8610629718901545e-16,-1.6654060634360826e-16,-1.119604452157639e-19,3.6403417526423104e-16,-8.815929954022303e-16,5.022269803353704e-19,-8.636389107274728e-21,3.3302701724434815e-19,-1.7589035100420307e-12,3.7926735850763627e-16,-2.2271699752003553e-19,6.351155420392767e-16,4.8559394217467095e-16,2.8596742546337227e-16,3.776680776323817e-16,2.1164941097414197e-19,-5.661758120050809e-20,1.9296532956018516e-16
0.9999999999890837,-1.3997248686321029e-15,1.1774787553052339e-14,0.9999999999886475,-9.818336399349932e-15,2.2768985256316543e-12,-3.6028852572587337e-16,-3.703624479519644e-11,-7.769954070029773e-15,1.4865454422731016e-14,2.6335478601110413e-11,0.9999999999835768,-1.3792578432504108e-11,-4.623871995257744e-12,-1.7547977431283734e-11,-1.421133045099964e-12,9.365689232133178e-16,0.9999999999969803,-4.035936252139701e-12,-7.327473397934474e-16,-1.2303198277330292e-11,2.8437579565607786e-12,-6.922859311829316e-15,-1.4820536202327033e-11,0.9999999999842473,-7.476261809643953e-15,-5.864634812289728e-12,9.1985330125356e-15,3.6354358707904174e-12,9.45529496180855e-15,0.9999999999840905,-3.472300843446745e-16,0.9999999999789904,-6.265732559275633e-16,-1.059175107932488e-10,-2.3562629827066568e-14,-5.625551755119591e-12,0.9999999999863998,8.816345264890654e-15,4.814934051078332e-15,1.000000000001432,2.122508315614937e-11,-8.989256023511579e-15,3.870266079104217e-16,9.045216321267039e-13,-1.8857601999353683e-11,1.0072062711755352e-11,-1.8252907256102242e-11,0.9999999999680482,1.1772697557877282e-12,1.3106654587839865e-12,3.229806656967314e-15,-3.0305777794708773e-11,6.2944200740689645e-15,1.5356042450699298e-11,9.203654754346978e-15,-9.511118575028856e-12,0.9999999999831856,-2.6098945380373037e-11,-1.0584139350548072e-11,2.7253379006438275e-15,-2.8661689727580755e-12,-5.7437048193656846e-15,2.4419232118121853e-15,4.704018827410432e-12,3.590605738730893e-12,-1.6981154949129033e-12,2.7327243679773933e-15,8.022304099978598e-15,3.727202793248392e-15,7.346482707668066e-15,1.0000000000056641,0.9999999999866558,9.842903260651885e-12,9.915119199664288e-11,7.881632058929891e-15,1.000000000001074,4.2999878067843674e-11,-2.8631166070088123e-15,-1.371822485094366e-11,-1.3104868996613267e-14,3.206304434852758e-11,-8.814249412555976e-16,0.9999999999830672,6.771782522286069e-16,1.6102473402591267e-11,2.7047074026895998e-15,1.36277823819448e-14,4.948647588805179e-15,-1.2056128863916048e-15,-1.3924329098393635e-11,5.744560242354231e-15,-4.0825419718731723e-11,-5.1388126099799794e-11,-1.2294642811499236e-14,-1.7544704046870944e-15,-3.068937851374726e-14,2.4768245406588245e-16,0.9999999999880118,-2.1078131723247398e-11,-5.1806771382061825e-15,5.581811774904246e-11,3.4996311705511694e-15,-5.8816223114425796e-15,-5.18143934580075e-15,2.062893380944351e-14,0.999999999973495,-2.783063338713429e-15,0.9999999999600733,0.9999999999848668,1.0402397539390273e-11,2.904065186144084e-15,1.6564726815872313e-15,6.793963720922667e-16,-1.84164214971504e-15,0.9999999999896662,1.794422828855291e-15,9.917559681015686e-15,-9.748714625146402e-16,0.999999999994715,-1.4521890661697597e-16,2.3838747611220866e-15,-1.6985543246922298e-14,8.364900438520382e-15,-3.1686324657148684e-16,1.7898566138340436e-11,5.1792857500412974e-15,-4.413884994210201e-15,-4.5804818637673394e-11
3.7942365644044854e-12,1.2046894662214959e-19,3.0271242607688906e-16,1.351760021078383e-12,2.6501719600043875e-16,3.9403360671317757e-16,-2.83893636504664e-21,3.0254316037546063e-19,3.4351798010427447e-16,-7.01827056466419e-20,3.744537573758021e-16,1.3517131742441531e-12,1.9893669441151212e-16,1.1002425397025304e-19,5.270972649115772e-19,1.116585313221372e-19,2.2994555206265264e-16,6.7739592266211325e-16,2.751819039902479e-16,1.2505882554575548e-19,3.3490857985902934e-16,-2.3712653509219155e-19,1.318939619993138e-19,7.841134067497632e-20,1.3520053570112097e-12,3.102125058757455e-16,3.490583026467318e-16,2.131002031984915e-16,1.520165170840147e-16,4.2357891145986005e-19,6.771350587112907e-16,3.1633568652053917e-16,1.351798825211233e-12,6.719423774574309e-19,2.1156929153840397e-19,-3.576775913973397e-20,1.4479640643275685e-19,6.770850413914634e-16,3.154254748985276e-16,-5.569138098760254e-21,6.769005674402967e-16,4.2791340063147203e-16,2.0203549760637037e-16,5.407955577041943e-16,-3.619908515773717e-20,-2.0569219838061272e-20,8.868825054813585e-19,2.0664448417631057e-19,1.3519086340915672e-12,2.0498053983975258e-19,7.591097182837689e-20,1.180942207833101e-19,2.858162613562326e-16,2.2246512055942753e-19,2.3998808849315227e-19,3.1240764889502486e-19,2.953673248496926e-19,6.771686637482313e-16,3.104766802179913e-16,2.3495468744668887e-16,2.5030089105873984e-19,1.6878473178812885e-16,4.047049469631773e-16,1.7244281869885293e-16,-8.296047303084082e-20,5.164641130739925e-16,4.118917834099643e-19,1.4668758562708512e-19,2.349525706438336e-19,2.692338287001085e-16,2.6298062176246486e-19,6.77037533495274e-16,1.3516792126474879e-12,3.5158033621098597e-16,3.2115394100808824e-16,3.331035337438913e-16,1.3517960820574336e-12,3.2841750884357313e-16,4.434838431288676e-16,2.1938695257672368e-20,3.326237900596753e-16,4.263043548380271e-16,5.459593140078453e-17,6.771782522286069e-16,1.5999381028242558e-12,1.759458474673338e-20,2.3805129608952134e-19,3.7375502857422556e-16,2.0408714813126471e-16,9.559973882574018e-20,4.004467478014338e-19,-2.858208058522755e-20,3.917579314308411e-16,2.1223066174720577e-16,-8.762486017471691e-20,-5.18119388492813e-19,3.39061166862956e-16,1.5292750563277694e-20,6.768954844804767e-16,2.045152816060797e-19,3.938781282542767e-16,3.514832559308583e-20,5.472569653195738e-16,2.8114360055800447e-16,4.421056522741905e-16,3.4399510184315153e-16,6.770979848953665e-16,2.8723331748553396e-19,6.771174032507659e-16,6.770201031730769e-16,2.1982988760659145e-19,1.3143774243371118e-19,1.6770066235657725e-19,6.618081602173274e-17,1.1459772933441944e-19,1.351835918683296e-12,2.439496752186663e-16,2.241012211165265e-16,1.8688515530986502e-19,6.771141476559819e-16,2.6413234018353947e-16,3.2202986976395014e-16,2.448473175925002e-19,3.999440641066238e-20,4.131528637730375e-16,-3.982585865353941e-19,3.847889716730782e-16,2.534865981058214e-19,2.4241593679231784e-19
1.8548928984098812e-11,3.465678901683237e-19,3.5771593017266017e-16,8.066861617348474e-15,5.341145182088773e-16,-7.387702255042044e-20,3.046399771462458e-16,3.7391076912777775e-16,2.6845070416889074e-19,3.096307681965419e-19,8.941832645365844e-19,8.067157649948978e-15,5.849874097922408e-16,1.5889931955958261e-19,1.7778178390338548e-19,1.132886938996862e-19,2.1738887645400675e-19,8.067100498453073e-15,1.6695073199321732e-19,2.0557932274917804e-16,2.0470425181402371e-19,3.706246984937322e-16,1.087113946832599e-19,4.951953654716117e-16,1.6102534642612142e-11,4.2880905925012325e-16,4.1731044208943827e-16,2.966423653225599e-19,2.3216428656248844e-16,1.5041714790163689e-19,1.6102861251154476e-11,2.5450101307370556e-19,1.6102544339363948e-11,5.303042011774557e-16,5.514451992862904e-16,-5.100068052276414e-19,1.7881908067267347e-19,1.610263093371809e-11,3.4209555697140224e-16,2.5369899397052555e-19,8.067049402558921e-15,2.4880582245251173e-19,9.463073426137653e-20,6.717863354963533e-20,-3.985522536409399e-20,4.878683686667085e-16,2.383369086309541e-16,4.092548145936092e-16,1.6102628462179154e-11,3.507390574945502e-16,3.6992393741649363e-16,3.345454466784531e-19,4.3969512370438665e-16,2.5776735812083443e-19,2.9537329779484706e-19,6.100110548262353e-16,1.2278047372614067e-19,8.066865645084179e-15,1.75996586572656e-19,-2.086802646575463e-20,1.34221017445918e-19,3.754637984044959e-16,2.4311468943781735e-16,4.1670310999687535e-16,7.175936049486848e-20,-1.1511650096106199e-19,1.2977581469673111e-19,3.831393364518983e-16,3.8663883003921366e-16,2.44865354631414e-19,4.650523893979859e-19,1.61028198141404e-11,8.066510744000368e-15,3.4490371175439797e-16,5.864534083551541e-16,4.2831455985462755e-16,8.067014993839839e-15,5.9897462977209365e-16,2.46844529864132e-16,1.5220784902762493e-19,3.997652738545259e-16,2.9449462252074362e-16,4.519287863530068e-19,1.6102473402591267e-11,1.759458474673338e-20,1.5999648102850076e-12,2.276840592333626e-19,2.1864708617616629e-16,2.832730378862937e-19,-2.1390914625245367e-20,1.4042372739554315e-16,3.5852396298524386e-16,2.598371382806704e-19,2.4800275762610495e-19,3.743388038608258e-16,2.945780280321049e-16,2.736102223500695e-19,1.8216024221920403e-19,1.6102751797918914e-11,2.8314397231973683e-19,3.8051181927000186e-19,1.9713782843266203e-19,1.4171548596257047e-19,4.567070531276784e-16,2.3014493054434797e-16,4.522614872522278e-19,1.610271810608042e-11,1.757241533859934e-19,8.06664319636038e-15,8.06628618898985e-15,7.51192032527964e-16,1.8225931987983552e-19,4.408767575419777e-16,3.3569734452505957e-19,3.47050766057475e-19,1.6102616331234614e-11,3.9785673538089485e-16,4.027541065416023e-19,3.0359008632634917e-16,8.066766234041641e-15,4.2837803876925985e-19,3.8345210568277136e-16,5.77805747314693e-20,3.129679057901627e-16,3.1991323348442605e-16,1.3598081658764236e-19,3.0308608775978563e-16,4.025557952728324e-16,6.881531015296632e-19
7.837244858580417e-12,1.5969909482847343e-19,3.6754541547159753e-16,2.7046375591066455e-15,-2.3977500056148166e-19,3.8148821044968655e-16,3.4715084946189374e-16,-2.4867034253802655e-19,-4.6731888165361614e-20,2.6681866983180813e-19,2.7665715722832663e-19,5.398971266829447e-12,4.693660484797774e-20,4.789499523626778e-19,1.4703109738384746e-19,3.9142292781969133e-16,-1.142164173077649e-19,5.399302679361342e-12,-1.1960359813066339e-18,3.9568853872093555e-16,3.98096240290969e-16,6.443188541936587e-20,1.15712786014348e-19,-2.9125087521599207e-20,2.7046495619698026e-15,2.1358826196866672e-19,3.516325626546304e-16,3.067244667738584e-19,1.1244938987715604e-19,3.691961216314235e-16,2.704320061501555e-15,7.015299534029484e-19,2.7048994745241227e-15,5.3832605857217236e-21,3.0941587931694926e-19,2.893189101864707e-16,2.23638568596502e-16,2.704092346501426e-15,3.1224487517084586e-16,1.1769509188161104e-19,5.399045912469532e-12,3.803829907443461e-19,2.760180150194829e-16,3.691418192098337e-19,2.6138320322881383e-16,2.979578216921796e-19,4.365091696687111e-16,1.1615560637954417e-18,5.399124078998303e-12,1.7904505179432588e-19,1.4039093889804252e-19,4.13678889249618e-16,3.2152998724896304e-16,3.483811240741345e-16,3.811801082098065e-16,2.5384522081191627e-19,3.6017037708377877e-16,5.399129881925821e-12,3.7084698850651877e-16,3.583374790660707e-19,4.1432049827978674e-16,2.3989975533709146e-16,3.5819488054956095e-16,2.2429971553152144e-19,2.061579594656564e-16,4.3224464804996094e-16,2.285230770272359e-16,4.388282774355344e-16,5.56057059039651e-20,3.0911147591880537e-16,3.965654276047727e-16,5.3990598050696604e-12,2.7045404345936987e-15,3.7730594431399103e-16,4.469658969006217e-16,3.678077229965555e-16,5.399165692694278e-12,4.283328151143379e-20,3.483845442935925e-16,2.577037556709782e-16,3.429510654986905e-16,3.680645317193952e-16,1.4548306636216349e-16,2.7047074026895998e-15,2.3805129608952134e-19,2.276840592333626e-19,1.600042682319337e-12,2.639811330179069e-16,3.072304491011668e-16,2.839335022597586e-19,4.794266472183013e-16,4.084607415350853e-19,4.385066253261828e-16,4.956748933539692e-19,5.795425703755079e-16,1.0125565712613748e-16,3.6259428786236376e-16,3.1417550930175316e-16,2.705268428761655e-15,2.066115375623918e-19,3.7052066289910163e-16,4.854819426340526e-19,2.1558376391491142e-19,3.481249133644741e-16,-2.4814487522405846e-19,3.8008627682653915e-16,5.398942038766554e-12,2.665428216394354e-16,2.70474409071971e-15,5.398831123294213e-12,4.0076368151421205e-16,4.026270459642184e-19,5.214650562341669e-20,1.9090990394164244e-16,2.823039449493847e-19,5.399049600530259e-12,3.098800626168244e-19,2.882730714007185e-16,1.8784866977849265e-19,2.704341201715757e-15,-2.1527120291751865e-19,5.131274133032918e-19,4.134457983032265e-19,4.353758606648315e-19,4.173130202705059e-16,3.4316010052941153e-16,4.075359805268778e-16,2.9811750630999234e-16,3.354648188786354e-16
2.964216980512532e-11,-9.092219269312695e-20,1.0106966609795466e-16,1.3627792072913318e-14,8.778785114408125e-17,2.7398604388001277e-16,5.0465419269689845e-17,3.794610774814522e-19,3.397940244541568e-16,3.6609478494144727e-19,3.976778914342577e-16,2.7202950059509067e-11,1.54010000669803e-19,-1.865860514212183e-17,5.746411866188676e-16,5.209486726377256e-19,3.5651190723372045e-16,2.7202584593704128e-11,5.54298172878484e-20,3.8501609660729605e-19,3.9295313105870955e-19,5.772118293157679e-21,4.1692557624971784e-16,4.617138021948384e-20,2.7202555843210835e-11,-1.489833952912134e-19,4.0752154505402128e-16,2.7497335794064784e-16,1.2751353754949117e-16,4.657891458403933e-19,2.7202814804802866e-11,3.907187862756314e-16,1.3627891581581734e-14,3.2487520770231186e-19,3.956442121718084e-19,3.475510638364362e-16,5.633920345557237e-16,2.720257572155737e-11,4.3751507618345234e-16,7.376253480919104e-21,1.3628043447266201e-14,2.7782138225233566e-20,5.758991963490512e-19,3.012524946789058e-19,1.8576178209965455e-19,1.4151361410540336e-19,5.297164901951337e-16,2.835449903220461e-19,1.3627897490260964e-14,3.19781395898636e-16,4.896111165172803e-16,2.7070523959556693e-19,6.910167136645389e-16,2.0230493648437923e-16,2.006208806244856e-16,2.515909186761577e-16,3.08773461426396e-19,2.7202883792813214e-11,4.416131260920366e-19,6.31081017429908e-19,-4.585641584517002e-19,5.001720033390426e-19,1.908728308992606e-19,6.751533391514332e-19,6.279709218331311e-21,-3.543415077385635e-18,4.596088825449979e-16,2.738156688374177e-16,2.7234160423798177e-16,3.413359514559161e-20,1.1465330886232196e-16,1.362767884895811e-14,1.362747499451312e-14,-1.3347299682511204e-19,-5.033616798677293e-19,4.2631851458398766e-16,1.362716806225205e-14,3.6185187400365735e-16,5.282646548293389e-16,2.6393444997126863e-19,4.334508767746968e-16,2.5365029529703205e-16,3.022117623908157e-19,1.36277823819448e-14,3.7375502857422556e-16,2.1864708617616629e-16,2.639811330179069e-16,1.600326268141959e-12,-2.0537964332652512e-19,1.129516225267602e-16,1.2069254240275535e-16,1.271417539966558e-19,4.0637870319176677e-19,6.904345062065021e-16,-2.409701929251847e-20,2.3589577133591717e-19,6.727213365354983e-16,1.7619523764867265e-19,2.720263751884673e-11,3.068213927173079e-19,1.361496952752937e-19,1.8706384391519655e-16,9.96816475097411e-20,1.7551821948109783e-19,3.8239649615389426e-16,2.792055283846623e-16,1.362778046847592e-14,1.5830153660768987e-16,2.7202187824084695e-11,1.3627744782175104e-14,8.781787772968511e-16,1.9921850874575134e-19,3.078125385572501e-17,5.790393097609059e-16,5.07786804856491e-16,1.3627571805381235e-14,2.1506658683535536e-16,1.0223621134875869e-19,3.381498835935908e-16,2.720272561687218e-11,5.063522211595141e-16,-2.164682314677502e-20,5.714842612031573e-16,-2.235219024546521e-19,1.4771617009259278e-16,-2.1602963637135806e-20,-1.7413209784589166e-19,2.569557753266895e-19,7.874629869600992e-16
1.2321535778024694e-11,-7.948168526739623e-21,3.7369002589219247e-16,4.948756513577087e-15,4.20854545108792e-16,1.579032027208055e-19,4.3797129179805713e-16,3.2724824778680183e-16,3.7972981839165594e-19,3.8934548688483703e-19,3.549747995124235e-16,4.948353332940134e-15,2.2418277588521013e-16,-3.996376325810339e-19,6.131871493987193e-20,2.793964333079956e-19,1.480617431630188e-16,4.94892463334001e-15,6.979423106361739e-20,2.275925222237512e-19,3.3007529044233077e-16,4.725784547771296e-16,1.3067856509890979e-19,4.9583957783032545e-19,4.948614147434282e-15,1.884736523048053e-19,5.1022170999321235e-20,2.283712533032214e-16,1.997785645446183e-20,-4.234774790980953e-19,4.9486662817486544e-15,9.352313085117503e-20,4.94874980583876e-15,1.3523112008252274e-19,3.7964896491949897e-16,8.03814727373392e-20,-1.1821651662501471e-19,9.87810445827949e-12,1.313570736866412e-19,1.3790747067428852e-19,9.878395776380112e-12,1.469095531872344e-19,6.510296277576351e-17,3.5503800519377713e-16,2.2646823293198667e-16,2.946533763451956e-16,2.2902666494606316e-19,1.801298352061932e-16,4.94888922700033e-15,2.633739637566417e-16,1.4370779060731191e-16,6.498688720579883e-19,-8.667361247792586e-20,-2.0585423342616577e-19,3.6991410770314295e-16,3.5971493271903937e-19,3.464264242702118e-19,9.878354387992747e-12,5.038069250269199e-19,2.64534119205875e-19,5.194059241826718e-16,2.3586448987031746e-19,2.31615807616586e-16,4.1232207892584943e-19,1.1617360263264856e-19,1.2082844526337293e-19,1.3328098035834145e-19,4.1110698466306864e-20,-5.435425853557916e-19,3.7788677436560575e-16,2.620017357660587e-19,9.878375693050605e-12,9.878198511442389e-12,3.6102496785849374e-16,1.9134179851172566e-19,2.8125304294332186e-16,9.878462932381435e-12,3.9014310723813757e-16,4.853864792965356e-19,2.274969315320118e-19,2.748718788945776e-16,4.0576899669123477e-16,-1.1024065935271237e-16,4.948647588805179e-15,2.0408714813126471e-16,2.832730378862937e-19,3.072304491011668e-16,-2.0537964332652512e-19,1.6000343624806575e-12,4.474982863789728e-16,3.1584457818878387e-19,6.22873578675468e-16,2.656862435661684e-16,1.4892674043694876e-19,7.111984930491102e-20,-3.5038992986224694e-17,3.5246771578843755e-19,2.389349270856247e-19,9.878201623879324e-12,8.56088596877088e-20,3.4282405752203153e-16,5.736517406314784e-16,5.851469115468261e-16,2.600365326830099e-19,3.5093870748595366e-19,1.6372477121606102e-19,4.948455929089258e-15,1.5237489626257827e-19,4.948723958708643e-15,9.878314968673456e-12,2.2265748449441664e-16,3.090399328455141e-16,3.793825907753842e-16,1.8786860100548683e-19,1.7505860981134316e-16,4.948333173906581e-15,2.842831084523601e-16,3.381250388776578e-16,2.640888062362886e-16,4.9484621679349155e-15,4.831950530846643e-19,3.6312342922474226e-16,2.655255981782121e-16,4.510711047726344e-16,4.3293827870744754e-19,3.5667118307573664e-16,4.645088961847635e-16,1.3811061903273937e-19,7.607238017896262e-17
3.9261983498833156e-14,1.0321389526553594e-19,3.466864088689889e-16,-1.2061831734839192e-15,5.799946156557539e-16,-2.1431367381205049e-19,2.341589843063641e-16,-2.1882737531905178e-20,1.920405586304881e-16,1.4512224935213623e-19,4.954626066887815e-16,-2.4070397096275116e-12,6.357701798747522e-16,7.478479825374263e-17,1.9031529477696495e-16,2.731312780908842e-16,2.765562067108055e-19,-1.2054553726801978e-15,4.907010549658982e-19,1.1934158046054394e-16,3.8072697497734715e-16,3.316701461309378e-16,3.087926188636801e-16,2.495631904786239e-19,-1.2062280099973086e-15,4.445334310133287e-16,3.6939265525074845e-16,1.2213818583637726e-19,8.356534247073133e-20,1.5453102279891836e-16,-1.2059660685076685e-15,4.977461169167208e-16,-2.4073486278697725e-12,6.725886979360698e-16,4.48386293259191e-16,3.882775622168078e-19,4.098419566694811e-20,-1.2061451666093833e-15,2.9353156031365087e-16,6.740791730441413e-19,-1.2053760750312028e-15,-1.9001879646042412e-19,4.393972419786633e-19,1.1887322658769652e-16,8.886161574903823e-20,5.104228042782709e-16,1.444499086404544e-16,2.8234787773519407e-19,-1.206169059308145e-15,3.3511449128599273e-16,1.2065199622847445e-19,6.315713958821909e-16,1.4290902848832087e-19,1.0206014871138462e-19,2.7438495876657937e-19,2.804503049429543e-19,2.2956907240146266e-16,-1.205655330805421e-15,4.042454997618281e-16,4.0127240117802386e-16,-1.1073043496365805e-19,4.2263533492072047e-16,6.295628297989288e-20,4.3873420968973407e-16,1.4932480764898378e-19,2.867442811433548e-17,2.268727569483389e-19,3.4681703584101464e-16,3.4457555305949005e-19,2.914998668407851e-16,1.8745440178318693e-19,-2.4069721846851204e-12,-2.4076278204292017e-12,3.245598548949638e-16,5.76499629895874e-16,4.1402289542873e-16,-1.2056043688023684e-15,5.968806044210481e-16,1.4661845370750817e-16,2.7174137162006025e-19,2.884988364246491e-19,1.8607059932115908e-16,8.734447441265948e-20,-1.2056128863916048e-15,9.559973882574018e-20,-2.1390914625245367e-20,2.839335022597586e-19,1.129516225267602e-16,4.474982863789728e-16,1.5998488727994373e-12,-1.0358030012847611e-19,3.6300222627332345e-19,1.0259563334876026e-19,6.327422376840166e-16,3.7415415990125343e-19,1.9203459099217818e-19,4.091202057829273e-19,3.5500522067170574e-16,-1.2059687826268983e-15,3.54772235628538e-16,-2.1528224745356694e-19,4.563598485995879e-19,2.234685526689036e-16,2.5892549326732943e-19,6.787831646335966e-20,3.789577045348955e-16,-2.4070860519386e-12,6.37402069251616e-19,-1.206287892187615e-15,-2.407445100324712e-12,6.010658587061577e-19,4.789684821871129e-19,-1.3730403015541938e-20,5.947238824796954e-16,3.654991138102996e-19,-1.2059592373796051e-15,4.2784596052415225e-16,4.3294262938330197e-19,2.7318850508520085e-16,-2.40746802065763e-12,1.7129671655536238e-19,1.3270288101751504e-19,1.6744588113054752e-16,2.1204003631408157e-16,1.5876459979172156e-19,1.806884644439323e-16,1.244075747847271e-19,3.890702977400359e-20,4.2635479212578386e-19
-1.1475932382126596e-11,4.648128358090429e-19,1.2195516650097963e-18,-1.3924476577278638e-11,9.988384284109975e-20,2.4750199641837853e-16,2.042354668276537e-16,2.6634018530081556e-16,3.633964098069616e-19,9.662803522257948e-17,5.875538926937867e-16,-1.3923871795939766e-11,4.426635080151444e-19,-7.034469060514844e-17,2.841690373262065e-20,-1.6446414581050508e-19,1.7225392888269883e-19,-6.975665427450048e-15,6.283546310605358e-16,1.8230776945241347e-17,2.9448711638728427e-19,1.493956007361868e-19,3.568608996363515e-16,7.120176208154462e-16,-1.3924597781303216e-11,5.192111861469276e-16,-1.0951181142039983e-19,4.984760817081948e-16,2.300607003203564e-19,1.1883365400199152e-20,-6.975359025371562e-15,1.680382677294107e-19,-6.975724674581526e-15,3.283511508484226e-19,5.092009091584519e-16,8.114863857131693e-16,2.3505353780739967e-16,-1.3923984455717165e-11,5.619683483407698e-20,3.15541110150059e-19,-6.974926294564599e-15,7.041882283248073e-20,6.410888451309104e-16,3.112574694819033e-17,2.4123193470221164e-16,4.581032823728502e-19,8.972466596839863e-17,2.410806259051529e-19,-1.3924350967658556e-11,4.028031620281687e-16,6.271695991036837e-19,8.297791710247106e-16,1.3959050897536327e-19,4.016223153537329e-16,1.159599156819745e-18,6.46435209773847e-16,6.735768280611302e-20,-6.975548553962863e-15,2.1673883602457764e-19,4.2953883276746486e-16,2.3548815515269884e-19,4.1039057351020617e-19,1.6966822915935519e-16,5.558574946036526e-16,4.38959269537763e-16,-1.554544208633235e-16,2.324582434192822e-21,3.567701763929343e-16,5.411039584102229e-16,3.100354552239033e-16,3.001727159830032e-19,-6.976181702413224e-15,-1.3924725686982529e-11,1.827511271941844e-19,6.779445599678147e-16,5.131595773263867e-16,-1.3923559898095837e-11,7.366163800386186e-16,1.2262099500502214e-16,5.580433302473022e-19,4.451812622605216e-16,1.1930813050797694e-19,3.430311538643122e-19,-1.3924329098393635e-11,4.004467478014338e-19,1.4042372739554315e-16,4.794266472183013e-16,1.2069254240275535e-16,3.1584457818878387e-19,-1.0358030012847611e-19,1.599553844774977e-12,1.523509617108673e-16,7.61035519916641e-16,3.9563574229552908e-19,1.1701885468439441e-16,8.944273368978083e-19,6.599358482645692e-19,1.3676600775541119e-19,-6.975276828730713e-15,2.0672470651797757e-19,2.1926713915788887e-16,3.1144515101369875e-19,1.1393172151007422e-16,5.997296518081503e-16,1.919108960048833e-20,4.2933685926810936e-16,-6.975545248492548e-15,5.033697800188624e-16,-6.975943111676017e-15,-6.975839363359514e-15,1.084587733436462e-15,8.51213308478426e-20,3.4783692220774036e-19,8.15835417971659e-19,3.784302303019315e-19,-6.9758882695104536e-15,5.279013429391319e-16,1.8175603842104837e-19,9.424614512672687e-20,-6.975846118886878e-15,2.9797936985838066e-16,2.6132900327375346e-19,1.4660373742285004e-16,1.5947629721478012e-16,1.9511819124025637e-16,-1.6837451433186007e-19,1.7703763331966801e-16,5.258456658508853e-16,8.641201086862843e-16
1.3907527120248715e-11,3.3286283680478694e-19,3.8096596174923525e-19,1.1467249807635114e-11,4.159048587317075e-19,-4.5970669042565764e-20,4.3459099055577844e-16,3.3906824590815127e-19,2.9015968451758367e-16,2.61183437446362e-19,6.543538765414515e-16,1.14675260705618e-11,3.6118798356321356e-19,5.413141954661223e-21,9.768433710126373e-20,4.607038809525392e-19,2.0598312598592494e-16,1.1467782473955575e-11,6.521502730310557e-16,2.966178394825599e-16,5.195660118745849e-16,2.9761154961411874e-19,3.8831206840190153e-16,7.0848756844065e-16,1.1467267995006438e-11,6.1986088999875115e-16,4.984921847999141e-16,4.3247873408602463e-19,3.1059341946817947e-16,3.3440867753507926e-19,5.7447650215823475e-15,3.915588600370751e-19,5.745329913276323e-15,2.8151941104166384e-19,5.625078263112888e-16,3.642120163060659e-19,1.6006662235596388e-16,5.7448614936778515e-15,3.650460605736478e-16,3.2711840708497734e-19,1.1467759459980929e-11,1.6780655987087012e-19,-1.9702572234646165e-19,2.0128399418391606e-16,-1.0304325805269949e-19,6.756134312732883e-16,1.9669514564585828e-16,4.828021332280454e-16,1.1467549043661739e-11,7.030859191145735e-19,4.2091381410190313e-16,8.052776214042216e-16,1.265461117441794e-22,-4.189777640021589e-19,3.7183962215218727e-19,2.2295235003835853e-19,1.7627866831018005e-19,1.1467734561097417e-11,3.360251946520239e-19,6.460612750108904e-16,1.0465868966082271e-18,7.629970151199207e-20,2.1428399327523304e-19,5.990193029002518e-16,2.298154524323773e-20,2.4565566466764306e-16,2.0694772558738783e-19,5.089953523326043e-16,3.0778398709055516e-19,4.884049762205601e-16,1.1107807678321397e-19,1.1467738935801573e-11,5.744598212838961e-15,4.796218951775074e-16,8.089198129061339e-16,5.313416396082617e-16,1.1468037069132055e-11,8.016029783809988e-16,1.863135910000807e-16,1.1247329430122465e-19,4.66442632638557e-16,3.422175354150009e-16,3.8567220655055044e-16,5.744560242354231e-15,-2.858208058522755e-20,3.5852396298524386e-16,4.084607415350853e-19,1.271417539966558e-19,6.22873578675468e-16,3.6300222627332345e-19,1.523509617108673e-16,1.6001191277466465e-12,6.691482357895225e-16,3.8911834339836565e-19,4.0848844080932874e-19,1.1852536487156824e-19,5.512367374447352e-16,1.9249303765658612e-19,1.1467626011572612e-11,3.769670256876213e-19,3.63865395605288e-16,8.317285477553915e-16,2.806739395786896e-19,5.46539085459169e-16,3.640207628114404e-19,2.730032349642553e-19,5.745220326248735e-15,-3.227892006958362e-19,5.744745270860346e-15,5.744800039852246e-15,3.6321551525366567e-19,2.612471961660334e-19,6.838547718252887e-16,6.992722901150371e-19,3.1117609874439886e-16,1.1467485739163152e-11,2.916087532398357e-19,2.4278733857190863e-19,3.6467461192059426e-16,5.744889229690361e-15,2.404662497138249e-16,3.2498431466058386e-19,2.899539231389107e-19,3.780511799610078e-16,4.320168433017159e-16,3.1624298760569823e-16,4.568361373818746e-16,4.763751741694376e-16,1.825512105417238e-19
-3.8387244908849914e-11,2.5498605064623573e-19,2.428778214755681e-19,-4.082534485677684e-11,3.0647292793949403e-16,3.814306666955455e-19,4.463842530845943e-16,9.059593206056442e-16,5.867333210633527e-16,6.661402803287454e-16,2.3296981817722907e-19,-4.0825158879573166e-11,4.206829359255593e-16,2.9903217512143e-19,8.059874918793685e-16,5.941565009383548e-16,1.5888283032493234e-19,-4.0824825405757896e-11,4.534063292836221e-16,4.421494373761562e-19,4.844654925551886e-16,5.205844788098945e-16,5.7118758995891845e-16,3.762319061833088e-19,-4.0824941134973914e-11,4.102821825703792e-16,5.922666066677629e-16,4.155479514168075e-19,2.404967681240614e-16,3.657616903174772e-19,-4.082534004063558e-11,5.161276646410996e-16,-4.0825054856147124e-11,1.6322087762891033e-16,7.541785061318366e-19,1.65722054232767e-19,1.201861083148785e-19,-4.082554570191318e-11,5.695771975053975e-16,9.157956660140612e-21,-4.0825310212381604e-11,6.590422754606283e-16,5.003649922906924e-16,2.483418547987071e-19,2.4928457186898196e-19,3.164014357743729e-16,2.86018604867911e-19,5.013414646129212e-16,-2.0452077174691154e-14,4.585390997058035e-16,3.4302653588321816e-19,3.4229632153861343e-19,6.52191097827511e-16,4.1811173651747756e-20,4.2229256935471315e-16,3.4073101660887055e-19,5.687286010348736e-16,-2.045231116125757e-14,5.613229668358826e-16,5.752304500531462e-20,6.939609915612593e-19,2.1390526362057337e-19,6.831831006269619e-16,2.6426450948768075e-16,1.6954051982742802e-16,7.30667212712764e-19,4.2710170955885642e-16,3.1088868862453446e-19,1.5219420058422261e-19,3.1760222257175673e-16,4.2427098622514695e-16,-4.082524273095085e-11,-4.082540431297169e-11,3.4264508914349865e-19,2.4413219190463707e-19,1.780664971885403e-19,-4.0825145166625716e-11,6.06723334138921e-20,7.539222167299969e-16,4.091336269332272e-16,1.5662691171830243e-19,3.689095622985214e-19,3.2852678462595477e-16,-4.0825419718731723e-11,3.917579314308411e-16,2.598371382806704e-19,4.385066253261828e-16,4.0637870319176677e-19,2.656862435661684e-16,1.0259563334876026e-19,7.61035519916641e-16,6.691482357895225e-16,1.6001426528664646e-12,-1.1935699437375049e-19,6.87370144115021e-16,1.6358731805215345e-16,4.2148328141611036e-19,4.099674392185352e-16,-2.045306452979455e-14,5.838297391223469e-16,6.160449221881993e-16,2.1841032817416386e-19,7.095312520840163e-16,2.977229317930337e-20,4.429438987065698e-19,6.567948329123613e-19,-2.0452614301256936e-14,2.4925462453140145e-16,-2.0452777402525733e-14,-2.0452915439040824e-14,7.507488405724181e-16,5.986576502668009e-16,2.62033549528831e-16,3.3480616744810985e-19,3.0024896609501065e-19,-4.08252453590617e-11,3.40435092678767e-16,8.00869437320177e-20,4.757601791786082e-19,-4.082519275598307e-11,5.372558520749214e-16,2.0317045677878472e-19,8.077959934535085e-16,6.905452731071235e-16,5.423841468341241e-16,6.264011019866523e-16,3.331889148542749e-19,5.024801514849546e-16,6.148494031913846e-16
-4.89458905612657e-11,3.5083749156878737e-19,-2.073926919238777e-19,-5.138795752752757e-11,1.427527206968765e-16,2.936382219367374e-19,4.1258783716008483e-16,8.139829345323466e-16,3.829369061116879e-19,2.4725553526241727e-19,1.759562483717201e-19,-2.57443230055987e-14,3.642613534883668e-19,5.971342261155071e-16,1.9091663573614123e-19,4.495039916972725e-19,3.6965026673402114e-16,-5.1387527043179064e-11,1.833516397606838e-19,3.101896525783961e-19,3.8183246063149985e-16,4.728546279895659e-16,7.324171801460727e-20,8.680737823478755e-17,-5.138752496990381e-11,2.9655890427083184e-16,5.208148226838397e-19,-6.001042155596512e-20,1.730062211785049e-16,3.236871657750755e-19,-5.13882332765787e-11,3.4737453457817727e-16,-5.1387770413812483e-11,5.78155454473749e-20,8.274696508126038e-16,3.212917294123461e-17,4.760827313989613e-16,-5.1388331969919057e-11,3.2726093661796447e-19,1.5554357374238613e-18,-2.5744181511037768e-14,1.8079665751620098e-19,2.8424180354328135e-16,8.509012026764854e-16,2.101335527301387e-19,1.4167437156384638e-16,4.2492278429615027e-19,2.711319735679652e-19,-2.574368008642896e-14,-6.517825933895037e-20,3.262997820281403e-16,1.5033725165159367e-19,4.599479450199379e-16,2.6866158333330166e-19,1.8601957446204304e-19,4.975877798516921e-16,5.169839996716972e-16,-2.5744122551484062e-14,4.1474929094530274e-16,1.4939308788845592e-16,2.1506956662936297e-19,1.9609531493158503e-16,6.254825905633109e-16,1.0052773571217834e-19,1.877241154785517e-19,5.291953142023861e-19,-1.377617296609971e-19,4.979864649365328e-16,2.500236280760095e-19,2.7023394303323865e-16,3.527399562306677e-16,-2.574392652110648e-14,-5.1387967440009446e-11,1.853626143033483e-19,3.352820088701589e-16,2.6290823003521015e-19,-5.13880318932273e-11,1.2756546624925422e-19,3.2562214229164303e-19,2.571925165015154e-16,4.3774861166393934e-16,9.6077306388388e-21,-3.1920306801194715e-21,-5.1388126099799794e-11,2.1223066174720577e-16,2.4800275762610495e-19,4.956748933539692e-19,6.904345062065021e-16,1.4892674043694876e-19,6.327422376840166e-16,3.9563574229552908e-19,3.8911834339836565e-19,-1.1935699437375049e-19,1.5998595348131408e-12,7.203833755472739e-16,-1.6365415741006096e-17,4.672990128032484e-16,1.722720803994121e-19,-5.1388227641858506e-11,4.931938316685679e-16,5.350556755439829e-19,4.255697132771279e-19,3.315553319216788e-19,3.645707071720245e-16,3.159834309850743e-19,-2.3858147054353465e-19,-5.138808597947111e-11,1.170630023946426e-16,-5.138852842646118e-11,-2.5744087726833292e-14,4.1400286627307107e-16,2.3040324573389357e-19,1.8983067588931176e-19,3.646102754963489e-17,-2.647476106814941e-19,-2.5743944317392123e-14,2.0983597890266656e-16,2.453105850196753e-19,4.2866307767620247e-16,-2.5743743166114017e-14,4.2980366023109644e-16,-4.7363707544916765e-21,2.4245667287119747e-19,6.79508645621494e-16,5.256842192049308e-16,5.951930868232386e-16,1.6376171891368024e-19,3.3739739925555196e-16,2.1119765213493982e-20
-2.2095491850983373e-11,2.943122953423852e-21,3.5091981707607205e-19,-2.454125288126782e-11,9.209990338373758e-16,-1.9749496460726632e-19,3.1732192122345747e-19,7.997353627448694e-20,3.30353778992825e-19,2.513122760677977e-16,2.870013361380321e-19,-1.2293112098252675e-14,8.309696302781995e-16,1.2225481481160392e-19,1.9071594775263932e-16,3.996359471489458e-19,1.8262869670879414e-16,-2.4540649203930258e-11,6.990277467935775e-16,2.943854602941725e-16,2.9632769570633027e-19,2.188474087593335e-19,3.7931380592611447e-16,3.6613901559719797e-19,-1.2294491606801555e-14,1.7308967102169575e-19,5.12702882745472e-16,5.417668105871114e-16,-9.644444178423884e-20,3.2384515104101173e-16,-1.229453826525056e-14,6.659157633134372e-16,-1.2294459608350912e-14,7.473280433375022e-16,5.622040698999378e-16,7.584962047906899e-16,1.067532683219567e-16,-2.4541007412420947e-11,1.6436654464006014e-19,6.111325731865021e-19,-2.4540656999303926e-11,6.809582970453497e-20,2.948136579644803e-19,-2.1535300284427275e-20,3.9442975545396577e-19,7.624960079209469e-16,1.1134413713807843e-16,4.968910233825169e-16,-2.4540904919140593e-11,6.308982467250609e-19,-1.1771375549002141e-20,4.308296025540614e-19,4.188315449969338e-16,5.193882415384588e-16,6.778618027252035e-16,2.499776705840991e-19,3.5976804278371223e-16,-2.454075292413844e-11,4.957147255874974e-16,7.684103308731065e-16,6.528765630232651e-16,4.388537152370301e-16,8.009193183604851e-20,6.749195562613515e-16,-3.460169620541865e-20,2.618028963167798e-16,4.3804866335523096e-16,3.1558734110878593e-19,2.661766162565825e-19,5.460308133149566e-16,5.725565223438741e-16,-1.2294133079700355e-14,-2.4541617591128782e-11,4.947034899490595e-16,8.020692899921505e-19,2.7760134195588103e-19,-2.4540358867829702e-11,8.81918916542705e-16,1.2165919763538683e-16,7.258710904049016e-19,4.715245879198604e-16,1.3122290171403204e-19,1.0818550988011542e-19,-1.2294642811499236e-14,-8.762486017471691e-20,3.743388038608258e-16,5.795425703755079e-16,-2.409701929251847e-20,7.111984930491102e-20,3.7415415990125343e-19,1.1701885468439441e-16,4.0848844080932874e-19,6.87370144115021e-16,7.203833755472739e-16,1.6001581551535635e-12,-2.6906070289403716e-19,1.8638817844940934e-19,4.834334289410168e-16,-1.2294498918259137e-14,1.636796620236494e-20,1.0848979957441686e-19,4.9746722080523565e-19,4.951310543102838e-16,2.352474644383865e-19,3.175121319541627e-19,5.968921909907373e-16,-2.454092086847158e-11,5.827814405613978e-16,-2.4541689338108556e-11,-2.4541262427146884e-11,4.0482948428748833e-19,3.20737711039085e-16,7.786699190990911e-16,5.327973188890595e-19,2.82050956366762e-16,-2.454094476736418e-11,2.9866700486606695e-19,3.1567350416431252e-19,3.759092405992994e-19,-1.229475390645516e-14,2.0373089811435353e-16,4.2005251613420084e-19,1.0875004525322505e-19,-6.215157724574659e-20,1.9375096289051878e-19,3.290415966370062e-16,5.138459159941189e-16,-3.268737170602233e-19,4.362543708339037e-19
-1.0586099640323342e-12,2.888445849982085e-20,-4.962390071858372e-20,-1.7542465768249099e-15,-5.068454876915396e-17,3.1285388581984623e-19,1.81716068679899e-16,4.04297570149383e-16,2.3837133476153373e-16,3.520624038021882e-16,1.4526251931973148e-16,-1.7542576097703678e-15,1.4217500790332855e-19,3.4960184390029517e-16,-2.3037872722009206e-19,2.415856498244198e-16,6.202185614823922e-19,-1.7539548973323924e-15,4.179301584207814e-17,8.513218199454481e-20,1.494832484681147e-16,-1.0376800296520874e-19,2.0180951704376529e-16,-9.955367316968885e-20,-1.7545810538142934e-15,-7.269763147530215e-19,3.1417155043939566e-19,2.0799332277394407e-17,-8.248768547721298e-20,-3.764735303665304e-19,-1.7545580822866338e-15,8.854066550932815e-17,-1.7542198534671133e-15,-3.754271890431233e-19,1.1119722623120943e-19,-1.2163444622846595e-16,2.3023162229577446e-16,-1.7542543754051945e-15,-2.552862377224471e-19,-2.9217176797822515e-20,-1.7544652750815557e-15,3.792552084890894e-16,5.569121013162131e-17,4.871404393349292e-16,5.458459111909467e-19,3.258025443185776e-20,4.566519986161915e-16,4.189241838864656e-20,-1.7547053376974583e-15,1.116215528300454e-19,-4.424090449091081e-20,4.871504577467103e-20,1.602978085972188e-19,2.622067136042391e-20,6.609254279452852e-17,1.2711547082711766e-16,-4.430426217166569e-19,-1.7544525447354339e-15,1.4771055409524225e-16,-2.1179903772470162e-17,1.443077278965168e-16,-3.340781050971185e-20,3.439991244504679e-16,-5.5244303701931014e-17,-7.182162061258417e-21,1.2595251115191274e-20,4.0675791872069753e-17,2.1591046998425752e-16,-5.751969279224597e-19,7.428409687937572e-17,6.394339201730495e-19,-1.7542539056009711e-15,-1.7542719191978772e-15,2.3676698279719713e-19,-1.1366619322516292e-19,-3.022332995057308e-19,-1.7545343071297065e-15,3.572916375547189e-17,1.9126514713617904e-19,5.082164455810955e-17,-1.0356217376112797e-19,-9.423793030740339e-20,-6.595560421348074e-17,-1.7544704046870944e-15,-5.18119388492813e-19,2.945780280321049e-16,1.0125565712613748e-16,2.3589577133591717e-19,-3.5038992986224694e-17,1.9203459099217818e-19,8.944273368978083e-19,1.1852536487156824e-19,1.6358731805215345e-16,-1.6365415741006096e-17,-2.6906070289403716e-19,1.5997375487746115e-12,1.420739044035587e-16,2.7765727548806204e-19,-1.7544406885410335e-15,1.5473789251917102e-19,4.458910594171428e-19,-3.379002252843009e-19,3.742640073738128e-16,9.2336214770656e-17,3.747471754656171e-16,1.3917729505718625e-16,-1.7542542091725795e-15,-2.6111702014245757e-17,-1.7546272855850488e-15,-3.5017550887466624e-12,2.657855055559552e-18,2.583330240210601e-16,-3.9635952343544006e-17,-1.5598570538076219e-16,2.42083994745913e-19,-3.5016605657474345e-12,9.673504998711136e-20,-1.9591613401836902e-19,1.9331264022625226e-16,-1.754414354478764e-15,1.8957228720595774e-16,1.0210225655147218e-19,-7.527330065325277e-20,3.4645616154597076e-16,5.877471324185582e-21,2.7733010031299545e-16,2.623299744796321e-19,9.084985863627268e-17,2.2061676272941423e-20
-5.881841604351077e-11,2.8586775373408143e-19,3.747928672398279e-19,-6.125884471335227e-11,-1.647562638332506e-19,4.970561639231055e-16,3.6723669631371707e-16,7.939667899402457e-16,2.8852665662981643e-19,5.858855349138194e-16,4.895014561032723e-16,-6.125866934067058e-11,4.7125061808609945e-20,3.074296747514454e-19,3.578405508655489e-19,4.769376766239104e-16,2.444449629389386e-19,-6.125846107714558e-11,4.732930845439905e-19,2.7934323381430073e-19,4.0189037293096417e-16,4.187547784280588e-16,2.2333276777208025e-19,2.2549982236135015e-16,-6.125852360760796e-11,3.561849240683653e-16,5.122183774753141e-16,4.5284416337521985e-20,1.9649436227070357e-16,5.031103102756509e-16,-6.125881474609732e-11,4.3537174609028973e-16,-3.0689146080949986e-14,1.0705649931216462e-19,8.197199649783485e-16,2.2045124207647491e-16,2.6122119340386864e-19,-6.125901755711516e-11,-3.758058387453835e-19,1.425643066867205e-16,-3.068887404766451e-14,5.332319211423202e-16,4.4312699054868383e-16,3.0631313460598173e-19,3.6729227270201543e-16,2.5741339984424963e-16,7.251600277006971e-16,4.138033028356651e-16,-6.12587518553434e-11,9.723662665471592e-20,7.06777228985286e-19,3.3971553166371685e-19,5.683924756958342e-16,3.499977610074725e-16,3.537534388948642e-16,3.1968542950620744e-19,4.669984661469125e-16,-3.0688880758768916e-14,2.9853110126492335e-19,1.3145361428435481e-16,2.886652860116738e-16,3.3791147712823444e-16,5.973820186000278e-16,2.0599754890930535e-16,1.1510176189325803e-16,3.2269530298776797e-19,3.8169701158195875e-16,4.760717947238717e-16,4.852716336836502e-21,1.78895911087902e-20,1.5939956994337437e-19,-3.068940685495689e-14,-6.125885432480463e-11,4.090377205953331e-16,3.6453297775958517e-16,4.842900297789483e-16,-6.125872827302326e-11,2.5007604265622594e-19,2.6553574925241195e-19,3.5946798981583724e-16,4.96714530240975e-16,5.30378091849252e-16,2.93605060430872e-19,-3.068937851374726e-14,3.39061166862956e-16,2.736102223500695e-19,3.6259428786236376e-16,6.727213365354983e-16,3.5246771578843755e-19,4.091202057829273e-19,6.599358482645692e-19,5.512367374447352e-16,4.2148328141611036e-19,4.672990128032484e-16,1.8638817844940934e-19,1.420739044035587e-16,1.6001957104287736e-12,3.4997727247601623e-16,-3.06893995444224e-14,4.993681924253443e-16,2.192595532300093e-19,-2.9728034340030607e-19,9.062418383825058e-21,2.224792654917286e-19,5.969726000797267e-16,1.5094521920188653e-19,-3.06891119111782e-14,-6.102812994315669e-20,-6.125927591248792e-11,-6.125896452982724e-11,6.76030143053819e-16,5.138226711614247e-16,1.7023449251065195e-19,2.965318925103393e-16,5.098570749365769e-16,-3.0689342307887506e-14,2.958179862738134e-16,2.0560712108399184e-16,-1.0869208343943366e-19,-6.125866983654293e-11,1.2606749270150424e-19,1.9358334908412391e-19,6.825945770212175e-16,6.06938734406874e-16,4.513201450404782e-16,4.746324588810682e-19,-2.2309881177848148e-20,4.3538954162889536e-16,2.486638682314675e-19
2.9391660290783853e-12,-4.992976188331974e-20,-1.285743146293655e-19,2.4778884237917135e-16,3.39637281916962e-16,3.4227179183967945e-16,-5.76793988936502e-20,1.9385933316646548e-19,1.4943692052091047e-19,-6.351630534414209e-20,3.888766944261243e-16,2.4754227424285205e-16,2.953447097213711e-16,2.144020585443099e-19,3.6282542676164094e-16,3.539483714041711e-16,-1.0390295042979277e-19,4.95008563394008e-13,3.191051718069443e-16,2.714771027820223e-19,3.3184333035283005e-16,6.549515954292236e-20,3.093199531743854e-16,1.0355690244930647e-19,2.4802735785898313e-16,3.1909151716264796e-20,4.977755352684595e-19,2.1504795941812064e-19,1.1184194955849324e-19,3.385840336885475e-16,2.477679363842549e-16,3.4261252167107674e-16,2.4776697400004025e-16,5.815129722180897e-19,4.867529280411305e-16,2.407697384469211e-16,2.269723125578902e-16,2.478741772481599e-16,2.904382051340907e-16,1.0418155163205841e-19,4.947745189326704e-13,3.140346531001962e-16,2.474066176954667e-16,4.0724628207604523e-16,2.375103050556271e-16,2.0439021430613857e-19,3.899688697498956e-16,2.745553539226367e-16,4.948417867963462e-13,2.2326632129799535e-19,1.7827549061411518e-19,3.5345496651060025e-16,3.0000618548032726e-16,7.99368298520934e-20,3.242376342871229e-16,4.612519996884275e-16,5.954515074749256e-20,4.948634621870846e-13,-4.79666220452149e-20,6.207315401272298e-20,6.158120310231776e-20,2.1486312835588042e-16,3.2500434415404816e-16,-1.0783729039247242e-19,7.760167869016545e-20,3.793260788855293e-16,-1.6925007806770117e-19,2.420415844961797e-19,7.830833334202874e-20,1.4150886526711557e-19,3.302764024303758e-16,4.948014642316639e-13,2.475951223562602e-16,3.2594356632884633e-16,3.767038408673656e-16,4.637667335093233e-19,2.4780391172962954e-16,5.899674574242082e-19,4.596959917057739e-20,-1.2843495719940702e-19,8.179537058372686e-21,1.8515758960150692e-19,1.381263616226893e-16,2.4768245406588245e-16,1.5292750563277694e-20,1.8216024221920403e-19,3.1417550930175316e-16,1.7619523764867265e-19,2.389349270856247e-19,3.5500522067170574e-16,1.3676600775541119e-19,1.9249303765658612e-19,4.099674392185352e-16,1.722720803994121e-19,4.834334289410168e-16,2.7765727548806204e-19,3.4997727247601623e-16,1.599996166970765e-12,4.946685391184581e-13,2.076032861142655e-19,4.3182786106916776e-19,4.484779876818286e-16,4.483293909366062e-16,1.3432583949571797e-19,1.4838049134157424e-19,4.688853394041427e-19,2.475135371694543e-16,-1.5723996269788208e-19,2.4710726273689856e-16,4.946195700612289e-13,1.9313680545635419e-19,-3.6526752220445195e-19,2.8188210266609543e-16,1.2436200117649798e-19,-1.3860326994636627e-19,4.947841176615318e-13,2.785247257922888e-16,2.4330823835317153e-16,2.917902248785942e-16,2.4766314336758374e-16,2.3574648670957313e-16,1.0765515971895133e-19,6.646453758333e-20,3.9563504519953133e-16,2.217173733502587e-19,3.6878987743391443e-19,2.4459414934329936e-19,2.783780749793231e-16,-1.8695985411834574e-19
0.9999999999956238,-1.3999066107740557e-15,1.1775000244165404e-14,0.9999999999951926,-9.81817562055751e-15,1.1411055770158113e-15,-7.186450829899483e-13,-3.703610209589593e-11,-1.5510087500043216e-11,1.486547447067451e-14,1.3193502917424398e-14,0.9999999999901208,-1.3792598545299749e-11,-2.316020153029692e-15,-8.79118178832638e-15,-7.113827523402193e-16,9.365579588285877e-16,1.0000000000035254,-2.0221276128968298e-15,-7.321892778133865e-16,-1.2303018369339881e-11,1.4250388637340102e-15,-6.9221331852743735e-15,-1.482050253512315e-11,0.9999999999907926,-1.4923440778094274e-11,-5.8645386978763705e-12,9.19854497951424e-15,1.821206395217518e-15,9.455696646519454e-15,0.9999999999906357,-3.472771843694728e-16,0.9999999999855348,-6.267655796904617e-16,-1.0591735094989053e-10,-4.703305860238666e-11,-5.625565180779638e-12,0.9999999999929441,8.816623418144338e-15,4.815217841986939e-15,1.000000000007976,1.0633302427289166e-14,-1.7943692554633134e-11,3.8757398600429554e-16,4.530362419458969e-16,-9.447390110199692e-15,1.0072278736166242e-11,-9.143970942530769e-15,0.9999999999745922,5.897639555084596e-16,1.3106583601728752e-12,6.447296436259666e-12,-3.030580664194843e-11,6.29453906017566e-15,7.693004497749645e-15,1.8370929400311657e-11,-4.764798183790383e-15,0.99999999998973,-1.3075060185598436e-14,-1.0583895216052703e-11,2.7254168966505015e-15,-1.435768492426316e-15,-1.1464097763575002e-11,2.4419293516893633e-15,4.704096762640446e-12,1.798495990665209e-15,-8.508899972853651e-16,5.455153117964101e-12,1.60140702857048e-11,3.72711184216319e-15,7.346656778566942e-15,1.000000000012209,0.9999999999931991,4.9311366445068165e-15,9.915139392683001e-11,1.5733351203094837e-11,1.0000000000076181,4.3000014956588207e-11,-5.714915335468262e-12,-6.872454808218551e-15,-2.6158604121651128e-11,3.206328313239982e-11,-8.815383410989751e-16,0.9999999999880118,6.768954844804767e-16,1.6102751797918914e-11,2.705268428761655e-15,2.720263751884673e-11,9.878201623879324e-12,-1.2059687826268983e-15,-6.975276828730713e-15,1.1467626011572612e-11,-2.045306452979455e-14,-5.1388227641858506e-11,-1.2294498918259137e-14,-1.7544406885410335e-15,-3.06893995444224e-14,4.946685391184581e-13,0.9999999999961633,-1.055946683822033e-14,-1.0340545757560531e-11,5.581846036127345e-11,3.4998893039758667e-15,-5.881662932717272e-15,-5.18141151018026e-15,4.1178004422197293e-11,0.9999999999800401,-5.55508722900853e-12,0.9999999999666169,0.9999999999914114,1.0402231282774237e-11,2.9045076517587e-15,3.307397148417062e-12,6.793154408482597e-16,-1.84172559980799e-15,0.9999999999962095,3.5827903709403475e-12,1.979744607754913e-11,-9.744995669387383e-16,1.0000000000012583,-1.4471937058982635e-16,2.3840043097348845e-15,-1.6985842725763878e-14,8.364635096190563e-15,-6.316984201149246e-13,8.966787544510362e-15,5.179690625579141e-15,-8.810585721814057e-12,-4.5804946758595706e-11
-1.8636132143656037e-11,3.4932716718872686e-19,3.036546779754001e-19,-2.107805668818853e-11,5.072282878582504e-16,4.136327161193589e-16,3.9705419579438367e-16,2.4796482302018137e-19,1.7633060213005836e-19,3.8303653642726946e-16,5.076757255888388e-16,-1.0559553199681721e-14,4.891373488834909e-16,3.566521095990174e-16,4.1357899606251783e-16,4.311176390893826e-16,4.068956567842746e-19,-2.1077633674497224e-11,1.173163534854796e-19,3.4175661272041866e-16,4.1410274243428874e-16,9.519795719810002e-19,3.8788105267454495e-16,4.3106053603842903e-16,-1.0559192491361817e-14,4.4264763335932865e-16,2.7956887742289596e-19,3.6956393416337304e-16,1.8566156825190306e-19,2.447567566060748e-19,-2.1077843880652632e-11,4.2268945879292727e-19,-2.107799603159433e-11,4.386813683521368e-19,6.106739612021232e-16,4.1158171423661557e-16,1.8485379519735964e-19,-1.0559441490465408e-14,3.7686878251679847e-16,3.67631027455556e-16,-2.1077834991225627e-11,3.1048106304726784e-16,6.283301951861201e-19,3.9881623750277164e-16,-7.036386602054661e-20,4.3371792420816514e-16,3.8914303832300807e-16,3.985626191222807e-16,-1.0559428228338891e-14,3.7421906383513147e-16,4.027272476747437e-19,5.314780260478751e-16,4.177283369751489e-16,3.822879980800536e-16,-1.8145560996519087e-19,7.731284018292021e-19,3.706142536218048e-16,-2.107774668635284e-11,1.6393711964533253e-19,2.020728625169553e-19,4.21237457695527e-16,8.73107048097885e-20,3.2205219662274052e-19,3.7792204522211e-16,2.7776591115833434e-16,3.6666312060747763e-16,3.5928502091637453e-16,4.444412266951799e-16,3.2949056539863217e-16,3.59452228574136e-16,1.8317970120522268e-19,-2.1077803967342585e-11,-2.1078203954550025e-11,4.0727986648966803e-16,5.432335057535798e-16,2.3779332419955804e-19,-2.1077660433552798e-11,2.293250253570194e-19,2.949527116607151e-20,3.454081993142512e-16,4.295628565612535e-16,4.0478575971033544e-16,2.69649842220324e-16,-2.1078131723247398e-11,2.045152816060797e-19,2.8314397231973683e-19,2.066115375623918e-19,3.068213927173079e-19,8.56088596877088e-20,3.54772235628538e-16,2.0672470651797757e-19,3.769670256876213e-19,5.838297391223469e-16,4.931938316685679e-16,1.636796620236494e-20,1.5473789251917102e-19,4.993681924253443e-16,2.076032861142655e-19,-1.055946683822033e-14,1.6000847092710442e-12,3.9535153714515944e-16,6.003319819783495e-16,4.945040847887233e-16,4.3874653371786537e-16,3.507681308382162e-19,4.532624224081044e-16,-1.055958792971425e-14,3.376797021659673e-16,-1.0559718195087066e-14,-1.056004875395866e-14,3.9250959101233336e-19,-2.4070346528456896e-20,4.26805940631465e-16,4.664662062562199e-20,3.4658157279502404e-16,-1.0559702619024683e-14,1.8752229958337217e-19,1.4700921056735804e-19,3.59236816885624e-16,-2.107808193329643e-11,5.70828468398138e-20,1.9234861102861783e-19,3.8678555631565747e-16,2.0625349096160546e-19,4.091156922198311e-16,3.7673917084763123e-16,1.7300882190781025e-19,1.800478339580729e-19,4.808175226710562e-16
-7.894959679046227e-12,3.349990349585821e-19,1.536962091123689e-19,-1.0340753861887521e-11,4.248360772270569e-16,2.1534931044620366e-19,2.8119387354547995e-16,4.376121951846194e-16,4.254868413522342e-19,2.2928971609862253e-19,2.7502561612375914e-19,-5.180229815936291e-15,3.0386947754101023e-19,8.994797300945419e-20,3.6878371378406003e-16,3.5543894740619074e-16,2.36299537125498e-16,-1.0340381673878479e-11,4.3800773490605155e-16,1.0623658614892965e-19,2.5408266211195567e-19,3.510867490957562e-16,3.623718141002142e-16,4.0922286155021334e-16,-1.0340637421655418e-11,9.995543408430117e-20,4.08609363669569e-16,3.4463988637544963e-16,2.084143902461363e-16,2.8650273136507057e-16,-5.180175999562911e-15,8.755684019510753e-20,-1.0340623507365513e-11,4.394530541420901e-16,3.307913216959661e-19,4.301022879200327e-16,1.8120863904668427e-19,-5.180436953326233e-15,7.346694129854611e-19,3.640817100413522e-16,-5.1803286527004466e-15,2.2451616544077367e-19,3.2646168820874547e-19,3.3753215853601314e-16,-2.198257294947658e-19,-2.145461757886094e-19,3.308095049134861e-16,4.108842638009557e-16,-5.180578800909316e-15,3.38852589218507e-16,3.700182446340533e-16,7.182813867042411e-20,4.540743080970842e-16,3.19364514941726e-16,3.8734872974265933e-16,5.477127551564026e-16,7.77426836449641e-20,-1.0340381218152923e-11,4.126668761006385e-16,3.1489667407830306e-16,1.60932729881195e-19,1.5761148433521935e-19,6.681236820647624e-19,6.325452819171558e-19,6.795186914091529e-19,1.815953290062454e-19,3.627906072935391e-16,4.3184616077560535e-19,3.0016653020571304e-19,2.722473281391535e-16,-1.3997229163931276e-19,-5.180465816950138e-15,-5.180857243853907e-15,5.831920856457866e-20,3.9526503731981966e-19,4.154106432135979e-16,-5.179974031351521e-15,5.6261216199085e-19,8.523374956243422e-20,3.510480423187646e-16,2.515764838828942e-19,3.157354402769658e-16,3.6803908990601977e-16,-5.1806771382061825e-15,3.938781282542767e-16,3.8051181927000186e-19,3.7052066289910163e-16,1.361496952752937e-19,3.4282405752203153e-16,-2.1528224745356694e-19,2.1926713915788887e-16,3.63865395605288e-16,6.160449221881993e-16,5.350556755439829e-19,1.0848979957441686e-19,4.458910594171428e-19,2.192595532300093e-19,4.3182786106916776e-19,-1.0340545757560531e-11,3.9535153714515944e-16,1.6000082288989953e-12,5.273797603832282e-16,3.587345994163306e-16,4.415538469077615e-16,2.9203278012950865e-16,-1.3631238026731257e-19,-1.0340547698243935e-11,3.116365961042078e-16,-1.034108668232349e-11,-5.180568357718342e-15,6.09299361003554e-19,3.211744793365348e-16,3.553385352092246e-16,4.545157296967255e-16,-3.7553481900391544e-19,-1.0340639994021611e-11,3.486949270004897e-16,1.5573331015599275e-19,3.190298539272976e-16,-1.0340738531103721e-11,-2.3712795734878963e-19,3.5540715007397663e-16,3.635102296163927e-16,3.409705173420125e-16,-1.739832129568066e-19,3.165340097638642e-16,1.6517076096793857e-19,3.9260163888750976e-16,3.8088698890861228e-19
5.825135045111635e-11,1.7474618445921696e-19,2.911112386710229e-19,5.581834286127685e-11,3.266528540257047e-19,3.5913633497155657e-19,1.094902231130438e-19,4.720423247949547e-19,1.7785476079869387e-19,4.913938898563358e-16,4.780217611084586e-19,2.7963510556699782e-14,6.105322023570941e-16,6.139582525760382e-19,4.0341469274172786e-16,6.283132497021103e-16,2.6001909367478606e-16,5.5819082556511155e-11,2.7292516424820713e-19,5.222156700980719e-16,5.300345820689422e-16,1.873323258566719e-19,3.6322489642822653e-19,2.3114104865289515e-19,5.581859985711607e-11,5.993172496944387e-16,1.9950113442171694e-19,4.574907887579904e-16,2.0217835838109368e-19,2.970612390670579e-19,5.581844129184772e-11,2.920801493913889e-19,5.5818231399199374e-11,1.1759973566725026e-19,5.681970982673698e-19,-4.4603409788086345e-20,-3.992722575351563e-19,5.581825405201043e-11,4.2644197707158105e-16,5.157832439213956e-16,5.5818710535199756e-11,4.22612342394237e-16,4.0705633450489134e-19,-4.307217104092135e-19,1.4376891777690555e-19,6.28069374681282e-16,3.415460288711733e-16,4.975534291877113e-20,2.7963841501969168e-14,2.7571226027855074e-19,6.575995960369563e-19,6.456062393310172e-16,3.80374972951518e-16,5.064023446935599e-16,5.529451450538576e-19,9.8502077833953e-16,5.081237306114924e-16,2.7962768316657434e-14,4.729584283975785e-16,2.6786011103214016e-19,7.877690211593421e-16,2.6009843371339134e-16,2.9001662003531823e-16,5.637240559871993e-16,9.952270941823158e-20,6.578090429553036e-16,3.2487496477584324e-16,6.14649139728269e-16,2.1075593752386257e-19,5.9774651762361375e-16,3.0616623208431563e-19,5.5818617198559126e-11,2.79638072945866e-14,5.213481861567554e-16,8.940347086158522e-16,1.4775760233705634e-20,5.58189285141561e-11,8.09510795890655e-16,3.2048455965342896e-19,3.580075845968697e-16,2.4933538634844466e-19,2.814110527182868e-19,4.2119674055725e-17,5.581811774904246e-11,3.514832559308583e-20,1.9713782843266203e-19,4.854819426340526e-19,1.8706384391519655e-16,5.736517406314784e-16,4.563598485995879e-19,3.1144515101369875e-19,8.317285477553915e-16,2.1841032817416386e-19,4.255697132771279e-19,4.9746722080523565e-19,-3.379002252843009e-19,-2.9728034340030607e-19,4.484779876818286e-16,5.581846036127345e-11,6.003319819783495e-16,5.273797603832282e-16,1.6003276249089414e-12,6.868827302568762e-19,-1.3865794839325436e-19,4.0316665728762115e-16,6.66025638017939e-16,5.581843120356923e-11,1.5977536033691652e-19,2.7963705896970358e-14,5.5818302339431855e-11,6.505664137604526e-16,4.615886413241026e-16,6.766194202703933e-16,3.3900533482276663e-16,2.184828380431886e-20,5.581872965318804e-11,2.845453193089637e-19,6.043548693271689e-16,-1.0538951287505135e-19,2.796386098122604e-14,2.375185316904124e-16,5.686231070566071e-16,4.2068986919359445e-19,3.17104329599469e-19,6.41455722379787e-16,5.801392248202227e-16,6.322981811030497e-19,4.0694310113603163e-16,1.0827676935865977e-18
9.424936035765299e-12,6.279041758613184e-19,2.8207358648677046e-19,6.9859789027322925e-12,7.598478304000097e-16,2.4477146188374034e-19,4.0720436395970664e-16,1.2796041466652952e-19,1.53927643200017e-19,2.6594354426112945e-16,6.204089360898535e-16,6.986296160445794e-12,3.1674211616671664e-19,1.4044224985868753e-19,2.706784533435423e-16,4.2728516529257867e-16,2.6803080293718897e-19,6.9864920505745836e-12,2.809455010882428e-20,1.2856323733628277e-19,5.361086182883133e-19,4.873799118946722e-16,3.905410090285884e-16,2.7775044703308413e-19,6.986002535436341e-12,5.733578477597797e-16,5.008200774606226e-16,1.7975582768890585e-19,4.9815495514986684e-20,2.998824031261834e-16,3.499908324374058e-15,6.130991914455302e-16,3.5000142274537576e-15,2.4225872801742167e-19,4.412130765135493e-19,3.841308190129386e-19,8.190461953165896e-20,3.4997634051159165e-15,3.8058792700580533e-16,6.392625514091245e-16,6.986482386145368e-12,1.5668022980617988e-16,4.787289583804312e-16,1.9192431056487377e-16,7.179673916479205e-19,6.647700811541956e-16,5.0242674397466775e-19,4.3089029173201463e-19,6.9862318092579904e-12,5.602655730979821e-19,4.270012841164214e-16,7.633238485096994e-16,-1.5617114839588195e-20,4.578042766386969e-16,5.883011302293523e-16,8.155687583725033e-16,3.2289883138945443e-19,3.4998306498991573e-15,4.837099748430397e-16,5.979106653215021e-16,4.472661660144529e-19,2.721264292891458e-19,-4.033569868302153e-21,1.6994850397613198e-19,2.1148694048009144e-19,2.0447251100810124e-16,4.552448146135887e-16,1.8997327407662737e-19,-1.1797018724558767e-19,8.552747060111678e-19,2.524239469559353e-19,6.986466628849927e-12,6.985705411205274e-12,5.18796309700968e-19,-5.8900247406527795e-21,3.0558672123441445e-19,3.5001726095069676e-15,7.821003411215481e-16,1.3864565014297327e-19,4.443212375949541e-16,4.706592961981934e-16,1.887305602436045e-19,4.2089866162460415e-16,3.4996311705511694e-15,5.472569653195738e-16,1.4171548596257047e-19,2.1558376391491142e-19,9.96816475097411e-20,5.851469115468261e-16,2.234685526689036e-16,1.1393172151007422e-16,2.806739395786896e-19,7.095312520840163e-16,3.315553319216788e-19,4.951310543102838e-16,3.742640073738128e-16,9.062418383825058e-21,4.483293909366062e-16,3.4998893039758667e-15,4.945040847887233e-16,3.587345994163306e-16,6.868827302568762e-19,1.6000451317783445e-12,5.468896431220051e-16,2.1061094058393253e-16,5.425509669122081e-19,6.986310280575434e-12,2.4625264834061083e-19,3.4993374274472002e-15,6.9859556275099985e-12,7.316744180056375e-19,3.280954193762628e-16,6.388039533957522e-16,6.507479179773226e-16,3.1795464211244397e-19,6.986204063781414e-12,5.334220592040303e-16,9.458991137644283e-20,2.9992916427866547e-20,3.4993382099119076e-15,1.9792244102714386e-19,2.39631557286516e-19,4.0922583728136307e-19,3.506139022859628e-16,3.97921377087875e-16,4.1159089123067134e-19,3.0303556481111455e-19,-1.4234606205043477e-20,6.642772002816586e-16
-9.293583283688192e-12,7.933307381036655e-19,6.353561902127996e-20,-1.1740300656639015e-11,2.6951899150160124e-16,3.013210083477757e-19,-1.4030530104959989e-19,3.5711477598065184e-19,2.724919155400492e-19,5.055555263430692e-16,4.4403005832624757e-16,-1.1740219824497457e-11,2.974211924343038e-16,3.2030558301386294e-19,5.621896778772839e-16,4.2701861662080978e-16,3.1184542958759507e-16,-1.17399364423522e-11,1.0529454852590854e-19,4.184044157640027e-16,1.9401404390844087e-19,3.6344362689786786e-19,4.094183501164154e-16,1.196303467361012e-19,-1.1740016939385426e-11,3.0285486062917483e-19,4.250661005916846e-16,6.445718456273033e-19,1.7603543898024383e-16,2.156427026691278e-19,-1.1740334274505507e-11,3.843769357250781e-16,-1.1740158635473971e-11,1.1394301686870977e-19,6.806958452263542e-16,2.7034117596315057e-19,1.9948942524255988e-19,-5.881408108049333e-15,4.030410365469265e-16,1.1227547376842003e-19,-1.1740295750262992e-11,4.704840429073481e-16,3.3676700554264065e-16,2.360862311734499e-19,3.1638914173262333e-16,2.332126005214348e-16,6.040681831918799e-16,3.313627583972159e-16,-5.881548047460361e-15,2.0721584745442999e-19,1.936211860869359e-19,1.720969542738315e-19,4.4233017283520633e-16,1.813172895086596e-21,3.3145311223635137e-16,4.914500649525544e-16,4.16492604147929e-16,-1.1740105490005895e-11,4.0403500167467096e-16,1.6188038534343533e-19,1.588841495467275e-19,2.605502348008775e-16,4.922436886750974e-16,1.9624107655244379e-16,-1.9309731209047771e-19,2.912692850141033e-19,3.0360557317992547e-19,2.4661932858674245e-19,2.128297291994468e-16,2.6788907354541353e-16,3.4140545088056253e-16,-5.8816731204763554e-15,-5.882068818832059e-15,5.637362710696056e-20,3.6746272215720963e-16,1.1504705378468061e-19,-5.881640618648384e-15,2.0640133107209187e-19,5.35592270770428e-16,2.892542757319772e-16,-2.868573463994726e-19,3.7418884687075633e-19,5.820432098654025e-20,-5.8816223114425796e-15,2.8114360055800447e-16,4.567070531276784e-16,3.481249133644741e-16,1.7551821948109783e-19,2.600365326830099e-19,2.5892549326732943e-19,5.997296518081503e-16,5.46539085459169e-16,2.977229317930337e-20,3.645707071720245e-16,2.352474644383865e-19,9.2336214770656e-17,2.224792654917286e-19,1.3432583949571797e-19,-5.881662932717272e-15,4.3874653371786537e-16,4.415538469077615e-16,-1.3865794839325436e-19,5.468896431220051e-16,1.6000596736869951e-12,5.39686319042504e-19,3.9876104558232924e-16,-1.174030309254398e-11,1.906794267845521e-16,-5.881826411054096e-15,-1.174041374907596e-11,2.7335646627460315e-19,4.3521946351386514e-16,2.1345651610571767e-16,2.0058924140502614e-16,1.1432787989296086e-19,-5.881263477580496e-15,3.2661813985245335e-19,2.1841531814351734e-16,1.3499006033168488e-19,-5.882076172850538e-15,8.620994205057451e-20,3.31815492276246e-16,1.1076583441784693e-19,1.4054446473259868e-19,3.26863992176294e-19,4.557147166699589e-16,1.2565105240434627e-19,2.3405268552811906e-19,2.332863293182033e-19
-7.897972655990144e-12,3.6333044708047644e-19,-4.564887470191293e-19,-5.181460802986621e-15,1.1103424133002987e-19,3.7036288707826833e-19,1.8334699185740898e-16,3.2966286065412286e-19,3.261255931053995e-19,2.4650472114811684e-16,2.3304983059425043e-19,-5.181272386862566e-15,2.8631543449680195e-19,3.988041252223696e-20,3.8394051204934126e-16,2.850042583970373e-16,2.585614478431281e-16,-5.181088741582472e-15,2.1287303548982029e-19,8.376801461533783e-20,3.468322831834528e-16,1.6375849933547738e-19,3.7661384562613903e-16,1.2988442828607484e-19,-1.0342722084698602e-11,3.5385732754807267e-16,2.390998888029444e-19,1.7367300078565375e-19,1.8422168649148435e-21,1.9751031258742294e-16,-5.181515930141535e-15,4.678807588927753e-16,-5.181383833973115e-15,2.721668609302507e-19,9.128401676076507e-20,5.022879803874887e-16,3.626978023432418e-16,-1.0342546307412658e-11,1.936152852887494e-19,2.2903619547137377e-19,-1.0342478923421643e-11,1.8005799236871903e-16,-1.7394635523075358e-20,2.9556324071269345e-16,2.5750224962829213e-16,4.0660797475974564e-16,3.246175192417501e-16,4.7058111823846585e-16,-1.0342746911805067e-11,3.410531336554719e-19,4.3665958942942613e-16,5.503889966256956e-16,5.511163955242873e-16,-7.027053081212024e-20,2.2604135639674843e-19,4.627900167669811e-16,2.6942061199722644e-16,-1.0342298777943443e-11,2.584001280224241e-19,2.0246822391301312e-16,1.4786729145508162e-16,3.3873320347788104e-19,3.312165968199834e-16,1.80875307090748e-19,2.3858418504392615e-16,-2.531212883139796e-19,4.3961947332543287e-16,1.8027547410670947e-19,1.6442476713689192e-19,1.9413999075851068e-16,2.5894316622174107e-16,-1.0342417944696026e-11,-5.1814805966977184e-15,2.928745479812448e-16,4.1283242697365033e-19,4.397850273884597e-16,-1.0342262933960785e-11,5.163482573494447e-16,1.2531276660796946e-19,4.0601663046406316e-16,4.177478385546924e-16,4.016541721137986e-20,4.055314765282082e-19,-5.18143934580075e-15,4.421056522741905e-16,2.3014493054434797e-16,-2.4814487522405846e-19,3.8239649615389426e-16,3.5093870748595366e-19,6.787831646335966e-20,1.919108960048833e-20,3.640207628114404e-19,4.429438987065698e-19,3.159834309850743e-19,3.175121319541627e-19,3.747471754656171e-16,5.969726000797267e-16,1.4838049134157424e-19,-5.18141151018026e-15,3.507681308382162e-19,2.9203278012950865e-16,4.0316665728762115e-16,2.1061094058393253e-16,5.39686319042504e-19,1.5999970269949102e-12,3.5999809057531343e-19,-5.181301430077071e-15,4.29046905469237e-20,-5.1814590358650205e-15,-5.181451131133385e-15,8.567487664792395e-16,2.9808074352968384e-16,2.981008281800873e-16,6.02735951435268e-19,3.879235967863616e-16,-5.181015904530076e-15,2.869228535444477e-19,2.164888702658025e-16,8.828358157544394e-20,-1.0342657897644877e-11,1.9074965243072704e-19,3.1434667714134895e-16,5.028460919766407e-19,2.6580691538595344e-16,6.48023428293041e-19,1.2561662433218596e-19,3.914068292210247e-20,4.478503492566761e-16,3.083529672840112e-19
4.362043386993688e-11,3.580325388350235e-19,2.7310675945503557e-19,2.0628883757271635e-14,4.885431639254231e-16,4.2007626898086246e-16,2.1775926779451546e-20,4.730257319915322e-16,2.7566409744474383e-19,4.03919407796181e-16,2.472874952591151e-19,2.06287570811229e-14,4.0472230572633716e-19,3.875630318750134e-16,4.010790058538474e-16,4.44977894362023e-16,7.006262533879568e-21,4.117838920378377e-11,5.531215249456126e-19,1.3564548782361989e-19,5.2562139608512e-20,2.724679369018441e-19,3.5531116659347017e-16,1.0140185580669136e-19,2.0629305254518355e-14,4.256927300833935e-16,1.2777580741168287e-19,4.195686995058886e-19,2.373777480428206e-16,1.9544795655990458e-19,4.117805698068917e-11,4.380654859558213e-16,4.1177951059822717e-11,2.6150486248405833e-16,5.980192304403335e-16,4.410689077078138e-19,1.5708130828891794e-19,4.117788091098284e-11,3.6549199365582365e-16,3.3615788404692755e-16,4.11781360749916e-11,9.756274381341454e-20,2.9616403442300887e-16,1.8616655302932356e-19,3.037609468514559e-16,2.3701677852351e-19,3.6436261070144865e-16,3.381811828163837e-16,2.062938556044051e-14,1.9244979882291165e-19,3.1105372420218086e-16,-1.9824567821143918e-19,1.93951085352193e-19,2.508738918242923e-19,2.1313274135746737e-19,6.500136488821154e-16,3.81852879969015e-16,4.1178172750237595e-11,3.8483384234017583e-16,4.165001546285018e-16,4.70752454983305e-16,-5.459007640243129e-20,3.081147377163506e-16,1.550151940167553e-19,2.9001947160865766e-16,4.703947721642333e-19,3.2860779889212956e-19,4.419380981546261e-16,2.197792497568388e-19,3.844715341555539e-16,3.399787364450006e-19,2.0629153700979267e-14,4.1177790085960154e-11,2.301001411660606e-19,4.981098147833824e-19,2.107138485802363e-19,4.117829080205272e-11,2.8672705852115206e-19,3.4809376623661373e-16,6.906213625114057e-20,3.688707388221651e-19,4.3021249005768165e-16,-5.705915687179103e-20,2.062893380944351e-14,3.4399510184315153e-16,4.522614872522278e-19,3.8008627682653915e-16,2.792055283846623e-16,1.6372477121606102e-19,3.789577045348955e-16,4.2933685926810936e-16,2.730032349642553e-19,6.567948329123613e-19,-2.3858147054353465e-19,5.968921909907373e-16,1.3917729505718625e-16,1.5094521920188653e-19,4.688853394041427e-19,4.1178004422197293e-11,4.532624224081044e-16,-1.3631238026731257e-19,6.66025638017939e-16,5.425509669122081e-19,3.9876104558232924e-16,3.5999809057531343e-19,1.6001013714903623e-12,2.0628869862638047e-14,3.0787737139339466e-16,2.06288574117395e-14,2.0628832949627086e-14,5.905928014905681e-16,3.2988821525215747e-19,3.2862526512757023e-19,3.157804430744803e-16,3.2902299917968245e-16,4.117812172414863e-11,3.599328107303854e-16,3.6611292123783775e-16,3.998622724620326e-19,4.117788224491123e-11,9.846451651975679e-20,3.542306104062999e-19,2.4549004308426497e-19,2.1277727367685936e-19,4.569148557863386e-19,8.915670704287695e-20,4.2123020034145263e-16,1.5746317180200976e-19,2.0691539949015092e-19
0.9999999999811002,-1.3996341830975527e-15,1.1775146437065863e-14,0.9999999999806763,-1.959792790911974e-11,1.1406674537389752e-15,-7.186758822488859e-13,-3.703606059004103e-11,-1.5510087115866066e-11,1.4865502046666322e-14,1.319346528026466e-14,0.9999999999756072,-6.9099103239639695e-15,-2.316483832722346e-15,-1.7547816307280785e-11,-7.115608004933042e-16,9.364885836238193e-16,0.9999999999890082,-2.0217052108723716e-15,-7.3226797114522205e-16,-1.230298762313681e-11,1.424563721617516e-15,-1.3817965984306066e-11,-7.424954920442874e-15,0.9999999999762765,-1.4923401200469216e-11,-5.86449312029378e-12,9.198674141641523e-15,1.8211714640471543e-15,1.88741462635911e-11,0.9999999999761198,-3.476534558681297e-16,0.9999999999710176,-6.265348173869063e-16,-1.059172984154244e-10,-4.7032943257569364e-11,-2.818150425676169e-15,0.9999999999784284,1.759859230147141e-11,9.61178841066388e-12,0.9999999999934595,1.0633218807185915e-14,-8.989421931801539e-15,3.8732228553638305e-16,9.04645204278303e-13,-1.885748910306644e-11,5.046196628489213e-15,-1.82528272727235e-11,0.999999999960075,5.901404980543125e-16,1.3107384755595207e-12,6.447392656439513e-12,-1.5182611861559806e-14,6.294287552628422e-15,1.5356234624513265e-11,1.837094150612128e-11,-4.7645819389089086e-15,0.9999999999752142,-1.307500901042123e-14,-5.30219489688956e-15,2.7254669841170357e-15,-2.8661349132137975e-12,-1.1464066304424888e-11,2.441980470601614e-15,2.3568140123288758e-15,1.799133982518813e-15,-8.504473997885626e-16,2.7329671737693743e-15,1.601412741275417e-11,3.727036278869259e-15,7.346320388071139e-15,0.9999999999976934,0.9999999999786842,9.843109855273391e-12,4.9672377797069135e-14,1.5733415232824065e-11,0.9999999999931035,4.3000068954740904e-11,-2.8632601763520294e-15,-1.3718153750346856e-11,-1.3104237559618709e-14,1.6062836773252617e-14,-8.814925296062752e-16,0.999999999973495,6.770979848953665e-16,1.610271810608042e-11,5.398942038766554e-12,1.362778046847592e-14,4.948455929089258e-15,-2.4070860519386e-12,-6.975545248492548e-15,5.745220326248735e-15,-2.0452614301256936e-14,-5.138808597947111e-11,-2.454092086847158e-11,-1.7542542091725795e-15,-3.06891119111782e-14,2.475135371694543e-16,0.9999999999800401,-1.055958792971425e-14,-1.0340547698243935e-11,5.581843120356923e-11,6.986310280575434e-12,-1.174030309254398e-11,-5.181301430077071e-15,2.0628869862638047e-14,0.9999999999671377,-2.7830475133161786e-15,0.9999999999521016,0.9999999999768949,1.0402422607842004e-11,5.797795267704095e-12,3.3074155296029438e-12,1.3560233707320001e-12,-1.841661604509806e-15,0.9999999999816949,1.794877196901312e-15,9.917948575964767e-15,-9.745946656986019e-16,0.9999999999867417,-1.4465454650371518e-16,2.383953299276927e-15,-1.698552986575582e-14,8.36526387454827e-15,-3.1675613317087926e-16,8.966860076233458e-15,1.0338559374545197e-11,-8.810507911270534e-12,-4.5804785196210985e-11
-3.115393549888893e-12,2.2757545954054008e-19,-1.3524326476408175e-19,-2.782915182292805e-15,3.2052913732765027e-16,6.535266400075539e-21,3.590549252945664e-16,4.3484389167027266e-20,2.549414725912764e-16,-6.961936271863553e-20,3.115736953729595e-16,-5.555089199234136e-12,4.737477524389166e-20,-2.4698715737297246e-19,2.762924214204103e-16,4.791069660547001e-19,-1.8031482790787292e-19,-2.782871893617301e-15,2.462028787000311e-16,3.770379423524504e-16,2.924772444557235e-16,4.055364211629213e-16,1.2262551057684658e-19,1.383648918691937e-19,-5.554773084532869e-12,2.9965256591974637e-16,2.6556558682891475e-16,1.8799508945014055e-16,-2.325385856592323e-19,-3.3858796547765744e-20,-5.5551024545850345e-12,2.6493040152493866e-16,-2.7826679094362925e-15,-3.082752268173097e-19,3.607541074289526e-16,-6.994932009477382e-19,-4.366696982909833e-19,-2.7831188873583785e-15,2.163137156706568e-16,4.304330821650813e-20,-2.7830784191074e-15,3.1415930369279406e-16,2.214754483094212e-19,3.5919194674734674e-16,2.295282475082338e-19,7.350826628337671e-20,2.0162231965274031e-19,1.7514085746280266e-16,-2.7828671984844948e-15,7.565507380055204e-20,4.639995544783227e-19,2.3714219737293e-16,1.327816465733277e-19,2.598987877605021e-16,-2.0233876509080936e-19,4.512901698654272e-16,-1.559926986636923e-19,-5.5549247619239126e-12,2.204715547704108e-16,3.324657007701824e-16,2.899640882711645e-19,7.004754119183683e-20,3.2715812535813766e-19,2.011231567435555e-16,1.456548609834379e-16,4.770422489533115e-16,1.1836685607776172e-16,3.459923084948591e-16,-1.5422130155190656e-19,2.8954740234929504e-16,3.410232177044427e-16,-2.7830859434136504e-15,-5.555067106643358e-12,2.4528567856867607e-19,3.4588511023888836e-16,1.5910810492981336e-19,-2.783029367997576e-15,8.275572512545679e-20,2.969730956299023e-19,1.373598801751644e-16,2.426349617517412e-16,-6.468343815640138e-20,-7.567629992523358e-20,-2.783063338713429e-15,2.8723331748553396e-19,1.757241533859934e-19,2.665428216394354e-16,1.5830153660768987e-16,1.5237489626257827e-19,6.37402069251616e-19,5.033697800188624e-16,-3.227892006958362e-19,2.4925462453140145e-16,1.170630023946426e-16,5.827814405613978e-16,-2.6111702014245757e-17,-6.102812994315669e-20,-1.5723996269788208e-19,-5.55508722900853e-12,3.376797021659673e-16,3.116365961042078e-16,1.5977536033691652e-19,2.4625264834061083e-19,1.906794267845521e-16,4.29046905469237e-20,3.0787737139339466e-16,-2.7830475133161786e-15,1.599956747782437e-12,-2.7835300521710644e-15,-2.7829825550920952e-15,4.858670937432289e-19,3.0919385740558804e-19,2.9194355467459475e-16,-4.2730974098889835e-19,1.4871338424132384e-19,-2.7824800183284146e-15,2.3296897831314427e-16,2.540465547824451e-19,1.1055942934475238e-19,-2.7832058947605323e-15,1.3303906662571646e-16,3.114696089455918e-16,2.673539392366585e-16,1.2762920279719186e-20,2.6993941971826155e-19,-2.457310724461839e-19,3.947388487078104e-16,7.04287730147298e-20,-7.729053338804576e-19
0.999999999967688,-1.4001135985684519e-15,1.1774571601163114e-14,0.9999999999672542,-1.9598302454817147e-11,1.1405399610619028e-15,-3.604763077280175e-16,-1.855418776779549e-14,-7.770480696459654e-15,2.967273857465018e-11,2.6335143964411783e-11,0.9999999999621821,-1.3792878806087089e-11,-2.3165457167400975e-15,-1.7548391475861886e-11,-1.4214560571462967e-12,9.36397723256633e-16,0.9999999999755872,-2.0216704241699715e-15,-7.325258569946961e-16,-1.2303454400268634e-11,2.8434980411769223e-12,-1.3818417032031507e-11,-1.4820716960226834e-11,0.9999999999628534,-7.476714516164875e-15,-2.9380395754285936e-15,9.198074122990898e-15,1.8210605921898995e-15,9.455539114176395e-15,0.9999999999626975,-6.93426960874729e-13,0.9999999999575966,-6.266616169365277e-16,-5.3062595679437867e-14,-4.7033205571721946e-11,-2.8184114087780806e-15,0.9999999999650059,8.815996201989449e-15,4.815070601165275e-15,0.9999999999800374,1.0632986342759622e-14,-1.7943915782394395e-11,7.726345463439438e-13,4.52984519345173e-16,-1.8857811977569822e-11,1.0071696597332626e-11,-1.8253213255775766e-11,0.9999999999466544,5.895766501997183e-16,6.562315762824487e-16,3.229828949164762e-15,-3.0306183152892294e-11,1.2564213503368603e-11,1.5355823165330177e-11,1.8370280265765564e-11,-9.511426719118733e-12,0.9999999999617918,-2.6099277863785166e-11,-5.302280147667138e-15,2.7251042475204753e-15,-1.4361849320562347e-15,-1.1464575619426469e-11,2.441788769967339e-15,4.703872792458485e-12,3.5903299016670986e-12,-8.508186019839912e-16,2.732685577436219e-15,8.022447480978331e-15,3.726941152894457e-15,1.4664394740301895e-11,0.9999999999842701,0.9999999999652615,9.842703061371659e-12,4.967210280391152e-14,7.88180889807324e-15,0.9999999999796804,2.154179175776742e-14,-2.8634546963637306e-15,-6.873620735831071e-15,-2.6158983600973548e-11,1.606211757857973e-14,-8.815300077550815e-16,0.9999999999600733,6.771174032507659e-16,8.06664319636038e-15,2.70474409071971e-15,2.7202187824084695e-11,4.948723958708643e-15,-1.206287892187615e-15,-6.975943111676017e-15,5.744745270860346e-15,-2.0452777402525733e-14,-5.138852842646118e-11,-2.4541689338108556e-11,-1.7546272855850488e-15,-6.125927591248792e-11,2.4710726273689856e-16,0.9999999999666169,-1.0559718195087066e-14,-1.034108668232349e-11,2.7963705896970358e-14,3.4993374274472002e-15,-5.881826411054096e-15,-5.1814590358650205e-15,2.06288574117395e-14,0.9999999999521016,-2.7835300521710644e-15,0.9999999999402968,0.9999999999634738,5.211391128593787e-15,2.9041707129807017e-15,3.3070922433285556e-12,1.3558381000330888e-12,-1.8419162971099146e-15,0.9999999999682718,1.7945734243290123e-15,1.9797084501345858e-11,-9.74838308934972e-16,0.9999999999733216,-2.8901519539977343e-13,4.758577157551638e-12,-1.6985905227086588e-14,8.364808109414346e-15,-3.167770027986438e-16,1.7898215180363913e-11,5.1786188454075326e-15,-8.810870768178612e-12,-2.2947317910048e-14
0.9999999999924843,-1.4001663905827165e-15,1.1774663973578446e-14,0.9999999999920482,-1.9597814966163428e-11,1.1407648525120543e-15,-7.188006665575981e-13,-3.7036489724988113e-11,-7.770109785563123e-15,2.967293842456428e-11,1.3193384360829552e-14,0.9999999999869779,-1.3792420586520095e-11,-2.3164946315197396e-15,-8.790823821991171e-15,-7.116708245443554e-16,9.36669920790736e-16,1.0000000000003813,-2.0218640419047896e-15,-7.323164551919009e-16,-6.163453025333356e-15,1.4245534351787835e-15,-6.922661192385398e-15,-7.424687453775037e-15,0.9999999999876489,-1.4923451513784752e-11,-5.864638767979221e-12,1.8361259422810315e-11,1.8212124135238356e-15,1.8873857472026227e-11,0.9999999999874915,-3.4738150049730335e-16,0.9999999999823909,-6.266189935233963e-16,-1.0591772664768176e-10,-4.7032829767638636e-11,-2.8183142862456124e-15,0.9999999999898013,8.816156049304002e-15,4.815308054031265e-15,1.0000000000048335,2.122487316295618e-11,-8.989077563859117e-15,3.871466253863042e-16,4.533633854760817e-16,-9.447281312863693e-15,5.0458912399530724e-15,-1.825294732023438e-11,0.9999999999714482,5.897034806128429e-16,1.3106183801346596e-12,3.229913574268901e-15,-3.0305907931532167e-11,1.256450785764763e-11,7.693002807529503e-15,1.837084416648871e-11,-9.51117856918626e-12,0.9999999999865864,-1.3075197657873658e-14,-5.302300955612916e-15,2.7256073165500527e-15,-1.4357246818511788e-15,-5.743837976821193e-15,2.4418493974586516e-15,2.35659747268511e-15,1.7989771829922788e-15,-1.6981199435219558e-12,2.732637640654375e-15,8.022841390950197e-15,3.727066602597587e-15,7.34652504799587e-15,1.000000000009065,0.9999999999900566,4.930985209746738e-15,4.96721398112131e-14,7.881640960499044e-15,1.000000000004475,4.300003431593651e-11,-2.863259504273429e-15,-6.8726005622459055e-15,-1.3105038258302828e-14,1.606295832070055e-14,-8.812771576265124e-16,0.9999999999848668,6.770201031730769e-16,8.06628618898985e-15,5.398831123294213e-12,1.3627744782175104e-14,9.878314968673456e-12,-2.407445100324712e-12,-6.975839363359514e-15,5.744800039852246e-15,-2.0452915439040824e-14,-2.5744087726833292e-14,-2.4541262427146884e-11,-3.5017550887466624e-12,-6.125896452982724e-11,4.946195700612289e-13,0.9999999999914114,-1.056004875395866e-14,-5.180568357718342e-15,5.5818302339431855e-11,6.9859556275099985e-12,-1.174041374907596e-11,-5.181451131133385e-15,2.0628832949627086e-14,0.9999999999768949,-2.7829825550920952e-15,0.9999999999634738,0.9999999999898662,1.040243288750236e-11,2.9042940277915127e-15,3.3075040920384037e-12,6.79297797349752e-16,-3.6762036587407696e-12,0.9999999999930658,1.7948241198072634e-15,9.917243005767445e-15,-9.747388508909203e-16,0.9999999999981144,-1.4474926824195e-16,4.75889815255006e-12,-3.39052159932602e-11,1.6697454610934832e-11,-6.31960386667233e-13,1.789849182621333e-11,5.179364350965732e-15,-4.414340362710963e-15,-2.294752857355939e-14
1.2839148752207712e-11,2.050287967260267e-19,6.190844686671501e-21,5.210863003662248e-15,2.5859117936720326e-16,1.2181384037651971e-19,5.770864952308906e-16,4.643325610930288e-19,6.872923656800851e-16,2.9331136580231566e-19,5.592148820241065e-16,5.211140005539346e-15,2.8449430878454213e-16,1.9801991214535978e-19,9.695848678733783e-16,6.878981276239295e-16,5.149128112758839e-16,1.0403084162739849e-11,-2.3378853117794203e-19,3.6722524189333567e-19,3.4228225990196803e-19,5.904758832463142e-16,6.013876683727576e-16,2.2183866875489215e-19,5.21114497175352e-15,2.5159625915888443e-19,3.638648847300486e-19,2.088814935307441e-19,1.6087726361607776e-19,7.815810087156275e-16,1.0402313312674262e-11,4.0151486307780724e-19,5.211641940806166e-15,-1.0091656971413708e-16,1.0525290002520954e-15,8.679440596965709e-17,6.404473128881057e-16,1.0402123130351763e-11,3.849229336339515e-19,4.6498551233276216e-17,1.0402385668158889e-11,4.0794768495431407e-19,1.963504411703374e-19,5.15109876798011e-19,2.569761171124755e-19,1.5354922711680618e-19,7.598524523271049e-19,4.183958810529108e-16,5.210878073059077e-15,2.260126882787189e-19,4.4150180696583654e-16,3.917448681768977e-16,3.2764033342468126e-19,4.3799928223274975e-16,2.0826603194848262e-19,6.612373835475889e-16,6.538813401285677e-16,1.040268358854408e-11,1.4303512257164113e-19,1.8621553216960216e-16,-2.847055978788142e-20,6.613003565944052e-20,7.698200278607672e-16,2.1418448700019486e-16,7.134074432207114e-20,8.696607175608327e-16,1.9300885229567866e-21,1.8978439377336966e-19,2.1258517426018485e-16,1.7720440311696657e-19,2.714052383299508e-19,1.0402488665094022e-11,1.0402612482435468e-11,1.4744410225447292e-19,4.37996703668134e-16,5.656437865717746e-16,1.0402474939984051e-11,4.946462209570056e-16,9.101931034335533e-16,3.7660694884547374e-16,6.119170020407507e-16,7.986154946805199e-16,1.5857678132026992e-16,1.0402397539390273e-11,2.1982988760659145e-19,7.51192032527964e-16,4.0076368151421205e-16,8.781787772968511e-16,2.2265748449441664e-16,6.010658587061577e-19,1.084587733436462e-15,3.6321551525366567e-19,7.507488405724181e-16,4.1400286627307107e-16,4.0482948428748833e-19,2.657855055559552e-18,6.76030143053819e-16,1.9313680545635419e-19,1.0402231282774237e-11,3.9250959101233336e-19,6.09299361003554e-19,6.505664137604526e-16,7.316744180056375e-19,2.7335646627460315e-19,8.567487664792395e-16,5.905928014905681e-16,1.0402422607842004e-11,4.858670937432289e-19,5.211391128593787e-15,1.040243288750236e-11,1.600044975386811e-12,7.124670603894753e-16,-1.693548245870546e-19,1.6187002201592258e-16,6.362663296098491e-16,1.040265455693858e-11,2.53383354989349e-19,7.663623308262023e-20,2.5631194082895656e-19,1.0402763575728721e-11,3.003148332643741e-19,1.4924088060011304e-19,9.308653187128943e-16,8.935562599556595e-16,6.81364778669117e-16,7.98149774236291e-16,5.405151422666971e-16,3.227169224032131e-19,5.265504646475471e-19
8.241835661549888e-12,2.485412353514199e-19,4.529943441027435e-20,2.9047752995732017e-15,3.807574246974125e-16,3.2948817141561547e-16,2.5987493921223754e-19,3.4967291839746276e-19,3.078581999672067e-16,3.1603226616301967e-16,4.3916519404524334e-16,2.904273012622565e-15,4.806608820163905e-16,1.1774451183993576e-19,3.940206959131551e-16,3.24986015854127e-16,-7.562335817107754e-20,5.797929103596707e-12,1.54553172186999e-19,2.1456502690003183e-16,3.3876408409781756e-16,3.1240039407264617e-16,-3.694725640646495e-19,9.770844435195219e-20,5.797711982799897e-12,2.9027020269579095e-19,4.0876377683486154e-16,3.586815006782492e-19,1.959977968432821e-16,2.8368175855295067e-16,2.9042357908991918e-15,3.356729140754467e-19,5.7977481230912954e-12,4.812310905036778e-19,5.754567287854533e-16,8.957331644356056e-20,1.0310371913832773e-19,2.9045175841509886e-15,3.623619974724684e-16,3.265279594390668e-16,2.9042744785232967e-15,2.431155713183198e-16,1.1467427989453404e-19,3.4422730514478405e-16,2.6753005959771517e-16,3.722397660311405e-16,1.8486193050983642e-19,3.8633831946388253e-16,5.797696230135053e-12,4.158587578759318e-19,3.7240929022341635e-16,4.904049976972364e-16,2.1993269290742013e-19,2.991366697528702e-19,3.6103354084693697e-16,4.989169727639847e-16,-3.822892277579151e-19,5.797950844826446e-12,-1.5925427192671898e-19,2.4896799941288897e-20,2.4976664257639953e-16,5.81208408288284e-19,3.2610393105922133e-16,3.096523888727807e-16,4.083925745050821e-19,9.955611885201227e-20,3.6648909123092956e-16,3.5718718760922564e-16,3.14120489036742e-16,2.54933857239088e-16,2.950123801425058e-16,5.797856641135531e-12,5.797494249326077e-12,3.1655276046578917e-16,4.446338851756667e-16,4.084785005340741e-16,2.9045161064773657e-15,4.880756098069114e-16,1.555997925632869e-19,5.458000757616054e-19,3.9345775384782496e-16,1.7023313877962927e-19,3.8610629718901545e-16,2.904065186144084e-15,1.3143774243371118e-19,1.8225931987983552e-19,4.026270459642184e-19,1.9921850874575134e-19,3.090399328455141e-16,4.789684821871129e-19,8.51213308478426e-20,2.612471961660334e-19,5.986576502668009e-16,2.3040324573389357e-19,3.20737711039085e-16,2.583330240210601e-16,5.138226711614247e-16,-3.6526752220445195e-19,2.9045076517587e-15,-2.4070346528456896e-20,3.211744793365348e-16,4.615886413241026e-16,3.280954193762628e-16,4.3521946351386514e-16,2.9808074352968384e-16,3.2988821525215747e-19,5.797795267704095e-12,3.0919385740558804e-19,2.9041707129807017e-15,2.9042940277915127e-15,7.124670603894753e-16,1.6000431542565409e-12,-3.587406643578788e-19,4.556181229403144e-16,3.6227442285427374e-16,2.904552702916668e-15,3.267402631174378e-16,1.1636163139956227e-19,9.197260964542485e-20,5.797662044337288e-12,3.2153418821808697e-16,3.694043832480484e-19,1.5464157733732188e-19,8.899362120047708e-19,1.5364824049510466e-19,1.359959151079235e-19,4.290101308716029e-19,4.937584010137516e-19,3.6410556460544066e-19
5.753231899184105e-12,-5.300306629469853e-20,2.0895685997272659e-19,1.6568269382049313e-15,5.21614421903452e-16,1.6950376818415015e-19,2.3168938325775553e-19,1.414493813561159e-19,2.9187540908163965e-16,3.6371848760417657e-16,3.808995245688296e-16,1.6568522095153082e-15,2.6784761586461895e-16,5.567899588557938e-16,-9.780211582747221e-19,1.3348643946557546e-19,1.1509383487824249e-16,3.3079487655144892e-12,2.1207316557568436e-19,8.787152742666362e-20,3.6105960232762326e-16,5.312975352743667e-16,-1.9306516882077586e-19,3.441364916552684e-16,1.6567703269856022e-15,3.013560414570132e-19,5.441345335417103e-20,2.6801822328089453e-16,2.0617234492761216e-19,4.19086178834034e-16,1.6569125629527585e-15,1.9203483952875542e-19,1.6566987521290582e-15,5.7757782918415275e-18,3.6059075296654937e-16,2.192904751882593e-19,2.943474836870135e-17,3.3072856739139806e-12,3.966641451490934e-19,1.7472944792513012e-19,1.6573804880259811e-15,-1.5202636880628962e-20,2.7524994226613722e-17,5.271266692621565e-19,1.7225570087786358e-19,3.7427914233289825e-16,6.376267274209755e-20,1.0684951818137263e-19,3.3078362527841736e-12,2.7242517214968527e-16,1.2354336736343404e-16,1.7565749827575775e-19,5.135137072453353e-19,3.467921507870871e-16,3.9983934792505422e-19,1.7714467590775746e-19,3.424421764950644e-16,1.6568064906612891e-15,8.960772918258625e-20,2.66451390404718e-19,6.193047817916842e-16,9.786055178781718e-20,1.7669783582286146e-16,3.4260750643268906e-16,2.6843981482133426e-16,5.868346716056809e-16,1.3441703524690635e-16,4.23032529603279e-20,1.5556340743093692e-19,4.4275916895900236e-16,4.672637367846666e-16,1.6569315814570488e-15,1.6569120795190293e-15,-5.610456430956995e-19,5.297236563312251e-16,1.033135023986695e-19,1.6569124544819074e-15,2.6624751328911715e-19,2.0934590154904725e-16,1.597121094593123e-16,1.0726957626419711e-19,4.209460688584709e-16,-1.6654060634360826e-16,1.6564726815872313e-15,1.6770066235657725e-19,4.408767575419777e-16,5.214650562341669e-20,3.078125385572501e-17,3.793825907753842e-16,-1.3730403015541938e-20,3.4783692220774036e-19,6.838547718252887e-16,2.62033549528831e-16,1.8983067588931176e-19,7.786699190990911e-16,-3.9635952343544006e-17,1.7023449251065195e-19,2.8188210266609543e-16,3.307397148417062e-12,4.26805940631465e-16,3.553385352092246e-16,6.766194202703933e-16,6.388039533957522e-16,2.1345651610571767e-16,2.981008281800873e-16,3.2862526512757023e-19,3.3074155296029438e-12,2.9194355467459475e-16,3.3070922433285556e-12,3.3075040920384037e-12,-1.693548245870546e-19,-3.587406643578788e-19,1.6001758785543597e-12,3.62735873138071e-20,-8.651721327479802e-20,3.3077526119681825e-12,3.276558978068755e-16,4.17666419981472e-16,2.630620962814297e-16,1.656796412916897e-15,7.603446507597493e-17,4.2065979256425465e-16,6.971309137002773e-20,4.504724004383322e-16,2.6366729335585765e-19,-3.886891924189918e-19,4.914207132331394e-19,1.9313620888623493e-16,5.239248123864233e-17
3.7968954575771266e-12,4.6034025014030165e-19,9.785962869293323e-20,6.79946795421706e-16,1.715525348966801e-17,2.3447733006764273e-19,3.729746884260351e-16,6.915758969615162e-16,1.772938030258007e-19,6.064781613560741e-16,2.6160169012242775e-16,1.3560657886890066e-12,-2.9197960964364106e-17,2.487274318831503e-19,6.345553962918575e-16,1.5472266710212795e-19,3.076143520617437e-16,6.796463494868286e-16,1.2830967279615216e-16,5.97848097019864e-19,4.310077389375394e-19,1.7721963174239823e-19,2.144519996298076e-19,-5.616819574225956e-17,6.795736047057634e-16,1.849915489587784e-16,7.21333837910853e-20,1.0022610654974019e-16,1.0739728105683422e-19,1.714851284638992e-19,6.792320570575969e-16,1.8808053217103832e-16,6.794264428900864e-16,-1.830446879658119e-19,3.667586001616279e-19,-1.5234609450485394e-16,-8.129554018215426e-20,6.790994946145613e-16,2.8802816078676753e-19,-1.4235805705779422e-16,1.3559910804550427e-12,5.443878270613564e-19,9.78486487084719e-17,7.403119839053752e-16,2.896083240419117e-16,1.3815096436847858e-17,6.996331865471136e-16,1.4808115930294187e-16,1.3563870783260102e-12,2.5107856821289394e-16,1.0751676624255705e-19,-2.852433221390341e-19,2.7928418492483103e-16,5.305968003226965e-19,3.1654638383269606e-19,3.336799520627659e-16,4.689574183122964e-20,6.79297047948784e-16,2.557699251334559e-16,5.098197364451961e-17,2.1572255309697154e-19,5.359792518337988e-19,2.4114788618091416e-19,-1.1527206313215204e-19,-1.791740996595551e-20,7.014557518015987e-16,8.337169989546261e-20,3.786289924489536e-16,9.3854994494492e-20,2.3767630044665122e-19,2.704349334056137e-16,1.3560482243434367e-12,1.356342467058643e-12,2.0635953036306403e-19,1.4488447717370655e-16,2.748053717260306e-16,1.3559724145557649e-12,-5.856373642112419e-21,5.69849022537396e-20,1.3017607660333868e-16,3.18594140122678e-16,5.445573466832756e-16,-1.119604452157639e-19,6.793963720922667e-16,6.618081602173274e-17,3.3569734452505957e-19,1.9090990394164244e-16,5.790393097609059e-16,1.8786860100548683e-19,5.947238824796954e-16,8.15835417971659e-19,6.992722901150371e-19,3.3480616744810985e-19,3.646102754963489e-17,5.327973188890595e-19,-1.5598570538076219e-16,2.965318925103393e-16,1.2436200117649798e-19,6.793154408482597e-16,4.664662062562199e-20,4.545157296967255e-16,3.3900533482276663e-16,6.507479179773226e-16,2.0058924140502614e-16,6.02735951435268e-19,3.157804430744803e-16,1.3560233707320001e-12,-4.2730974098889835e-19,1.3558381000330888e-12,6.79297797349752e-16,1.6187002201592258e-16,4.556181229403144e-16,3.62735873138071e-20,1.599638558144458e-12,3.5452553285328537e-16,6.793108267278614e-16,-1.1948068076467365e-19,1.2216717482107154e-16,1.3178118582914723e-19,1.3563804831434665e-12,2.8334664389928635e-19,7.384424317335492e-20,6.263053751316234e-16,6.182655084640314e-16,2.3075386872616807e-19,5.319747958697172e-16,3.7388754307690783e-16,1.9545322585634548e-16,5.361164303000178e-20
-1.2323592953522723e-12,1.5959573738338343e-19,4.0519434846592517e-19,-1.8416773301581974e-15,1.9662852027013797e-16,3.0626049976396056e-19,4.721019310594968e-19,2.8757666460742937e-19,1.7360863418365525e-19,3.8981818409428303e-16,2.233580049800072e-19,-1.841881787069439e-15,3.4328510684334823e-16,4.816395880707854e-19,1.0832725519766397e-19,3.193780815908458e-20,1.0564331418876954e-19,-3.675847733416768e-12,4.9409718004047894e-20,9.252828776162424e-20,1.2219071148905165e-19,1.507656628187829e-19,5.2327744726136595e-20,2.147743714325496e-16,-3.675927484030972e-12,1.9572663925181086e-19,3.9356638272126648e-16,2.0306172260449895e-20,-4.2709397383138294e-19,3.2341578458234643e-16,-1.841583024864347e-15,3.4794988408139197e-16,-1.8415790504079437e-15,1.6204911612637878e-19,6.185198272436775e-16,1.774708443659136e-19,4.12667774180767e-16,-3.676136053231253e-12,1.682851338591087e-19,7.430320425528871e-20,-1.841704655182713e-15,9.18639855966108e-21,4.089421078275818e-16,3.0480472247951573e-19,-1.5361802121890807e-19,2.2951588027323867e-16,2.24843977283829e-19,3.73141883296855e-20,-3.676085636760044e-12,8.580495281698125e-20,3.651350446153093e-16,3.713954922146848e-16,2.821791048097954e-19,2.5875532334016407e-16,1.49705070582905e-19,3.7020982832707134e-16,1.4259752396119043e-19,-3.675839407184861e-12,1.9051398198087165e-19,6.508791501709645e-17,1.5002429981628136e-16,3.1023127872690667e-16,4.207415351438018e-16,1.013514697734471e-19,4.492099411509989e-20,5.3460870857167e-20,1.9151093213336709e-19,3.2690281369708763e-16,2.271371938496502e-16,6.713501940141019e-19,2.185518545080001e-16,-3.675989880665011e-12,-1.8416865450952885e-15,2.7533859610865117e-16,2.8951777286653493e-16,3.783193550075085e-16,-1.8417806957386333e-15,1.983889190874022e-19,-3.6375575309986757e-19,3.839637168404304e-19,3.8197356284625646e-16,3.495331298866616e-16,3.6403417526423104e-16,-1.84164214971504e-15,1.1459772933441944e-19,3.47050766057475e-19,2.823039449493847e-19,5.07786804856491e-16,1.7505860981134316e-16,3.654991138102996e-19,3.784302303019315e-19,3.1117609874439886e-16,3.0024896609501065e-19,-2.647476106814941e-19,2.82050956366762e-16,2.42083994745913e-19,5.098570749365769e-16,-1.3860326994636627e-19,-1.84172559980799e-15,3.4658157279502404e-16,-3.7553481900391544e-19,2.184828380431886e-20,3.1795464211244397e-19,1.1432787989296086e-19,3.879235967863616e-16,3.2902299917968245e-16,-1.841661604509806e-15,1.4871338424132384e-19,-1.8419162971099146e-15,-3.6762036587407696e-12,6.362663296098491e-16,3.6227442285427374e-16,-8.651721327479802e-20,3.5452553285328537e-16,1.6001254638665124e-12,-3.676107221541323e-12,2.330597390035582e-16,1.260134248784844e-19,3.2028396855236113e-16,-3.6759514265618514e-12,1.5010731464980413e-19,2.3280734181922153e-16,4.93377345885515e-16,4.0300813548360823e-16,2.899084087598018e-19,2.692622732861912e-19,3.321174413110706e-19,1.6950090906971388e-19,4.779258543830482e-16
0.9999999999972705,-1.3996472546380433e-15,1.17748920100849e-14,0.9999999999968473,-1.9597544513886682e-11,1.1407367432046461e-15,-3.599606638488414e-16,-1.8554297727216326e-14,-1.551017724896695e-11,2.967305690895808e-11,2.633579175755597e-11,0.9999999999917769,-1.379215827235456e-11,-2.3165193141919352e-15,-1.7548113895193028e-11,-1.4209304138344282e-12,9.369139831653162e-16,1.0000000000051803,-4.035577975176854e-12,-7.324479038690083e-16,-1.23029432441623e-11,1.42467752216796e-15,-1.381804164390446e-11,-7.42453093408058e-15,0.9999999999924469,-1.4923249100621168e-11,-2.937912080694742e-15,9.198977065152255e-15,1.8211585649745135e-15,1.8874028259940597e-11,0.999999999992291,-6.928244819631324e-13,0.9999999999871901,-6.259107487123113e-16,-1.0591742651136043e-10,-2.356221863829645e-14,-5.625718898126104e-12,0.9999999999946007,8.81649588488572e-15,4.8155013922816295e-15,1.0000000000096314,2.122503071515557e-11,-1.7943541224807716e-11,7.729225383712916e-13,9.046238258646171e-13,-1.8857159973012957e-11,1.0071884329939451e-11,-1.8252761628323433e-11,0.9999999999762464,1.1774428473438105e-12,6.5630258372982e-16,6.4476761691419825e-12,-3.0305750222613366e-11,6.294555712513634e-15,7.693141366821262e-15,9.202477973442015e-15,-9.510999654226455e-12,0.9999999999913849,-2.609878046308479e-11,-1.0583565430808817e-11,2.7252329526550796e-15,-1.4355675731668634e-15,-5.743814451679678e-15,4.874768830782558e-12,2.3567198169745786e-15,1.7987245329689953e-15,-1.6980077010319141e-12,5.455154231559378e-12,8.022732815598914e-15,7.439941843595898e-12,1.4664929520609938e-11,1.0000000000138642,0.9999999999948548,9.8431323180622e-12,9.915175646517995e-11,1.573345622037526e-11,1.000000000009275,4.300035979861586e-11,-2.863531481419517e-15,-1.3718079838105781e-11,-1.3104655987258101e-14,1.6062739190157684e-14,-8.815929954022303e-16,0.9999999999896662,1.351835918683296e-12,1.6102616331234614e-11,5.399049600530259e-12,1.3627571805381235e-14,4.948333173906581e-15,-1.2059592373796051e-15,-6.9758882695104536e-15,1.1467485739163152e-11,-4.08252453590617e-11,-2.5743944317392123e-14,-2.454094476736418e-11,-3.5016605657474345e-12,-3.0689342307887506e-14,4.947841176615318e-13,0.9999999999962095,-1.0559702619024683e-14,-1.0340639994021611e-11,5.581872965318804e-11,6.986204063781414e-12,-5.881263477580496e-15,-5.181015904530076e-15,4.117812172414863e-11,0.9999999999816949,-2.7824800183284146e-15,0.9999999999682718,0.9999999999930658,1.040265455693858e-11,2.904552702916668e-15,3.3077526119681825e-12,6.793108267278614e-16,-3.676107221541323e-12,0.9999999999994617,1.7947503051111645e-15,9.918260402612822e-15,-1.9454934708416605e-12,1.0000000000029126,-1.4460001069172986e-16,2.3841277497080354e-15,-3.39050737768422e-11,1.6697607769251338e-11,-6.317600617425253e-13,1.78986576467388e-11,1.0338606693317153e-11,-4.413815286368253e-15,-2.2946981371727755e-14
6.0235103328955515e-12,5.585403766245628e-20,5.096967798423229e-19,1.794984704971243e-15,3.390637097092412e-19,3.731202524125799e-16,1.7133368184941038e-19,3.9317239847108777e-16,8.606775987939966e-20,3.89061396668818e-16,3.560822143827392e-19,1.7947426848031385e-15,-8.607381177847019e-20,1.5463545007321278e-19,1.2981722528686553e-19,3.8320905946246864e-16,8.820928769142144e-20,1.7949605654817425e-15,1.7145797281034245e-19,1.9314895132974702e-19,2.335330174387783e-19,4.530738557846422e-16,1.772421828377749e-19,2.56239171654697e-16,3.5830756202149746e-12,-2.763545118864191e-20,3.4432127117719643e-19,1.0594102342481973e-19,2.1323505107160165e-20,3.797588566126094e-16,3.582814348333489e-12,9.668384379041269e-20,3.5828295871156875e-12,7.75733149011792e-17,4.0001546794848535e-19,2.0765977043086508e-16,-8.060838761942403e-20,1.794939172411556e-15,2.754382573530912e-16,-6.623052898884701e-20,3.582942051054131e-12,3.378217342549942e-16,-4.055118269492222e-19,4.144606262847151e-19,2.3681060208120275e-16,7.365454296771371e-20,1.7234064473153693e-19,1.8446034033257715e-19,1.795059020750231e-15,2.8859697216642336e-16,2.1250857124807416e-16,3.4541866238321224e-16,2.297707781800704e-16,1.6106155311338915e-19,1.8143225690836194e-19,4.197689991126381e-19,3.3733479827100097e-16,3.582988011585269e-12,2.968743927598992e-16,3.4027887774770694e-16,2.1453847704676892e-19,1.271182221020674e-19,1.2782155014232128e-20,2.455199211783824e-16,1.7954165194684973e-16,4.803427912180853e-16,1.827879893175515e-16,4.0604975855127446e-16,1.938071036738367e-16,5.016005049589659e-19,2.5485613424888108e-19,1.7949190983213534e-15,1.7950795933204607e-15,1.9860927035165083e-19,3.912019703269138e-16,2.1663665961823354e-19,3.5830278158012684e-12,-1.7313259679631282e-19,3.8000892173774297e-19,9.947017358912333e-20,3.0655532174541663e-16,5.74930517949135e-19,5.022269803353704e-19,1.794422828855291e-15,2.439496752186663e-16,3.9785673538089485e-16,3.098800626168244e-19,2.1506658683535536e-16,2.842831084523601e-16,4.2784596052415225e-16,5.279013429391319e-16,2.916087532398357e-19,3.40435092678767e-16,2.0983597890266656e-16,2.9866700486606695e-19,9.673504998711136e-20,2.958179862738134e-16,2.785247257922888e-16,3.5827903709403475e-12,1.8752229958337217e-19,3.486949270004897e-16,2.845453193089637e-19,5.334220592040303e-16,3.2661813985245335e-19,2.869228535444477e-19,3.599328107303854e-16,1.794877196901312e-15,2.3296897831314427e-16,1.7945734243290123e-15,1.7948241198072634e-15,2.53383354989349e-19,3.267402631174378e-16,3.276558978068755e-16,-1.1948068076467365e-19,2.330597390035582e-16,1.7947503051111645e-15,1.6000196373290318e-12,2.834026434224562e-16,2.9933841738816895e-16,1.7946503382581873e-15,-1.9763640481996878e-19,2.0179299388085428e-19,2.312109141315831e-19,4.538930313968971e-16,2.6190672532605864e-19,1.999304270862653e-19,4.121644188405193e-16,3.132129121024111e-19,1.4961751552785025e-19
2.2240787144075218e-11,1.6372901766736093e-21,-8.353259784543094e-20,9.917968790831257e-15,3.429593355853722e-19,3.1676587879827195e-16,3.944031271556207e-16,2.2310471482370774e-16,2.504763285505421e-16,1.9468906556268904e-19,3.345839045383731e-16,9.91718993075682e-15,3.0159845784175376e-16,3.8819212077961064e-16,1.857581368445194e-16,3.664781262956363e-16,9.99455448645726e-20,9.918027655424869e-15,1.0850432980762182e-19,1.0913814564825025e-19,3.5830228349007203e-19,4.140238167264304e-16,2.1240653895644667e-16,1.4473610089474816e-19,1.9797566096977918e-11,3.499717855771569e-16,2.9214032413075934e-16,2.496904300657505e-16,1.9598938764517954e-16,3.280225156312659e-16,9.917860231567953e-15,-9.043990303151116e-21,1.9797300614349588e-11,1.3402759837327674e-19,3.3744226035125487e-16,1.3931506356094687e-19,4.435643149443212e-17,1.9797338305284615e-11,2.1021468847029264e-16,-2.4299997184546134e-19,9.917924786011533e-15,8.346945630907093e-20,7.884280182314141e-17,5.357437643573552e-19,2.856346449236608e-19,1.317085399435243e-19,1.339873395605284e-19,9.848007762210596e-20,1.979769780230764e-11,2.383455808633065e-16,5.034098135284233e-20,3.307999861393987e-16,3.2187245601427166e-19,2.8955209303314204e-16,1.8973822553030495e-19,8.984015643594201e-20,2.783327859708651e-16,9.917861266638653e-15,3.1118088143362475e-20,4.711485177210837e-16,4.871956413601886e-20,9.93998369761174e-17,-8.037048045271067e-19,3.2282260077267615e-16,2.6871191849574425e-16,4.154885955929267e-16,2.0549448023976887e-19,3.447876553532136e-16,1.0760965705041277e-19,3.658662937090624e-16,4.945513655184711e-19,9.917958818614344e-15,1.9797276304825035e-11,2.0378648893664507e-19,1.2896130661729784e-19,1.802929469718018e-19,1.9797712340459455e-11,5.111417403690835e-20,1.4962467184816547e-16,4.890468772888425e-19,2.498872445954492e-16,3.493206703245306e-19,-8.636389107274728e-21,9.917559681015686e-15,2.241012211165265e-16,4.027541065416023e-19,2.882730714007185e-16,1.0223621134875869e-19,3.381250388776578e-16,4.3294262938330197e-19,1.8175603842104837e-19,2.4278733857190863e-19,8.00869437320177e-20,2.453105850196753e-19,3.1567350416431252e-19,-1.9591613401836902e-19,2.0560712108399184e-16,2.4330823835317153e-16,1.979744607754913e-11,1.4700921056735804e-19,1.5573331015599275e-19,6.043548693271689e-16,9.458991137644283e-20,2.1841531814351734e-16,2.164888702658025e-16,3.6611292123783775e-16,9.917948575964767e-15,2.540465547824451e-19,1.9797084501345858e-11,9.917243005767445e-15,7.663623308262023e-20,1.1636163139956227e-19,4.17666419981472e-16,1.2216717482107154e-16,1.260134248784844e-19,9.918260402612822e-15,2.834026434224562e-16,1.600077438429708e-12,1.364681861438676e-19,9.917821994679876e-15,-5.40410282246658e-19,3.4071159167852845e-16,2.272128831016387e-19,3.429586154433213e-16,3.840793220478953e-16,3.0583110356371403e-16,4.1612295341655555e-16,1.9188732300333027e-16,-6.4644394386950734e-21
4.948106505415476e-13,4.737748062528641e-19,3.9463568012951147e-19,-9.748494779783546e-16,1.5667923496279373e-19,3.201957847624523e-16,1.595989378559211e-19,4.458749847515354e-16,8.936213280477115e-20,3.23329018067655e-16,4.153122857272257e-16,-9.746881925286818e-16,2.1940956483689077e-19,2.4129474237731163e-16,3.814470401516745e-16,3.178138395844647e-16,2.3011136199057454e-16,-1.9452602740971335e-12,2.0803833678275914e-19,1.417584029091831e-19,-4.816339910071129e-20,2.3514288310719273e-19,1.7027471872194713e-19,2.9457843566227046e-16,-1.9454096294583424e-12,3.345913148536792e-16,2.245163829133949e-20,2.745302679253705e-16,1.6366469210193258e-16,2.8294956131450695e-16,-1.94536526556079e-12,1.9452375312015227e-19,-9.744641271352866e-16,3.117384719354556e-16,2.231738820852441e-19,3.2453980900521946e-16,3.9524500826586956e-19,-9.74743272324341e-16,3.232638002853389e-16,2.6221818494756627e-16,-9.745175937864593e-16,2.7331040772582147e-16,1.613827869041032e-19,3.8909538109343452e-16,2.4330425159977408e-16,2.923907456813496e-16,-2.9795150918635704e-20,2.5749415819939936e-19,-9.74590063179968e-16,3.3210058040573996e-19,4.3102749943305415e-19,4.171383588689548e-16,3.9940759914117823e-16,2.1869007312026674e-19,3.4160372607756605e-19,2.3366936151066864e-19,2.6402126884931035e-19,-1.945263366314446e-12,4.2295250832228203e-19,1.4536458413152234e-19,5.956043002021251e-20,3.0053368826187885e-19,3.4864323987744246e-16,2.4811430410042243e-16,1.7195689861715072e-16,-1.668850634261379e-19,2.1506692372810996e-19,3.5381099999531633e-16,2.5374456498211196e-16,1.4608578615987944e-19,2.969377293390385e-16,-9.746788802731325e-16,-1.9456516982029853e-12,1.4896772969949228e-19,2.534809796062019e-19,2.0449597546172656e-19,-1.9452674044616203e-12,4.1049122647708615e-16,3.558977124142585e-16,1.228646453847187e-19,1.6848665137072127e-19,3.0448241623741696e-16,3.3302701724434815e-19,-9.748714625146402e-16,1.8688515530986502e-19,3.0359008632634917e-16,1.8784866977849265e-19,3.381498835935908e-16,2.640888062362886e-16,2.7318850508520085e-16,9.424614512672687e-20,3.6467461192059426e-16,4.757601791786082e-19,4.2866307767620247e-16,3.759092405992994e-19,1.9331264022625226e-16,-1.0869208343943366e-19,2.917902248785942e-16,-9.744995669387383e-16,3.59236816885624e-16,3.190298539272976e-16,-1.0538951287505135e-19,2.9992916427866547e-20,1.3499006033168488e-19,8.828358157544394e-20,3.998622724620326e-19,-9.745946656986019e-16,1.1055942934475238e-19,-9.74838308934972e-16,-9.747388508909203e-16,2.5631194082895656e-19,9.197260964542485e-20,2.630620962814297e-16,1.3178118582914723e-19,3.2028396855236113e-16,-1.9454934708416605e-12,2.9933841738816895e-16,1.364681861438676e-19,1.6000493350556886e-12,-9.74596747399996e-16,2.9496555871240363e-16,1.1313264659896128e-19,3.6690783146176495e-16,3.1079000431464307e-19,5.961426854069536e-20,2.1518652804573446e-19,2.6142530826795224e-16,-1.3932200025322678e-19,4.565890117072107e-16
1.0000000000023248,-1.3998601521505183e-15,1.1774503733753216e-14,1.0000000000018956,-9.818362712565092e-15,2.2769155313184415e-12,-3.6031233016007394e-16,-3.703613445243078e-11,-7.7703509341763e-15,2.9673052753792325e-11,1.3193608371379026e-14,0.9999999999968251,-1.3792364003177136e-11,-2.3162098415887523e-15,-1.754789656927723e-11,-7.119999069308608e-16,9.368014284439848e-16,1.0000000000102276,-4.035806546592186e-12,-1.4619566779923245e-12,-1.2303134614893047e-11,1.4246639626142273e-15,-6.922449328840467e-15,-1.4820403343910334e-11,0.9999999999974934,-7.476467456603088e-15,-5.86452904999369e-12,9.198380413202274e-15,1.8213742169539034e-15,1.8873875846041283e-11,0.9999999999973386,-6.929953117424251e-13,0.999999999992238,-6.262477637956054e-16,-1.0591738174693116e-10,-2.3562482842779852e-14,-2.8182465475803717e-15,0.9999999999996484,8.81642930492036e-15,9.611824926771463e-12,1.0000000000146791,1.063314335143101e-14,-8.989191740121859e-15,3.8725168431234105e-16,4.53050319331357e-16,-9.447526202189022e-15,5.045740021688408e-15,-9.143948674701068e-15,0.9999999999812937,1.1773633167621832e-12,1.3108350426567381e-12,3.2302580031500578e-15,-1.518247115284974e-14,6.294586777222747e-15,1.5356112936426654e-11,1.8370701614702048e-11,-4.76501301504615e-15,0.9999999999964341,-2.6098813065315767e-11,-5.302374220790442e-15,5.4398950428704926e-12,-2.865972101963668e-12,-5.743319288759382e-15,4.874439630800395e-12,2.356482231115837e-15,3.590430428248093e-12,-8.506457620367814e-16,5.454943350814802e-12,8.022232829109031e-15,3.72719044072282e-15,1.4664603189931243e-11,1.0000000000189118,0.9999999999999023,4.931051209336179e-15,9.915125480508086e-11,7.882651225924411e-15,1.0000000000143228,2.1541878542615628e-14,-5.714978575161296e-12,-6.872719398268897e-15,-1.3104748378985458e-14,3.206302680826037e-11,-1.7589035100420307e-12,0.999999999994715,6.771141476559819e-16,8.066766234041641e-15,2.704341201715757e-15,2.720272561687218e-11,4.9484621679349155e-15,-2.40746802065763e-12,-6.975846118886878e-15,5.744889229690361e-15,-4.082519275598307e-11,-2.5743743166114017e-14,-1.229475390645516e-14,-1.754414354478764e-15,-6.125866983654293e-11,2.4766314336758374e-16,1.0000000000012583,-2.107808193329643e-11,-1.0340738531103721e-11,2.796386098122604e-14,3.4993382099119076e-15,-5.882076172850538e-15,-1.0342657897644877e-11,4.117788224491123e-11,0.9999999999867417,-2.7832058947605323e-15,0.9999999999733216,0.9999999999981144,1.0402763575728721e-11,5.797662044337288e-12,1.656796412916897e-15,1.3563804831434665e-12,-3.6759514265618514e-12,1.0000000000029126,1.7946503382581873e-15,9.917821994679876e-15,-9.74596747399996e-16,1.0000000000095794,-1.446290469437027e-16,4.758823795567299e-12,-3.390487820646961e-11,8.36553408537843e-15,-6.320325355012974e-13,8.966557657924105e-15,1.0338189821192975e-11,-4.413843027618692e-15,-2.2947012710509815e-14
2.146878623443848e-12,3.6073971951412556e-19,2.3451163603591084e-19,-1.447738976754672e-16,3.879111374546457e-19,2.8394965014942325e-16,2.6643994060980774e-19,5.388038631828407e-16,2.9637324095396297e-16,2.274200214397891e-19,3.442147056362872e-16,-1.4475992331396391e-16,1.0831890267862317e-19,1.5693522852515656e-16,4.732278347443466e-16,2.6150623638634615e-16,3.872813313035528e-20,-1.445367659945108e-16,2.0707365868259776e-19,1.4727782702375142e-19,-1.6360685413531652e-19,3.0892648783556297e-19,3.4059608919790883e-16,1.547596913925222e-16,-2.8857361823319354e-13,2.138636866637523e-16,3.297880130520423e-16,2.0651191267177126e-16,1.5208778659927135e-19,2.5091331850787264e-19,-1.4494130141028545e-16,3.1293630367564206e-16,-1.4453199378731018e-16,2.4289399657655317e-16,2.605830393123505e-19,9.116526634745661e-20,4.009239475011613e-16,-2.887660055686696e-13,2.460079017962835e-19,5.058018701672452e-19,-2.887209941724407e-13,4.6521995767990455e-21,2.561560523954997e-19,4.744469063648972e-16,2.3966830873479443e-16,1.5343668078704112e-19,4.846690560749922e-16,3.300550661419182e-16,-1.4520288738281005e-16,2.6684542394010174e-16,3.416646326214743e-16,3.098479592468648e-16,4.698412883024588e-16,2.08276741593242e-16,2.0226703571415563e-16,3.400870392456356e-20,2.848282090907405e-16,-2.8847493960316916e-13,3.588404932012255e-16,7.819167591068394e-18,2.028357413707312e-19,1.25288628934038e-19,6.982976857859107e-19,1.4053251261398407e-19,6.461087807590607e-17,1.8735590829481187e-16,3.035339784693521e-16,1.1452314887145706e-19,7.754246747939248e-20,9.882246809459674e-17,1.7782334191249082e-16,-2.886451390793135e-13,-1.4463878291247302e-16,2.3204704568255375e-16,2.234827420508043e-16,3.4059521777915897e-16,-2.886047228927156e-13,4.937137702240839e-19,8.60201356301977e-19,2.821777755113934e-16,-2.772451408879244e-20,2.8159319367365076e-16,3.7926735850763627e-16,-1.4521890661697597e-16,2.6413234018353947e-16,4.2837803876925985e-19,-2.1527120291751865e-19,5.063522211595141e-16,4.831950530846643e-19,1.7129671655536238e-19,2.9797936985838066e-16,2.404662497138249e-16,5.372558520749214e-16,4.2980366023109644e-16,2.0373089811435353e-16,1.8957228720595774e-16,1.2606749270150424e-19,2.3574648670957313e-16,-1.4471937058982635e-16,5.70828468398138e-20,-2.3712795734878963e-19,2.375185316904124e-16,1.9792244102714386e-19,8.620994205057451e-20,1.9074965243072704e-19,9.846451651975679e-20,-1.4465454650371518e-16,1.3303906662571646e-16,-2.8901519539977343e-13,-1.4474926824195e-16,3.003148332643741e-19,3.2153418821808697e-16,7.603446507597493e-17,2.8334664389928635e-19,1.5010731464980413e-19,-1.4460001069172986e-16,-1.9763640481996878e-19,-5.40410282246658e-19,2.9496555871240363e-16,-1.446290469437027e-16,1.6000934388139147e-12,-2.980020323392798e-19,2.3017594975989363e-19,3.3006707054980902e-16,4.0821426010680065e-19,2.9819440368659295e-16,1.43183342589685e-16,3.308131403195538e-16,1.5690179779343501e-19
7.196332771756592e-12,-5.44717226532636e-19,-2.383885159442879e-19,2.384087286146576e-15,5.265563169931348e-19,3.732339184357576e-16,3.931527895314046e-16,8.280383477378202e-19,2.8187665756610207e-16,3.441767733397641e-16,1.7538245652380578e-19,4.758978180973565e-12,3.7386543744327625e-16,4.1655828498701774e-16,1.2701696507699215e-19,2.701808412227729e-19,2.8707286113623314e-20,2.3840882482649497e-15,2.937151540935919e-19,2.2906261978040403e-19,3.326625756351163e-19,2.646309397805038e-19,1.1510062567326e-19,3.6503667731734016e-16,4.759096792633935e-12,4.231539701650526e-16,3.6063771925247575e-16,3.039565615047877e-16,9.775459474289954e-20,-7.946612903296194e-20,2.3841065930481962e-15,4.13205158136133e-16,4.758907165992122e-12,2.2426596664599366e-16,4.688713488371656e-16,3.3840059808585537e-16,1.5974976993044517e-16,2.3844216172033306e-15,-7.494261371629637e-20,3.272917214942187e-16,4.7591259127210945e-12,2.9984677767151125e-16,-4.04246059999413e-20,3.6864271270451595e-16,2.468632682137741e-16,2.3621394060162864e-19,1.0884218379316145e-19,3.098810775486457e-16,2.3844456844816587e-15,1.4349095908374654e-19,2.5526781829940837e-16,4.385264245077991e-16,2.6422097132452744e-16,3.539907676935035e-16,1.5366207990548107e-19,-2.2530233028767894e-19,3.399483977710537e-16,2.3843493505172193e-15,3.393682097601e-16,1.9272150720943276e-19,2.1631548871240535e-19,2.362750696142766e-16,9.96354172632178e-20,3.268844740686817e-16,2.4123338159713707e-16,-7.753223599177777e-20,6.34045657078985e-20,4.2762234715794957e-16,2.612922646870786e-16,1.7796949518223222e-19,4.227639391702968e-16,4.7591326565711245e-12,2.383900454058814e-15,3.9358074779336025e-16,4.941161381289744e-16,8.84650654112019e-19,2.3839945020568786e-15,1.9065146188263432e-19,2.4025052318124983e-19,2.5449720464162863e-16,3.409158534481713e-16,3.6475585037387436e-16,-2.2271699752003553e-19,2.3838747611220866e-15,3.2202986976395014e-16,3.8345210568277136e-16,5.131274133032918e-19,-2.164682314677502e-20,3.6312342922474226e-16,1.3270288101751504e-19,2.6132900327375346e-19,3.2498431466058386e-19,2.0317045677878472e-19,-4.7363707544916765e-21,4.2005251613420084e-19,1.0210225655147218e-19,1.9358334908412391e-19,1.0765515971895133e-19,2.3840043097348845e-15,1.9234861102861783e-19,3.5540715007397663e-16,5.686231070566071e-16,2.39631557286516e-19,3.31815492276246e-16,3.1434667714134895e-16,3.542306104062999e-19,2.383953299276927e-15,3.114696089455918e-16,4.758577157551638e-12,4.75889815255006e-12,1.4924088060011304e-19,3.694043832480484e-19,4.2065979256425465e-16,7.384424317335492e-20,2.3280734181922153e-16,2.3841277497080354e-15,2.0179299388085428e-19,3.4071159167852845e-16,1.1313264659896128e-19,4.758823795567299e-12,-2.980020323392798e-19,1.6001168274030173e-12,-1.187291711167354e-19,-2.0552839883560614e-19,4.1222223362309113e-16,3.042219115678826e-16,4.3082718099381856e-16,2.88365270040062e-20,2.7444191562560475e-19
-3.1464357351276615e-11,3.396431796493064e-20,2.2913207417424415e-19,-1.6985473440174505e-14,-2.0094483596912845e-19,-6.21718912559022e-20,1.6523443418329875e-16,3.3235825437863117e-19,2.2494938288707213e-19,3.391191733938517e-16,4.977243428189833e-16,-3.390458108191968e-11,1.3885910058836078e-18,6.164871846836455e-20,5.303589707666302e-16,3.189599664722163e-16,3.4598475090258865e-16,-3.3904772697247084e-11,4.518418089580283e-16,1.4068358412773862e-16,3.5794904414306553e-16,1.5543841597332846e-19,1.9291425422948798e-19,3.6702190027231764e-16,-1.698566575890791e-14,1.9390348820428856e-19,1.981421221618693e-19,2.8259365401729668e-19,1.9157569939293412e-16,-9.395312273894022e-20,-1.6985546154000892e-14,2.0325625639794576e-19,-1.6985418380731852e-14,5.722478131940636e-16,7.704121991769309e-16,4.598810457663582e-16,3.4600608605201486e-19,-3.3904894349619966e-11,4.533911873968863e-16,1.2152225284286645e-19,-3.390483919603453e-11,2.8741988252495366e-16,3.8731268850653256e-19,4.137224416294756e-19,1.9768061343884232e-19,2.310908143589689e-19,4.741715854393859e-16,5.060956993166917e-16,-3.390510657351682e-11,2.0655863742267384e-19,5.032541443912881e-16,5.433648355992909e-16,5.140906499019788e-19,2.9575733732330974e-16,1.0455012362493665e-19,2.4179869800157854e-19,3.336237712665331e-16,-3.390456893763378e-11,5.080391640901684e-16,1.060566586007862e-16,1.0124030903746348e-16,4.987683392540978e-16,4.541881302976139e-16,3.461450757289758e-19,1.3472532545571067e-19,7.939133231391754e-17,2.610574189772094e-19,3.612171766267022e-16,3.62902153877928e-16,1.018665118927856e-19,-6.390967148223572e-20,-1.6985784300445962e-14,-3.390516083078335e-11,1.2834070527958089e-19,1.837348477210703e-19,4.565776309509492e-19,-3.390461645323954e-11,4.296200724468662e-19,4.7233299612958825e-16,4.427070678650621e-16,4.743270806344971e-16,3.050798736618068e-16,6.351155420392767e-16,-1.6985543246922298e-14,2.448473175925002e-19,5.77805747314693e-20,4.134457983032265e-19,5.714842612031573e-16,2.655255981782121e-16,1.6744588113054752e-16,1.4660373742285004e-16,2.899539231389107e-19,8.077959934535085e-16,2.4245667287119747e-19,1.0875004525322505e-19,-7.527330065325277e-20,6.825945770212175e-16,6.646453758333e-20,-1.6985842725763878e-14,3.8678555631565747e-16,3.635102296163927e-16,4.2068986919359445e-19,4.0922583728136307e-19,1.1076583441784693e-19,5.028460919766407e-19,2.4549004308426497e-19,-1.698552986575582e-14,2.673539392366585e-16,-1.6985905227086588e-14,-3.39052159932602e-11,9.308653187128943e-16,1.5464157733732188e-19,6.971309137002773e-20,6.263053751316234e-16,4.93377345885515e-16,-3.39050737768422e-11,2.312109141315831e-19,2.272128831016387e-19,3.6690783146176495e-16,-3.390487820646961e-11,2.3017594975989363e-19,-1.187291711167354e-19,1.6001311943925081e-12,3.384312693907794e-16,-1.6571470469181706e-19,3.5282957901710114e-16,6.726690945989917e-20,4.95328437579612e-16,9.657665727908636e-19
1.913509061189775e-11,1.8265093317173859e-19,2.695990815826812e-19,8.364988522233566e-15,3.6196548900679166e-19,1.5437339579834757e-19,3.128238995068498e-16,1.7680864107078946e-19,3.1081725435938735e-16,1.5844027873699835e-19,5.514681140085986e-16,8.365205602696387e-15,6.530388607346516e-16,8.840998912385233e-20,3.7187164208186645e-19,2.1167019369169525e-19,1.437854015365372e-19,8.365119607812034e-15,5.402966293480074e-16,2.343731855230509e-16,3.364560880785011e-19,1.6180559854482313e-19,-9.867264531810881e-20,4.99264772738259e-19,1.6697557354962588e-11,2.1399450396532763e-19,1.1847529354564402e-19,2.068698279244865e-19,7.183142795213502e-19,2.961371265847918e-16,1.6697964555896596e-11,5.434625287848473e-16,1.6697601882187606e-11,3.4479273447084197e-19,6.084522811236952e-16,-4.853793642612581e-19,3.121758264642396e-16,1.6697678116726085e-11,4.0102405435275394e-16,4.996834405146032e-16,8.365520742192614e-15,2.20742694813433e-19,3.817149581813146e-20,2.8992261177581687e-16,2.1036428696729405e-19,2.635147159455021e-19,1.613715240730031e-19,4.503779791969955e-16,1.669765331882313e-11,4.114976425616727e-16,1.9776512433468273e-19,6.838551867491775e-16,5.373970561726389e-16,4.133523158702204e-16,4.862907550046404e-16,3.508112552117963e-19,2.87629206782296e-19,1.6697950270834268e-11,3.126947045432505e-19,1.8895272957658029e-19,3.4603717338333495e-16,4.4152397628026213e-16,3.0907362225014556e-16,4.447755978946885e-16,1.8250842804009348e-19,6.911764353059605e-20,3.502227853776722e-19,4.225194374244924e-16,4.327977547744661e-16,3.5298708447305154e-16,3.9436202115284224e-19,1.66978820980585e-11,1.6697309855507453e-11,6.251579962257493e-19,5.931938013550584e-16,4.990667004206808e-16,8.365754766219962e-15,6.447891254019751e-16,4.559071464199479e-19,4.323950334637836e-16,2.3275401085997436e-19,3.272361293724798e-16,4.8559394217467095e-16,8.364900438520382e-15,3.999440641066238e-20,3.129679057901627e-16,4.353758606648315e-19,-2.235219024546521e-19,4.510711047726344e-16,2.1204003631408157e-16,1.5947629721478012e-16,3.780511799610078e-16,6.905452731071235e-16,6.79508645621494e-16,-6.215157724574659e-20,3.4645616154597076e-16,6.06938734406874e-16,3.9563504519953133e-16,8.364635096190563e-15,2.0625349096160546e-19,3.409705173420125e-16,3.17104329599469e-19,3.506139022859628e-16,1.4054446473259868e-19,2.6580691538595344e-16,2.1277727367685936e-19,8.36526387454827e-15,1.2762920279719186e-20,8.364808109414346e-15,1.6697454610934832e-11,8.935562599556595e-16,8.899362120047708e-19,4.504724004383322e-16,6.182655084640314e-16,4.0300813548360823e-16,1.6697607769251338e-11,4.538930313968971e-16,3.429586154433213e-16,3.1079000431464307e-19,8.36553408537843e-15,3.3006707054980902e-16,-2.0552839883560614e-19,3.384312693907794e-16,1.6000415384739476e-12,3.456421700375625e-16,3.4403218329256603e-16,2.888900168930761e-16,5.187316046099897e-19,4.2212733057013323e-19
1.8090585572968574e-12,2.2414983608218115e-19,8.206873506168288e-20,-3.1666291518941287e-16,2.8585640290629664e-19,-5.802424532427986e-20,3.547803433820252e-16,3.368878680974805e-16,1.276148304927351e-19,-5.584643559497466e-19,4.54158762146433e-19,-3.1653141091574137e-16,1.5755982690486774e-19,2.5270993911624463e-16,2.658122107666073e-16,3.653340899817111e-16,1.9657318289412709e-16,-6.315083096542662e-13,-1.3046315748964781e-20,1.5818779599829453e-19,3.958688590611467e-16,1.5959982160782764e-19,1.5426672106627301e-19,8.5627029687147e-20,-6.318793620707602e-13,4.589146345605123e-16,2.451296100026348e-19,3.896486012345189e-21,2.4195327922071263e-16,2.2910861395313747e-19,-6.315995224450164e-13,4.793279366829637e-16,-3.1715754981808572e-16,4.865475766500305e-16,4.995374493025027e-16,-2.2027562739032866e-19,-3.4104884669751975e-20,-3.164508100416217e-16,-4.653723400650256e-20,4.704323564837798e-16,-6.315962539476676e-13,-3.8678801786675086e-19,3.5786295092845864e-16,2.3278911120602223e-16,2.617700372225141e-16,4.960630043975945e-16,2.213312992789518e-16,6.539834588023781e-20,-6.31716197990485e-13,5.500838082515103e-19,3.011906450989157e-19,2.7046185046622536e-19,1.1396271868967523e-19,3.8099291398172855e-16,2.866241157303003e-19,6.562692601657542e-16,3.031722127824865e-16,-3.164196078227533e-16,2.890634015071385e-19,6.917140624590877e-19,2.0565773589024724e-19,3.35141837559892e-16,2.1191122821550771e-19,-2.5182666630060183e-19,7.363549416084497e-20,2.4787698584239606e-16,3.434164153063004e-16,1.636735796116867e-19,-3.539048837769885e-20,2.32765148853759e-19,1.9342685429552148e-19,-3.164042963769606e-16,-3.168475117642104e-16,4.620862302979602e-19,6.059593797566966e-16,4.208272197103704e-16,-6.313880731080086e-13,7.3807100032755075e-19,2.1776736642470537e-16,3.4300242430388474e-16,7.017465167650073e-20,2.2019371956096685e-19,2.8596742546337227e-16,-3.1686324657148684e-16,4.131528637730375e-16,3.1991323348442605e-16,4.173130202705059e-16,1.4771617009259278e-16,4.3293827870744754e-19,1.5876459979172156e-19,1.9511819124025637e-16,4.320168433017159e-16,5.423841468341241e-16,5.256842192049308e-16,1.9375096289051878e-19,5.877471324185582e-21,4.513201450404782e-16,2.217173733502587e-19,-6.316984201149246e-13,4.091156922198311e-16,-1.739832129568066e-19,6.41455722379787e-16,3.97921377087875e-16,3.26863992176294e-19,6.48023428293041e-19,4.569148557863386e-19,-3.1675613317087926e-16,2.6993941971826155e-19,-3.167770027986438e-16,-6.31960386667233e-13,6.81364778669117e-16,1.5364824049510466e-19,2.6366729335585765e-19,2.3075386872616807e-19,2.899084087598018e-19,-6.317600617425253e-13,2.6190672532605864e-19,3.840793220478953e-16,5.961426854069536e-20,-6.320325355012974e-13,4.0821426010680065e-19,4.1222223362309113e-16,-1.6571470469181706e-19,3.456421700375625e-16,1.600029329535346e-12,3.038540466472717e-16,1.394446606107187e-19,-4.130298572093268e-20,4.804558851883231e-16
2.0335849993887028e-11,1.3519750782011003e-19,-8.261415141607133e-20,8.966438633722777e-15,6.009644174991157e-19,1.7282202884318034e-19,2.7878048358876213e-16,4.484104928067968e-16,3.323002726136998e-16,3.2986827634995467e-19,4.3831259336332503e-16,8.966383570804878e-15,5.542584835392991e-16,3.465263654735106e-19,4.0730012531953853e-19,2.348586028874537e-19,2.9493079605379905e-19,1.7898908066658302e-11,4.441274772333599e-16,3.206908903812533e-19,2.690773874895549e-19,2.9925567750137123e-16,7.452343378190368e-20,4.4126940443110584e-16,1.789861489401954e-11,2.0412322205759e-19,2.1212238742227592e-19,3.5449637166630266e-16,1.0309074360503257e-19,9.001283687512855e-20,8.966479361686947e-15,4.3600123670624185e-16,1.7898645029838082e-11,3.603760174421202e-19,7.329951135482088e-19,-2.7875836639659164e-19,-1.366714677540376e-19,8.967016821734758e-15,3.7127699291105327e-16,1.3913869128251424e-19,1.7898811322197236e-11,5.203667765670558e-19,1.7963894261682984e-19,2.613914303025691e-16,1.4796577993356691e-19,1.6571520233168363e-19,-1.2838800018127584e-20,1.0262293895663922e-19,1.7898645113949012e-11,-4.461440598112051e-19,8.835651194816374e-20,2.7536124684665857e-19,4.90247941353555e-16,3.2474971556942465e-16,4.62788697912457e-19,5.771448014785598e-16,-1.094506913547396e-18,8.96674519403046e-15,3.991114237370706e-16,3.485607786827134e-19,2.9878047119753346e-16,3.090508686906998e-19,2.530225539104118e-16,-5.479383434613366e-20,1.9458392768162394e-20,1.717884362755648e-16,3.856741407518359e-16,9.34251972921536e-20,1.856105110952746e-19,3.088759977642235e-16,1.3202687016335825e-19,8.966967530661874e-15,1.789839733682895e-11,4.862234785500233e-21,2.452505918356812e-20,4.145583585147383e-16,8.967142019635674e-15,2.7313855960821658e-21,7.494460710667098e-19,3.6518233592045087e-16,1.785061939929618e-19,3.2983208927337627e-16,3.776680776323817e-16,1.7898566138340436e-11,-3.982585865353941e-19,1.3598081658764236e-19,3.4316010052941153e-16,-2.1602963637135806e-20,3.5667118307573664e-16,1.806884644439323e-16,-1.6837451433186007e-19,3.1624298760569823e-16,6.264011019866523e-16,5.951930868232386e-16,3.290415966370062e-16,2.7733010031299545e-16,4.746324588810682e-19,3.6878987743391443e-19,8.966787544510362e-15,3.7673917084763123e-16,3.165340097638642e-16,5.801392248202227e-16,4.1159089123067134e-19,4.557147166699589e-16,1.2561662433218596e-19,8.915670704287695e-20,8.966860076233458e-15,-2.457310724461839e-19,1.7898215180363913e-11,1.789849182621333e-11,7.98149774236291e-16,1.359959151079235e-19,-3.886891924189918e-19,5.319747958697172e-16,2.692622732861912e-19,1.78986576467388e-11,1.999304270862653e-19,3.0583110356371403e-16,2.1518652804573446e-19,8.966557657924105e-15,2.9819440368659295e-16,3.042219115678826e-16,3.5282957901710114e-16,3.4403218329256603e-16,3.038540466472717e-16,1.6000620638472253e-12,4.558654149163422e-20,1.2057745199702794e-19,5.347732062806086e-16
1.2778982066736758e-11,4.0745287138715533e-19,2.2884536185672166e-19,5.179205477605729e-15,3.1597173325374395e-19,1.6105801391328235e-19,2.0997539181642819e-19,2.124409727761022e-16,2.290213191221233e-19,2.1234146258197283e-16,4.782770906334451e-16,5.179339868620186e-15,2.9018654146540435e-19,1.7242562388284084e-19,5.469776972185868e-20,3.6448991943049897e-16,5.469273524520986e-21,5.179451665667278e-15,-1.46173902510319e-20,2.540641769978291e-16,3.938120780012867e-16,2.1239377929160441e-19,6.65737215788284e-20,5.115788401634405e-16,1.0338429790386898e-11,3.8307934310352996e-19,3.512182612155864e-16,2.1273648492567415e-19,2.3417339933867773e-16,2.6112384201308127e-16,1.0338658696460743e-11,4.570274788282421e-16,1.0338298745046437e-11,6.716458286778121e-21,1.2596409421243015e-19,4.89185225879399e-16,7.167986244953469e-20,1.0338482792708222e-11,2.2422914305552285e-19,2.380567124785108e-19,1.033875583669341e-11,1.5122781144268957e-16,1.1743991080659836e-19,3.797500783770275e-19,5.02982138767267e-19,4.998823382165773e-16,1.2680612217404614e-16,3.4096415308078106e-16,5.179419072630411e-15,-2.6342214989044744e-19,4.680773205773302e-19,5.437642218971711e-16,2.6594231874195068e-16,3.597042941556927e-16,4.67071415670111e-16,6.667561103715613e-16,2.8153115097438147e-16,5.179275411432724e-15,1.8510072848201178e-19,3.555163481354406e-20,2.0187162887881636e-19,-1.4161497213143565e-19,-5.0901684176654546e-20,4.185609774330763e-19,1.0399440403942423e-19,1.043460644275839e-19,1.129133279631293e-19,1.179655146349418e-19,5.1996076401766635e-20,1.2461041232256617e-19,4.210658074579422e-16,5.1794746616370525e-15,1.033812824511358e-11,3.608137311122928e-16,1.4316966546486356e-19,3.655340540355265e-16,5.179444522003754e-15,4.7544881568956925e-20,-3.318367142595555e-20,2.899725109964252e-16,3.245568416888857e-16,3.8779016148380433e-19,2.1164941097414197e-19,5.1792857500412974e-15,3.847889716730782e-16,3.0308608775978563e-16,4.075359805268778e-16,-1.7413209784589166e-19,4.645088961847635e-16,1.244075747847271e-19,1.7703763331966801e-16,4.568361373818746e-16,3.331889148542749e-19,1.6376171891368024e-19,5.138459159941189e-16,2.623299744796321e-19,-2.2309881177848148e-20,2.4459414934329936e-19,5.179690625579141e-15,1.7300882190781025e-19,1.6517076096793857e-19,6.322981811030497e-19,3.0303556481111455e-19,1.2565105240434627e-19,3.914068292210247e-20,4.2123020034145263e-16,1.0338559374545197e-11,3.947388487078104e-16,5.1786188454075326e-15,5.179364350965732e-15,5.405151422666971e-16,4.290101308716029e-19,4.914207132331394e-19,3.7388754307690783e-16,3.321174413110706e-19,1.0338606693317153e-11,4.121644188405193e-16,4.1612295341655555e-16,2.6142530826795224e-16,1.0338189821192975e-11,1.43183342589685e-16,4.3082718099381856e-16,6.726690945989917e-20,2.888900168930761e-16,1.394446606107187e-19,4.558654149163422e-20,1.6000749284282067e-12,9.828710586774583e-20,4.0223106580946653e-16
-6.369673241790323e-12,3.1397338194013022e-19,1.5725441834196012e-19,-4.414616199520115e-15,4.1051516321446333e-20,2.323165191431696e-19,1.7726611056073675e-19,5.722838702971928e-16,3.624427129506775e-16,4.499969637251264e-16,1.021985307310075e-19,-8.810425871493668e-12,2.6953081871170516e-16,1.7308339564061737e-19,5.0920903426316045e-16,3.870873125885901e-16,-2.9555278719435536e-19,-4.413740466543428e-15,3.049900536848087e-16,-9.999026514427606e-20,3.3047977901457013e-16,3.6666207645048914e-16,3.712103456364281e-16,1.9267541823994317e-16,-4.414234255945329e-15,1.4313640850113642e-20,3.827798924810303e-16,2.339756984165691e-16,1.5887660800641742e-16,3.943468338942242e-16,-4.413809039107571e-15,4.126709436532646e-19,-4.4139183506692965e-15,-5.158642475448863e-19,6.099698021322128e-16,2.2735351134633976e-19,3.5662344507365524e-16,-4.414051840498717e-15,4.450794636382559e-19,1.3770550520714883e-16,-8.810506330076284e-12,2.1018937826229778e-19,3.098613675815454e-16,5.419486708626613e-16,1.2393816464945388e-19,2.2011344687298585e-16,5.36548101329828e-16,2.7496595488788535e-19,-8.810412316889461e-12,-1.17680012674006e-19,3.029836753211927e-16,3.197983865061207e-16,3.977329378547027e-16,-5.585563415555855e-21,1.6156243613895892e-19,1.6024325566830533e-19,3.687534067984391e-16,-4.413866717105387e-15,1.752574812262207e-19,1.685324431464936e-19,2.8062401455395727e-16,1.380255097670755e-19,2.587009292597952e-19,1.786390612617616e-16,8.580876860150669e-19,4.204894165117024e-16,2.694427040470644e-16,1.9112399328585056e-19,-2.521304633354399e-19,2.334926964444917e-16,3.0538912042508157e-16,-8.810450655063744e-12,-8.81055209903653e-12,7.580205573230282e-20,1.0311540275771681e-19,1.8154036631138443e-19,-8.810411198937675e-12,3.5666671591184687e-16,1.2038968877215324e-19,2.6563093295892873e-16,3.737265642754148e-16,4.111369856880685e-16,-5.661758120050809e-20,-4.413884994210201e-15,2.534865981058214e-19,4.025557952728324e-16,2.9811750630999234e-16,2.569557753266895e-19,1.3811061903273937e-19,3.890702977400359e-20,5.258456658508853e-16,4.763751741694376e-16,5.024801514849546e-16,3.3739739925555196e-16,-3.268737170602233e-19,9.084985863627268e-17,4.3538954162889536e-16,2.783780749793231e-16,-8.810585721814057e-12,1.800478339580729e-19,3.9260163888750976e-16,4.0694310113603163e-16,-1.4234606205043477e-20,2.3405268552811906e-19,4.478503492566761e-16,1.5746317180200976e-19,-8.810507911270534e-12,7.04287730147298e-20,-8.810870768178612e-12,-4.414340362710963e-15,3.227169224032131e-19,4.937584010137516e-19,1.9313620888623493e-16,1.9545322585634548e-16,1.6950090906971388e-19,-4.413815286368253e-15,3.132129121024111e-19,1.9188732300333027e-16,-1.3932200025322678e-19,-4.413843027618692e-15,3.308131403195538e-16,2.88365270040062e-20,4.95328437579612e-16,5.187316046099897e-19,-4.130298572093268e-20,1.2057745199702794e-19,9.828710586774583e-20,1.6000012311496774e-12,-8.750200880626474e-20
-4.3362652016892804e-11,4.48207180952619e-19,-6.200815758628711e-19,-2.2947087890784136e-14,3.923302293497369e-21,8.52427573798453e-20,2.397215356315515e-19,9.664369979693822e-19,5.089033393039564e-16,6.513849645420216e-16,1.6346424721988995e-19,-4.5804617381398985e-11,1.5523512700291308e-16,5.556926148353662e-16,7.776418314063216e-16,3.034763407582155e-19,3.138546460782555e-19,-2.2946238623094438e-14,2.7351735734541564e-16,3.552196538673728e-19,1.6888258096342273e-19,4.490313619687706e-16,2.0011417505674074e-19,2.981736004652359e-19,-2.2946500720534045e-14,2.7238033617735453e-16,3.5992291625634096e-19,1.9930747077332337e-16,1.389717661930784e-16,2.237454729525546e-19,-4.5804933980312556e-11,1.784952261535354e-19,-4.5804395375332896e-11,-1.059946976572956e-16,8.745374346629642e-16,2.0182892879663257e-20,5.44836780934465e-16,-4.580503851404679e-11,4.757185004971145e-16,-3.3278743309519545e-17,-4.5804851986261586e-11,5.14914164223228e-19,-1.6864802692006595e-20,9.366483487379131e-16,1.584152818945201e-19,7.073144323488509e-17,8.812162278661203e-16,1.554979232330713e-19,-2.2946647073828824e-14,3.501342019717334e-16,2.711131433355878e-19,2.2312948779038427e-16,5.173907051522073e-16,2.799820974707498e-16,2.4921439234874564e-16,2.9461335338226854e-19,2.1600319116582628e-19,-4.5804517797720675e-11,2.187042681979337e-19,-5.577224349199258e-20,2.5859686412003545e-16,2.6850832995607317e-16,7.160665616186856e-16,5.035943189515812e-17,-4.616010846033018e-19,6.54484991851223e-16,2.6932519317778254e-16,2.5589232011521585e-19,-1.2275939046748061e-20,1.7219605446697533e-16,2.0114071214229923e-19,-4.580476934399855e-11,-4.5804683444808686e-11,3.823361335395111e-16,2.581038518933303e-16,3.597264350885803e-19,-4.5804783186639025e-11,2.985672879282198e-16,7.687547535654068e-16,-1.8118255473218659e-19,4.465776848211116e-16,2.8638898102682903e-19,1.9296532956018516e-16,-4.5804818637673394e-11,2.4241593679231784e-19,6.881531015296632e-19,3.354648188786354e-16,7.874629869600992e-16,7.607238017896262e-17,4.2635479212578386e-19,8.641201086862843e-16,1.825512105417238e-19,6.148494031913846e-16,2.1119765213493982e-20,4.362543708339037e-19,2.2061676272941423e-20,2.486638682314675e-19,-1.8695985411834574e-19,-4.5804946758595706e-11,4.808175226710562e-16,3.8088698890861228e-19,1.0827676935865977e-18,6.642772002816586e-16,2.332863293182033e-19,3.083529672840112e-19,2.0691539949015092e-19,-4.5804785196210985e-11,-7.729053338804576e-19,-2.2947317910048e-14,-2.294752857355939e-14,5.265504646475471e-19,3.6410556460544066e-19,5.239248123864233e-17,5.361164303000178e-20,4.779258543830482e-16,-2.2946981371727755e-14,1.4961751552785025e-19,-6.4644394386950734e-21,4.565890117072107e-16,-2.2947012710509815e-14,1.5690179779343501e-19,2.7444191562560475e-19,9.657665727908636e-19,4.2212733057013323e-19,4.804558851883231e-16,5.347732062806086e-16,4.0223106580946653e-16,-8.750200880626474e-20,1.5999879717310632e-12
