0.9999999999999892,7.79613064566927e-12,-4.5090014960445196e-12,3.616551380911249e-11,-1.417224611422608e-11,-3.1230487483905856e-11,6.499797750811522e-12,5.180603751531269e-11,0.9999999999601606,-5.6826922421718635e-11,1.8438566182543445e-11,4.126627379601989e-12,4.302680627601832e-12,0.9999999999593171,4.3379877664963176e-11,1.7289053420339417e-11,-9.97904701641881e-11,2.058092703153179e-12,-1.4581881094692193e-10,0.9999999999733681,9.147685839235302e-11,9.816289043430601e-12,0.9999999999754977,0.9999999999268504,-2.3266947345392676e-11,0.9999999999737028,-1.535220785204094e-11,8.13234879642033e-11,9.505873373643436e-12,0.9999999999762816,1.000000000019011,2.0569419536095423e-11,5.0832885166752657e-11,5.8658074454941216e-12,-6.5946632744761454e-12,0.9999999999935215,1.661434034249832e-11,-1.0357435104790863e-11,-4.2008737650444266e-11,8.809196039995494e-11,-9.944487050345197e-12,-2.0250013211718225e-10,-7.098813980384365e-12,3.952312806564731e-12,4.7334461825820944e-11,-4.733417400960439e-11,2.5455906147712864e-11,-2.90138645646529e-11,-1.2125958508950704e-11,2.6856563298782886e-11,2.155287182187328e-11,-2.860059209159544e-12,4.30111199888532e-12,-6.2064020729901445e-12,-1.2191745652212556e-10,5.266502424885948e-11,-9.289957383329088e-11,-5.5397007213728886e-11,3.5277619575542772e-12,0.9999999999817605,-1.4583542923852164e-10,4.633533173965574e-11,6.480040518781047e-11,1.61045042587801e-11,5.943840598898084e-12,2.5500078721419893e-11,1.655387258711888e-11,-1.129723427509858e-12,-1.7387813606241623e-11,1.3331193217001773e-11,0.9999999999977487,1.2060752755318632e-11,3.338888464082635e-11,1.059205973268374e-11,1.144166709864924e-11,4.638697285893975e-11,-1.0900715232263844e-11,7.248614450166648e-11,1.0000000000015068,-2.33842117775763e-11,3.734958290500542e-11,8.591522746300808e-11,1.7087807747892533e-11,3.412419000575777e-11,1.337684644036727e-11,1.0870144507508897e-11,6.1628515623391536e-12,8.588004804852167e-12,1.6096624999214597e-11,-1.1217062262868943e-11,-2.397465414952408e-13,1.0000000000060043,-1.2164280369899116e-11,6.40491186264765e-12,-8.50997349942645e-11,-2.8215630386515924e-11,-4.21381115264807e-11,1.0000000000180893,1.212664551576427e-11,-2.992108406356296e-11,2.723789524574824e-11,6.979261321145424e-11,1.048754975102523e-11,-1.75826602529151e-11,1.0000000000123677,-1.5866688272288926e-11,1.02227813667126e-10,6.542453432997927e-12,4.4265836212482704e-11,4.880443305580742e-11,2.2480351663871816e-11,1.0556546071816738e-10,2.1011000868920045e-11,1.974031353391083e-11,-1.6210642043182124e-11,0.9999999999812332,1.5219806146711532e-10,0.9999999999785653,0.9999999999308382,1.000000000000238,-6.982637571802565e-11,-1.270737421320907e-10,1.564626328526065e-11,-6.689491212438411e-11,0.9999999999794211,-6.52190309267239e-12,-1.7163417334245943e-11,-4.4655279330242676e-11,8.628614256246585e-12
7.79613064566927e-12,1.804108253791536e-12,1.4336626174106152e-15,1.6157755006178724e-15,1.1580111879364044e-15,1.252647783113266e-15,1.1011538774445701e-15,1.4065202200427846e-15,4.555141667497572e-12,1.2912440132901076e-15,1.0375550781121503e-15,9.739533021897497e-16,9.693585890948431e-16,4.5550782216044315e-12,1.1293767052333981e-15,7.788443587634261e-16,6.63591489377351e-16,6.31582594567438e-16,1.0951753297153131e-15,4.555393682639293e-12,1.2727160574100722e-15,8.868336079817673e-16,4.555875884808746e-12,4.554251326924925e-12,8.214932577610539e-16,4.555441948237886e-12,4.285468965335601e-16,1.2890328540140456e-15,1.1942024894929552e-15,2.2825061141473834e-15,4.556739506761112e-12,8.682386005022944e-16,1.0849241292903543e-15,7.099943371169724e-16,9.130026023053665e-16,4.556244577212131e-12,8.637231088941419e-16,9.657315466169565e-16,9.146953906108403e-16,1.4314880063050241e-15,1.8474447163693176e-15,1.8907785909196716e-15,1.1112746882150943e-15,7.07121071811002e-16,1.2052353752083822e-15,7.906857988477626e-16,5.760363557733776e-16,8.265621700632873e-16,1.2876657892582905e-15,1.4712535210185697e-15,8.48264613028455e-16,1.1062753226761676e-15,6.719383514732366e-16,9.729093192653096e-16,1.0253767015172792e-15,1.619450273200677e-15,1.2839097442642391e-15,8.361714234697936e-16,7.274985597374399e-16,4.554878072133785e-12,1.2674749223090108e-15,7.241608427861186e-16,1.7023368383201193e-15,9.711180490165128e-16,1.0527768931499085e-15,9.612428308770237e-16,1.7307974424800019e-15,8.232997736163835e-16,1.4139824462745112e-15,4.162865983235022e-19,2.2827690369320126e-15,9.238210316141373e-19,7.506064118153793e-20,9.41500107995325e-19,6.120137602364693e-19,4.532168345890663e-19,1.1747092141073965e-18,8.158823048633603e-19,2.2825379095294415e-15,7.954657208829934e-19,3.317802344897253e-19,5.150020246724958e-19,5.573681979384361e-19,8.007190823959677e-19,5.706638783326725e-19,7.817796759791584e-19,4.997072332167709e-19,3.8095038007792663e-19,4.1530059508840953e-19,8.689116323604678e-19,8.714678815334691e-19,2.28252108677291e-15,1.2606987644549393e-18,1.9286071148622068e-19,1.8900034560657545e-18,3.7707655521282067e-19,6.7922813780525095e-19,2.2824835695090577e-15,4.232225294078783e-19,6.387962354290083e-19,7.089724577628141e-19,4.062927281656476e-19,8.433121781506985e-19,2.374283678787816e-19,2.283680127335883e-15,5.094521717068573e-19,7.512051415630599e-19,4.3366209336001837e-19,4.502080060080002e-19,1.0331082010698989e-18,3.7263181835843066e-19,4.335453356808968e-19,7.585765815923646e-19,1.1630882140868542e-18,4.1729440208226817e-19,2.2823792967347398e-15,6.705730853373173e-19,2.2822920208736894e-15,2.2821014263586294e-15,2.2824893212068127e-15,-1.9548546624029043e-19,7.753451312170972e-19,8.568899058306347e-19,5.657606778728806e-20,2.2820186042475523e-15,6.199159145057975e-19,4.43571207880494e-19,9.57152172290637e-19,4.908790868164092e-19
-4.5090014960445196e-12,1.4336626174106152e-15,1.804956506472183e-12,1.664638767250328e-15,1.0395195285981076e-18,9.729783302093582e-16,1.1291267443954662e-15,1.2847587381778909e-15,-7.760767004198502e-12,9.396355075653456e-19,1.8253404240390227e-19,1.4061691283216218e-15,4.757060030060889e-19,-7.760606305579115e-12,3.7513951274921583e-19,1.0055534930046472e-15,4.467808963135245e-19,8.904887141641003e-16,7.13747001896759e-19,-7.760903399680311e-12,6.824987250399008e-19,1.196973831453024e-15,-3.887226686385227e-15,-3.888453285677922e-15,6.397290203676157e-19,-3.8880051061508636e-15,6.649991901355626e-19,7.377158817948129e-19,4.727461400224361e-19,-3.8879224036630526e-15,-3.887480611823086e-15,9.878577229619972e-19,1.3368997003545624e-15,5.374360364616567e-19,5.595494567961472e-19,-7.75940569288295e-12,1.021237260287113e-15,8.131156623075777e-16,1.0023307597040893e-15,8.167831007251046e-19,6.631175955038756e-19,9.912042017738238e-16,1.040791194612934e-18,9.835895921114224e-19,4.344723318092308e-19,3.86939487572503e-19,1.1981476150580688e-15,1.358019921244113e-15,3.6803601864189954e-19,9.199171483881034e-19,4.2914529423532447e-19,6.385854671744461e-19,9.649732039778063e-16,5.587696155641371e-19,8.755544571767372e-19,1.5935466726645373e-15,6.883411635040157e-19,1.0822754060467158e-15,9.820432697156589e-19,-3.8881482647767376e-15,5.776256254811743e-19,4.191632647555966e-19,6.313133724429274e-19,7.725750799808127e-19,1.0247512750216644e-15,5.525045561803411e-19,7.293121530941945e-19,1.4064710402486215e-15,1.1660564287567668e-15,1.2910635381514554e-15,-7.760028626947127e-12,1.2128214489051056e-15,1.2523061450936377e-15,1.405607746443507e-15,1.1572965659828906e-15,1.196108375540151e-15,7.821910220542732e-16,1.3181112564413926e-15,-3.887701440491082e-15,7.161363236589606e-16,1.1450528361913133e-15,9.848511752017687e-16,1.2572762504980233e-15,1.0833291354830177e-15,1.0239493591061996e-15,5.125384309872134e-16,1.0153900652938198e-15,1.259147672440853e-15,9.994655574525471e-16,1.1258689515626953e-15,9.110245168233409e-16,-7.759848730550506e-12,1.3245485192123822e-15,1.0283425877272635e-15,1.2799426998521112e-15,1.1125137325558351e-15,1.2572687171677449e-15,-7.760522932677753e-12,4.007009770214238e-19,1.3714171668428784e-19,5.605081457852579e-19,9.295891047275855e-19,2.6033529198839756e-19,7.217541373961559e-19,-3.887171483224681e-15,2.9530514464443736e-19,9.205386638556673e-19,2.428254622759648e-19,8.45877174248742e-19,3.776162804589525e-19,6.948588826803819e-19,5.890014398686749e-19,3.8350123483995244e-19,5.630515053679962e-19,4.763597630897624e-19,-3.887731873496507e-15,6.928964412470966e-19,-3.887506414527826e-15,-3.888164508255023e-15,-3.8866570857135086e-15,-1.552798756883694e-20,4.723723496821633e-19,5.590778667485434e-19,4.412198024224768e-19,-3.888192747163101e-15,4.935089642439766e-19,5.33489868462277e-19,4.731953419812933e-19,3.9921625046504186e-19
3.616551380911249e-11,1.6157755006178724e-15,1.664638767250328e-15,1.8055180378259926e-12,1.9046503828887355e-15,5.964830182430897e-19,1.2924080499644993e-15,1.1979386730328378e-15,3.294250209496088e-11,1.1389128728117191e-18,7.476925837297929e-16,1.4375272299812904e-15,5.341299656202426e-19,1.6503635175796275e-14,1.0762208796107808e-15,6.177113374535456e-16,7.761156325022511e-19,5.982393302711737e-19,2.782119378761166e-19,3.294276023474393e-11,1.892292419477904e-15,1.5263078553705238e-15,3.2944536673331855e-11,1.6503716589415937e-14,1.459268642350028e-15,1.650389836939412e-14,1.1066800153150976e-18,1.5007770004631998e-19,4.797491627667595e-19,3.294403653050149e-11,3.2944489396903545e-11,9.120280700500693e-16,2.9177284005815906e-19,1.6733588039989965e-15,1.2592409457598412e-15,3.2944237765484585e-11,6.202112229253217e-19,1.2052793000124414e-15,5.508612429551989e-19,9.628696486243312e-19,8.612098533636723e-19,1.6632869579359222e-15,1.4989438982668432e-15,4.834693559984187e-19,1.27102478244908e-15,5.289423845167093e-19,6.163993269693091e-19,9.00364958475649e-19,1.2033091425362862e-18,1.5208417781991995e-15,1.3706509457959833e-15,1.725257743913403e-15,7.573725760579758e-19,1.67605907551024e-15,4.144212466367107e-19,1.5342868401213566e-18,5.860322246795364e-19,9.355259163065828e-16,1.010982684658508e-18,3.294329486835859e-11,3.960286793245492e-19,6.446637567484242e-16,3.2596777252364467e-19,6.2533070705931e-19,1.6651491032465646e-15,1.9688409645181105e-19,2.6664661894650478e-15,1.024660999210378e-18,3.1240806508880324e-19,1.3895652501511095e-15,3.2944068141464074e-11,1.860412234658203e-15,1.4514575947004326e-15,1.7863218920326996e-15,1.3560755230613382e-15,1.252151897858838e-15,1.0968466050520263e-18,2.5602247750724813e-15,3.29440511651504e-11,4.961575716019605e-19,3.2451930537540466e-19,8.352734033983373e-16,1.635658266575238e-15,5.017011495100717e-19,1.1127232311028334e-18,4.800767803914592e-16,1.033000137301657e-19,7.932858042140586e-19,1.2076615486531672e-15,9.743879506902443e-19,1.2631381556122301e-19,3.29444879988597e-11,9.202258757046987e-19,1.3332414868582562e-15,5.302001332969389e-19,6.284267405195128e-19,1.8688515593909845e-15,1.650349438714257e-14,1.4470826899969944e-15,1.202916906629799e-15,1.4966567697144573e-15,1.5625704802159167e-15,2.9235320562521015e-16,1.829153585168094e-15,3.294574916206886e-11,6.255601925561912e-16,1.22925781100228e-15,6.515996985736082e-16,1.634944569336137e-15,1.8808228109734555e-15,9.45922155983255e-16,1.5291031946119186e-15,1.7278028104092587e-15,9.738540799577063e-16,9.343515390733365e-16,3.2943682020159346e-11,3.6032755882746446e-19,1.650400993460746e-14,1.6503772295147267e-14,1.6503884709598964e-14,2.2896302067755036e-19,7.331493351033695e-19,6.363788494241563e-19,3.399981508306452e-19,1.650380844327423e-14,5.315371870580574e-19,8.144172500329968e-19,4.93679791837697e-19,3.786844722186948e-19
-1.417224611422608e-11,1.1580111879364044e-15,1.0395195285981076e-18,1.9046503828887355e-15,1.8051331517492164e-12,4.841361755030123e-19,1.6213107662596476e-19,1.5646920573707438e-15,-8.726422738370808e-15,1.7007602353359238e-15,1.1313194689619688e-15,1.4089433020519293e-15,6.886194568329475e-19,-1.7418858731079357e-11,5.413900442694121e-19,1.0865647202134145e-15,9.642891472030742e-16,8.84229623234282e-16,1.0792990644730822e-18,-1.741885224516053e-11,1.2185441957508732e-18,1.2012291079204196e-15,-1.741787312804488e-11,-8.726981079349141e-15,6.235188414027694e-19,-1.7418535220798388e-11,8.670064797453247e-16,1.645438198552705e-15,5.486529812518891e-19,-8.726176847975235e-15,-8.72575443301332e-15,1.301238324316503e-15,6.423770257398136e-19,4.915524276317681e-19,3.876130007757165e-19,-8.725890636791093e-15,4.1391675943966995e-19,9.421669422211054e-16,1.1069448551483403e-15,1.325339175695748e-15,1.964300982952952e-15,1.4365868552767089e-15,1.5280836058361745e-15,8.031428559331807e-19,1.1849258046699817e-15,1.1120849171353226e-15,1.0954859967394045e-15,1.2666257701042243e-15,1.2383669429494127e-15,8.24956139684937e-19,8.873999651102249e-16,1.4857248421389848e-15,9.395503486101042e-16,1.2376192325237078e-15,1.2040916683465394e-15,1.0071903168792678e-18,8.218239438902373e-19,6.20002175668858e-19,2.99332809690737e-19,-8.7270918591046e-15,7.338830091438948e-19,3.6770291913230673e-19,9.039194051608715e-19,1.4424616834727746e-15,1.0885445010253166e-15,1.0625236702586358e-15,7.087460256822407e-19,5.904549946824638e-19,8.488601942243264e-19,1.186569245645941e-15,-1.7417772970338586e-11,8.74110137870773e-19,6.664309979249825e-19,7.56621235089646e-19,7.007983955726358e-19,5.964338954165847e-19,3.8070834887616496e-19,1.5023449471600137e-15,-8.72569845341885e-15,9.564572353955761e-16,3.90176042194181e-19,1.0369386009556578e-15,7.631852368899494e-19,8.290757338524071e-19,5.163304927593837e-19,2.9534313022277753e-19,5.725418172310102e-19,1.2862957078196283e-15,1.2127115637922623e-15,6.391070391014314e-19,1.0473911987132448e-15,-8.726005222346234e-15,1.7920124744322805e-15,4.263199261257334e-19,7.114756387344862e-19,4.0479497237790015e-19,8.679639906396584e-19,-8.72626810244436e-15,1.184741703283904e-15,6.486015434130973e-19,1.2775914329668164e-15,6.049268491736765e-19,6.690311293056615e-20,1.3592725646927584e-15,-1.7416496919574677e-11,7.588144411246879e-16,7.335888874694006e-19,4.808220371715695e-19,1.3476432647974455e-15,6.974119643160424e-19,5.097837695354794e-19,7.892909989885357e-19,1.3305552817314853e-15,1.101872261585054e-15,1.125616045428513e-18,-8.725526432022193e-15,1.4714713227618253e-15,-1.7417242063909035e-11,-8.726799201184752e-15,-1.7417817661211692e-11,7.285035986857552e-16,1.440751014195247e-15,4.724379339636154e-19,6.301422283570461e-19,-8.726320569248469e-15,6.547794538954455e-19,4.521192323909451e-19,5.015364905189584e-19,5.412096498868136e-19
-3.1230487483905856e-11,1.252647783113266e-15,9.729783302093582e-16,5.964830182430897e-19,4.841361755030123e-19,1.8045024262754271e-12,4.643732650689991e-19,3.5592267066425716e-19,-3.446571540330281e-11,8.564897440453908e-19,5.813023561418529e-19,8.72449459239191e-19,2.5020113266368856e-19,-1.7266562383210795e-14,1.8574850308575834e-19,5.124898724810236e-19,2.628535602963403e-19,2.6035129866941887e-19,6.147827924137127e-19,-3.446581746087186e-11,3.179215974758707e-19,9.824477668725399e-16,-3.4464786900915085e-11,-3.4466428735818176e-11,5.260552491469054e-19,-3.446540847017443e-11,8.903511761917804e-16,1.3821511308139049e-18,9.43850887414685e-16,-3.446539241596537e-11,-1.7265770401658444e-14,1.118659008084044e-15,3.4373536174857944e-20,8.919141857860022e-16,1.0002033208318867e-15,-1.726561007886898e-14,9.35237944523567e-16,4.423906821429495e-19,8.980586406984e-16,4.471491549184759e-19,1.4516766030841351e-15,9.920518291862711e-16,1.1716668356427687e-15,1.06148843222797e-15,5.322801092446422e-19,9.39386746605313e-16,7.522121263488557e-19,1.1308822565173283e-15,8.337278855838001e-16,6.059045267080792e-19,4.438929852833273e-19,6.393192116002425e-19,8.672242389580241e-16,3.625555320418056e-19,1.124605870477899e-15,1.3665436374568452e-15,1.2868407996506796e-15,6.058850134047494e-19,4.29892893482861e-19,-3.446611664338775e-11,6.86535961736375e-19,6.978612117367007e-19,4.575002713884528e-19,7.072087542709161e-19,8.571046924082458e-16,8.07940485913112e-16,1.1325135804030246e-15,4.991713640057024e-19,1.006489450282098e-15,1.1578534799574323e-15,-3.4464928637836383e-11,9.973409712418004e-16,7.542241865898847e-19,8.215660527829049e-19,9.847884127714483e-16,1.8605976624335815e-19,6.62916280048113e-16,1.091948738732361e-15,-1.7265935499001455e-14,3.6545906451245327e-19,8.603173410773069e-19,1.0486273732220563e-15,6.630236771876473e-19,1.2195674539762777e-15,5.355325372570048e-19,7.752133404805506e-19,8.213022301762291e-16,1.0526505550494477e-15,6.312133815591985e-19,4.664672352677768e-19,8.195262124608793e-16,-1.7265997556273878e-14,5.801013947674429e-19,7.402795170396661e-19,1.1910384159896225e-15,5.955296330802333e-19,1.050335484856012e-15,-3.4465382760581976e-11,7.909668891201235e-16,8.517348297222846e-16,5.6506337684838955e-19,4.319505936816501e-19,5.951250447630024e-16,1.05584854733989e-15,-1.7265636993047733e-14,5.682423200348337e-16,1.3260053704583022e-15,7.837649560703835e-16,5.587579717543183e-19,7.216183970392878e-19,3.44845467871292e-19,1.378322271687455e-15,1.0304421163768504e-19,9.232421994026792e-16,6.646533421696021e-19,-3.446514001319112e-11,1.2089164247686795e-15,-1.7265609767396836e-14,-1.7266776456965383e-14,-1.7266149806690037e-14,4.894455363112755e-19,4.694972123829396e-19,7.900448785869292e-16,8.469467450261115e-16,-1.7266622251001184e-14,5.022557636689763e-19,3.814624647426126e-19,5.209531552628723e-19,4.090803347153787e-19
6.499797750811522e-12,1.1011538774445701e-15,1.1291267443954662e-15,1.2924080499644993e-15,1.6213107662596476e-19,4.643732650689991e-19,1.8046624124198025e-12,9.767423279924249e-16,3.264888668849967e-12,1.5368422617690079e-15,6.796403830654948e-16,1.0668113541086411e-18,4.09541687386263e-19,3.265178793698758e-12,9.509991649675469e-16,7.050389640320665e-16,1.108025130125827e-15,1.2380028100118597e-18,3.7277345744108954e-19,3.265003199816132e-12,7.752562508343969e-19,1.0109846143447982e-15,3.266016959957336e-12,1.6356850541503318e-15,4.586868297944241e-19,1.6358332606423383e-15,6.100850727659406e-19,1.1356748732093904e-15,3.1351921874168654e-19,1.6360228091277352e-15,1.636150558042193e-15,9.86221859613658e-19,6.20255560421429e-19,5.01109693945925e-19,8.962254996189571e-16,3.266003350442692e-12,2.977011005863784e-19,5.016939454120376e-19,8.0663921908132e-16,5.671208890339437e-19,1.4652171766499076e-15,5.245853485255833e-19,1.0305803488370538e-15,2.763302300136811e-19,7.605243968852051e-19,5.673180005949198e-16,8.912712172140823e-16,1.4719782512663236e-19,6.46050398819418e-19,1.111412937285519e-15,4.886655071064503e-19,1.2071212732926375e-15,6.12892349305818e-19,1.1519380057194552e-15,1.2678672183820275e-15,1.595237533679567e-15,6.479927583962021e-19,9.140081607307664e-16,8.920289753118042e-16,3.265077477359384e-12,1.1456587736648308e-15,5.907635773552869e-16,8.175793287192261e-19,9.674460752901246e-16,5.046482406774278e-19,3.2613215882492027e-19,1.773126010261755e-15,5.532904605795584e-19,-1.5790633861493796e-19,5.147030918573948e-19,1.6360256603939724e-15,1.2778518135293267e-15,6.519832991241612e-19,1.1583459417649531e-15,2.1038066347803527e-19,1.0324072832194359e-15,8.7167758305980305e-16,1.493018078080923e-15,1.6361033581677188e-15,8.707870947179727e-16,3.196926591179034e-19,9.119936120839837e-16,1.2848104727445177e-15,6.982235897236231e-19,1.1471437509822074e-15,5.122749266152554e-16,9.435263268935498e-16,1.0613923601391778e-15,6.036714159396684e-19,1.1346154967670004e-15,6.493797971293142e-16,3.2660182315418306e-12,5.984572922261223e-19,8.161152839923847e-19,1.2105038265253595e-15,3.60533759518208e-19,1.324627325119335e-15,1.6358133287066794e-15,9.755987656838021e-16,1.2376000690740713e-19,1.1131856124140744e-15,1.2022646927958014e-15,-1.266144406169137e-19,7.181380208607841e-19,1.6366383766513815e-15,5.435710997811145e-19,3.2379115029939045e-19,6.811954811838352e-16,1.1171381158151743e-15,7.1458580496289505e-19,4.083144359621931e-19,6.293630766843475e-19,1.2632109560126646e-15,5.868619919657708e-19,8.626623680298897e-16,1.6358407994344063e-15,5.461770663628597e-19,3.2663992517881818e-12,1.6354616401986441e-15,3.2659039607962223e-12,7.842999095735034e-16,1.1923949274373754e-15,1.1619725426119705e-15,7.210053190784753e-19,3.2656164259920613e-12,2.2995861360829964e-19,1.812081459468922e-19,1.4641449391581414e-19,5.478050189401245e-19
5.180603751531269e-11,1.4065202200427846e-15,1.2847587381778909e-15,1.1979386730328378e-15,1.5646920573707438e-15,3.5592267066425716e-19,9.767423279924249e-16,1.8044690614907816e-12,2.433014621715253e-14,6.689598234627132e-19,8.10065130075373e-19,1.1381586303584625e-15,1.4108278920850762e-19,4.8566592955299985e-11,7.67864809149087e-16,3.896723418389531e-16,1.2003899123836775e-15,7.32888137960564e-16,4.692335653621875e-16,2.4330396693643075e-14,1.5057500490963928e-15,1.2578081590337566e-15,2.4330882032073672e-14,4.856665609068748e-11,6.3402662156388325e-19,2.4330304460869676e-14,8.702136308922096e-16,1.1586119369255605e-15,6.42030950353426e-16,2.433079870332528e-14,2.4330572134115943e-14,6.841795751905414e-16,7.991718355667518e-19,7.9549261031592275e-19,1.0030096929226014e-15,2.433105770767222e-14,4.085779965256797e-19,9.377211574367235e-16,6.240356095787613e-16,5.317389405151552e-19,1.3529325314166804e-15,1.142906939053411e-15,1.1852538380968257e-15,7.621486056694064e-16,4.584055592553878e-19,8.7133349985648e-17,3.4611194899837736e-19,8.659355790732203e-19,1.0708779549834865e-15,6.597061150546953e-19,1.119505552110518e-15,1.4129260918131561e-15,5.446687882618912e-19,7.9505875699841575e-19,7.253023033999477e-19,1.7378092898412148e-15,3.8169441328914125e-19,7.341446297474156e-19,1.0217130040079769e-15,2.4330367716955334e-14,5.757372091988443e-19,4.2159195832251066e-16,8.891799814407485e-16,9.923968160088745e-16,8.343589483105123e-19,3.169138167670331e-16,2.1234858767251225e-15,1.7625984469967105e-15,1.5337456137879662e-15,1.1664093342679533e-15,4.8566876959803766e-11,1.027124524041859e-18,5.727857776441785e-19,7.787888395836614e-19,1.0841570757582105e-15,8.562147947656355e-16,3.412487468930304e-19,1.2725157246809482e-18,4.856695351073811e-11,3.306756623093814e-19,2.1167517412145646e-19,4.567399574090453e-19,6.107343222293614e-19,1.2039495534023545e-19,1.5053368933119792e-15,2.533180602046313e-16,1.0458349825294667e-15,7.585778133022872e-19,9.093428911912819e-16,4.626435102676815e-19,4.49597289232346e-16,2.433098868049778e-14,1.3116412694849041e-15,1.0790766421214105e-15,1.2364404042311623e-15,2.68022092678104e-19,5.822359579822024e-19,4.856616382868288e-11,1.0969947970991141e-15,8.298053053310441e-16,1.140683009643863e-18,1.2919095186347413e-15,1.166500908946025e-16,1.5066322677829654e-15,4.856817464241487e-11,3.872247676977783e-16,4.518470555856471e-19,4.332991756073025e-16,8.97745056566911e-19,1.4333301682095896e-15,6.221719271666788e-16,1.283360895899708e-15,1.3547232954012064e-15,6.99371828896268e-16,2.750164639207559e-19,2.433068495608962e-14,1.5246222054176497e-15,4.856753384142959e-11,4.856678162009779e-11,4.8567161352814486e-11,2.5369189954137216e-19,3.875495768426541e-19,3.238277261468807e-19,4.405467714555564e-19,2.433084454462131e-14,7.300898176401934e-16,5.575010170814732e-16,3.371722148199239e-19,4.459392952465727e-19
0.9999999999601606,4.555141667497572e-12,-7.760767004198502e-12,3.294250209496088e-11,-8.726422738370808e-15,-3.446571540330281e-11,3.264888668849967e-12,2.433014621715253e-14,0.9999999999385133,-6.004978867500296e-11,1.5185064209078878e-11,8.862681621645319e-13,5.285256481618163e-16,0.9999999999358539,2.0111048719250402e-14,7.040388657434263e-15,-5.1609416837298345e-14,-1.169037660156607e-12,-1.4904187760945636e-10,0.9999999999499081,8.824100792310866e-11,3.2874060930025614e-15,0.9999999999520509,0.9999999999033633,-2.651080306332887e-11,0.9999999999502549,-1.8609451202143966e-11,3.91203994037223e-14,3.142267346684718e-15,0.9999999999528275,0.9999999999955828,8.675277833142134e-15,2.3843261029112557e-14,1.3074523321063073e-15,-9.845754475696427e-12,0.9999999999700863,1.3367781657449048e-11,-6.819041735016191e-15,-2.2672326274779363e-14,8.486062428324464e-11,-6.5904807420322055e-15,-1.0305735125267463e-13,-5.181531737356528e-15,7.092078003688226e-13,4.409561831587378e-11,-5.0581981775179465e-11,1.113144637828069e-14,-1.6161664527738843e-14,-1.5372792852737592e-11,1.1828038173492683e-14,9.173490693269757e-15,-3.0589362215237766e-15,1.0489566775196841e-12,-4.737441122257949e-15,-1.251474211463036e-10,2.4770048411098303e-14,-9.611769754401642e-11,-5.861617522694253e-11,1.4114335525437254e-16,0.9999999999582915,-7.467257878506713e-14,4.309322173679688e-11,3.085097908975732e-14,6.445484015998883e-15,1.3501106459146393e-15,1.1148156890955805e-14,6.6813855018501655e-15,-2.1895515070790685e-15,-1.033329711972869e-14,1.008667101841504e-11,0.9999999999743168,8.81663808350878e-12,3.014248503905818e-11,7.349749967764048e-12,4.101987690388005e-15,4.315706097151261e-11,-1.414869380803037e-11,3.4693665530001435e-14,0.9999999999780744,-1.3340535062883231e-14,1.7085499898010406e-14,8.268449098607716e-11,6.947502390288601e-15,3.0925851947843186e-11,5.075512598053455e-15,3.815279230239888e-15,2.909223491254244e-12,2.6740942527978952e-15,6.436034822885663e-15,-7.246074646882503e-15,-1.751458801247862e-15,0.9999999999825738,-1.537068979340515e-11,1.5804827403424882e-15,-8.831594934022706e-11,-1.5749217137032714e-14,-2.272821196058214e-14,0.9999999999946474,4.447390811226385e-15,-1.661060226621527e-14,2.400062205644739e-11,6.655334830501983e-11,3.622726862784205e-15,-1.0438540698886657e-14,0.9999999999889644,-9.576940751273258e-15,9.899875670029934e-11,1.6528873069503105e-15,4.102606018591677e-11,4.5574472410212773e-11,1.924115836895212e-11,5.1267000130726144e-14,1.777705724286336e-11,8.26530539520844e-15,-9.738384084710939e-15,0.9999999999577752,7.462812755758204e-14,0.9999999999551296,0.999999999907363,0.9999999999767881,-7.30694889937592e-11,-1.3029399148024018e-10,1.2416483502549369e-11,-7.013471109765822e-11,0.9999999999559626,-9.76787869825646e-12,-1.0229607181647593e-14,-4.789193515498682e-11,2.6949567838952986e-15
-5.6826922421718635e-11,1.2912440132901076e-15,9.396355075653456e-19,1.1389128728117191e-18,1.7007602353359238e-15,8.564897440453908e-19,1.5368422617690079e-15,6.689598234627132e-19,-6.004978867500296e-11,1.80591780468513e-12,6.797151838293559e-19,1.6201560633844839e-15,1.2853256954396986e-15,-6.004975291223514e-11,6.561286219078252e-19,1.1770830611931853e-15,1.3177766256807597e-15,1.1498760446333053e-15,1.7170249899143693e-15,-3.0083151298256555e-14,1.8908010474757738e-15,7.061716526133897e-19,-6.004857838886671e-11,-3.0084398184374754e-14,8.122802792669082e-19,-6.00493616992583e-11,1.0077471332223974e-15,1.7760902637810736e-15,1.460990137808101e-15,-3.008322451690756e-14,-3.008277264101658e-14,2.205106445366878e-20,9.140821733894156e-19,6.848924239569274e-19,1.3631521167581983e-15,-3.008291701903647e-14,1.2858365413085832e-15,1.2150476818888585e-15,4.448731912042161e-19,1.6245703011038507e-15,1.2956276748060926e-18,1.9405871536861624e-15,1.6045900896078126e-15,6.323969011610909e-19,1.5293564839480077e-15,5.314784002084128e-19,4.415029833787296e-19,1.5158470328815161e-15,1.490163859034336e-15,9.48867746316729e-19,1.2288578147217082e-15,9.72404627199136e-19,1.1823618417620508e-15,7.539984173798545e-19,5.432907053875828e-19,9.860838065387357e-19,1.7905625734844645e-15,1.3414182368030465e-15,1.19813353167651e-15,-6.005008234976792e-11,1.6269140101612472e-15,9.209859365013683e-16,1.8577967076112678e-15,8.545969761187868e-19,1.4431462758801044e-15,4.881361933659881e-19,1.2854891944634048e-18,8.397224144278183e-19,1.7755388318421897e-15,1.3827199069417197e-15,-6.004845453939303e-11,8.268340893598601e-19,1.4322714112078348e-15,8.646469164696145e-19,1.3568885521906373e-15,8.854899391326484e-19,6.25376102844102e-19,1.9523090212316203e-15,-6.004866458955237e-11,5.188731941795126e-19,8.49695991883756e-19,1.321040443164244e-15,1.010419762760739e-18,6.087911772333841e-19,6.823848346106786e-19,1.0035584778631239e-15,8.795650321070936e-19,1.4882550196845524e-15,7.300926991699467e-19,1.6455805100762177e-15,1.1406393329582553e-15,-3.0083057638578455e-14,1.050562231691464e-18,9.433014865948748e-19,1.2475862655927739e-18,1.2812481427098583e-15,1.0191487617796184e-18,-3.0083362484893945e-14,1.4826378527802957e-15,8.157211962937708e-19,1.5360922439687455e-15,1.0425194808894607e-18,4.606770325758381e-19,8.079718736771166e-19,-3.0082166809646877e-14,6.045818565983015e-19,1.7805259400664486e-15,1.0649445124455933e-15,1.580151078955714e-15,1.6281623887038072e-15,3.624743238991532e-19,1.4665009717604185e-15,4.89629258196569e-19,1.3129864356136191e-15,7.167975275562682e-19,-6.00488816175825e-11,1.817581088495063e-15,-6.00477963450346e-11,-6.004998762953567e-11,-6.004850284106694e-11,2.0155314276510975e-19,1.7989954282807856e-15,1.6204941621647545e-15,1.2919321352825742e-15,-6.004922977244947e-11,1.342357341848052e-15,7.569387925598558e-19,6.059790222106308e-19,4.26950966037483e-19
1.8438566182543445e-11,1.0375550781121503e-15,1.8253404240390227e-19,7.476925837297929e-16,1.1313194689619688e-15,5.813023561418529e-19,6.796403830654948e-16,8.10065130075373e-19,1.5185064209078878e-11,6.797151838293559e-19,1.8041013483393621e-12,-3.839141279869927e-19,7.773641931910719e-16,7.60768381675118e-15,5.4867530168986335e-16,1.6530060344469272e-16,7.713473918170104e-19,5.13758451370881e-16,1.2629307661928212e-16,7.60738476544926e-15,5.786111940826441e-19,5.282589356101609e-19,7.607880975743158e-15,7.607783853690055e-15,8.916684297588561e-16,7.607562285462988e-15,1.3218574280928275e-19,7.505321733746432e-16,3.812645803267367e-16,1.5186158411207648e-11,1.5186221339145903e-11,1.927450088260422e-19,8.360681436752998e-19,5.808914853260016e-19,3.150744142202155e-19,1.5186055430508394e-11,1.0081978773928585e-19,3.8024084184734237e-19,2.0641808377626457e-19,4.9830519528212655e-19,8.814419500613803e-16,4.653052713034069e-19,4.798341588145564e-19,4.554564013602903e-16,4.804793329468382e-19,-1.3572548483128594e-16,4.616205271480353e-19,1.3315415832314421e-15,7.612507677897186e-16,7.254024699847068e-16,8.626300041670678e-16,9.878056991188376e-16,2.1946355147658135e-19,8.256077983179832e-19,1.8820000988791982e-18,1.2832623371494648e-15,2.4432402739604575e-19,9.780718610388996e-20,2.631104297777822e-19,7.60775555396617e-15,8.317463215849609e-16,-2.3227290748051385e-19,5.9004218944787075e-16,3.4048719610556217e-19,3.3380455622433387e-19,3.2056626768352283e-19,8.133525125738234e-19,1.352217092238895e-15,6.678339410317122e-19,6.866625092785499e-19,7.607679325167145e-15,5.910545618297799e-19,2.4608059244113774e-19,1.0444070179910494e-15,2.364276268689978e-19,5.377865243191435e-16,2.3936270330591063e-19,1.6295820036487946e-15,7.607727684314903e-15,4.404099162954469e-19,2.257563924488709e-19,-3.73408920365856e-20,9.424043681290323e-16,1.3616706106542533e-19,1.181783256273132e-15,9.195079248902564e-17,7.468819425195606e-16,4.726005493991755e-19,7.129770066146246e-19,9.030989230662456e-16,2.087662306405933e-16,7.607962435302282e-15,4.513004217022856e-19,7.413413580362957e-19,8.416440297188445e-16,2.231782260027767e-19,1.0522193299831167e-15,7.607467042667223e-15,7.93606292695453e-16,5.708370396530157e-16,8.45784780048458e-16,8.348528387634204e-16,-2.272572313814582e-17,6.944114286148601e-19,7.608153173825246e-15,2.354201298682417e-16,1.9707058038526097e-19,3.457425357793953e-19,2.961462485759831e-19,8.799438341640966e-19,4.599941332118901e-16,5.42431218569872e-19,3.6825731027433607e-19,3.412656845870056e-19,3.5949943226165843e-16,1.5185785507174462e-11,7.312322729317113e-19,1.5186454574255697e-11,7.608024768293434e-15,7.607823770613553e-15,3.9743346579734303e-16,4.593166666358642e-19,4.893305767532345e-19,4.3001822788055755e-16,7.607868034431051e-15,3.005386777302187e-19,3.05475781180149e-16,4.291653995363013e-16,5.651317093296648e-19
4.126627379601989e-12,9.739533021897497e-16,1.4061691283216218e-15,1.4375272299812904e-15,1.4089433020519293e-15,8.72449459239191e-19,1.0668113541086411e-18,1.1381586303584625e-15,8.862681621645319e-13,1.6201560633844839e-15,-3.839141279869927e-19,1.8046494669660427e-12,1.2497498770415384e-18,8.866802827412324e-13,1.0803801167058996e-18,6.303697022254764e-19,1.067914867759444e-15,7.915967339987332e-16,8.091689115419702e-16,8.865333425737272e-13,3.731282390387571e-19,8.127206107719441e-19,8.87605969571636e-13,8.863268598885637e-13,1.11361104097269e-15,8.869340958760957e-13,6.991785488668399e-19,1.2402304859406937e-15,5.740177202404347e-19,4.444623625190172e-16,8.879173787804474e-13,5.056958919049781e-19,8.806460128061775e-19,1.1862241546759941e-15,9.879488217262312e-16,8.87537414882402e-13,1.9879674075999443e-19,7.330230295439649e-19,5.351295911206799e-19,1.4033346895870447e-15,1.683905997062949e-15,1.6593923300311806e-15,5.656302883960771e-19,7.798668738457139e-16,5.171600091941251e-19,4.10954149190435e-16,7.158763839767426e-16,1.395842643082861e-15,1.2339007023043493e-15,6.620344495549255e-19,2.446990462798712e-19,7.5428922775197155e-19,1.0050841861464498e-15,5.792418695625388e-19,1.4087327333509212e-15,1.808259495652944e-15,7.440786465400774e-19,8.292009542396062e-16,9.345217630410662e-16,4.444747167079789e-16,7.704583926770351e-19,5.624982058689456e-19,9.334933589426639e-19,6.958044485322008e-19,8.88664462683467e-19,6.282346673849777e-16,2.1968753332488037e-15,6.350830059386235e-19,4.3306683031113085e-19,4.1183180656339896e-19,4.446514265505551e-16,1.5900905184108459e-15,6.931872135659291e-19,2.4612017342873824e-19,5.966009286487913e-19,1.2079690704652338e-15,1.1416624420106115e-15,1.985783220492802e-15,4.443630747408043e-16,8.938921602441273e-19,5.472078840160091e-16,7.874916798702536e-16,1.2796030724243074e-15,1.1403024909185275e-15,1.4443141795497596e-15,6.591725061868944e-16,4.082799562737549e-19,8.184311129840053e-19,1.0819833165831088e-15,6.963431713368868e-19,6.521491643263675e-16,4.447569662000188e-16,1.8885346192441974e-15,1.016363664477005e-15,1.4734563596773714e-15,3.047315269732277e-19,1.6403339846595784e-15,4.445981917109523e-16,8.744146025086975e-19,7.683738267468307e-19,1.1978884500131546e-15,7.671415832353448e-20,1.4233627867952843e-19,1.1873572532743783e-18,4.455926474941592e-16,2.3441786349226604e-19,4.867327866783435e-19,3.1742179043931357e-19,1.2708423982969415e-15,1.0859258333478965e-18,9.594135004976664e-16,4.2736005192772773e-19,1.4794176931732765e-15,6.418922282715767e-19,7.381579640720956e-16,4.447138100102563e-16,1.5477383352347045e-15,8.881481425906249e-13,4.440976716399551e-16,8.875725050452889e-13,6.966286634518422e-16,1.3240844001968602e-15,9.939448730825952e-19,3.294641418764273e-19,4.443088387988358e-16,9.689171823119798e-16,6.757828152385699e-16,5.456238204051023e-19,4.73591638701691e-19
4.302680627601832e-12,9.693585890948431e-16,4.757060030060889e-19,5.341299656202426e-19,6.886194568329475e-19,2.5020113266368856e-19,4.09541687386263e-19,1.4108278920850762e-19,5.285256481618163e-16,1.2853256954396986e-15,7.773641931910719e-16,1.2497498770415384e-18,1.8045022003885159e-12,5.285143917171217e-16,7.9390848352521615e-16,5.711295372604707e-19,8.522678008046709e-16,7.755107004525117e-16,1.2689684013961667e-15,5.284155601753668e-16,8.057610319674294e-19,8.467623629780336e-16,1.0558127804291962e-12,5.280024995401622e-16,8.025272939701533e-16,5.285644497555852e-16,4.1280162397546594e-19,1.147060985974669e-15,9.488148599871544e-19,1.0553799750926615e-12,1.056074233406261e-12,5.799385213058187e-19,2.3050170525490254e-19,7.677271816388837e-16,8.625935609074611e-16,5.290188164855054e-16,8.020244978100145e-16,6.58757520073775e-16,4.60404701721939e-19,8.827907787706161e-16,6.545246987780535e-19,9.37463239407579e-16,5.675348542554576e-19,9.073831205320127e-16,8.706360627379009e-16,4.908306290550958e-19,5.519534218165537e-19,7.214708743259487e-20,3.9209219339840734e-19,1.109707402356047e-15,6.806038075066793e-16,1.0633980455234499e-15,7.018173508431503e-16,9.18964957875774e-16,3.8448725476525192e-19,1.2437316862972452e-15,1.160633992663782e-15,9.27415998319532e-16,7.646665871477022e-16,5.283171202243247e-16,2.808340231418511e-19,5.654661085683445e-16,1.014309836952068e-15,7.132678055159068e-19,2.9129419846443857e-19,4.517330823749707e-19,9.79646346703719e-16,5.648461124426469e-19,9.146239532368865e-16,9.570815199268532e-16,5.289141045136856e-16,9.503022154948772e-16,9.261815828579266e-16,7.770958840775229e-19,4.974743034732336e-19,5.133201321857201e-19,6.112028961440508e-19,9.199343227851304e-16,5.289880646202724e-16,5.920959355583903e-19,8.13361942147688e-19,9.120870714716403e-16,5.660424548577212e-19,1.1408647911924578e-15,3.358248494635141e-19,1.4387464335035555e-20,7.753703343980961e-16,5.3579862799664e-19,8.044440995715427e-16,3.6241233815097463e-19,5.998488079578737e-19,5.2885027526403e-16,5.566960169201647e-19,7.779352395882893e-16,1.0495596020197694e-15,5.153628248190422e-19,4.978889172433983e-19,1.0554267615834886e-12,7.409000713781832e-16,5.020081723818596e-19,6.485013815946365e-19,1.3273392468445273e-15,5.948619214616262e-16,4.260018450623205e-19,5.290590595524337e-16,2.7096669579635724e-19,5.917158144649051e-19,1.3685034794985927e-19,9.47035999671323e-16,4.744978071579441e-19,5.912137020243201e-16,1.0741990672923544e-15,9.584332633646676e-16,5.794395895010858e-19,5.704477502119372e-19,5.2883285366302e-16,1.0450118722653875e-15,1.0562020692148834e-12,1.054675157199795e-12,1.0557870943881893e-12,6.929565986615495e-16,1.0579391207288944e-15,7.952939997960739e-16,-8.813473519759547e-20,5.286169019666363e-16,1.0003421671185778e-18,8.455047248238835e-16,2.0131173825078421e-19,7.693763048186266e-16
