0.9999999999999903,4.709681067039324e-12,5.44905285272396e-12,-8.480730571067044e-11,-1.6118222565270467e-13,-1.393816926956015e-11,-4.129788657552664e-11,3.658036008713542e-11,1.161786173992992e-10,-1.6924756252211195e-11,-1.0302629809499315e-10,-3.040114484516616e-11,4.0303399982985014e-13,-1.3132558018106284e-10,0.9999999999698147,-3.547079721955744e-11,9.385353653476271e-12,1.0000000000150984,2.655827806035828e-12,1.3693044122188321e-11,7.778605643867137e-11,6.6483127879712595e-12,-2.8206565549819182e-11,-1.3602495326019648e-10,-2.8660231470918358e-11,0.9999999999836995,-1.4096223795424468e-11,1.2434422416667846e-10,7.681631076496565e-11,6.152223276032955e-11,-1.8463259049236936e-12,-1.7470601242122144e-11,-7.011134469361787e-11,-3.3112479789669515e-11,2.1367808958500748e-11,-1.420301590472489e-11,-1.4043228702843044e-10,-8.521945935431583e-12,-1.4183908301427698e-11,-9.264299905694869e-11,-1.2451399604689628e-10,2.637538679799598e-11,1.0000000000104032,6.364263203151671e-11,-8.075945023602955e-12,0.9999999999834132,-5.4580833944271896e-11,6.48733529961743e-11,1.076614019553314e-11,4.299321788691567e-11,2.8077826032839998e-12,6.617731977613042e-11,1.0717603473914095e-10,-2.7596138154255753e-11,3.7733488537295366e-11,0.9999999999740802,-9.355029635838025e-12,7.135075691591151e-12,2.3504157295087102e-11,1.2903373849629083e-11,5.093949912152747e-12,0.9999999999465018,2.5318813598854523e-11,-1.8286214436587066e-11,3.337088693393563e-11,-4.631875804656363e-11,0.9999999999947683,1.6969711581826828e-11,4.0681428989769604e-11,-1.1879415284836515e-11,5.84152932564444e-11,1.0306612501330911e-11,4.0969143355526335e-11,1.0000000000063367,2.994870705932827e-11,-1.2721571094919673e-10,-5.4444263156058544e-11,-5.0217081234449046e-11,-7.348962236529215e-11,9.99332663424149e-11,0.9999999999627597,0.9999999999997473,3.3929203037142443e-11,4.095962409471813e-12,-8.6175712738798e-12,-1.7036713576083254e-10,1.773345605245723e-10,5.0688337015684035e-12,0.9999999999947714,1.7772266695026587e-11,3.481520688277142e-11,8.99855431333637e-11,0.9999999999770519,3.196389519167972e-12,-1.442268305033722e-11,-2.9849927783721364e-12,-1.0687422371188822e-11,-6.7277635228613855e-12,-1.9819454605178468e-11,1.3249602275544022e-11,0.9999999999762994,1.0000000000137805,0.9999999999869329,0.9999999999718291,8.938263066408064e-11,-1.585180049808926e-11,-1.8447783168938022e-11,7.122490838647735e-11,0.9999999999744197,6.487782738967647e-11,-9.499386959905268e-12,6.430056564431605e-11,2.4194221774607236e-11,1.3426352191807364e-10,6.672062007726745e-12,1.4008054965334775e-11,-4.585436402550274e-11,-8.272124507325779e-12,-8.607539293581622e-12,2.8576039774574783e-11,0.9999999999877028,-7.761916787510721e-11,-1.3753863542612663e-10,1.5515940027905212e-12,6.776030586047918e-11,1.2764818375697915e-10,-1.0253087157427287e-10,0.9999999999730104,-1.532201472280628e-11
4.709681067039324e-12,1.3439738562555835e-12,2.066690561128201e-15,2.2644436496013234e-15,1.1582863640447715e-15,1.4381144777614776e-15,1.1643762839427557e-15,1.7935666972917004e-15,1.8398883034491242e-15,1.3174561473834614e-15,1.1296111888204816e-15,2.3121847473656944e-15,1.6735877642708482e-15,2.005518760041638e-15,2.1778141120173747e-15,1.9850157512012234e-15,1.7126862809534322e-15,4.3472512754157395e-12,2.172353343561443e-15,1.8014349073899536e-15,1.7853733375370227e-15,1.2687685192636309e-15,1.6967020458291017e-15,1.4357521392117182e-15,1.022291227223842e-15,4.347772313931712e-12,1.909087596627661e-15,1.2931561059768753e-15,1.6287226247524374e-15,2.05381123765817e-15,1.9227739248931302e-15,2.072799536348339e-15,2.2698471767018555e-15,1.6262649510126986e-15,1.220252095932674e-15,1.0885591826270684e-15,1.0849376769610854e-15,1.2223740676801674e-15,1.666314047621209e-15,1.974695438317781e-15,1.893120993949855e-15,1.356598206577793e-15,4.34813140703328e-12,1.5155952794209596e-15,1.7390838269454972e-15,4.3483022431734065e-12,1.990221775692685e-15,1.4224573036335035e-15,1.1866546869529086e-15,1.750180578830077e-15,1.3326774975797255e-15,1.6835247235058317e-15,1.825852722025793e-15,1.5506554831776714e-15,1.6112784355913468e-15,4.3466803198052924e-12,1.703482924483994e-15,3.913889670308018e-16,2.589271824295141e-15,1.226062935801776e-15,1.3316448141164819e-15,4.346906940893576e-12,1.7259839475552425e-15,2.1315692942371216e-15,1.0340277162535735e-15,3.1211092743573033e-15,2.177776352492591e-15,3.306088990397103e-16,1.2862818779162463e-15,7.49556533100426e-19,1.3203375823088528e-18,1.4070332939164752e-19,1.3824386046971994e-19,2.1787460229628114e-15,1.2203619242637332e-18,8.5719947919096e-19,1.1093364406516977e-18,5.927551638982703e-20,6.852208880913498e-19,8.266378552606758e-19,2.1778451386713162e-15,2.1778637486700018e-15,1.1985040323244409e-18,1.0237551226853175e-18,7.084972013900868e-19,1.0135073272187e-18,8.951755061919881e-19,7.4114326521758795e-19,2.1781532653308817e-15,9.217444420826695e-19,7.383309953604024e-19,6.247080006250634e-19,2.178110687429567e-15,4.825061465004277e-19,9.111075791010023e-19,-7.716470164457142e-20,4.567296490617731e-19,1.1176992765224662e-18,2.556627295726409e-19,7.779336069950526e-19,2.1777029578985658e-15,2.17841089898567e-15,2.1776102101420867e-15,2.1788618335626368e-15,7.220727925692809e-19,4.182395985557226e-19,7.057859281563436e-19,6.595215584989116e-19,2.1780926962585394e-15,6.779192619861883e-19,6.22587209651949e-19,8.588453989103353e-19,1.2778149878910884e-18,6.523609768451642e-19,4.491446944108513e-19,-1.4684927871337414e-19,1.535214853212417e-18,7.1052430671713425e-19,1.3084125452115492e-18,6.351587208530469e-19,2.1778340410311877e-15,7.4253860860327515e-19,6.757451262352011e-19,7.045932757762929e-19,1.5711656725557601e-18,8.457353881607055e-19,1.80242387714744e-18,2.177363039090265e-15,9.69671897894154e-19
5.44905285272396e-12,2.066690561128201e-15,1.3451468419253032e-12,9.550764118352356e-19,7.275950848604437e-19,1.6216004672115505e-15,4.740921675395495e-19,2.3895329636289395e-15,1.2764059873157396e-18,1.5568068105798097e-15,8.921961570206925e-16,1.4231695259668533e-18,2.134004929928693e-15,2.2693616144835213e-15,5.0982767635429565e-12,9.649490834415332e-19,1.1683126510287658e-18,2.5536419694923537e-15,3.015100955397021e-15,1.013769529941346e-18,1.9552606841786467e-15,5.73398237324271e-19,1.3184903365569633e-18,1.4987789119336275e-15,3.845174877162276e-19,2.5541741439075964e-15,2.0353457274737856e-15,1.729154079839296e-15,1.4266146726794292e-15,2.5453856893534316e-15,1.046790241242382e-18,2.540593258892996e-15,1.6386032270457015e-18,2.0516115420981526e-15,1.4199139862164656e-15,4.747334295058013e-19,3.191638295115108e-20,2.1076933607754811e-19,1.7121954214436734e-15,8.220479094801921e-19,1.4905718506739262e-18,7.827845942755183e-19,2.55455766012685e-15,1.445057457956925e-15,1.7168681293930417e-15,5.09937513916232e-12,2.4300063688904226e-15,2.1214207806003475e-15,5.777513150524246e-19,1.1123042863625017e-18,1.2007050774557163e-15,1.0600185847590773e-18,4.517281544480122e-19,1.9536413560315817e-15,3.576414093065204e-19,2.5532431277838013e-15,1.046272390294957e-18,-8.884147853037501e-20,3.625560280727597e-15,1.1742561827498971e-15,1.834449187284262e-15,5.097996430995445e-12,8.591284291150694e-19,1.043147620287495e-18,1.100866590198589e-15,1.8817387358281205e-18,5.09774265115081e-12,2.1870503097701794e-21,5.859295944401537e-19,2.7342939210457588e-15,2.639656843761211e-15,8.004314169056777e-16,1.501393104580672e-15,5.1008419052908316e-12,2.3064544225469146e-15,1.4928843112776168e-15,2.672605264775953e-15,7.323624011764936e-16,1.825840737032453e-15,1.5702928695756415e-15,2.553882420001686e-15,5.099146078685323e-12,1.9888627734697045e-15,2.538574269548442e-15,1.3276791545233457e-15,2.3938681209079824e-15,1.6829937134146007e-15,1.6598981615970498e-15,5.099442728795636e-12,1.9719992309655928e-15,2.065030797526815e-15,1.07306300637353e-15,5.098437666480815e-12,1.0948428829720795e-15,2.0072490099825877e-15,1.548573151674314e-15,9.330380099580167e-16,1.6042887394179192e-15,9.616537184486124e-16,8.501594395002485e-19,2.5538800491162257e-15,2.5542758874422003e-15,2.554105567915269e-15,2.554834724330483e-15,1.7143986883859018e-18,1.178966116065675e-20,9.784795523845407e-19,7.863433899222095e-19,2.554255648486451e-15,3.042223394289794e-19,1.1219067968389301e-18,9.916641766098385e-19,1.0606986327325889e-18,9.090565343901307e-19,1.0679877014854146e-19,-1.0500995051551321e-19,-6.51719694948619e-20,1.2127143693617671e-18,1.4201801727387944e-18,3.3073837405532597e-19,2.5539934876899503e-15,9.383139218273153e-19,1.0231941202648455e-18,9.775216632316862e-19,1.3441513882580486e-18,1.2125916485897428e-18,7.222780832904732e-19,2.5537547950573534e-15,8.891207421737064e-19
-8.480730571067044e-11,2.2644436496013234e-15,9.550764118352356e-19,1.3459504922693911e-12,1.5634630741484621e-15,1.851665805373128e-15,9.726826315378007e-19,1.1912601314799972e-18,1.1895453642294116e-18,9.678921593933348e-19,9.722702757385263e-16,1.830507430816754e-18,1.14889500983194e-18,1.6432499455598587e-18,-8.512294909401553e-11,1.4060863084391446e-18,3.0519088064810246e-15,-4.26456945417712e-14,3.764266934243939e-15,2.692924234882144e-15,9.124674893723511e-19,8.710546166503891e-19,2.610768020636235e-15,1.1298065605139616e-15,9.293431539740963e-19,-4.2644655243207335e-14,1.4286606324942999e-18,6.220764184524539e-19,1.7899968665107488e-15,2.8648168085528793e-15,1.2181874408226462e-18,1.3426449818068615e-18,1.8273868488064927e-18,2.1595992611227877e-15,1.3651729736382828e-15,4.897334721900205e-19,1.1678164384831668e-15,1.1076622176725179e-18,2.952193951114857e-15,3.1274538542328983e-15,1.4817296921502037e-18,1.731289588298069e-15,-8.512201376747136e-11,7.978635961423669e-19,1.8537603961836234e-15,-4.26444778647955e-14,1.782678810739758e-18,-1.7210521731145745e-19,1.038883699719114e-18,2.9392404052329356e-15,1.7797383932106906e-15,5.563149426783668e-19,9.196012698937879e-19,2.4963135226708352e-15,1.4319926087154503e-18,-4.2645956599146183e-14,1.2404086382656512e-18,-1.2269731844863018e-16,2.154256171232398e-18,7.407844204827064e-19,1.398608058367168e-15,-4.264518506656894e-14,2.614467553835032e-15,9.642963803249292e-19,8.79324308562593e-16,5.683741417433924e-15,-4.2644800825923947e-14,-2.3586132970753294e-19,1.3923943038279938e-15,3.2416131331611475e-15,1.821020395208779e-18,5.921610827960019e-19,4.081744522903175e-19,-8.512008821243921e-11,3.4906090058360055e-15,1.7617138245640713e-18,3.3621491856240487e-15,9.268906826273214e-16,1.3726357955195254e-18,2.4862915500344028e-15,-8.512375602140005e-11,-4.2644411264119425e-14,8.653947920600639e-19,1.7160754947480906e-18,1.0209875885475048e-15,2.1894640720063805e-15,8.342710400039969e-19,9.803737428262531e-19,-8.512197713773031e-11,2.60589077692086e-15,2.9992447577344705e-15,1.191057934313691e-15,-8.512259945019326e-11,1.6687961423604993e-15,1.3954215649359981e-18,8.716740798062682e-19,7.793401333141134e-20,1.0988941479409914e-18,8.220722607491612e-19,2.242607841878726e-15,-8.512350631425585e-11,-8.512040908590142e-11,-8.512279642424885e-11,-8.512079076358327e-11,1.5002357669238212e-15,8.504041514196069e-16,2.3323843697421757e-15,1.50935703332336e-15,-8.512271916633351e-11,6.115090109961464e-16,1.9141135239552508e-15,2.770487050623984e-15,2.8168135037185726e-15,1.2507159986380885e-15,1.233369978964376e-15,-6.162108730023781e-19,1.6729622305729573e-18,8.43519697429358e-19,1.3004568100766527e-18,9.517677245008248e-19,-4.264376064067449e-14,5.290470704538948e-19,1.6351415983612944e-18,3.7454338463010527e-19,1.830041401124367e-18,1.2952018086126734e-18,1.2854913644968528e-18,-4.264528954168048e-14,8.44524465666158e-19
-1.6118222565270467e-13,1.1582863640447715e-15,7.275950848604437e-19,1.5634630741484621e-15,1.343492831427136e-12,6.645420356047379e-19,3.466659760840955e-19,7.431910925099002e-19,6.332251904463888e-19,6.809668185309661e-19,4.0475053850827407e-19,1.76903714136238e-15,1.1514475669202389e-18,1.0710645053315871e-15,-2.6186851824779904e-16,1.0128556976865038e-18,1.1260057538552754e-15,-2.617936519735951e-16,1.4319222568885699e-15,1.2673892054241843e-15,1.4337654879970228e-15,4.1537706832398114e-19,1.4546785181985593e-15,1.791729454408841e-15,9.828719332952408e-20,-2.614357526563488e-16,1.477366407754451e-15,1.7581898577588865e-15,6.51958004653535e-19,9.366687021237463e-19,2.200791880044765e-15,1.7102822116451389e-15,1.6635895874406638e-15,1.3451799828748952e-15,1.3437698188433122e-15,1.631229971504349e-19,5.383004410799431e-19,2.4305426542223207e-19,3.4388687864558303e-19,7.182532500544595e-19,1.4699618671446351e-15,6.860515857693475e-19,-2.61604729961974e-16,5.37393510317595e-19,1.3357251976368696e-18,-2.6163972971905276e-16,1.1398731818115977e-15,2.170668434557032e-15,1.0079806767353419e-15,6.445640903522687e-19,8.774623731332803e-19,1.9682874810887278e-15,1.5530531696894697e-15,1.1241603813882807e-15,3.5679540651193083e-19,-2.6169277786561934e-16,1.2819210291904237e-19,8.543767934577787e-16,1.8538182295350065e-15,6.608890909028627e-19,7.436048700897926e-19,-2.6197688784209795e-16,1.5333124610593294e-15,2.0215765443014485e-15,7.640875561190934e-19,8.534871530927836e-19,-5.222208634743912e-13,9.851156968218107e-16,7.019110678808551e-19,7.176733264249368e-19,1.279506377480054e-15,6.287624443705385e-19,1.0021661044750602e-18,-2.613306301433321e-16,7.58771440242001e-19,3.880155860996799e-19,1.7320040669285042e-15,1.5333272765852753e-19,1.1029444072461134e-18,7.843523294578053e-19,-2.615248624583786e-16,-5.210449395325038e-13,1.059239478804154e-18,8.468486890403748e-19,1.3184670918313943e-15,1.820069490088704e-15,1.5097216731017398e-15,5.121002151780539e-19,-2.6141537517260864e-16,1.3840390735847893e-15,6.159370330241223e-19,8.697118879896776e-19,-2.6159321634606353e-16,1.0570332017011071e-15,4.941729162070502e-19,1.3361181969414301e-15,1.1757649570332808e-15,4.77468993336278e-19,8.12961644305738e-16,1.3113675579345903e-15,-5.224795327513873e-13,-2.6154757384671447e-16,-5.223879872289168e-13,-5.206080949471782e-13,1.6518891781016353e-15,8.476162764063568e-16,5.8656961129963245e-19,1.1442842303951128e-18,-2.611283651586317e-16,1.2293620515791238e-15,1.4896683413312386e-19,6.422679012581517e-19,1.4886826895994812e-15,1.0294782668720875e-18,6.91325822303045e-19,1.1515722568793754e-15,1.0022380169128079e-15,1.162014702516423e-15,1.1161922780168687e-15,1.0599701608031333e-15,-5.217952932268575e-13,1.9149521197988536e-15,1.2707787912200074e-15,5.408154793513987e-19,1.0375841240477596e-18,7.862634404551869e-19,8.925066614329515e-19,-2.619289278772914e-16,7.310994639398177e-20
-1.393816926956015e-11,1.4381144777614776e-15,1.6216004672115505e-15,1.851665805373128e-15,6.645420356047379e-19,1.3438550783678486e-12,9.930193482871624e-19,1.1794820982784895e-18,8.864409198733538e-19,1.386086679721532e-15,1.8473845023017995e-15,1.2702291502625635e-18,9.53286417410332e-19,1.5111190157844821e-15,-1.4273826417794429e-11,2.1506512127313707e-15,9.26738206302625e-19,-7.15039366863298e-15,7.297369683691674e-19,1.0129247741794032e-18,2.023732388053159e-15,1.981838090611026e-15,1.4674116438450723e-15,1.5859104607091545e-18,1.0652425356025494e-15,-7.150070354164512e-15,9.993179451487612e-19,2.150324847618544e-15,2.151129864213297e-15,2.2535521010163334e-15,1.482757623969768e-18,1.2145350810086909e-18,2.0007632302285113e-15,1.026740158238982e-18,9.263301367056392e-19,1.297991367213019e-15,9.873496701911305e-19,7.087914708711935e-19,1.2494622758615806e-15,2.025578880599949e-15,5.136988010794613e-19,1.6757065555624959e-15,-7.150406452277712e-15,1.224692468454188e-18,2.400330384892174e-15,-1.427264340589624e-11,7.10288871074178e-19,1.1768187183446886e-18,1.7493610459132026e-15,1.5430248899406468e-15,1.569526527022144e-15,2.3306817910288075e-15,1.269094031556992e-18,1.3956596251688742e-15,1.9068233613422672e-15,-1.4273179936784434e-11,1.0468943548263993e-15,5.680293118155106e-19,2.0722029583283867e-15,7.081511033513353e-19,1.6456310846882474e-15,-7.150933895103266e-15,1.087013994491197e-18,2.812292502742775e-15,1.6684962996399127e-15,2.4739314492523086e-15,-7.150781823635752e-15,7.882434686245279e-19,1.6426980776173084e-15,8.588800346653359e-19,1.07190477062027e-18,8.25102080834099e-19,2.1818775236299568e-15,-1.4272133462808835e-11,1.9066199700542876e-15,1.7042604830430326e-15,2.262021471455984e-15,1.3901071486057116e-15,6.897592203126956e-19,9.25637109028578e-19,-7.150757538063434e-15,-7.149949185166346e-15,2.1935721764340847e-15,9.905374683996995e-19,1.7078360560699408e-15,2.1417857696771394e-15,1.0845081982497036e-18,6.970069876304309e-19,-1.4272725140927805e-11,8.76972320524771e-19,1.6031352241677463e-15,2.1863429190673217e-15,-7.150644984181074e-15,1.1218570087564244e-18,1.7637821974040504e-19,8.369267899289781e-19,1.5268148992035098e-15,1.5629757080929696e-15,6.492940670039835e-19,1.0531270166627439e-18,-1.4273868967576821e-11,-1.4272248497045067e-11,-1.4274023704984095e-11,-1.4271280330687739e-11,2.2985301033514743e-15,1.4432182231587376e-15,8.211984263149848e-19,2.250528995118004e-15,-7.15001709763392e-15,1.7528811592856184e-15,1.7151800166082064e-19,9.847255663671202e-19,1.4612499998768016e-18,6.715251537159179e-19,1.3950780447155158e-15,1.7869839411936627e-15,9.598082779738067e-19,7.613436737913415e-19,1.3674400803503205e-15,1.1534045734861883e-18,-7.150447687715406e-15,9.099956609108676e-19,4.3079734843035484e-19,1.6495400143496307e-15,2.3539165296555155e-15,2.1229583876692434e-15,1.0049477524774556e-18,-7.150472374024445e-15,8.681655463453625e-19
-4.129788657552664e-11,1.1643762839427557e-15,4.740921675395495e-19,9.726826315378007e-19,3.466659760840955e-19,9.930193482871624e-19,1.3447989051616e-12,7.339811131997127e-19,2.0229273673241728e-15,7.188761110164584e-19,7.88926019698392e-19,8.140731848323169e-19,1.6294840200012042e-19,2.478753999907342e-15,-2.0855523733270714e-14,8.806543367115403e-19,-4.1811929374339376e-19,-2.0855142975795585e-14,1.3611048376802706e-15,1.9948328030429753e-15,2.0481800847151566e-15,1.1723391805228914e-18,2.915990911721008e-16,1.1519923987460643e-18,1.1433793192812696e-18,-4.1629042529424445e-11,2.3719407515091725e-15,5.962117649295113e-16,1.6590665543548432e-18,8.687479086421067e-19,2.393907359237976e-15,1.951503040164513e-15,6.403764175960056e-19,1.30683610787415e-15,5.199722647334137e-19,1.8523887499716727e-15,1.1349477978715185e-18,2.741158628620379e-15,1.3509895059797969e-18,3.1502386272427603e-15,9.357187733338766e-19,5.0676038588078905e-19,-4.1629046162211664e-11,2.1227563609985682e-15,8.891599722787288e-19,-2.0856013979308882e-14,1.987235729098394e-15,-3.8447027166937595e-19,1.7330097059894755e-18,1.5228577058549788e-15,2.0987466838834524e-15,7.899845105241302e-19,3.6342583567481666e-15,7.440143034444057e-19,1.9811001185061054e-18,-4.162988796508114e-11,1.5264155258259741e-15,1.4251301969814816e-15,3.803648471202852e-19,9.52225127779215e-19,-8.066450431744919e-21,-2.0856133877359832e-14,1.9680163838964772e-18,1.4901211761759975e-18,1.1111008503427389e-15,1.9616193328993682e-18,-4.16281167478108e-11,1.4937682053802885e-15,2.890768362042282e-19,1.3462814732719517e-15,2.830497234191368e-15,2.2657170300960768e-15,2.0045100117034913e-16,-4.1628320415601094e-11,1.1520977251617431e-18,3.2913912146726454e-15,2.2670147131865686e-15,6.1574707063937415e-19,9.723420876640886e-19,2.5202652183390414e-15,-4.162997118532132e-11,-4.162739604592328e-11,9.069524419512982e-20,9.356242812934667e-19,1.0185452033861541e-15,1.0148765710710746e-15,2.2136606496034306e-15,6.453251549649111e-19,-4.1628865759046864e-11,1.1334602530867373e-18,1.1751486155774846e-18,2.2514562113933445e-15,-2.085502624839847e-14,1.1638342714377569e-18,1.8371286233717175e-15,2.0994202230604404e-15,4.201251157936773e-19,1.1210863293307584e-18,9.348803595691772e-19,1.4824025664621696e-15,-2.0855613966796412e-14,-4.162733571222695e-11,-4.16300496785038e-11,-2.0854151748262227e-14,1.8519922653916145e-15,1.0174472406051954e-18,9.360532351938969e-19,9.115441581982934e-19,-2.0855543336560964e-14,6.797279698668069e-19,3.7357653751253256e-19,7.727687862522446e-19,1.1789788095652703e-18,5.08424839812705e-19,2.547799454977828e-19,1.076517362055978e-15,3.0101580320437334e-15,9.702413790897004e-19,9.126478267394733e-19,2.239854760607073e-15,-2.0854970721495162e-14,5.134589246559094e-19,1.6758411964742532e-15,4.533633233478758e-19,2.2523318929236157e-15,1.3861130958239372e-15,2.5403376458836396e-15,-2.0856174101653383e-14,1.2064405242544444e-18
3.658036008713542e-11,1.7935666972917004e-15,2.3895329636289395e-15,1.1912601314799972e-18,7.431910925099002e-19,1.1794820982784895e-18,7.339811131997127e-19,1.3441884530954386e-12,1.0204747319382886e-18,1.5016097001737358e-15,1.3881019960272597e-15,2.683524756157146e-15,2.0410430862435954e-15,1.2849053482376242e-18,1.8157553398372072e-14,1.256750305757488e-18,8.368261678194299e-19,1.8157256955786738e-14,1.371880553459687e-18,1.9839579650203388e-15,2.012975046662091e-15,9.035604474947308e-19,1.2434688973099586e-18,9.299835710938098e-19,9.71040345535897e-16,3.624430398324667e-11,1.151611767315184e-18,9.924986952177562e-19,9.31827945578584e-19,2.4892050211030746e-15,2.5520866849062757e-15,2.4559334061827283e-15,1.0889024171607942e-18,1.9180182004882346e-15,6.893835968370621e-19,6.542121326199235e-19,1.0144792044288302e-18,1.2040761523827413e-15,1.6142364966633852e-15,1.0557846033228758e-18,2.203320770209933e-15,1.7071821237306217e-15,1.81571500143631e-14,1.8903753478704824e-15,2.0921514881846406e-15,3.624484452143748e-11,2.1141213834691167e-15,1.4187084472499208e-18,4.836742232756469e-19,2.0100384659566667e-15,4.0792488466441054e-19,2.3400455372340685e-15,8.296275465753584e-19,8.906989035321275e-19,1.61210844658028e-15,1.815667167226276e-14,8.474018989467162e-19,4.429335445342357e-19,1.5017239116947259e-18,6.679951950292903e-19,1.729301146132713e-15,1.8157268165184666e-14,2.087799503538555e-15,2.582904444335617e-15,4.763716542073005e-19,3.29154618368605e-15,1.8157260690655936e-14,6.369990154999199e-16,7.14671174774038e-19,9.909402945380914e-19,1.5832284740720804e-18,1.4258520636135516e-15,7.567886690777421e-19,3.624597020246661e-11,2.287508553802196e-15,6.625703100356777e-19,1.0869263605213804e-18,1.116211460563136e-15,9.326373237431597e-19,2.050528831392393e-15,3.624416924621787e-11,1.815849194878816e-14,7.392453615488371e-19,9.063290098474526e-19,1.5150142242208353e-15,2.318890913219737e-15,1.9639494783817138e-15,1.7633452706861757e-15,3.624488556769599e-11,9.906633085030401e-19,1.0881205697857609e-18,1.2145933965458735e-18,1.8157383007387982e-14,1.6274703977085097e-19,1.8516014883391923e-15,9.352748467458066e-19,5.663051716535534e-19,9.40580943985556e-19,1.2175664925656879e-15,9.102765252550418e-19,1.815688480421322e-14,3.6245474465679946e-11,1.815758970953233e-14,1.8158224885980168e-14,1.1472528807710571e-18,6.60003275076449e-19,1.9637514118846236e-15,1.867902395054492e-15,3.624445454908967e-11,6.152925493258621e-19,1.8326854407222414e-15,2.2607986259742442e-15,1.8582084251952504e-18,1.0085593211141538e-18,1.4477202766975221e-15,7.177175441091777e-16,1.8063541946861863e-15,6.72871074582193e-19,8.519275413189777e-19,7.427359915017277e-19,3.6244414746509433e-11,8.767462889690522e-19,1.9377685232989988e-15,1.4825585327014611e-15,2.7704964353573325e-15,1.0958933735693767e-18,1.1927853544171479e-18,3.6243543205050066e-11,6.345807347657007e-19
1.161786173992992e-10,1.8398883034491242e-15,1.2764059873157396e-18,1.1895453642294116e-18,6.332251904463888e-19,8.864409198733538e-19,2.0229273673241728e-15,1.0204747319382886e-18,1.3441643237526802e-12,1.7222924773678169e-15,1.4223124956911435e-18,2.7657700879353565e-15,2.177711459851262e-15,5.641782400699578e-19,5.804750704675661e-14,1.1410491878497879e-18,1.55449377652992e-15,1.1587015901413081e-10,2.1362572307213922e-15,2.2459899974766363e-15,2.5234594636748686e-15,1.3414165058247799e-18,1.719482189601184e-15,2.630522772321831e-15,1.4934121791695203e-15,5.80483956292387e-14,1.219575440492771e-18,2.251378195410291e-15,1.4751191209811102e-18,2.6970670304545574e-15,3.2773765423770164e-15,1.180931435598416e-18,2.5377627098900816e-15,1.15555854736329e-18,1.1677916570750148e-18,1.6829206065091142e-15,6.019437383346237e-19,1.2528239734003953e-18,1.8773133988014966e-15,2.7021390273698426e-15,1.3922823427849023e-18,9.441054843362812e-19,5.804802359817482e-14,1.589141406228551e-18,1.3276748081740605e-18,1.1587070007050606e-10,2.053527078930581e-15,2.468288173551263e-15,2.153636606326285e-15,8.500312632484832e-19,1.991678153931373e-15,2.4999785328534534e-15,3.1425995404386314e-15,6.200990957088603e-19,1.2841273915822163e-18,5.804706508940044e-14,8.560792443665853e-19,7.229687136620343e-19,2.643600048465392e-15,1.8870063221979453e-15,1.83611164522017e-15,1.1586849749029732e-10,2.556797448824391e-15,1.6655766924151937e-18,1.8105918891322074e-15,1.67636994801994e-18,5.804784308340852e-14,1.6159769611599675e-15,9.623493965373447e-19,2.2015235317174165e-15,1.29045780483783e-18,1.137579296173535e-18,1.0662753523066524e-18,5.804857195918442e-14,1.0882561961379995e-18,2.3475105426858553e-15,2.831862384305666e-15,1.5317614910422977e-15,2.019923711000071e-15,2.5542034561882018e-15,1.1587005315481668e-10,1.1587178849343783e-10,2.350203381339767e-15,2.2917234495218523e-15,1.87548589363149e-15,1.4193392527490402e-18,1.4188314432961157e-18,1.1294432976021645e-18,5.804823765234605e-14,2.431637041124882e-15,2.179047477271993e-15,1.2223845264612451e-18,1.1587022352973262e-10,9.421787888560398e-19,1.0028961153076417e-18,2.3580679582403803e-15,6.028636789323888e-19,2.1205317522074677e-15,7.787074739042887e-19,1.027413789677814e-18,1.1586937459944756e-10,5.80484038685425e-14,1.1586921494040453e-10,1.158725244359521e-10,1.619771979536793e-18,1.7008594197289966e-15,2.1280464451241105e-15,2.5809412121199302e-15,5.8047999728561e-14,8.628121213484024e-19,1.0833105342194983e-18,1.1216552476719215e-18,1.0818063229996375e-18,1.0940006973860465e-18,6.901640896413187e-19,1.1391807169952219e-18,2.2437753083671905e-15,2.156984792730859e-15,9.368865308619387e-19,2.083557613239595e-15,1.1587030157362926e-10,2.3763523159787784e-15,4.672735737993978e-19,9.861625769203622e-19,2.8466070538530066e-15,2.517719053485599e-15,1.277259965129982e-18,1.1586941206091618e-10,1.6213072979387956e-15
-1.6924756252211195e-11,1.3174561473834614e-15,1.5568068105798097e-15,9.678921593933348e-19,6.809668185309661e-19,1.386086679721532e-15,7.188761110164584e-19,1.5016097001737358e-15,1.7222924773678169e-15,1.343539677144572e-12,2.6239814657872287e-19,1.2735526367821344e-18,1.493891703761329e-15,1.5710186336011507e-15,-8.662870442007934e-15,1.0968481211220542e-18,1.1906597236311579e-15,-8.662352269775218e-15,1.0574232528715547e-18,1.5632722284350323e-15,1.7122283297511127e-15,1.408099074349004e-15,9.413432715140502e-19,8.630078250502032e-19,9.890833983575607e-16,-8.662037921651496e-15,7.946772071152794e-19,6.975959428287013e-19,8.6450649128365265e-19,1.8435357230759307e-15,2.0868162966534116e-15,9.307316115887101e-19,9.091787316525805e-19,3.189270366726556e-19,1.2410839311138914e-15,4.990038317036423e-19,1.3101831542216908e-15,6.983949219501989e-19,1.1554914799066718e-18,9.24879384337044e-19,1.6118151096737626e-15,1.2916980717303335e-15,-8.662125772319723e-15,1.649539676310014e-15,1.1016193756785629e-18,-1.728999888078062e-11,1.5046494460154375e-15,6.073001750352954e-19,1.3653251202912294e-15,6.800997447161801e-19,1.3184199470123383e-15,8.369478574628869e-19,9.329684805257118e-19,5.514507107682302e-19,9.130932464305625e-19,-8.662823378022857e-15,1.2185294083412876e-15,3.8603690188320634e-19,1.9473370488345455e-15,1.2452991554257379e-15,1.2511058590553563e-15,-1.7291436178472522e-11,1.6754871055195683e-15,1.1284193042829775e-18,6.478205031313778e-19,1.3298759008160732e-18,-1.7290462214511848e-11,3.2701983476658284e-19,4.445255689523527e-19,1.0705098219189724e-18,9.420798331600594e-19,9.06632551969192e-19,1.336310720779298e-15,-1.7289332703316967e-11,9.153135686303044e-19,1.584833372923903e-15,1.9581454834253683e-15,4.0362403063888927e-19,6.268884179319383e-19,1.6462467716029108e-15,-8.662363782741785e-15,-8.66159453332268e-15,1.5469606564533657e-15,1.448066637046908e-18,3.73103057673605e-19,7.404464375984028e-19,9.360374870769471e-19,1.418811421976437e-15,-8.661861835947923e-15,8.134571209894253e-19,1.0584154798234406e-18,1.5807375902979957e-15,-1.7290342816216456e-11,5.705124199605967e-19,8.175866852899837e-19,1.5595100220313174e-15,4.642502393732765e-19,1.4605260629780213e-15,5.415241429179045e-19,6.379998486201713e-19,-8.662505153811263e-15,-8.661856651489528e-15,-8.662692130254557e-15,-1.728881255289212e-11,1.7755160494308726e-15,1.0483764878573279e-15,7.610810191995363e-19,1.6529200038509904e-15,-8.662150762768478e-15,1.1938297379312326e-15,7.732928495698631e-19,8.333379617747188e-19,1.6869473504848452e-15,1.513769214718985e-15,1.0760854438399593e-15,9.576117103921032e-16,7.685567830648833e-19,6.852047099763502e-19,7.037949320765033e-19,6.824568348540343e-19,-8.66228236377417e-15,8.138532313863141e-19,7.022564388309512e-19,3.318411276175496e-19,1.955666706889984e-15,1.2446387679384372e-18,1.7431612108575207e-15,-8.662737018717554e-15,1.0702721149611543e-15
-1.0302629809499315e-10,1.1296111888204816e-15,8.921961570206925e-16,9.722702757385263e-16,4.0475053850827407e-19,1.8473845023017995e-15,7.88926019698392e-19,1.3881019960272597e-15,1.4223124956911435e-18,2.6239814657872287e-19,1.3443724889128607e-12,8.802033854335718e-19,1.6812366723648473e-15,3.7996567556289626e-19,-5.178039704073514e-14,8.407535831302401e-19,2.307538211862296e-19,-1.0335730762577142e-10,6.240256701744808e-16,1.521074268384478e-15,2.2114102373314284e-15,2.469609691909463e-15,6.347740703306076e-20,1.4254886418838401e-18,3.4771112205784017e-19,-1.0335719263111815e-10,1.1877246018235526e-18,1.4462777948288662e-18,1.3955196099411973e-18,1.0646510035412411e-18,3.551300738395637e-15,5.721483498000406e-19,1.337347313479367e-15,7.1251918033160895e-19,1.917196220312953e-15,1.5886655356872476e-15,1.2370899949405428e-18,2.0635698020877225e-15,3.3384039829380474e-19,1.1028683924652425e-18,1.5100217310274692e-15,1.7102599137998802e-15,-1.0335890947417277e-10,2.7472099364130727e-15,2.938580023968586e-15,-1.0335792173172051e-10,6.72394055737457e-16,1.6053959501947332e-18,2.362350556634331e-15,6.677159479580922e-19,1.786905278017566e-15,1.4763847723173973e-18,3.253155472974819e-15,9.726443709067768e-16,2.2233213709685857e-15,-5.17794694167396e-14,2.2264258294326637e-19,1.3005491763926242e-18,4.0846764827934593e-19,7.613257270700911e-19,1.2413298392005632e-18,-5.178087236660293e-14,2.1963936591904326e-15,2.1824055910472258e-18,1.0406919233031231e-18,6.258872502089215e-19,-5.17801670152864e-14,2.886224121887582e-15,1.6175618067970972e-15,3.3575520617796033e-19,1.2848397192223396e-15,2.7587829787566547e-15,1.4035652466006657e-18,-5.177995846849627e-14,2.716624154822095e-19,9.356295860496552e-19,1.9542226162362704e-15,6.287632394262173e-19,1.6817057801146123e-15,6.187030578700622e-19,-1.0335801977484552e-10,-1.0335643190587054e-10,2.4367850039992866e-15,1.1907409228356172e-18,2.0529723513502765e-15,1.1390164995501283e-18,2.5633565134609392e-15,1.786845296280669e-15,-1.0335816244775636e-10,1.872041217068914e-15,1.2370472802369203e-18,1.3017315306216902e-18,-1.0335843886886051e-10,1.6825894183464773e-18,1.1280444910494945e-15,1.185770897265961e-18,2.1357100581649385e-15,1.5100122444228917e-15,6.494485541508625e-19,1.4585291592478403e-15,-5.1780239584868956e-14,-1.0335794910613706e-10,-5.178097701324939e-14,-1.0335627748183892e-10,2.8909768117166864e-15,1.0853369602593823e-18,8.660395742620371e-19,1.4167968585460527e-18,-5.178016099953881e-14,1.2002205300051584e-18,9.828317163005366e-19,1.8006414629332236e-15,1.8177344532783746e-15,1.306298501651503e-18,1.461341042122622e-15,3.2463024802034495e-15,1.33140171818788e-15,2.1400285049121233e-15,6.705082508957896e-19,2.3128273192074802e-15,-5.1780064560652655e-14,2.7271340830605526e-15,1.2948230205937398e-15,8.962034401791398e-19,1.1962418839551507e-18,1.1256963079531562e-18,2.272695294677402e-15,-5.177994815116777e-14,6.428476268830424e-19
-3.040114484516616e-11,2.3121847473656944e-15,1.4231695259668533e-18,1.830507430816754e-18,1.76903714136238e-15,1.2702291502625635e-18,8.140731848323169e-19,2.683524756157146e-15,2.7657700879353565e-15,1.2735526367821344e-18,8.802033854335718e-19,1.3453779467700807e-12,2.5413448086368656e-15,1.83792573038641e-18,-3.069901048436919e-11,3.1303047844765805e-15,1.2293350810001855e-18,-3.0699346754587816e-11,1.6164762785584662e-18,1.3953117784022315e-18,1.2654363602239163e-18,9.165362395499225e-19,1.2088606049680401e-18,9.829864865370871e-19,1.620151476276485e-15,-1.5380085522591023e-14,2.9265666835190718e-15,1.82888292476955e-15,1.3214692567266545e-18,1.551939684475625e-18,3.0186380481011034e-15,3.1826931384428046e-15,3.433939084821627e-15,1.4988688081289788e-18,1.883561244577745e-15,1.6302013606615534e-15,1.7566447069719608e-15,1.185320436968281e-18,2.55555061105154e-15,1.5240673585591334e-18,2.919188948229842e-15,1.0640844302261414e-18,-1.5379002922027306e-14,1.5496427392293219e-18,2.6153885849129203e-15,-1.537877570588336e-14,3.0726061398209202e-15,1.1232837285944208e-18,9.936570197221749e-19,1.1824015399412017e-18,2.0258101245900456e-15,1.2515538955673714e-18,1.2821889956457193e-18,2.3764152288664855e-15,1.2675096471228375e-18,-1.5380226053092396e-14,2.567990136384193e-15,9.964295198164742e-20,2.4652585990186595e-18,1.8382270250115647e-15,1.9219827027323125e-15,-3.0700139514072954e-11,1.1186196285651028e-18,3.202974122112788e-15,1.5514173712655555e-15,2.3295054660881988e-18,-1.5378967369993675e-14,4.238388876516863e-19,1.8915440206879222e-15,1.502170631249736e-18,2.0413043726253866e-18,9.243674565536015e-19,1.484018576665812e-15,-3.069611367973917e-11,3.2606049575697322e-15,1.5851936211674519e-18,3.4469106070939647e-15,7.231249346261169e-19,1.0704255332063724e-18,1.3934139923052513e-18,-1.537919608032968e-14,-3.069718255988851e-11,2.265575204480386e-15,3.154006523055813e-15,7.84356825929169e-19,1.2924908524095833e-18,1.0936335191393263e-18,1.2475806803359138e-18,-3.069764094521505e-11,1.3834512801093246e-18,1.4145865898079813e-18,2.046034741277374e-15,-3.069840285435021e-11,1.9780710008611636e-15,1.3325614506523416e-18,2.344620020087008e-15,1.1181540473815075e-15,1.2359410254866452e-18,7.875512572671637e-19,2.3369913325170223e-15,-1.538041603239434e-14,-3.06964643711214e-11,-3.069900556309997e-11,-3.0696013194030697e-11,1.6292679150028755e-18,1.3433748748454121e-15,1.320594885814692e-18,2.2877574125415686e-15,-1.537954666184948e-14,6.862371236302725e-19,1.2442439176123914e-18,2.91728423396407e-15,2.927629733490316e-15,9.395861445291739e-19,6.452460028148787e-19,4.378855119308855e-16,2.863294093493886e-15,2.0436583879832334e-15,1.2668314974918195e-18,1.1475120325225775e-18,-3.0698228758589775e-11,4.53578227491129e-19,2.611619907689626e-15,1.8088696409091675e-15,3.667073267537519e-15,2.9780591420539073e-15,2.863673566686727e-15,-3.0699726952874834e-11,1.2466708306198777e-18
4.0303399982985014e-13,1.6735877642708482e-15,2.134004929928693e-15,1.14889500983194e-18,1.1514475669202389e-18,9.53286417410332e-19,1.6294840200012042e-19,2.0410430862435954e-15,2.177711459851262e-15,1.493891703761329e-15,1.6812366723648473e-15,2.5413448086368656e-15,1.3439277671115071e-12,6.323948332153721e-19,7.686337005991574e-14,2.31944593855178e-15,1.6211443672295824e-15,3.894787880633447e-17,2.092740160250097e-15,9.086894109808935e-19,2.0798968632279185e-15,5.454822529991724e-19,6.866107564643223e-19,1.1860570596652671e-18,9.648236572724212e-16,7.784318787392053e-14,2.149724761499347e-15,1.1191251254969112e-18,2.020918075901216e-15,2.4833714203582234e-15,1.6692402776100003e-18,2.425455340908277e-15,2.383669486908844e-15,1.8927269999366237e-15,7.563627336755821e-19,4.11240827938298e-19,1.6256077653114202e-15,8.033377496025183e-19,1.3782998946650607e-15,2.0541449423037087e-15,2.097920862656608e-15,8.510198414621398e-19,3.9003996613027515e-17,2.1362993134024976e-15,9.04201143215335e-19,3.910121479876562e-17,7.62095782380928e-19,2.641621742031119e-15,1.512393941664233e-15,9.063302003702731e-19,1.5193664091141466e-15,2.518300609694831e-15,2.29716503627299e-15,1.6246063317395874e-15,9.51939976984342e-19,3.859071884834427e-17,5.95545282116086e-19,1.0657776840209043e-15,2.6334763751301504e-15,1.507165799823085e-15,1.8125885667016515e-15,3.8144938000014617e-17,9.852673924586e-19,1.2047736381541016e-18,8.14321340795221e-19,2.871824328651033e-15,7.712821541316764e-14,1.0437277039309623e-18,9.7367826610413e-19,1.0710285856464412e-18,2.0919180764736555e-15,1.755001695668102e-15,2.1947764473833282e-15,3.9607157755954196e-17,8.16885356907253e-19,9.190852768424622e-19,1.5396742877861525e-18,6.674670953552343e-19,9.797202305706985e-19,1.1902136389721856e-18,7.757983065368686e-14,7.869745436099755e-14,2.3080389425068466e-15,1.0327847574138124e-18,1.7226837059346074e-15,2.3788053293993204e-15,1.0088541352990307e-18,1.1882497568677167e-18,7.806779885172347e-14,1.2192827586395722e-18,1.0112674059543963e-18,1.0471595776923549e-18,7.737932491862697e-14,1.5427415620092305e-15,1.1639024693697786e-18,1.9148783403413436e-15,1.4747347604155922e-15,3.548712886137377e-19,9.361524667623299e-19,9.468059172849204e-19,3.8288273514040405e-17,7.853980784482254e-14,7.679306437617091e-14,3.967579590317825e-17,1.2807624373814298e-18,8.819191314608155e-19,8.490211993807122e-19,1.0960283322245074e-18,3.88138128316649e-17,7.943500203298041e-19,1.6203884737774414e-18,1.0769587199124282e-18,9.25827042698543e-19,1.0145525706811123e-18,1.0143499702479148e-18,1.3761226854574558e-15,1.6560027223137807e-15,6.0816710234504025e-19,7.373102628383231e-19,1.3950806512965941e-18,3.8676989798735046e-17,2.3914871338808827e-15,9.500415350071495e-19,1.0237457216758256e-18,2.6496594036845865e-15,2.398674950538657e-15,2.1962524697209015e-15,7.69484289192622e-14,5.504392114014916e-19
