1.0000000000000049,1.5784100508596233e-11,-4.9869803927291504e-11,-3.108983929541779e-11,-1.1362793224390454e-11,1.0000000000145104,-2.460525952043644e-12,1.0000000000199418,6.647479981940323e-12,-3.248452865181788e-12,-2.431796877555074e-11,-2.5796100721885983e-11,1.2413939984911257e-11,1.3693767930551062e-12,-5.1864899443953085e-12,3.640888796672375e-12,-1.6279235202191016e-11,1.0049703249851615e-11,-3.8674533604382306e-11,4.767970704176599e-12,3.4296519491459978e-12,-9.397913394484318e-11,1.000000000032522,-2.4248622741482216e-11,3.2473719430457682e-12,6.277294301132585e-11,-5.339458464751844e-11,4.0898797585814784e-12,-2.765715275435909e-11,-3.28524825289636e-11,1.6508450566101444e-11,-2.890253715459017e-11,2.2298925956203255e-13,-1.2812589312353137e-11,1.000000000007731,3.9205510036929264e-11,6.146876599056995e-13,-1.0363001776544411e-11,2.1523025183796212e-11,-1.2058037257532894e-11,0.9999999999982104,-1.7628511606272283e-11,1.0000000000171207,7.893035249114612e-12,-6.847802949202706e-11,2.2222420538611715e-11,-1.202528018297392e-11,1.0163141513099577e-10,1.2218345881002371e-11,9.846255870039717e-12,1.000000000020555,-1.3546984798424541e-11,1.9425406534618675e-12,5.871975111498128e-11,7.116464646097577e-11,5.921533564364407e-12,1.6908705498571917e-11,-1.0925522734673875e-11,6.353771093928422e-11,6.819372979992243e-11,8.558068659080056e-12,2.2636271591293057e-11,-3.5244278237530846e-11,9.656718569360742e-12,-6.501546416571215e-11,-3.502930334334409e-11,-1.5636067454662378e-11,-6.39306215416794e-11,-6.2188465112850146e-12,6.627076093854528e-11,1.000000000036139,3.14752994439799e-11,-2.7915690781398407e-11,-3.6001709059049594e-12,1.2438955656988509e-11,6.980254289711846e-11,1.0000000000191216,-6.431903618736056e-11,4.3508548305871295e-11,1.2022081111789426e-12,1.0000000000172942,-1.03014433316212e-11,6.823516826785981e-12,1.0000000000055875,1.3962710824687461e-11,0.9999999999889227,-1.247196236245736e-10,4.172480261064232e-11,1.0000000000291795,0.9999999999815883,-1.8989032151589184e-11,-2.5621228971587906e-11,-1.360477822040177e-11,-1.3261192346763544e-11,1.1363447786282473e-11,-4.160431317713315e-11,-1.690687616014454e-11,3.821627853395922e-12,-5.487381136827897e-13,3.6479220961162024e-11,-1.7324524813969128e-11,3.749599316255406e-11,-4.55729661756457e-11,-4.531604332291405e-12,3.9040748123156195e-11,2.2515289337509725e-11,-3.1519187089201984e-12,1.0000000000202076,2.1241561366393825e-11,-6.4446118501975045e-12,-1.3107538436370568e-10,1.1297801061779843e-11,-1.1809555162900236e-11,1.000000000019305,9.903334171031411e-11,4.05790304695116e-11,-5.163299406311777e-12,-5.691131190136778e-11,1.4610195902867533e-11,1.0000000000033233,-1.894972297661585e-12,7.604276972935912e-11,-8.664113044445918e-11,9.385208242185002e-12,1.0000000000158178,8.839802576256222e-11,1.0000000000241192,1.000000000013519,2.1731512111465718e-11
1.5784100508596233e-11,-1.3243845031076921e-12,1.293623121542311e-15,3.1809711986367227e-16,4.1254539477195166e-16,1.452950152809808e-11,6.225186903054166e-16,1.4530051175376616e-11,7.201900188657475e-16,7.119766837144779e-16,5.967800810569186e-16,7.485052951509274e-16,4.1302189537637067e-16,7.893728175691705e-16,4.409003274628576e-16,6.641364692152197e-16,5.438630088946173e-16,5.364657131357153e-16,8.104326824927899e-16,4.818091217317657e-16,6.207087068405305e-16,1.1917785614805875e-15,7.28001218086522e-15,7.605875248896495e-16,6.81193769570497e-16,1.1331661178845412e-15,4.929123380334322e-16,5.902917871872973e-16,8.754452038686599e-16,6.777717399247404e-16,9.925396908295184e-16,5.966761211744234e-16,5.164788949905314e-16,6.554114680566761e-16,1.4530037844702627e-11,5.9620757063331e-16,1.0420069621547248e-15,9.386207327475707e-16,4.4267112322785425e-16,4.1683133899844693e-16,1.4530066497170301e-11,4.357401466812572e-16,1.453027877586556e-11,1.3144094908720616e-16,5.63292671469017e-16,7.600072375450885e-16,7.486015954951374e-16,8.210689041269095e-16,4.714016416797986e-16,6.913202807907549e-16,1.4530356451423186e-11,6.982872141505362e-16,6.445652129571404e-16,7.400478100830684e-16,1.0182408544177187e-15,8.678446967369564e-16,5.178104045810555e-16,6.652378309865757e-16,1.029103037534548e-15,8.206566925659013e-16,6.00463129156593e-16,7.970674920307948e-16,1.0660165628725644e-15,6.237722902653771e-16,5.263815683814954e-19,4.979851977853242e-19,1.1036725025711532e-19,5.511749252387713e-19,-7.725649453748649e-20,7.798108687528569e-19,7.279546196818424e-15,-2.765172214334153e-20,3.665917999047347e-19,9.480419315292872e-19,2.3198296981934933e-19,3.307369494085999e-19,7.279211354843579e-15,3.374894451338325e-19,1.074897865820011e-18,8.954275168348729e-19,7.27945659186254e-15,3.992601692816485e-19,1.579523952686167e-19,7.279381922118698e-15,4.491602195943031e-19,7.278981299136295e-15,5.947787971827283e-20,4.2454218216260375e-19,7.279558447488343e-15,7.279482256596327e-15,2.9951865317085895e-19,5.625105745052747e-19,1.7163304657120897e-19,7.173776513647199e-19,8.406564777040476e-19,2.6331153732147497e-19,3.450014998685314e-19,5.122196378241973e-19,2.3949278086236824e-19,4.2320848248709e-19,2.8177761313357823e-19,1.778667798561014e-20,8.359215109451881e-19,4.0019218929996157e-19,3.1211586919275404e-19,4.927411516424703e-19,3.536346863273087e-19,7.27932992295201e-15,4.250576609083199e-19,4.611628292797735e-19,3.8242870047377727e-19,2.0082844405107823e-19,3.835319233276252e-19,7.279454234101646e-15,-8.975021435049554e-20,1.0061779321528878e-18,4.3309090425020447e-19,5.037608524934029e-19,-2.1409620918590255e-19,7.279347964059779e-15,2.1128380937113312e-19,3.5592249809115986e-19,4.0493002276602715e-19,9.784549529018597e-20,7.279173843878992e-15,4.028521133694382e-19,7.279730691258051e-15,7.278823394026163e-15,5.366530624369497e-19
-4.9869803927291504e-11,1.293623121542311e-15,-1.3241464030353876e-12,1.376419039289103e-15,1.1736477841320422e-15,-5.1100586647992766e-11,1.05312776391684e-15,-5.109997217535169e-11,5.843441858288937e-16,7.294215213893266e-16,5.096597305672878e-19,6.756348077358175e-19,6.427087539924961e-19,7.804511354069782e-16,4.611518878995173e-19,8.764677209297756e-19,1.2870929340333025e-15,9.823250732665618e-16,5.568507231823487e-19,8.350786931659923e-19,9.733672779596996e-16,1.2554250522767345e-15,-2.5599263989963723e-14,1.1562243267034626e-15,7.991712962671479e-16,7.817297710433982e-19,7.336327002120821e-19,6.355239346228696e-19,1.0959729270614912e-15,8.14005825038026e-19,1.2564045936143585e-15,8.498218665453424e-19,7.462322446151336e-19,1.0075923186605385e-15,-5.110049653783886e-11,1.1508565475274363e-15,4.432222921628249e-19,1.1261720446240426e-15,5.129192974114755e-19,1.2929449548721254e-15,-5.110076822863329e-11,5.236723532090649e-19,-5.110003537223846e-11,6.65761557772619e-19,6.354405095714627e-19,9.705888508410584e-19,4.322888420067973e-19,8.797177331116423e-16,8.971549125219032e-19,5.474689475633708e-19,-2.5599501931001092e-14,1.5108132413064148e-15,7.505020343885128e-19,1.5895288402011047e-15,1.5121342078293215e-18,1.200302605486895e-15,4.1387722931749144e-19,4.794738820807379e-19,9.311922796936896e-19,7.5377772205569575e-19,6.492146958641001e-19,7.063281928153241e-16,1.0213424092190316e-15,9.46497525099462e-16,1.552453993148994e-15,1.8017951477251317e-15,1.4751284244217431e-15,1.500820832883544e-15,1.0254585958898355e-15,1.1683877983265738e-15,-5.1099335261289825e-11,1.0630902934175616e-15,1.3935011275761458e-15,9.669113919467802e-16,1.1286169752203797e-15,1.909848780831202e-15,-5.1100366217897605e-11,1.3488166556299955e-15,1.7172067456118908e-15,8.60211365292182e-16,-5.1098616842658634e-11,1.222813052362554e-15,1.2275112243786887e-15,-5.109985956603555e-11,1.8298708528151307e-15,-5.110100612334826e-11,1.9250375532020955e-15,1.364014222583037e-15,-5.109856095487174e-11,-5.109975654865811e-11,1.6047750374314696e-15,1.4002565410441397e-15,1.2202009350827687e-15,1.471494702766321e-15,1.2662284120675336e-15,1.101045604984537e-18,1.2088506195961953e-18,4.484930839626327e-19,3.0107205126491683e-19,1.0060971916142907e-18,7.050110445343056e-19,9.096622768668364e-20,1.2862691256799948e-19,3.4012644705683905e-19,8.426295014048956e-19,1.0249957233934285e-19,8.407133321905686e-19,-2.559911127427751e-14,5.028155755007695e-19,3.530736900795714e-19,9.222235930713327e-19,6.159914407353265e-19,6.574564469790222e-19,-2.559949118240569e-14,3.1912765944342496e-19,4.96314214360671e-19,5.651280053697899e-19,7.3276461667300355e-19,3.956213804075222e-19,-2.560031789387333e-14,5.764130939838109e-19,2.9442281188263255e-19,6.928916288309067e-19,2.5431849757280797e-19,-2.560028842186642e-14,1.3271211739912473e-18,-2.5599251190554907e-14,-2.5600211392482038e-14,6.461728732913975e-19
-3.108983929541779e-11,3.1809711986367227e-16,1.376419039289103e-15,-1.3258792002651893e-12,4.946896917623948e-20,-1.620012382226084e-14,5.66830676321809e-16,-3.233633128095973e-11,5.65005812715467e-19,4.96029793335335e-16,2.0903287920166817e-19,3.673027721303532e-19,8.406201305115671e-20,5.758392908156504e-19,2.661340493969244e-19,-3.756763856849171e-19,9.255035088183872e-19,7.550774899745745e-16,-2.6491664843805417e-19,-1.0651715820001289e-19,3.8378116032537146e-19,1.5200111140333531e-15,-1.619913757726421e-14,4.0375556008979136e-19,4.521820838150256e-19,6.968244495987961e-19,7.046372619811854e-16,8.185379557560324e-16,8.167567805373926e-16,2.6487625113832063e-19,3.4648432444775736e-19,7.459157843909997e-16,7.625953186965323e-16,2.5801756422426697e-16,-3.233670613964377e-11,5.895418489177408e-16,7.782654383380415e-19,1.6606910364494657e-19,4.958132520170651e-16,-4.180729127717146e-21,-1.619960655250072e-14,-2.5878658435902116e-20,-1.619928351841345e-14,1.8333473149232902e-16,3.268215989987376e-19,1.630322536792639e-19,9.744179187632428e-20,7.497230789388637e-16,1.5212347508311868e-19,7.297782786681783e-16,-3.233644954543481e-11,7.6798696871640235e-16,9.78271205025488e-16,4.1490936535690743e-16,1.318860768691455e-15,1.0185583867827357e-15,8.825669723082838e-16,3.307062983830752e-16,1.1671692719369357e-18,7.790657946710318e-16,9.407742937386249e-19,7.721769717279161e-19,1.3340824974894625e-15,6.610463247612057e-16,6.300104801266538e-16,1.2928352757705942e-15,1.22594923052494e-19,8.569431397075757e-19,1.2434309677673414e-16,1.1324349446973707e-18,-1.6199453930523222e-14,8.265603553051509e-16,5.415625249181335e-19,6.103717187283467e-20,9.05957023991154e-16,5.639159817488211e-16,-1.619956035566514e-14,4.8661934000203e-16,5.5636495664421825e-19,1.0815156502656522e-18,-1.6199680042400053e-14,9.508522566384922e-16,3.908742846904893e-16,-3.233592321603582e-11,8.937812667413908e-16,-3.233733691867534e-11,9.860224004033321e-16,3.239831418519826e-19,-1.6199404961768023e-14,-3.233588632077424e-11,4.646190375076154e-19,1.522376102688464e-15,4.8107014038671794e-20,7.722649476664562e-16,8.798912210257117e-16,8.84684030904853e-16,5.065767953020212e-16,7.633927512704685e-16,9.665738954219033e-16,1.5331630712277223e-15,7.94460808220985e-16,8.429020969365071e-16,5.527944179797163e-16,8.835251158034596e-16,1.4775660765662616e-15,1.3474073156003334e-15,1.0956805900558902e-15,-3.233613321686619e-11,5.52452733315021e-16,8.472794951637716e-16,1.2437786903676284e-15,5.021806765933611e-16,1.5904689131380483e-19,-1.6199476911953968e-14,2.5447238107345766e-19,7.274659950686993e-19,3.133889492058506e-19,5.208952463026043e-19,-5.56616190868261e-20,-1.6199333953969414e-14,6.073219635698878e-19,2.852390705606747e-19,3.7309397833922563e-19,7.867202893438367e-20,-1.6199662620342316e-14,3.0756167003304225e-19,-1.619951303870236e-14,-1.6200065320606868e-14,3.1081452442459653e-19
-1.1362793224390454e-11,4.1254539477195166e-16,1.1736477841320422e-15,4.946896917623948e-20,-1.3242477151952614e-12,-1.2617575989082889e-11,3.0437433654539648e-19,-6.320784242279241e-15,2.944601015981504e-19,3.1923970379729534e-19,5.612565598618068e-16,7.862302803629011e-16,4.016759289124066e-16,6.554150632021368e-16,7.263086777272185e-16,3.973791384899841e-19,1.4313272139365955e-18,4.3012378141579914e-19,3.162579545243322e-19,1.7257502785137716e-19,-1.1338490793219435e-19,1.2200956530539177e-15,-1.2616289495497678e-11,4.998876746549419e-19,3.942432724761396e-19,2.873066036229089e-19,1.8894931643053337e-21,3.004084862792937e-19,3.5784697512499743e-19,3.107556009127214e-19,1.0660773355244683e-15,7.701802703364786e-16,6.220482906311469e-16,5.384224727738051e-16,-6.320738339441328e-15,2.9723915010945e-19,1.1561737688536953e-15,2.978788138850983e-19,5.293395582950567e-16,4.948037015363821e-16,-6.320869600860846e-15,4.61306108826846e-19,-6.321026898251967e-15,3.48396443847415e-16,6.7103041548637e-16,8.972900149597214e-16,6.01120980090665e-19,4.851053532846154e-19,5.312255119936883e-16,6.82500101341665e-16,-6.3205907356962134e-15,8.055065028653763e-16,8.19736198315225e-16,7.18763063582607e-16,1.2981111514246365e-15,9.261237010627375e-16,1.5811906992239894e-19,5.776218067697695e-16,5.066662414289949e-19,8.095776257691888e-16,8.558756456597659e-16,4.300580157620325e-19,6.05530783637083e-19,3.3165731393258043e-19,4.2249229043194624e-19,1.0678233584695087e-15,6.715775144668234e-16,3.3155882845919914e-19,3.9252418251765955e-19,1.5786525880669418e-15,-6.320615425984987e-15,4.06805359692624e-19,8.504499107611847e-19,4.2709769398694454e-19,8.14729949434619e-16,7.174526634247479e-16,-1.2616854929585219e-11,5.575548400919527e-19,4.0653931125626813e-19,5.426887963729698e-19,-6.3205434662304385e-15,7.720048736816761e-16,2.0587851540024548e-19,-6.320679395392945e-15,6.420884962701607e-19,-6.321163084278979e-15,2.032046268503719e-19,6.6778126719696525e-19,-6.320745757457692e-15,-1.261655145114266e-11,8.88669443366788e-16,1.2306466511305148e-15,5.593809261162182e-16,7.567080272996158e-16,8.38439041068457e-16,4.098691275559189e-19,1.9453449551257836e-19,5.971640043823185e-19,4.672087771725187e-19,6.53023653599393e-19,6.208834132362488e-19,7.589815314558892e-16,1.7982147482744399e-19,7.116464292175459e-16,4.342450099833368e-19,8.599832486609685e-19,6.646021808733412e-19,-6.3207546371149155e-15,7.17172742496847e-16,2.4394908138892827e-19,1.1198012876327747e-15,7.370733118324e-16,7.924383264718398e-16,-1.2616572865846779e-11,8.340047418988931e-16,1.01638454673671e-15,8.454455943092934e-16,6.82399426750268e-16,3.520495269767182e-16,-1.2616646427907166e-11,8.058203711124025e-16,7.366976022587442e-16,2.924445787156216e-19,7.021586624660002e-19,-6.320812255442692e-15,4.741760862233127e-19,-6.320590174473061e-15,-6.3210957934843024e-15,6.430538666312057e-19
1.0000000000145104,1.452950152809808e-11,-5.1100586647992766e-11,-1.620012382226084e-14,-1.2617575989082889e-11,1.0000000000175608,-1.859111958067905e-15,1.0000000000243252,2.705956214617049e-15,-2.256796419725111e-15,-1.2803316660438771e-14,-2.703387193467062e-11,5.5918789991065936e-15,1.198853706529846e-13,-3.2256691033104055e-15,1.2052014185854654e-15,-1.752740060863068e-11,4.408457264425657e-15,-3.991007752483991e-11,1.7609486374906638e-15,2.1843145301476074e-12,-4.769541614735844e-14,1.0000000000369198,-1.277073135177384e-14,9.996038435661593e-16,6.155960386955874e-11,-5.463506145821327e-11,1.4269775137832984e-15,-1.4475531687404903e-14,-1.7082152050050914e-14,7.654485330159263e-15,-3.014034767124272e-11,-5.166977383419513e-16,-1.405467563864711e-11,1.0000000000121194,1.901429623796661e-14,-3.1386788118926846e-16,-5.808169007237708e-15,1.0155760757854897e-14,-6.6677180716181665e-15,1.0000000000025895,-9.458203035582865e-15,1.0000000000215028,6.646943175747358e-12,-3.492757805950654e-14,1.0513712475880095e-14,-6.64796642628603e-15,1.0039286572791556e-10,5.496553561107475e-15,8.599972633173082e-12,1.000000000024939,-7.4063495953164e-15,3.540488827560114e-16,2.880320782195346e-14,6.998664426135814e-11,2.3483258936161064e-15,1.5662198609667124e-11,-6.09437162195616e-15,6.232145546552893e-11,6.696246558333215e-11,7.322101614068824e-12,1.0715454166090379e-14,-1.8273546652733313e-14,8.408245655619518e-12,-3.319015435988337e-14,-3.625131192069014e-11,-8.453476721576753e-15,-3.264747455329509e-14,-3.739436467393553e-15,3.2594724090745514e-14,1.0000000000405311,3.02352181230274e-11,-1.4604114402909742e-14,-2.423635455460371e-15,5.610083132565482e-15,6.856958865480205e-11,1.0000000000235134,-3.284234225111007e-14,4.2300632377989165e-11,-5.419425880914445e-14,1.0000000000216998,-5.783510489779279e-15,2.793690982223946e-15,1.0000000000099802,1.2751201753864486e-11,0.9999999999932869,-6.309521872956664e-14,4.0490317457322605e-11,1.0000000000335867,0.9999999999859791,-1.0131136116418681e-14,-2.6840157162972185e-11,-1.4848613949342413e-11,-7.26529758002027e-15,1.0128653181555596e-11,-2.145975368838542e-14,-9.081205378402774e-15,2.5746966155429676e-12,-9.000257256398742e-16,1.7661055178357162e-14,-9.299302042620487e-15,1.8158032165211508e-14,-4.680543214246592e-11,-2.898393137590579e-15,1.8948374522985242e-14,2.1269110137435343e-11,-4.350924217748971e-12,1.0000000000246005,2.0011875654806022e-11,-3.854497987169737e-15,-6.627094572488093e-14,1.0068740044720108e-11,-6.531015396766341e-15,1.0000000000236933,4.89907951031433e-14,1.9713495683347305e-14,-6.402186104042274e-12,-5.814794405510287e-11,1.3351759262362433e-11,1.0000000000077032,-1.5737219122279756e-15,7.480787051442151e-11,-8.787124161695702e-11,8.136413096967415e-12,1.0000000000202074,4.3669616325518326e-14,1.0000000000285079,1.000000000017892,1.0265603246165916e-14
-2.460525952043644e-12,6.225186903054166e-16,1.05312776391684e-15,5.66830676321809e-16,3.0437433654539648e-19,-1.859111958067905e-15,-1.3238746885634677e-12,-1.8588903333174232e-15,6.257031285128075e-16,6.585662992035683e-16,3.517163433107022e-19,3.73307944523651e-19,6.093208420008387e-16,6.652092159089168e-16,8.011943534250545e-16,8.755855376201638e-16,8.817992726009804e-16,3.1298924655599043e-19,8.52931117597204e-16,1.8457303734059537e-19,7.429036210919848e-16,1.1692956336225896e-15,-3.709656790977005e-12,5.26059648514926e-19,7.180338526976636e-16,1.2511475693650335e-15,8.416619473566473e-19,1.1567603347223508e-18,8.96724472723455e-16,7.418003699504435e-19,6.33654696300515e-19,7.002952172488596e-19,6.892270973150379e-16,6.644075173281742e-16,-3.710426253537197e-12,1.0256547615119747e-18,1.0890705249393104e-15,4.756612597675137e-19,6.687230652523514e-16,7.023336522882241e-16,-1.858872196983615e-15,2.855518413119201e-19,-1.8583054781512998e-15,6.854267940090962e-16,-2.3707949687445342e-19,4.37875151693669e-19,5.780123644872017e-19,7.403285539389678e-16,7.054712854134985e-16,7.146333824753954e-16,-3.710057376114769e-12,9.836424029023718e-16,1.6917270873998681e-18,9.537105953323958e-16,1.6789541595322669e-15,9.870410396231917e-16,8.244969707103761e-16,9.42052594471253e-21,1.2719106690550589e-15,9.196050517797744e-16,8.69072821078164e-16,2.615475961750574e-19,2.008964591995069e-20,7.3955121327457e-16,9.732625028482015e-16,6.411661229042045e-19,3.725052031534364e-19,7.1694836291597365e-19,6.348762240913163e-16,1.4079699099498084e-15,-1.8582717272830465e-15,7.787079092611109e-16,2.6688250634598647e-19,8.766657497569585e-16,8.742098037080181e-16,7.585769179875647e-19,-1.858850869475471e-15,2.773893257091354e-19,1.0563615375420842e-18,8.9423796815333e-16,-1.8586174260366925e-15,4.3007058959864586e-19,6.684382973829671e-16,-1.8585876523134886e-15,1.1817469981553496e-15,-1.8590924873294798e-15,1.1974045169508945e-15,9.991364888998096e-16,-3.709406630516565e-12,-1.8579980616938814e-15,1.0346325999710505e-15,1.2312802608206847e-15,7.333749286758164e-16,9.127315015796852e-16,8.80867273284551e-16,9.991255174484593e-16,6.396019540964366e-19,7.120815286357171e-19,7.401804732031201e-16,1.1921661188662626e-15,-1.5620947639062832e-19,2.784038964899291e-19,9.551896651948158e-16,7.093668257982154e-19,1.276773393045636e-15,7.652222699464838e-16,1.3429132246371612e-15,-3.7097296882345126e-12,4.652405322960528e-19,7.198634715078036e-16,1.1969383356146544e-15,5.616035779091689e-19,8.876451304608966e-16,-1.858356950087608e-15,7.739843578256176e-16,5.351975016108628e-19,3.8903369682282374e-19,7.990363454854065e-16,5.464235547347128e-16,-1.8583196839742768e-15,4.401584066450648e-19,7.993292968178893e-16,5.444016401952525e-19,6.095650133920461e-16,-3.710038005082328e-12,1.0036113128433834e-15,-3.709757975356694e-12,-1.8592167961333214e-15,3.7031368003987947e-19
1.0000000000199418,1.4530051175376616e-11,-5.109997217535169e-11,-3.233633128095973e-11,-6.320784242279241e-15,1.0000000000243252,-1.8588903333174232e-15,1.00000000002846,2.7060480089280873e-15,-2.2562886206260267e-15,-1.2802752505108301e-14,-1.3542934616179645e-14,5.592171866418149e-15,1.2052503310588906e-13,-3.2258764607409854e-15,2.4066911718277236e-12,-1.7527186650260397e-11,4.408685551582555e-15,-3.990952106319014e-11,1.7614543475900446e-15,1.0943301719060571e-15,-4.769433397533521e-14,1.0000000000423694,-1.2769260506588171e-14,1.99568531011276e-12,3.084022772583437e-14,-2.737053621420185e-14,2.849527419704221e-12,-2.8893680466573927e-11,-3.409655138140863e-11,1.527960572291732e-11,-3.0139712179733727e-11,-5.159516367602357e-16,-7.040628809952589e-15,1.0000000000175662,3.7955898638064546e-11,-6.266352806692983e-13,-5.8080913490165396e-15,2.027303886026911e-11,-6.6671450574311435e-15,1.0000000000080358,-1.887826532124904e-11,1.0000000000269516,6.647603142037993e-12,-3.4927261472405273e-14,2.0986947303588515e-11,-6.6480148007218334e-15,5.0294829086097454e-14,5.4968825099105485e-15,4.308260445459607e-15,1.0000000000303881,-1.4783153538142556e-11,7.063878447382747e-13,5.7496106861071685e-11,6.998794026085236e-11,4.6884281978653896e-12,7.846482943101749e-15,-6.094115862502669e-15,6.232220577672767e-11,6.69632827265588e-11,7.322185761528442e-12,2.138850626232006e-11,-3.647614103277465e-11,8.40871017308687e-12,-6.62500280963478e-11,-3.625073727487944e-11,-8.453242999492702e-15,-6.516737987717661e-11,-7.46347605792296e-12,3.2595016955901e-14,1.0000000000459794,1.5147218006591264e-14,-2.915063316924149e-11,-4.837895732771541e-12,1.1198518811171982e-11,6.857048167727371e-11,1.0000000000289617,-3.2841370151969454e-14,4.2301501873748405e-11,-2.792590349145526e-17,1.0000000000271476,-1.1544539389947303e-11,2.7939031990552524e-15,1.000000000015431,6.388772325491677e-15,0.9999999999987353,-6.309533282166688e-14,2.028469531590639e-14,1.0000000000390346,0.9999999999914285,-2.0221796636272008e-11,-2.683962925483351e-11,-7.438539173545455e-15,-7.264656643165404e-15,5.074656222885206e-15,-4.283573159772702e-11,-9.08173457715608e-15,1.2899383663826354e-15,-8.999483839154035e-16,3.5254387906297996e-11,-1.8561900731333492e-11,1.8158138403843528e-14,-4.6804645667682725e-11,-5.784998710473497e-12,3.782445347919577e-11,1.0654974374386997e-14,-4.349816561103451e-12,1.0000000000300473,2.0012757882494612e-11,-3.8545387691060186e-15,-6.627005006535442e-14,5.044373061600439e-15,-6.529955010637772e-15,1.0000000000291414,9.779256351708478e-11,3.935131077620681e-11,-3.207349891264079e-15,-5.8147265672830034e-11,6.689198715168614e-15,1.0000000000131515,-3.141255174411144e-12,7.480866788431581e-11,-8.787043062234791e-11,4.076148091425383e-15,1.0000000000256564,4.3669591648658445e-14,1.0000000000339568,1.0000000000233404,1.0265691976204334e-14
6.647479981940323e-12,7.201900188657475e-16,5.843441858288937e-16,5.65005812715467e-19,2.944601015981504e-19,2.705956214617049e-15,6.257031285128075e-16,2.7060480089280873e-15,-1.3243316710817287e-12,4.460894297179193e-16,6.954162102838667e-16,8.049402574327995e-16,5.519756449335439e-19,1.0097075235632842e-18,6.673658637360084e-16,8.167295550709181e-16,6.358155487244749e-19,2.964430417249535e-19,6.3213598259636e-19,4.743723110199131e-19,5.614741794900875e-16,3.7663900520049716e-19,2.706247448608897e-15,2.35776934175948e-19,2.4906923324541133e-19,9.517161723707332e-16,1.2312469070001396e-18,4.0256895878260202e-19,4.960912922094827e-19,6.697124472961098e-16,-6.459078358505335e-21,1.2916348933846793e-19,5.8134636817236975e-16,5.889769942490645e-16,2.7060813239391065e-15,1.5888330722963056e-19,6.295564208093354e-16,6.67310603254055e-16,4.221705776759867e-19,7.32157787168788e-16,5.401462578723485e-12,6.867302596591793e-16,2.7060908794936325e-15,4.376480926331277e-19,2.2099439684198823e-19,5.026584794027705e-19,5.062997370768224e-16,2.346954078503379e-19,6.951296591162769e-16,1.0363245902469108e-19,5.401998272941965e-12,8.68488718746627e-16,3.669720206868027e-19,5.176991890948817e-19,8.232117329869075e-19,7.123369710342459e-16,4.16817183175368e-19,6.10955719902076e-16,2.9785002019649766e-19,8.277516634088336e-16,7.269156153254167e-19,4.3467411480814086e-16,4.336274435236426e-19,5.412604766110034e-19,2.0998020982990745e-19,5.011074641853213e-19,3.64373717011677e-19,8.606092087543075e-16,5.990261175114261e-16,3.946001515988489e-19,5.402238194747861e-12,2.0447676815829064e-19,6.466423764969363e-19,2.9489001061415534e-19,6.594930314883896e-16,5.511084811070386e-19,2.7060262290635864e-15,3.991352140983953e-19,6.186710329145949e-19,5.176301820660849e-16,2.7066117126248085e-15,4.1373114947232523e-19,3.9809372983515636e-19,2.705953263460731e-15,1.0459910274456702e-15,2.7060914209715665e-15,6.228233573472915e-19,-4.357302459806796e-20,2.7065359381808642e-15,5.402021175878921e-12,9.11628361810871e-16,8.282826784873405e-16,7.011664656224873e-16,8.357460090140856e-16,4.4737307530276114e-20,9.499962172155572e-16,1.1526646982097822e-15,4.745391302575033e-16,4.941356156409744e-16,9.03424510284839e-16,6.857926628568608e-16,5.378978026409755e-16,1.0450949328749295e-15,3.663399414727481e-16,4.96065228960515e-19,2.304729414603644e-16,7.593536722266766e-19,5.402438768347944e-12,4.1997976155171023e-19,4.488177818016838e-16,1.5689080728143706e-18,4.752577835198301e-19,2.6035908926364795e-19,5.402128559489176e-12,1.3413620995894371e-19,6.78489234460616e-16,3.6006495618872877e-19,3.3672735054266863e-19,3.7363630472096617e-19,2.7061101937077165e-15,4.2388305780879726e-19,2.4451603815034974e-19,9.638167861218453e-19,1.8794280528670494e-19,2.706527953994798e-15,1.0832025063660275e-15,2.7063603020045938e-15,2.705832639285359e-15,3.016421266654732e-19
-3.248452865181788e-12,7.119766837144779e-16,7.294215213893266e-16,4.96029793335335e-16,3.1923970379729534e-19,-2.256796419725111e-15,6.585662992035683e-16,-2.2562886206260267e-15,4.460894297179193e-16,-1.3242901609930499e-12,6.02451497339458e-16,1.3534911689915088e-19,1.5214274234375444e-19,4.1433916526201975e-16,5.76459673820881e-19,4.58200553087358e-19,8.617551618849087e-19,1.2825163568336487e-19,3.406522773683511e-19,5.797210428803297e-19,7.443940181831428e-16,6.792858666486347e-19,-2.2563101456922883e-15,3.854361052071795e-19,6.977390855297931e-16,1.122997878440934e-15,7.580382119375906e-19,9.131972378971292e-16,6.939197117663536e-16,2.4825889610094497e-19,3.6578186051165297e-19,1.022326206860303e-15,3.3807116733046303e-19,4.393814705570662e-16,-2.2567462120553035e-15,2.069117835896569e-19,9.75669423556121e-16,8.617883764282531e-19,6.66520688091655e-16,1.0748415629195144e-19,-2.2567901459671526e-15,2.947397925520961e-20,-2.2562881876899658e-15,5.763914372461284e-19,8.384113693867059e-16,5.189690144226098e-19,7.741854500085125e-19,5.41048814079317e-16,4.2240585051726475e-19,6.064235572888724e-16,-2.2565513515306518e-15,9.417107270091267e-16,1.0324422094529562e-15,7.96981628795023e-16,1.0528316206895225e-18,6.855508764964518e-21,9.210519813102466e-16,4.965498682209566e-16,1.2550385430088104e-15,8.278786616691563e-16,1.0062587509404087e-15,6.759739870985421e-16,8.935338116959388e-19,6.3139990301704e-16,3.164543969043501e-19,7.666414430143406e-19,9.4761475794731e-16,1.0215394921849957e-15,4.23465926570119e-16,5.53202810918635e-19,-4.503621751390037e-12,7.288234106468354e-16,3.750921893510231e-19,7.182721991530111e-16,7.852326304690744e-16,4.2871362198119275e-19,-4.504274846464487e-12,3.2923179665394085e-19,1.1258801721676155e-15,5.388447240310804e-19,-2.2561673347360588e-15,3.9184281032989194e-19,7.199697539874432e-16,-2.256480413836834e-15,1.0326849020951204e-15,-4.5048012496547045e-12,5.608949575782443e-19,7.840606237961456e-19,-2.256433396283663e-15,-4.503782808756884e-12,7.610511181808791e-19,1.1058010267807148e-15,6.258340505197326e-16,9.166148140468849e-16,7.54410873568403e-16,3.4462677587351484e-19,1.0984591874149163e-15,2.2541570668202114e-19,6.809254184325469e-16,5.626303581291218e-19,7.790010800213609e-16,8.886250095361473e-19,4.734363262868328e-19,2.299660412585913e-19,1.0947366244220723e-15,2.5643090213463127e-19,7.501588117062669e-19,-4.5034961450246025e-12,3.544786095337293e-19,5.593756162428533e-16,1.1025295109864127e-15,4.807991562621611e-19,5.615585063580874e-16,-4.5036473824578404e-12,1.3338066943321114e-19,3.6151869078183146e-19,7.784739584646942e-16,6.715440437379026e-16,3.763121171144058e-19,-2.2563995220832206e-15,8.942395508334672e-16,5.721857988871722e-16,7.769008168518062e-16,5.333209761060037e-16,-2.256656688705313e-15,7.834890179159283e-19,-2.2564448714765137e-15,-2.256690816186942e-15,2.5883119955291837e-21
-2.431796877555074e-11,5.967800810569186e-16,5.096597305672878e-19,2.0903287920166817e-19,5.612565598618068e-16,-1.2803316660438771e-14,3.517163433107022e-19,-1.2802752505108301e-14,6.954162102838667e-16,6.02451497339458e-16,-1.3241096580150157e-12,9.247689164117745e-16,3.0907301977639516e-19,3.363889037069669e-19,9.815876245669182e-16,8.530970205787949e-16,1.0533875646456247e-15,7.706108435658021e-16,9.50449774855755e-16,8.216887828464319e-16,8.72881237272687e-16,1.3591538380912543e-15,-1.2802524009163634e-14,4.289463684766099e-19,5.442046044400061e-19,6.084875049327324e-19,8.794476200180868e-16,9.296361680010373e-16,8.979224362148929e-16,6.916364045721649e-16,1.1577962372529277e-15,9.626036107492092e-16,7.820378896043471e-16,2.2134071139589047e-19,-1.280271818351397e-14,7.479740114569299e-16,8.483106366501439e-19,5.680224633262653e-19,6.24810344930534e-20,6.340859170973124e-16,-1.2803148968579265e-14,2.8691425157795486e-19,-2.5555985167187185e-11,3.3069838163743682e-19,8.360581522197797e-16,5.648282869801815e-19,3.1137114507073444e-19,1.0448356280837613e-19,6.582930924467234e-16,3.3530987393909336e-19,-1.2802542355116308e-14,9.645630248661237e-16,-1.1085247033578642e-19,8.190377062675103e-16,9.607529137021654e-19,6.151873053538658e-21,4.227246810957975e-19,6.017108278135725e-16,8.327483536580736e-19,3.0449768492273496e-19,1.3326319867502685e-19,9.308424888833616e-16,5.0433551526966e-19,7.296487789272963e-16,9.07131078887731e-16,1.3317614331697322e-15,8.988705438020692e-16,1.1396990338504896e-15,4.771783863999547e-16,1.679537653928376e-15,-1.2802866251716914e-14,2.963497110532702e-19,6.674296219987353e-19,1.0224675062246283e-15,9.323274359322245e-16,9.524469689853524e-16,-2.5556198709057837e-11,2.9781729320449937e-19,1.3739226668945421e-15,1.0114995963518614e-19,-2.555538588526144e-11,9.636689889469728e-16,6.238681173062665e-16,-2.5555760299588945e-11,9.441488689785518e-19,-2.5557024832440755e-11,9.16346710333613e-19,9.995111843046636e-16,-2.5555195649785357e-11,-1.2802820262536991e-14,2.139404024152187e-19,7.808491082848343e-19,6.480058853248671e-16,9.428960224543432e-16,9.812556354855018e-16,6.038362400661247e-19,4.2928749158412596e-19,7.746015248481579e-16,8.618907967844439e-16,6.614360546210821e-19,8.805345820336806e-16,1.8719834406743092e-19,9.173694652408497e-16,6.32039771948361e-19,9.829799993783834e-19,9.649184818876753e-16,3.3965555070845413e-19,-2.555567468382562e-11,8.503883932959786e-16,7.88270440161392e-16,2.2011674482363764e-19,6.80135441542387e-19,7.922484648474471e-16,-1.2802761354625635e-14,8.12242134640314e-16,1.0877766764093043e-15,9.483055283543597e-16,7.705790425400692e-16,4.1531944773707426e-16,-1.2802890970512231e-14,1.3163144227966449e-18,9.916706603569477e-20,1.0156599017305518e-18,3.5069099736773804e-19,-1.2802939075323889e-14,1.0356265361527996e-15,-2.5555702652567397e-11,-2.555666213809456e-11,8.294644798198558e-16
-2.5796100721885983e-11,7.485052951509274e-16,6.756348077358175e-19,3.673027721303532e-19,7.862302803629011e-16,-2.703387193467062e-11,3.73307944523651e-19,-1.3542934616179645e-14,8.049402574327995e-16,1.3534911689915088e-19,9.247689164117745e-16,-1.3237168443794361e-12,4.825237309763131e-19,1.6739234330902334e-19,9.032629619172553e-16,6.882051093260586e-19,1.0150282205460842e-15,9.448160084658007e-19,1.094286953998335e-15,4.2476400363319457e-19,4.580137379084287e-19,1.4774862456530908e-15,-2.7032402438927252e-11,5.150715839280659e-19,8.941045617475971e-16,7.758229586027094e-19,4.1746107930191273e-19,8.384324960728678e-19,5.87972373129388e-19,9.671771525481548e-16,1.3271653926402722e-15,6.196168455674542e-19,8.372461160943764e-16,4.722309932907706e-19,-1.3543095411289853e-14,9.268306029531292e-16,1.3064305955909315e-15,1.265999779978504e-15,7.932678009394925e-16,3.6758335841653996e-19,-1.3542969037738849e-14,6.810050519803194e-19,-1.3542994004002323e-14,4.1169628786726093e-19,9.981987943561189e-16,1.0021968285507992e-18,4.0621490475869153e-19,9.049125429923683e-19,8.561325339014492e-16,4.124248116677991e-19,-2.703288811737203e-11,1.179724803523082e-15,1.1499178562473977e-15,5.927537407839239e-19,6.458896883936841e-19,5.158309912699626e-19,5.896215927244188e-19,9.066841902401046e-16,1.1283537031031796e-18,1.2148434551736916e-15,5.04633921864966e-19,6.965253021126525e-19,1.2706793550764973e-15,8.835894238853589e-19,7.570803926231492e-19,1.4408185508498342e-15,8.475531128746571e-19,1.2833912693246429e-15,8.122231550565959e-16,1.7668723718681372e-15,-1.3542636849620563e-14,9.440728894204552e-19,6.467335513406123e-19,4.1879140166296753e-19,1.0732599251051745e-15,1.2206379508978543e-15,-2.7033103786321503e-11,5.755158167699557e-19,7.706927408008576e-19,4.805264765960327e-19,-1.3542456763687287e-14,3.370915063301428e-21,6.848586832894664e-19,-2.7032580112305548e-11,1.5109946377569441e-15,-1.3543642743616533e-14,1.4615021328457224e-15,1.1970321018138295e-15,-2.7032056990805866e-11,-1.3542528304733379e-14,6.206061770862159e-19,1.2199142451412169e-18,7.452451870322988e-19,6.827079495249281e-19,1.179458587267533e-15,1.2125455489874954e-15,1.3173774733602583e-15,4.884349184779002e-19,9.091106803306952e-16,1.0626939192825051e-18,2.982126814094366e-19,-1.8445207633697668e-19,4.591314012625174e-19,2.145185479204981e-19,1.6385185873403343e-15,3.3322400347660767e-19,1.7052772799831285e-15,-2.703249720983247e-11,1.1377716055462703e-15,5.36270671477089e-19,1.5496659012505372e-15,3.4113851352748285e-19,1.1663585212016515e-15,-2.7032677600674107e-11,1.360888924133113e-19,1.3147849479729493e-15,5.300927237624732e-19,9.992637743426478e-16,7.138103954054023e-16,-2.7032985466744383e-11,9.592011225275639e-16,1.0719692747175155e-15,3.040474636074984e-19,1.6185382792911002e-19,-1.3542868729113466e-14,1.2563474615747577e-15,-2.7032472107055907e-11,-1.3543037211556537e-14,9.8966806511583e-16
1.2413939984911257e-11,4.1302189537637067e-16,6.427087539924961e-19,8.406201305115671e-20,4.016759289124066e-16,5.5918789991065936e-15,6.093208420008387e-16,5.592171866418149e-15,5.519756449335439e-19,1.5214274234375444e-19,3.0907301977639516e-19,4.825237309763131e-19,-1.3244105686953626e-12,6.994183559895043e-19,8.800436510363538e-16,3.453680062402996e-19,8.941315351802323e-19,6.850143897753275e-16,2.1638240158879187e-19,5.349919311853433e-19,8.057014195054954e-16,9.03245928933025e-19,5.592586413256233e-15,7.752117643593132e-16,6.676453958394941e-19,1.2512626880927864e-15,7.054062032457218e-16,7.826569441940779e-16,4.1203795032489896e-19,5.643797935969051e-16,1.0825801710645332e-15,7.720418664428064e-16,1.9732576883409268e-19,4.3170152150222433e-19,5.592315928235508e-15,3.464920795332513e-19,2.310339357914394e-19,5.969686788074403e-19,3.1580431229019993e-19,4.589060264947209e-16,5.592275352251789e-15,3.074096401581268e-16,5.592742079974473e-15,3.3036253666271445e-20,6.812147242357241e-16,9.964747151838704e-16,6.107791700337989e-16,7.415041189064158e-16,5.044591759801283e-16,6.949113776849829e-20,1.1163226705430846e-11,3.914083830367798e-19,3.8394225067254843e-19,6.178917017481068e-16,1.3873112637608879e-15,5.41246359074984e-19,7.834953560306015e-19,4.837099096959029e-16,6.171107374064238e-19,9.740397041670443e-19,1.0277289231531731e-15,3.708055308602146e-19,4.609963109303534e-19,2.024185050537698e-19,7.239132093184395e-16,6.606756900633676e-19,7.28093624314693e-16,1.0053165644938924e-15,3.4115500827397684e-16,1.2353366679118605e-18,5.592642082839209e-15,7.668046221306461e-16,7.694501002188538e-16,9.883214824218968e-16,8.444665696357479e-16,-9.670630925546354e-20,5.592769489828803e-15,4.36188501479801e-19,6.324438622069801e-19,4.530800009259445e-19,1.1163790998514519e-11,8.590652748716119e-16,3.4307608416911164e-19,1.1163626197376083e-11,4.550008013129556e-19,1.1162395991014019e-11,6.418115437772055e-19,8.743116428159889e-16,1.1163996243882214e-11,5.59283438651248e-15,9.5694870947399e-19,5.568925640636284e-19,4.941374752915003e-16,3.096724095902415e-19,8.7539423609850285e-16,5.785204515364947e-19,3.039308896414953e-19,7.430410099412461e-16,3.440619838980028e-19,1.3193120099945683e-15,7.733975039736996e-16,7.792526457849842e-16,3.3342015003181564e-19,7.458011920060376e-16,1.348257880992617e-15,5.745564302829095e-19,6.664717515183902e-19,5.59263027252093e-15,4.0352913108205046e-19,7.624875637361489e-16,5.21099248229432e-19,2.2830634533232854e-19,6.383586312236207e-19,1.1163613237368172e-11,8.110228208755551e-16,1.0278084821722497e-15,8.441602503185826e-16,6.50050821374296e-16,-2.0740491187914323e-20,5.592361549407324e-15,9.25601593627632e-16,6.946227643912047e-16,6.542978573864721e-16,7.534383242238093e-19,5.592277076352212e-15,6.095298322023229e-19,1.1163593469052033e-11,5.5918358890035445e-15,5.451964092805969e-19
