1.0000000000000049,-3.482691925041659e-11,6.1904330708421335e-12,-1.1394105559140335e-11,-2.5798955104326444e-11,3.666125877279495e-11,5.5529286022363076e-11,5.0767045095980936e-11,1.0000000000111642,-9.470131379404462e-13,0.9999999999833645,-2.014175759963947e-11,5.938940350775819e-11,3.1067544808448345e-11,6.41196022806163e-12,-3.617803469199192e-11,1.00000000000302,-1.3980855410760478e-11,1.0060024452244711e-11,-2.1406707662902122e-11,0.9999999999972967,1.000000000009871,7.615544844848897e-11,2.231477527744771e-11,7.711865520358829e-12,-2.7010212827552096e-11,2.0256348402428286e-10,3.0360317125332785e-11,7.040456763311664e-12,5.1686325586031294e-11,-3.3429244565921204e-12,-4.213113653861861e-11,0.9999999999895176,-8.533138645985502e-13,7.50588387238415e-12,-1.33339312308415e-11,4.4596262650167426e-12,-4.532209974731417e-11,-2.4342273125212847e-11,-3.223572456600216e-11,-1.207436149704628e-10,1.249193291938499e-11,-1.0136533095697076e-10,-1.5656773852389977e-12,0.9999999999956004,-9.930541604216223e-11,6.17668306284273e-12,-3.885840485996285e-12,-4.877685624772862e-12,9.449274982217426e-11,1.3807064665333053e-11,-1.1358699717507526e-10,3.084113170536204e-12,-6.167861640180049e-12,4.052330549299841e-11,1.000870612467203e-10,2.725833632017072e-12,1.4633000782016663e-11,-4.976666836969152e-12,1.0000000000100242,-7.074502082492545e-12,6.161929021455428e-12,-4.120629365531222e-12,-1.507188040990126e-10,6.429328952345758e-11,-3.5285576950032385e-11,1.462100202818848e-11,-3.775709166101094e-11,-1.7963063416243436e-11,0.9999999999957414,1.7114853965011453e-11,2.353897053717292e-11,3.913792521315738e-12,1.215328461905715e-10,4.493184936649212e-11,-1.7382031954159456e-11,1.1384702407952893e-10,-1.9216067640518903e-11,-3.8962328048694e-12,0.9999999999960569,-4.4602162005444245e-11,3.884610216112512e-11,0.9999999999977192,1.0000000000097384,4.133178691255312e-11,6.108315291647554e-11,-9.82608187760196e-11,2.147518021534553e-11,8.952627549469992e-11,3.650657559504243e-12,-7.231515347651386e-11,1.0000000000150984,7.586157736400125e-11,-9.112813145711093e-12,7.602407504571555e-11,-2.552681606773179e-11,-5.568747503102492e-12,1.8262792340510223e-11,-4.919120116461542e-11,1.0000000000193054,-8.395344537117341e-12,1.0000000000148241,-1.2960580478369725e-11,-1.5603980479147234e-10,1.3820711351398213e-12,-2.9547954648819734e-11,-1.0739393573442449e-10,2.470940695226234e-11,2.475386511544522e-11,1.2469768847300222e-12,4.4641821904384576e-11,-2.711992537296084e-11,-1.066915449756099e-10,2.7110770262064563e-11,1.0000000000077258,-6.291263439223906e-11,1.0000000000054312,-5.626881120656952e-13,3.986283928896276e-11,-5.929284820715724e-11,0.9999999999991844,1.4199214530753532e-11,1.03287105676969e-11,4.4783978326369786e-11,1.0000000000192262,-3.2567998592379507e-11,1.000000000003836,-6.120891329504788e-12,-2.6888350350582138e-11
-3.482691925041659e-11,7.478452259871235e-13,1.5348164275260348e-15,1.7957950938523523e-15,1.8836107702626884e-15,2.2931636847713113e-15,2.0233326302179934e-15,2.7324756849117913e-15,-3.166588625220918e-11,1.848621434019472e-15,-3.166565863033441e-11,1.945346515894471e-15,2.0274400395815606e-15,2.3987440202593783e-15,2.2210367876992435e-15,2.1403225743884955e-15,-3.166642416965593e-11,1.78274435420365e-15,1.704167323595333e-15,1.3206424293657504e-15,-3.166550672083506e-11,-3.166660491556509e-11,2.1168774437802158e-15,2.2021314781536674e-15,1.6068132502611234e-15,2.62834765493177e-15,2.0808385185231857e-15,2.1767044232652397e-15,1.5018511305618979e-15,1.9436650442213e-15,2.3104140321398657e-15,2.34085899660694e-15,-3.166643914912624e-11,1.6401363683603184e-15,1.7519113775113133e-15,1.6974724359539939e-15,2.1409524240483898e-15,1.4698365673363093e-15,1.8129899537757296e-15,1.6969633460013511e-15,2.6465892385840326e-15,1.7826649403195068e-15,2.0292488521248014e-15,1.5855731786984115e-15,-3.166517712899285e-11,2.4627483370731548e-15,1.1451344274407835e-15,1.8618852219596477e-15,1.7290856785579536e-15,2.552908709774782e-15,1.6157217359422831e-15,2.3667827465158066e-15,2.072936827419642e-15,2.1312179688801515e-15,2.00005904504846e-15,2.3389191887970415e-15,1.7167299788300278e-15,2.056726417107816e-15,6.074576435985773e-19,-1.5864275101666275e-14,1.3832098799426017e-18,1.0009053732156021e-18,7.188882306927405e-19,1.4133894587133115e-18,1.1667769968250693e-18,1.0278707596596362e-18,9.227168973363055e-19,8.45071191207321e-19,8.253113444675583e-19,-1.5864251949676013e-14,1.18262390388439e-18,1.4325875116888588e-18,7.529580465179927e-19,9.303872195258123e-19,1.0358542850849732e-18,1.0068031508816682e-18,1.459079858487182e-18,1.7535937454214856e-18,1.111574759135818e-18,-1.586442739550445e-14,1.619711478424225e-18,1.1612588400251247e-18,-1.5864986409383355e-14,-1.5864161344192994e-14,6.574369175622868e-19,1.0498340369364636e-18,1.1237368086092106e-18,8.013814071446278e-19,1.6107143466426775e-18,5.57699398811803e-19,9.855780376640523e-19,-1.586402760238495e-14,1.0957289672250968e-18,1.0469364961077363e-18,8.621050361102361e-19,1.2117379284265611e-18,4.713418171524228e-19,9.50354569936125e-19,1.2983347701981976e-18,-1.58641508783919e-14,1.0619478151742138e-18,-1.586348293565999e-14,9.919453819549934e-19,1.0884057218418024e-18,8.540083232355163e-19,6.019020378985913e-19,1.2433522431477819e-18,1.2160204474664427e-18,1.1239260119268087e-18,5.909385626049569e-19,1.2592422294314622e-18,1.019469408274637e-18,1.1453171473591891e-18,7.377795794775298e-19,-1.5864599259835283e-14,1.3812312174769381e-18,-1.5863943747736745e-14,6.158026579669944e-19,1.2414461631809612e-18,8.750498826435634e-19,-1.586465624334462e-14,1.1440733079121949e-18,1.1298014324397164e-18,1.3017011916807352e-18,-1.586478729874053e-14,1.0855181980278898e-18,-1.586332117284498e-14,7.935105546988201e-19,1.6746281116714565e-18
6.1904330708421335e-12,1.5348164275260348e-15,7.508534508365231e-13,5.983945750285311e-19,6.046647716640908e-19,4.863634391272001e-19,9.256119356555758e-19,1.1055137669129448e-18,4.679580724218463e-15,1.5224171969626574e-15,4.679480387450956e-15,6.308736873861464e-19,1.6817593999705036e-15,2.0782493504632265e-15,5.79791810706634e-19,1.7465107433824343e-15,4.6794211079388425e-15,1.0273448593462012e-18,1.426242868173219e-15,1.222884798662054e-15,4.679697760108891e-15,9.340817042918139e-12,8.048981621308262e-19,1.076750609709186e-18,1.324439540415994e-15,9.948515219859839e-19,1.0147355938899225e-18,1.7763035679117093e-15,1.2563902922239289e-15,8.259033668363644e-19,2.0599381658098024e-15,1.9256849619233076e-15,4.679228206164471e-15,1.350243116757583e-15,5.832231557949536e-19,1.433029657759394e-15,1.825513564591179e-15,5.649689131457363e-19,6.048340722251235e-19,1.030200080837271e-18,1.0410704419158599e-18,1.522969631074368e-15,1.7425337854771073e-15,5.435786610477548e-19,4.679722943619681e-15,1.1200522758813162e-18,3.557818252795212e-19,1.4708739387256992e-15,6.73970810807708e-19,1.1728395916971423e-18,1.3384885486033632e-15,1.9338713089765876e-15,9.911889337878036e-19,1.865686197067521e-15,1.7217995107814395e-15,1.978277815532071e-15,1.4434205916379119e-15,1.1678486577181557e-18,1.3376704572806346e-15,9.340946678422917e-12,1.5214111104342192e-15,1.8205296390850895e-15,1.3115694217769394e-15,2.3802876954713616e-15,1.7657178538971788e-15,1.4525644269779021e-15,1.4935945355157098e-15,1.9014324864227013e-15,1.3747635231090245e-15,9.34140336616838e-12,2.0508005218580767e-15,2.4892966217629486e-15,1.1668173051684309e-15,1.8932707954758787e-15,1.961644317350914e-15,1.524880641686777e-15,2.503092773530728e-15,1.5489027747895921e-15,1.7817203746932025e-15,9.340553657025411e-12,1.86003673005445e-15,1.7021769068557177e-15,9.340003276591308e-12,9.34097185701969e-12,1.5541690178984875e-15,1.5947898813958853e-15,1.7529656500993745e-15,1.6954917117794266e-15,2.7322802724173647e-15,1.1975321273635868e-18,5.483897356032361e-19,4.6796713058929996e-15,1.1986679723529163e-18,9.898981017760008e-19,8.615985302905052e-19,1.1304567230204704e-18,4.881024994366326e-19,7.122168435718147e-19,7.818776397711834e-19,4.679576420431948e-15,8.068419298404856e-19,4.680027823801095e-15,6.930332173095365e-19,8.489511383699975e-19,7.360370273455005e-19,7.580595409923657e-19,1.215292652882166e-18,8.808570739704052e-19,1.0822427548076922e-18,6.231823746488536e-19,1.4208146834576599e-18,6.900770880624038e-19,8.672535455445301e-19,8.1512305528665955e-19,4.678994545417917e-15,1.004702258571662e-18,4.679519059128374e-15,1.271854087302331e-18,1.461011208118539e-18,1.0587419596163349e-18,4.679130711450684e-15,1.097353349252653e-18,7.89289307426476e-19,1.0066606502794768e-18,4.678934611301392e-15,9.134157998994284e-19,4.680222363307861e-15,6.730421374801032e-19,1.4341606738010447e-18
-1.1394105559140335e-11,1.7957950938523523e-15,5.983945750285311e-19,7.476207953664257e-13,9.688419000696373e-19,2.1404811080654948e-15,1.972149777986644e-15,2.9320641467600976e-15,-4.121671821510427e-15,9.837684458489855e-19,-8.226957391302967e-12,1.0822131857147528e-18,2.0431995678712078e-15,2.5138979799125343e-15,1.3526953859651135e-18,1.01369153799422e-18,-8.227655517737482e-12,1.0269149953811307e-18,1.4396341953027422e-18,7.593014231776123e-19,-4.121574884027472e-15,-4.122692250144667e-15,4.505277385329485e-19,1.3351777617678323e-18,1.57274879265408e-15,1.3300191904416675e-18,1.0912631405872964e-18,2.0856911257974322e-15,1.5377084863480015e-15,9.2418815403347e-19,4.35338531306444e-19,1.0769945840791186e-18,-4.1219308724066885e-15,5.904912126054814e-19,8.732889399864227e-19,1.7090176945871318e-15,2.1410072329578475e-15,6.968089615736859e-19,8.645419614094189e-19,5.7912814622387915e-19,2.63171409450091e-15,8.262253101622848e-19,2.1167756043596982e-15,5.583813156682963e-19,-8.226396887355293e-12,2.492981100157738e-15,1.168607623427875e-15,1.7927841480905692e-15,7.181252604232613e-19,2.592198817363952e-15,7.424614343729303e-19,2.2676030654771566e-15,9.57787106078573e-19,2.248359798672166e-15,2.065044293349373e-15,1.1632029152934666e-18,6.754616412438697e-19,9.6666622387279e-19,8.587232354331809e-19,-4.122028906185657e-15,1.8217873398677026e-15,7.800485319866992e-19,1.1055939346071874e-18,2.8419474819724832e-15,1.032192513001401e-18,1.7877912710991258e-15,7.827532585623666e-19,1.0223567644086193e-18,1.6588929807467898e-15,-4.121848667082978e-15,2.447840782743106e-15,3.017217715480068e-15,9.727426606657638e-19,1.1488357640823619e-18,1.1865597124300889e-18,6.81899098161815e-19,1.704063172562035e-18,1.9014198287100354e-15,2.1656109108202236e-15,-4.122289384226381e-15,2.1865123667538177e-15,1.0427298847132184e-18,-8.228833349559797e-12,-8.22774181269394e-12,1.865582907161508e-15,1.952425681916466e-15,1.139100505522363e-18,1.0415413781079988e-18,3.2196302453100466e-15,1.4706509633111265e-15,2.210939825374022e-15,-8.226764127026821e-12,2.337875162433849e-15,2.044070830159605e-15,2.0575264700608172e-15,2.2641660506546995e-15,1.5743135335959827e-15,1.8273721439671992e-15,1.9453960189059394e-15,-8.226781020851456e-12,1.958715814638235e-15,-8.225968076996664e-12,1.884986795397005e-15,2.2307158116808354e-15,1.6139427245182086e-15,1.5926849628904082e-15,1.1931113626389886e-18,1.1061325986047026e-18,1.1228546003898624e-18,4.985330531896758e-19,1.2428764330619236e-18,1.048099955960571e-18,9.922010631090337e-19,5.794679691251901e-19,-4.121918615995897e-15,1.1947073785018856e-18,-4.121784890168895e-15,6.069206965118264e-19,1.0845737645463023e-18,1.0199860689843476e-18,-4.122480729907278e-15,1.3700936605455512e-18,1.1104394572191703e-18,1.379495544526686e-18,-4.12225957862828e-15,1.4214271287138646e-18,-4.120889178410228e-15,6.299377010104961e-19,1.6427384724227825e-18
-2.5798955104326444e-11,1.8836107702626884e-15,6.046647716640908e-19,9.688419000696373e-19,7.5122733249815e-13,8.274371898865467e-19,2.2164316761221413e-15,1.636890092976404e-18,-1.1329186527052944e-14,1.858816697849862e-15,-1.1328763274071262e-14,1.1903567527061045e-18,1.3288980280793762e-18,2.7505264394237016e-15,2.4714171797071318e-15,1.1292689778168384e-18,-2.261334459530021e-11,1.114149003169636e-18,1.8309118829927395e-15,9.90755867527645e-19,-2.2612701094598538e-11,-1.1329047134850704e-14,9.69373030916624e-19,2.646115577051296e-15,1.0266122410910637e-18,1.2850412697970014e-18,1.3630368503486713e-18,2.1958060824007254e-15,1.781571291784962e-15,4.528710228084415e-19,1.4205663077975094e-18,2.251563270572639e-18,-1.132902338156595e-14,1.5966748926027638e-15,1.848099924189091e-15,1.932650739072799e-15,1.6344070358127696e-18,1.943161926723762e-15,2.1583568077202874e-15,2.0260247172487487e-15,1.4170521238684257e-18,1.9127544649308687e-15,1.213767559298907e-18,1.2088863015202162e-18,-2.261201617808753e-11,1.436601255990708e-18,1.2843171448073543e-15,6.599442365559155e-19,1.575910459664254e-15,2.9148930574779176e-15,8.541420617887133e-19,1.2098898104357412e-18,2.178065382707948e-15,1.195931280332344e-18,1.8600048416654917e-18,2.6062978209002526e-15,4.0953625304983645e-19,1.1759313746128133e-18,7.591588205604029e-19,-1.1329211584975007e-14,1.0620314761272009e-18,2.3177458840564523e-15,1.798146648369496e-15,1.4004703902374262e-18,1.2563207770153836e-18,1.4688739414925961e-18,8.536665875368647e-19,2.299520745323799e-15,1.3271902949388775e-18,-2.261300421905117e-11,2.6437074670782412e-15,1.8625581469618412e-18,1.6554015194117823e-15,1.5313156501473195e-18,2.7588846996949687e-15,9.934382795435805e-19,1.7383224376842256e-18,9.871314524214578e-19,2.2092519634435697e-15,-1.1329328440863393e-14,9.181379171774742e-19,2.137657168893312e-15,-1.132940025634189e-14,-2.2613715057029866e-11,2.1938302804189975e-15,1.192905399803111e-18,2.5366815274851897e-15,2.3726580505933024e-15,1.5902425395067029e-18,7.761721429430489e-19,2.536314921856548e-15,-1.1328472094856175e-14,1.5298724710290963e-18,2.1990675844994884e-15,2.1823083970527786e-15,1.3245972551684613e-18,9.228263336712063e-19,1.060006367935024e-18,2.182765060906789e-15,-1.1328333334183042e-14,2.032681837329308e-15,-2.261159619868668e-11,1.007028049261017e-18,1.1001839831039946e-18,1.7855197071654274e-15,1.928462480172845e-15,2.525172208417975e-15,2.747948408948527e-15,2.713821483263903e-15,1.624069450371607e-15,2.451414527537083e-15,2.111265628919686e-15,2.1511607967781046e-15,1.992871936453363e-15,-2.2613852604121302e-11,2.265700512778533e-15,-2.261270926608437e-11,1.3599921741831738e-15,2.9702990825135975e-15,2.1304041824693584e-15,-2.2614520212862027e-11,2.62783921252485e-15,9.327223720488148e-19,1.003850601791225e-18,-1.1329457602808178e-14,1.1841313081212755e-18,-1.1327917592648425e-14,1.1603600294966499e-18,1.9907757775121636e-18
3.666125877279495e-11,2.2931636847713113e-15,4.863634391272001e-19,2.1404811080654948e-15,8.274371898865467e-19,7.550525204519172e-13,2.4137345608972143e-15,1.701099052577068e-18,3.985207537982949e-11,2.2071977709691157e-15,3.9852327568401736e-11,2.333707619815283e-15,2.4239986823882754e-15,1.544020399351797e-18,1.681289775672359e-18,9.944568621293765e-19,1.996444462325403e-14,1.4482916773308221e-18,2.0316127726016418e-15,1.5470535570802034e-15,3.9852560896832795e-11,1.9964282597594974e-14,1.155004821144096e-18,1.466368675392064e-18,1.0318161182815062e-18,3.1292123234303366e-15,1.3041206782671674e-18,1.3720787151848621e-18,6.47662091758313e-19,1.2212064068853844e-18,2.3493477601341595e-18,2.780989002054709e-15,3.9851366129861466e-11,1.942193862800952e-15,2.099482232375733e-15,7.275923590277961e-19,1.0436076079956842e-18,1.7365251140134688e-15,2.1497990722868763e-15,1.2404253986002083e-18,3.173339601341044e-15,2.1196612874229547e-15,2.4249855938735954e-15,8.81081910644375e-19,1.9965016610478036e-14,1.7059826063417573e-18,1.3559373336525735e-15,2.2428376125033124e-15,2.068239577802152e-15,2.1853292008956268e-18,1.9269567888173522e-15,1.312430680222421e-18,2.4846657203869534e-15,1.2748007887477901e-18,2.3907433340925075e-15,1.5842737725770682e-18,2.0376290015769796e-15,2.4352436985709164e-15,1.891460332779918e-15,1.9964167910523905e-14,2.0458920551209e-15,1.411569628162559e-18,1.7755891950173382e-15,1.8359856829828708e-18,5.274895822310666e-19,1.3980803364251143e-18,2.1433793247113395e-15,2.7249241075161103e-15,2.0302107475066925e-15,1.9964610957519882e-14,1.065019593740569e-18,1.824948958243749e-18,7.357048817729147e-19,1.312359795707101e-18,2.6671992547954458e-15,2.11841142593077e-15,1.4349167681233887e-18,2.1549366089127403e-15,2.6807564750914144e-15,3.9850841881914705e-11,1.5035020089428182e-18,1.3868430165645061e-18,3.985001970153619e-11,3.985149142795015e-11,2.1934238233753616e-15,2.295498217998093e-15,1.753262366222989e-18,2.422028388796578e-15,1.9118384324453615e-18,1.7361785547244544e-15,2.4568056313454044e-15,3.985251286722772e-11,1.8971652749172346e-18,2.466042334269681e-15,1.2861314703845447e-18,1.6313539294779559e-18,1.2309865718763098e-18,1.000114457709917e-18,1.4760120424378634e-18,1.9964525230721955e-14,2.3497463782293806e-15,3.985355211092207e-11,1.5053221774875893e-18,1.3697657644305823e-18,1.949578913280991e-15,1.4226837907680773e-18,2.7903738414377374e-15,1.0817693145061772e-18,2.6421613842727946e-15,1.7172411478480372e-15,2.6034104239936112e-15,2.382909989308218e-15,1.5960792131285279e-18,2.223847568974307e-15,1.9964270739960464e-14,2.590960765598534e-15,1.9964798915626235e-14,6.656881560396798e-19,3.019982431700878e-15,1.2368477838252704e-18,1.996402130108795e-14,1.2568771516549793e-18,2.408885428305199e-15,2.916085412704677e-15,3.985023349651784e-11,2.4487498304357615e-15,1.9965695464454616e-14,8.37388806372517e-19,2.1408412814254217e-18
5.5529286022363076e-11,2.0233326302179934e-15,9.256119356555758e-19,1.972149777986644e-15,2.2164316761221413e-15,2.4137345608972143e-15,7.479458743997369e-13,3.198695783855756e-15,2.941546011096521e-14,1.957448225930427e-15,5.871691437504041e-11,2.1864420553343608e-15,2.236566126607309e-15,1.6480377653345312e-18,1.6526432443529206e-18,8.684248095882459e-19,5.87163019652185e-11,1.4073641756280617e-18,1.2777282345419902e-18,1.298674511315604e-18,2.941585399669441e-14,2.941492086975103e-14,2.50402167730858e-15,7.994463298877334e-19,1.8836655225604545e-15,1.7110668888267792e-18,2.79357285338532e-15,9.781723207784044e-19,1.0024651067365873e-18,2.2517885226973246e-15,1.3513462853800821e-18,2.684928492340392e-15,5.871612532353005e-11,1.610344473385827e-15,8.923313883204625e-19,2.0385749979586834e-15,1.4515808126747002e-18,2.051521430252497e-15,2.2460386798530576e-15,2.071269593509961e-15,1.732978821381092e-18,1.4549762022519589e-18,1.0701333729946086e-18,1.923214018994439e-15,2.9415686009645613e-14,1.4043781735985088e-18,1.3070038008868949e-15,1.077719105719011e-18,6.354555614328559e-19,3.08389693410608e-15,8.879720274266422e-19,1.2528268257089353e-18,8.984527390178726e-19,9.576470409474367e-19,1.4467952552043863e-18,1.4601639701786076e-18,8.18144316561742e-19,1.2253552504371535e-18,1.933184557086145e-15,5.871594050903234e-11,2.1771112462232954e-15,2.391373706106522e-15,1.8404836719946632e-15,3.1885378829988152e-15,1.3770605476474652e-18,1.3309062568734525e-18,1.886131514569926e-15,2.380438515026404e-15,1.8036711152526905e-15,5.871662217539718e-11,1.3192892521123843e-18,1.957543277589422e-18,8.037869440243169e-19,1.287651511246756e-18,1.3897765506807918e-18,2.2097428898785605e-15,3.549680468358926e-15,2.33172239990492e-15,1.5009527955195165e-18,5.87156407454764e-11,1.2636308108038174e-18,2.2345301917505585e-15,2.9414393507849966e-14,5.871587288399873e-11,1.3616693637416602e-18,9.756277851751756e-19,1.1266789304501416e-18,2.5653007338324464e-15,3.3817599223234608e-15,1.7627020781970973e-15,1.0431027432983474e-18,2.941558127918438e-14,2.6216573530270863e-15,8.835484844460669e-19,2.251807404623247e-15,1.3772996368329251e-18,1.258808648899248e-18,1.066678423816132e-18,2.3255707359041343e-15,2.941532303457381e-14,1.6659092468224993e-18,5.871818591973864e-11,1.0256525588960555e-18,1.2718583385708905e-18,1.0907642022818134e-18,8.544591935629348e-19,1.19298321510067e-18,2.90250194641911e-15,2.8760153561723003e-15,1.671629141830684e-15,2.5438377771295146e-15,1.2609762229094323e-18,2.1695117562474152e-15,2.0952006303808515e-15,2.941503618193225e-14,1.3802433562248944e-18,2.9415492018263076e-14,1.3950857442107621e-15,3.0275724537038814e-15,2.117665299901641e-15,2.941390966781578e-14,2.733732166503042e-15,8.595604591601653e-19,1.398716261852408e-18,2.9414466109731986e-14,1.2107937645605206e-18,5.871856395856532e-11,1.6384940903059066e-15,1.8164699324704874e-18
5.0767045095980936e-11,2.7324756849117913e-15,1.1055137669129448e-18,2.9320641467600976e-15,1.636890092976404e-18,1.701099052577068e-18,3.198695783855756e-15,7.491664035891326e-13,2.706965193161491e-14,1.1684108381690346e-18,5.403417224055357e-11,3.1046210539055582e-15,3.343142835353662e-15,2.1813780600475376e-18,3.771623824865693e-15,3.2818078246858842e-15,2.7068798063668506e-14,3.2181845642293177e-15,2.718089739747228e-15,2.8383432011012866e-15,5.4034233108388236e-11,5.403283871743981e-11,1.774788866063757e-18,2.4057808716409323e-18,1.2933166973683968e-18,4.6293885929666506e-15,2.0295035139420123e-18,7.911584202045054e-19,1.9991664550864e-18,1.551545559072456e-18,4.300946416310933e-15,1.9241964316099657e-18,5.403290103466055e-11,2.488120519569399e-15,1.2243837846168746e-18,1.3007366760594298e-18,3.562603100952625e-15,1.3323005853176914e-18,3.2495642325119587e-15,1.6261298016446262e-18,4.3091161189388535e-15,1.4641644600953776e-18,1.973445489579412e-18,2.670636697316973e-15,5.403527879478001e-11,4.210019047285103e-15,1.9924912134259885e-15,2.734197105702688e-15,1.1949545285056903e-18,4.299729378585447e-15,1.1139825239817597e-18,2.1937565322118665e-18,1.835825200286209e-18,3.88436692611355e-15,3.5120301522333954e-15,2.320155588619033e-18,1.2064575932809347e-18,1.687452471959918e-18,1.4485538185445992e-18,5.40328642198884e-11,1.7212257395691808e-18,3.5474206777213696e-15,1.4122459107790655e-18,4.683467839658133e-15,2.0442278451535655e-18,2.9832934057380533e-15,1.4514920759384572e-18,2.207875196077105e-18,1.6319099601529849e-18,5.4033824101138266e-11,4.19522119519526e-15,5.125930479675404e-15,1.2169030588961277e-18,3.8266785389978575e-15,4.090727931577959e-15,3.1947139183582585e-15,5.212100425092085e-15,3.286440332751391e-15,1.5002599881216093e-18,2.706833082050616e-14,3.5070208763183757e-15,1.3718609726309152e-18,2.7068141854923966e-14,2.7069395775930964e-14,1.4420926558989085e-18,3.2243098563536914e-15,1.961901115091738e-18,1.9568208276713184e-18,2.5506248133502353e-18,2.4717997570708854e-15,3.930259346690674e-15,5.4034680118410007e-11,2.1014483803535594e-18,3.3532340342492923e-15,2.6088402526522273e-18,3.847119439077389e-15,2.5477153841513083e-15,3.1943919851540873e-15,3.1877604184710238e-15,5.4034547167911823e-11,1.6408903920103893e-18,5.403587421150878e-11,1.17085231969296e-18,3.626557925017448e-15,2.5994129922425422e-15,1.599425208517441e-18,3.890416168324084e-15,2.4639850944346724e-18,3.981871001217999e-15,1.1540032760378997e-18,1.808468806302467e-18,3.153494721414012e-15,3.4072790955505324e-15,1.4081785522115038e-18,2.7068576025930047e-14,1.7880288419597813e-18,5.403429591827691e-11,2.084263782598801e-15,2.3946333264130327e-18,3.4202781885530583e-15,5.403154049103644e-11,3.969764369490373e-15,3.1824566778253348e-15,2.192314520159865e-18,2.7068786482959452e-14,3.560210488233784e-15,5.403644794822977e-11,2.2056891447273424e-15,5.767945764147276e-15
1.0000000000111642,-3.166588625220918e-11,4.679580724218463e-15,-4.121671821510427e-15,-1.1329186527052944e-14,3.985207537982949e-11,2.941546011096521e-14,2.706965193161491e-14,1.0000000000126474,2.2163895838827503e-12,0.9999999999841224,-8.499649181759942e-15,3.134866603252766e-14,3.430004535728829e-11,9.62109774025421e-12,-1.65228236089742e-14,1.0000000000037543,-5.411806063961878e-15,1.3221898520029068e-11,-9.137281626813724e-15,0.9999999999980552,1.0000000000106095,3.974778260808735e-14,2.5533100513209545e-11,1.086571431097532e-11,-1.1913604511516698e-14,1.0308612843001913e-13,1.6801024365985296e-14,1.0193605699200929e-11,5.4879289854931674e-11,-1.1325387466718348e-13,-3.894064635415789e-11,0.999999999990242,1.1491094419870755e-15,1.0676166965049265e-11,-1.0170015863248525e-11,7.65765282908885e-12,-4.215635202519434e-11,-1.0599571801313933e-14,-1.4556970118698982e-14,-5.886837506094236e-14,1.5661175634302906e-11,-9.817089914400706e-11,7.989182471421925e-16,0.9999999999963771,-9.608593786286043e-11,4.662728350592782e-15,-3.645535616744075e-16,-8.664569067838153e-16,9.771257445434223e-11,8.494131537207265e-15,-5.530328594285166e-14,3.139689435917568e-15,-1.479385575605622e-15,4.3720813716756146e-11,5.174782932317623e-14,5.88762620928215e-12,8.92557150206609e-15,-1.8234984809876305e-12,1.000000000010752,-1.9571655795698904e-15,9.351457915284495e-12,-4.800351406838888e-16,-1.474563790316451e-10,3.3815793541225276e-14,-1.6089437199723307e-14,1.7781726407104596e-11,-3.456045504112864e-11,-7.419444846961988e-15,0.9999999999964932,2.0345804461407715e-11,2.6788311963811705e-11,3.5427867012299082e-15,1.2473929408229436e-10,4.815569220760102e-11,-7.114421298182917e-15,1.1710655250090516e-10,-8.035810743720296e-15,-7.194928408414426e-13,0.9999999999967697,-4.14076346572291e-11,2.1055112530601202e-14,0.9999999999984124,1.0000000000104654,2.2297533916089736e-14,6.427319476463362e-11,-9.506097195449131e-11,1.2352894076208509e-14,4.6483165942407095e-14,3.4065343750231382e-15,-6.910091906608066e-11,1.0000000000158615,7.908095408896124e-11,-5.922024678991344e-12,3.967886870566584e-14,-2.2323413258185512e-11,-2.410155846604703e-12,2.1439475657810115e-11,-2.3048505808723736e-14,1.000000000020063,-5.217799055109139e-12,1.000000000015597,-4.904866444750188e-15,-1.5283281695929868e-10,2.2707781443746752e-15,-1.3216290477349839e-14,-5.219554577000811e-14,2.7943914886486283e-11,2.795865607984008e-11,2.201741751987481e-15,4.783887613509347e-11,-1.1994903056417206e-14,-1.0350333877253833e-10,1.516682209783363e-14,1.000000000008452,-2.9917337268266e-14,1.0000000000061842,1.2913787387446301e-15,2.1603281207243854e-14,-2.8105664679079924e-14,0.9999999999998944,1.740871177671345e-11,1.3507301374081165e-11,2.405121983169488e-14,1.000000000019927,-2.9372452095838365e-11,1.0000000000046274,-1.4926426189218424e-15,-2.3585414797026146e-11
-9.470131379404462e-13,1.848621434019472e-15,1.5224171969626574e-15,9.837684458489855e-19,1.858816697849862e-15,2.2071977709691157e-15,1.957448225930427e-15,1.1684108381690346e-18,2.2163895838827503e-12,7.512368216759705e-13,1.110414938340185e-15,8.73104685542576e-19,9.827436236534002e-19,8.440302750024672e-19,1.1240736480034866e-18,2.0871208660267645e-15,1.1095718286723006e-15,1.78076188534587e-15,1.6667015522256322e-15,9.743579760279188e-20,2.2167817662730672e-12,1.1099778746315425e-15,2.076771881928295e-15,9.143115360089768e-19,1.5633772945670296e-15,2.1301570047406306e-18,1.1679590816059824e-18,1.0186357670421177e-18,7.470832259334209e-19,1.9490486718133844e-15,1.3300760988367028e-18,2.3045426972096736e-15,1.1099019183462661e-15,1.6192268801070842e-15,1.7267527040329806e-15,1.6705272493361748e-15,2.0978572055987508e-15,5.448499577825167e-19,1.0321567219564125e-18,1.7015818105549737e-15,1.2710900301154199e-18,1.763729804605054e-15,2.029919658761915e-15,1.1789519648536744e-18,1.1105059673500544e-15,2.4067546811831827e-15,5.808172320881071e-19,9.094681942220545e-19,1.686686885066948e-15,2.5181557692215693e-15,6.822389863190236e-19,3.697533381045013e-19,2.044879746003019e-15,2.1613754699294025e-15,1.0700630690992363e-18,1.1186973689278969e-18,1.67262156913729e-15,2.0364803632054466e-15,6.131241792201517e-19,2.215906936965023e-12,1.7332984183733651e-15,9.229766170740045e-19,1.4989975428885496e-15,1.3868101143662073e-18,1.3551642847175817e-18,1.8224793548402774e-18,1.0909636187006453e-18,2.2411038055667175e-15,8.931868206478068e-19,1.1100941639849686e-15,1.0281713622951584e-18,2.9290524278634398e-15,5.762757376435915e-19,2.199903480016642e-15,2.2488644405805744e-15,9.337926503901761e-19,2.880671111169872e-15,1.799881924516395e-15,2.2120026886944068e-15,1.1097084534882087e-15,2.182171705871835e-15,2.033471135681327e-15,2.2147668451220687e-12,1.1100553584995972e-15,1.793115713996364e-15,1.9121035523546234e-15,2.0432022313488655e-15,1.9901110554566543e-15,1.9205317631600575e-18,1.4245823544371682e-15,2.075325864865691e-15,2.2167762704322085e-12,1.2170965822390766e-18,8.45423556102063e-19,1.2494339731928074e-18,1.2267643779660588e-18,1.5692333975801333e-15,4.784543945803175e-19,1.899612498136543e-15,2.216797729730511e-12,1.968620310920675e-15,1.1105622149490266e-15,9.852869295146184e-19,2.2211539426145433e-15,8.123282450082074e-19,1.4807745518684377e-15,2.3212099805907307e-15,2.120718557382812e-15,2.1924369688322937e-15,2.659050439289633e-19,9.35452427427199e-19,9.7195832265219e-19,1.034856201700743e-18,7.002179669816358e-19,2.2157067298284493e-12,1.1642013475181861e-18,1.110400197442431e-15,1.2802939775483927e-15,2.521942841301679e-15,2.0332231090115937e-15,1.1094854221466032e-15,2.2637061145059855e-15,8.562968513619289e-19,2.445114418980538e-15,1.109015289877287e-15,7.806789644179687e-19,1.1104532101461216e-15,1.444687217440468e-15,1.6864611530088794e-18
0.9999999999833645,-3.166565863033441e-11,4.679480387450956e-15,-8.226957391302967e-12,-1.1328763274071262e-14,3.9852327568401736e-11,5.871691437504041e-11,5.403417224055357e-11,0.9999999999841224,1.110414938340185e-15,0.999999999957078,-8.498865716737968e-15,6.257604655356419e-11,3.4300335600323725e-11,4.819863569902923e-15,-3.297991441633751e-11,0.9999999999759663,-1.0802119776407657e-11,6.623623084768579e-15,-1.8238227875651707e-11,0.999999999970266,0.999999999982822,7.934105431258244e-11,1.2791210177574798e-14,5.443048235661812e-15,-2.3780354275827138e-11,2.0577092414582933e-10,3.353782592165811e-11,1.0193733278170444e-11,2.7493212129044288e-14,-5.674410102877865e-17,-1.950795606679851e-14,0.9999999999624543,2.2945153109890277e-12,5.34858293309105e-15,-5.094981035832719e-15,7.657899491916885e-12,-4.215624225512977e-11,-2.115782252847675e-11,-1.4557631717893723e-14,-1.1750772830840359e-10,7.845877600965638e-15,-9.817067740801016e-11,7.994383167278303e-16,0.9999999999685899,-4.8137409373113225e-14,4.661799456933788e-15,-3.646758187891712e-16,-1.7284825104779089e-12,4.8951606104177195e-14,8.494575362363984e-15,-1.103905756524538e-10,3.1392923064464863e-15,-2.9530695165353867e-12,4.372103711453359e-11,1.032953951110578e-10,2.9492170055201133e-15,1.7817164545941806e-11,-9.13685825203788e-16,0.9999999999829654,-3.9054676676257965e-12,9.351738711380048e-12,-4.799708600553356e-16,-7.387184464079261e-14,6.750053821203754e-11,-1.6089609885790395e-14,8.908139325252547e-15,-1.7313991177869298e-14,-7.419434789364505e-15,0.9999999999687051,2.0346109785610336e-11,2.678869881481316e-11,3.5429569964798317e-15,6.249159894430466e-14,2.412487095978347e-14,-7.11461684824765e-15,1.171068870927197e-10,-8.035303770860494e-15,-7.191833654804074e-13,0.9999999999689823,-4.140739500536028e-11,4.2029178768741e-11,0.9999999999706255,0.9999999999826777,4.450882493700141e-11,3.2199154231291555e-14,-9.506077822521508e-11,1.2353114119448877e-14,4.6483397892246367e-14,3.4069427627994362e-15,-6.910069318167061e-11,0.999999999988074,3.961787179452684e-14,-2.9669169333282474e-15,7.920423181933062e-11,-1.1183673132554591e-14,-1.2076802682784027e-15,1.0740532728525157e-14,-2.304898683184849e-14,0.9999999999922745,-2.614039133834935e-15,0.9999999999878108,-9.789192871115456e-12,-1.5283254036502402e-10,2.2711937490537853e-15,-2.6380628570894776e-11,-5.219546559522082e-14,2.7944025418435616e-11,1.4006467602462841e-14,4.394789627884526e-12,4.7839141708660024e-11,-1.1994580430182533e-14,-5.185270394936925e-14,1.5166273895074165e-14,0.9999999999806649,-5.971759282642684e-11,0.9999999999783971,2.5789307708363374e-12,2.1603416595662187e-14,-5.610067215822557e-11,0.9999999999721074,8.721386613539495e-15,6.766920280330396e-15,4.800945527548702e-11,0.9999999999921405,-2.9372220376376885e-11,0.9999999999768413,-1.4929186581347842e-15,-2.3584966098394024e-11
-2.014175759963947e-11,1.945346515894471e-15,6.308736873861464e-19,1.0822131857147528e-18,1.1903567527061045e-18,2.333707619815283e-15,2.1864420553343608e-15,3.1046210539055582e-15,-8.499649181759942e-15,8.73104685542576e-19,-8.498865716737968e-15,7.512162346880448e-13,2.166715775336813e-15,1.8950099518559627e-18,1.1513897231547879e-18,2.2627084877865915e-15,-8.499266711097365e-15,2.032516842196457e-15,8.583072434394907e-19,1.648650509291536e-15,-1.6964001464905707e-11,-1.6965066557887288e-11,1.6141561968995434e-18,2.501379845218804e-15,1.7213730935176549e-15,9.503621566737423e-19,9.62816175989641e-19,1.1395624350636e-18,1.681623561414455e-15,1.1486709935404658e-18,1.7363570844181533e-18,2.5031172915067283e-15,-1.69649246519525e-11,8.861535762055694e-19,1.8770993893205425e-15,1.8660280725676807e-15,2.3419221317619698e-15,1.752351927913465e-15,1.0105845668368681e-18,1.2817458992233015e-18,1.691226176605933e-18,9.316312745027118e-19,1.4923802040841891e-18,1.7521934068102985e-15,-8.498646508300242e-15,2.7642776288943216e-15,7.36885603278299e-19,6.98656850665232e-19,1.7025224188856806e-15,1.499267415782065e-18,1.7173753596110192e-15,2.454413660930791e-15,1.0309059234908202e-18,1.1726664170484182e-18,9.916223536324134e-19,1.2852398035466504e-18,2.6522609882763694e-19,1.425495014523121e-18,1.7423255017506293e-15,-1.6964954292591967e-11,1.9845778917950553e-15,2.3246866413830042e-15,1.7075051112787904e-15,3.0513625819883707e-15,1.1526784504653502e-18,1.93362795043977e-15,1.8863490817355383e-15,9.790364806300394e-19,1.7602519320743415e-15,-8.498867728567939e-15,2.606343570858777e-15,1.5530491463018503e-18,7.680713154421462e-19,1.1061589289213679e-18,2.5822554385770755e-15,7.506784386177141e-19,3.265052930485711e-15,2.0742462772254808e-15,2.2740981723544673e-15,-8.49948597575516e-15,1.5107237067279527e-18,2.161753305303655e-15,-8.499981414451039e-15,-1.696496599646093e-11,2.0722014615413235e-15,2.0797141783990502e-15,1.0748799981600808e-18,1.0606411010286132e-18,3.4077025860091744e-15,1.6131731037024717e-15,2.3931629470992e-15,-1.696386565933758e-11,2.5288579465981906e-15,2.202477033207691e-15,2.1915025906970968e-15,1.0164790325334453e-18,1.0068254865959634e-18,2.024677704848082e-15,2.118235850452177e-15,-1.6963915587604657e-11,2.055591170434933e-15,-8.497911091665302e-15,1.163490612261369e-18,1.1827465752052044e-18,2.7813300060009883e-19,1.75043283101858e-15,1.1254411366498595e-18,2.5321221951218177e-15,1.6121623278150758e-18,1.5734902449448689e-15,2.387216270251359e-15,1.1485009168771536e-18,2.1335329575900805e-15,7.3575138986723895e-19,-8.499551188361528e-15,2.2910680519954977e-15,-1.6964081948498168e-11,1.3761078822633092e-15,1.3615338259097188e-18,2.16162705487596e-15,-8.499631766093196e-15,1.1115466856626613e-18,6.989394896605554e-19,1.303310234094261e-18,-8.49980071348168e-15,1.3955031435190463e-18,-1.696262315892515e-11,1.5416727750015059e-15,3.61708075128377e-15
5.938940350775819e-11,2.0274400395815606e-15,1.6817593999705036e-15,2.0431995678712078e-15,1.3288980280793762e-18,2.4239986823882754e-15,2.236566126607309e-15,3.343142835353662e-15,3.134866603252766e-14,9.827436236534002e-19,6.257604655356419e-11,2.166715775336813e-15,7.478572027145149e-13,2.8327108435992975e-15,2.53214671376017e-15,2.3101360220930827e-15,6.257526483171991e-11,2.0835079576290945e-15,1.8158946884754734e-19,1.6993081573457336e-15,3.134888666800598e-14,6.257506013768307e-11,2.293534542729002e-18,2.6051843212751517e-15,8.384113134646766e-19,1.2658203233303167e-18,2.457308400084857e-15,2.365770933482474e-15,1.7006432379810501e-15,1.2127748788956457e-18,2.781957013470585e-15,1.4430259681733095e-18,3.1348153515941227e-14,1.8270292880620596e-15,1.1098784323481557e-18,1.9300316286324154e-15,2.4349969424426014e-15,8.178482290971839e-19,1.064620960354532e-18,9.465737298146204e-19,1.505595144737171e-18,1.2485122278360158e-18,1.2035629600050131e-18,8.60528858169498e-19,3.1349129560523285e-14,2.809235942981613e-15,1.347544568662899e-15,2.0015919702615558e-15,1.8569622939680174e-15,1.3638342241071252e-18,1.8147295591222233e-15,9.045346823566935e-19,2.3020482521218062e-15,2.5492017737026833e-15,1.3154440846296424e-18,2.659243096514365e-15,1.9167606716024576e-15,2.3418988170437862e-15,1.781347503629357e-15,3.134836253175709e-14,2.073961151434363e-15,2.4586888580081865e-15,1.789600608345676e-15,3.189076437436793e-15,2.376439062126005e-15,1.9815729638347888e-15,2.042283339939208e-15,1.2652800632091397e-18,1.8659367860957798e-15,3.134874652673008e-14,1.1901853660755015e-18,3.4069872463754546e-15,1.6009936947295693e-15,2.5467246748165883e-15,1.2387024319373774e-18,5.967917898968675e-19,3.4079179355889335e-15,2.1124653603554614e-15,1.2691079407772636e-18,6.257467934693535e-11,2.4712530829166226e-15,2.283532495171469e-15,6.257396174471396e-11,6.257520876686267e-11,6.138593420514725e-19,2.1792182347678768e-15,1.3146554332966667e-18,2.274535124322237e-15,1.9710171216459457e-18,5.642711225102078e-19,1.4795794579239004e-18,3.134903825161641e-14,2.6400686996785307e-15,2.291874307385799e-15,2.3344658615543323e-15,2.553320315634931e-15,1.781910631426634e-15,7.655184070025074e-19,1.0010995402013225e-18,3.1348678380750076e-14,2.2166187859856635e-15,6.257716462602437e-11,2.1229683737073916e-15,1.370225440274943e-18,1.810261553582233e-15,1.759648635580523e-15,2.6651524206747375e-15,1.243881503586872e-18,2.5663450800198194e-15,7.96366189669933e-19,2.499514292994786e-15,2.2179222012223735e-15,2.2755216953246084e-15,1.2265505351984715e-18,3.1348237212708274e-14,1.2674132954412714e-18,6.257610035896838e-11,6.737478368500589e-19,2.9978091686933228e-15,2.3471622009716337e-15,6.257430057184937e-11,2.662668097063248e-15,2.237212783701064e-15,1.4238306965087702e-18,3.1347835320911777e-14,1.0662511569123684e-18,3.134964228906554e-14,8.37413183738163e-19,2.0679048167308637e-18
