0.9999999999999629,0.9999999999354252,0.9999999999313444,6.990883379401997e-12,2.2261889719094012e-11,2.0670608580621695e-11,9.516695781573318e-12,-4.884279731374445e-10,2.1538669079888682e-11,0.9999999999676721,-4.0799138330431064e-11,0.999999999947527,-8.381714380180469e-12,2.248981062174239e-12,-3.0447571806971016e-11,2.544167983496969e-11,3.133704225030596e-11,-1.717077447660908e-11,2.553721227755267e-11,6.009750674393778e-11,1.2848392810236993e-11,3.597617636219992e-11,1.4581895087387155e-11,2.6676623026690683e-11,-6.883709436919835e-11,2.7271999033058768e-11,6.0557503529292135e-12,1.9189818055442112e-11,1.0533690663809208e-11,2.3331267956302517e-11,2.167619211235865e-11,-4.247079794542987e-12,2.0462117708587716e-11,0.9999999999373811,1.3201352432391582e-11,1.8012091570146354e-11,0.9999999999457085,-5.1472082754460196e-11,-5.152372145493648e-11,3.680719410313982e-11,-1.641439705722198e-11,2.209444370749107e-11,1.4667221674887154e-11,4.673485945726079e-12,3.397966388044578e-11,-5.4842099680770045e-12,1.9873330372276975e-11,3.302929558106756e-11,-8.185653712738523e-12,1.8424516161178345e-11,-2.8725543023914366e-11,-4.4186415486631954e-11,3.3488316677524048e-12,1.4224163339168423e-11,1.0000000000231795,0.9999999999320831,7.746415380598386e-12,2.8981153721840124e-11,3.681185919625473e-11,3.0386919546600086e-11,-2.4834516577154938e-11,1.70409863058181e-11,2.2257821703966633e-11,3.782995885296692e-11,-8.318926833737556e-12,1.2353261332099464e-11,0.9999999999226205,0.9999999999452611,8.84602929886495e-12,0.9999999999316928,-3.352668075317423e-11,0.9999999999243085,1.0000000000117149,3.56989241613126e-11,-1.1373707733105177e-10,0.9999999999136051,-1.5581061959457806e-11,4.1442948444736154e-11,-3.200407764328626e-11,-9.923722083666692e-12,5.310885675163401e-11,1.411492235680292e-11,2.167068707911247e-11,1.741002264135631e-12,2.230966844127372e-11,-5.566872687947357e-12,1.344247602152128e-11,0.9999999999263511,0.9999999999441174,2.2507410569029685e-11,1.910184996543774e-12,3.256367197235794e-11,4.2856246769270337e-11,5.668612401179968e-12,2.052106486029523e-11,0.9999999999440207,2.835328094558588e-11,1.0000000000531413,-2.750882723073e-12,1.4373922785201835e-11,2.2220224860692252e-12,1.1062100580444131e-11,1.8786947176576096e-11,-4.054882880408265e-11,2.4653082542051054e-11,1.6484173763751207e-11,1.0638551537371725e-11,1.622170913230933e-11,-2.1719036386053945e-11,-1.2949028061285397e-11,2.4029572461216725e-11,1.8330577798792607e-11,-2.0091858345353785e-11,0.9999999999373472,2.792784457775339e-11,-2.8975400898236653e-12,1.2620887660155861e-11,3.185205352636874e-11,2.1102665969015515e-11,6.5409277253261555e-12,4.685406389499904e-11,0.9999999999406347,-7.687574092552442e-12,7.08426446881358e-12,-9.67072380390867e-12,1.627276324369291e-11,1.1988527020834413e-11,8.024483238863923e-11,2.2460952290878624e-11
0.9999999999354252,0.9999999999284697,0.9999999999216982,4.669651322528964e-13,1.573042302713442e-11,7.087287809659847e-15,2.9900812977179134e-12,-4.949362558061895e-10,1.5013515264634438e-11,0.9999999999580224,-4.732577673968814e-11,0.9999999999378844,-1.490640021396433e-11,-4.2739996517596405e-12,-3.6977946671624265e-11,1.8913677780424185e-11,2.481064801340736e-11,-2.3693101116981425e-11,1.9007690895019735e-11,5.356986742224575e-11,3.1679441699003006e-15,2.944951023038697e-11,8.05185883500184e-12,2.0151147783412298e-11,-7.536287361861071e-11,2.075461578750475e-11,-4.760424606242336e-13,1.2656405318690224e-11,4.010285392477284e-12,8.419961236614816e-15,1.5148801244732648e-11,-5.397240565981926e-15,1.3938365465560236e-11,0.9999999999277349,3.343156551802061e-15,1.148204622321442e-11,0.999999999936063,-5.799309356340692e-11,-5.8052977915563474e-11,3.028794819490237e-11,-2.2938335750116087e-11,1.5572024665522595e-11,8.14484187664323e-12,-9.27097350764311e-16,2.7449827240253963e-11,-1.2010904199506796e-11,1.3353988467443397e-11,2.6501060833085968e-11,-1.471206403581917e-11,5.959673988018606e-15,-3.524601774942913e-11,-5.0713296675749564e-11,-3.1786314024237545e-12,3.857891076485283e-15,1.0000000000135305,0.999999999922438,1.2230474556105612e-12,2.245269538530182e-11,3.0285238302033126e-11,2.3860005647803846e-11,-3.136308647251422e-11,1.051971568230285e-11,7.880980112195164e-15,1.5678171075627398e-14,-7.436403228833668e-15,2.9197784191042817e-15,0.9999999999129697,0.9999999999356177,1.1628974178217015e-15,0.9999999999220481,-2.0067962579839644e-14,0.9999999999146634,1.000000000002066,1.4613864905716785e-14,-6.024656728664338e-14,0.9999999999039557,-1.107536619819777e-14,1.7498077652955393e-14,-1.9306092435900102e-14,-8.242961938264452e-15,2.334079618948913e-14,3.799294825905856e-15,7.585860615308407e-15,-2.395767020785488e-15,7.905129915173073e-15,-6.058628166044549e-15,3.4616977904293326e-15,0.9999999999167034,0.9999999999344682,8.007353500538608e-15,-2.313558077325589e-15,1.3046900384808577e-14,1.8201096859854006e-14,-4.2779639742534124e-16,7.010053844439744e-15,0.9999999999343773,1.093486181235819e-14,1.0000000000434974,-4.648665821191219e-15,3.931495955720677e-15,-2.156646700659411e-15,2.2717435921035862e-15,6.144289446971037e-15,-2.3580105951832824e-14,9.081729945834135e-15,4.988066395323075e-15,2.057994861719106e-15,4.855729662867388e-15,-1.4151917235618809e-14,-9.759771631074198e-15,8.769410702937696e-15,5.913505508693963e-15,-1.3333237427088699e-14,0.9999999999276978,1.0721793109536074e-14,-4.721009507740122e-15,3.050548931706918e-15,1.2688707561930148e-14,7.30112785814299e-15,5.785251315017137e-18,2.020664320021306e-14,0.9999999999309833,-7.119219630904026e-15,2.8108147134329405e-16,-8.113747610522174e-15,4.88406383584929e-15,2.73272641301288e-15,3.693253846918766e-14,7.982840978759735e-15
0.9999999999313444,0.9999999999216982,0.9999999999203121,2.3416630091858444e-16,7.880460272466774e-15,1.4146437253957689e-11,1.4975900160650485e-15,-4.949362126203985e-10,1.501354809168143e-11,0.9999999999539396,-2.3708892615855844e-14,0.999999999933802,-7.467783071096252e-15,-2.1409816584419236e-15,-1.8525091784196006e-14,9.475229829779397e-15,1.2429411601243771e-14,-1.1869791021705538e-14,1.9007735342317318e-11,2.6837135088457088e-14,6.32342941469342e-12,1.4753555913826467e-14,8.051926379412112e-12,1.0095239354754463e-14,-7.536281197546031e-11,2.0754658020866613e-11,-2.385180011556878e-16,6.34048453697539e-15,2.0095445099288064e-15,1.680750373077529e-11,7.588771558167274e-15,-1.0773639814410903e-11,6.982966114277154e-15,0.9999999999236534,6.673499462538445e-12,1.1482098168447682e-11,0.9999999999319826,-2.9053427795836393e-14,-5.805287895000399e-11,1.517343300621694e-14,-1.1491592414965121e-14,7.800850049482312e-15,4.0799533320779185e-15,-9.270246485601837e-16,1.3751704310642924e-14,-6.017335333191393e-15,6.689852171977921e-15,1.327628528103166e-14,-7.370396086095633e-15,5.9593966083813895e-15,-3.5245926611449364e-11,-2.5406134880066398e-14,-3.178625993994345e-12,3.858077275869586e-15,1.000000000009449,0.9999999999183549,1.2230917061747168e-12,2.2452729527519966e-11,3.0285255575106104e-11,2.386007076497782e-11,-3.136300654351045e-11,5.270103565341778e-15,1.5731224764609565e-11,3.129624469019595e-11,-1.484372890830226e-11,5.828436320892823e-12,0.9999999999088879,0.9999999999315364,2.3214565399559038e-12,0.9999999999179676,-4.005703170819554e-11,0.9999999999105821,0.999999999997984,2.917116569440775e-11,-1.2025978092307619e-10,0.9999999998998733,-2.2107510513514117e-11,3.492865553120562e-11,-3.8537036482942116e-11,-1.6452946708500897e-11,4.659077127702945e-11,7.58416308023854e-12,1.5142676608777255e-11,-4.782725975927118e-12,1.5780030601549843e-11,-1.2093416765824508e-11,6.910080274502739e-12,0.9999999999126226,0.9999999999303868,1.598369987654534e-11,-4.618199509085032e-12,2.6042891260469274e-11,3.6331163319193913e-11,-8.542281288692641e-13,1.3992974438203394e-11,0.9999999999302961,2.1827463532226695e-11,1.0000000000394134,-4.648853674578723e-15,3.931163658239087e-15,-2.156628646875197e-15,2.2720061679439377e-15,6.143818174382626e-15,-2.358064631950593e-14,9.08211389706164e-15,4.988496425741727e-15,2.058125142866e-15,4.856025301633865e-15,-1.4152560513537515e-14,-9.76017535356557e-15,8.768743345897847e-15,5.913574879283353e-15,-1.3333494062754524e-14,0.9999999999236161,1.072197450141357e-14,-4.721422137036399e-15,3.050961168892921e-15,1.268844284821392e-14,7.300989459776853e-15,5.751419602991295e-18,2.0206442823104963e-14,0.999999999926902,-7.11930895480878e-15,2.81222721530949e-16,-8.113845665630621e-15,4.884252239195918e-15,2.732975254449614e-15,3.6932701949786517e-14,7.982815471648903e-15
6.990883379401997e-12,4.669651322528964e-13,2.3416630091858444e-16,2.6972739168632074e-12,1.2186399002955048e-16,8.076270382195869e-20,1.1237089799684471e-16,1.5210513283617635e-19,1.1150119402529825e-16,2.339417860395063e-16,1.0511929448108089e-19,2.3438962956545766e-16,3.8931425036457474e-20,4.0730495258233176e-20,6.61662777444654e-20,1.8396444021065258e-19,1.826476993891884e-19,1.101266721443681e-20,1.323986798957292e-16,2.265528374652058e-19,1.028662811339001e-19,1.31620147518032e-16,1.3582562772420675e-16,-1.8909034874613418e-19,1.4244640842929815e-16,1.8493785375188542e-16,-2.6760844162951466e-19,1.1996866607367415e-16,1.4250692187044094e-19,2.873483386731405e-19,1.2966569889372546e-16,9.020908609135037e-17,6.510624429450183e-20,4.670556937967731e-13,1.5018468870729539e-16,1.9310373130760695e-19,2.337875141921642e-16,1.8339828458801882e-16,1.4461115486297645e-16,1.7426072022346942e-16,1.135212137507321e-16,1.7213973231232802e-16,1.3211714121809763e-19,5.1960823770674855e-20,-2.8264978933517274e-19,2.252414682699392e-19,3.506546678337706e-19,1.320005741809258e-16,1.1209524297216183e-16,-1.6173916938395957e-20,-2.0501500664200736e-19,1.251387636189219e-16,1.0581883562167348e-16,1.7074961293765732e-19,4.670265293441735e-13,2.3406719874345624e-16,1.0216369407667166e-19,1.0472990735843945e-16,1.2073756318995536e-16,1.4732672300801103e-16,2.9924902094830445e-19,1.8525427809041037e-19,9.729455210220228e-17,1.2089696854800168e-19,-4.943009338254872e-19,7.1046479317951e-20,2.338609085809784e-16,2.3384258335636906e-16,6.338117645492552e-20,4.671401687694136e-13,2.685757098924251e-19,4.670721264333684e-13,2.3396423849196063e-16,-7.807002361889771e-20,2.1509412880108084e-19,4.669545666828137e-13,2.4713214047534374e-19,1.3188526277284492e-16,-1.618886905569468e-19,9.377843367072543e-20,-7.43599089914746e-20,1.2767619471026735e-19,2.2856191797606216e-19,1.591956043306525e-16,1.1310308130321307e-16,1.119240665938098e-16,6.349316654692088e-17,4.67134540830097e-13,2.339065958888552e-16,8.942135867017746e-20,1.492223148555842e-19,1.3495389920194097e-19,1.5505198984458815e-16,1.0101197762566488e-16,6.436585025429975e-20,4.669238593667101e-13,4.236740200868332e-21,2.3387775643158496e-16,1.0526211523580774e-16,8.384285754825422e-17,1.1855492991237698e-16,9.707285687795456e-17,1.2023837792992365e-16,1.5293651555453896e-16,1.2446680812784156e-16,1.2275890890096483e-16,9.255272268205557e-17,1.4527576405753177e-16,9.375283052198167e-17,-5.2270251411752334e-20,-3.7343143666785645e-19,2.70430857741592e-19,1.2732845236247256e-19,2.3359802403178274e-16,-2.0425396933408821e-19,5.559538954267204e-20,1.696668117924633e-19,1.1567521247973488e-19,6.370721532005947e-20,-4.2983381163783707e-19,9.31073395709399e-20,2.3391467930671914e-16,-1.2824512228809067e-19,-1.6126062869564561e-19,4.003901129149824e-19,-3.6126893549014616e-20,2.499308408387885e-20,-1.1991571146679026e-19,-4.2708218297326696e-19
2.2261889719094012e-11,1.573042302713442e-11,7.880460272466774e-15,1.2186399002955048e-16,2.6972638673424817e-12,1.3113858912994142e-16,1.3383971457060718e-16,1.9006501459145534e-19,1.3876472742362175e-16,7.880522451810353e-15,2.7823759935545895e-19,7.880535986173982e-15,2.516521074598544e-19,1.6662889220484617e-16,1.2814008822991582e-16,7.772320492288695e-20,1.2783165319780784e-16,2.874711148915939e-19,-4.2957874986976735e-19,1.6392026832388863e-16,1.415740968849277e-16,1.4632572622326596e-16,1.4312670849108742e-16,-2.1685545037270925e-20,1.6053967407963874e-16,4.657887706592522e-19,1.5253483134260515e-16,1.4657841506343888e-16,1.4045774188716015e-16,1.5295718539232445e-16,5.896160237990785e-19,-2.3866897285796748e-20,8.98184855724821e-20,1.5730516015615293e-11,-9.317257201497423e-20,1.2284328297587543e-16,7.880454167622918e-15,1.1483300071288925e-19,1.0586734903046024e-19,9.542779721541325e-20,-2.4135454586135955e-20,2.971264893397789e-19,1.4212145172307465e-16,5.392012922688204e-20,-1.617567832254997e-20,1.2133470910002732e-19,-2.6527638420850737e-20,1.9026798918223404e-19,-1.3374962460006463e-25,1.3768223016934698e-16,1.8875326298952687e-19,1.2916575233958732e-16,1.1456116064538692e-16,1.2286549099346456e-16,1.573048133886978e-11,7.881016406363082e-15,1.7274834483578014e-16,1.2223390444046597e-16,6.473894367290018e-20,-1.5748481685312843e-20,1.699131983146664e-16,1.5221185533076405e-16,6.689064595854993e-20,1.6587505651436008e-16,-2.262892973150687e-20,1.1284237390299034e-16,7.880241145657464e-15,1.5730613819930263e-11,1.1237947354502094e-19,1.5730607773730487e-11,1.4862328347063762e-16,7.880027445696316e-15,1.5730380361402822e-11,1.5186836613981579e-19,1.6924429643669634e-16,1.573040815817361e-11,2.7963858092869857e-19,1.412578158644053e-16,8.154678611275175e-20,1.3277444919871663e-16,8.216886623431386e-20,1.54767494323473e-16,1.7978522185130608e-19,1.695090766434779e-16,1.1244915044595861e-16,4.5954190394385374e-20,8.171572983754623e-17,7.880630983771218e-15,1.573049897356957e-11,2.849693320800394e-19,8.496283416845107e-20,-6.352948927799297e-20,6.214717022476984e-19,1.0826214413503696e-16,6.127974389774235e-21,7.880523036926188e-15,1.602575751528888e-16,7.88048577127059e-15,2.3048766280514143e-19,1.0807292201341275e-16,-1.4559342177682276e-19,-2.4059252815192625e-19,1.128370167014447e-16,8.403446695503978e-20,3.263120180213979e-19,-4.081731558746798e-20,1.1576636281433575e-16,3.2205790336244764e-19,1.1773305171125233e-16,1.4539744148674842e-16,1.1785345968003437e-16,1.4231967412123215e-16,1.7409967762967317e-16,1.5730485487680992e-11,1.375819954188766e-16,1.6809334010691316e-16,8.967530920953476e-17,1.5414389289627532e-16,1.1632955730511784e-16,1.7587588775605701e-16,1.7681906612851297e-20,7.880492329607587e-15,-4.586618874249787e-19,-4.6535958083319866e-20,3.525606918185488e-19,6.947782360570543e-20,8.457836393594609e-20,1.9499489932382555e-20,7.531631673330988e-20
2.0670608580621695e-11,7.087287809659847e-15,1.4146437253957689e-11,8.076270382195869e-20,1.3113858912994142e-16,2.6971936975168897e-12,1.2795044562728773e-16,3.1170161072877507e-16,-4.2056892952102227e-19,1.4146341540625862e-11,3.5050852705868866e-20,1.4146435384333375e-11,1.9170329200228896e-16,1.6086371426438875e-16,1.1688773861378445e-16,1.2124221516129915e-16,1.332052891756137e-16,1.5242833092355074e-16,1.409438002950328e-16,1.5316335867049233e-16,1.125949745992748e-19,8.415220719211996e-20,1.4022701199753007e-16,1.5238181711367775e-16,9.539893606734429e-20,2.099461645108122e-16,3.129217765743981e-19,1.5025445573076067e-16,1.6979267978901712e-19,6.77379060256534e-20,8.778480046557632e-20,-8.646750891183366e-20,1.568853199898247e-16,7.087111189594118e-15,9.099334644227833e-20,4.1933469361305656e-19,7.086915170317825e-15,1.6525122532799318e-16,1.8931604078311426e-20,3.3868236554190717e-19,1.2482480792912694e-16,1.2648039766072906e-19,1.3993474463920233e-16,-3.711288849797781e-19,-9.259458478834585e-19,1.4973490260908733e-20,1.5822823567308648e-16,-1.0544080053372122e-19,1.6670565801782545e-20,1.451529653238232e-16,1.7944544639173562e-16,1.184975564871183e-16,1.14551740676525e-16,1.2530308340823991e-16,7.087236019051663e-15,1.414646858604618e-11,1.9156363392470238e-19,6.108468674694646e-19,2.526098574065056e-22,2.1985064864317313e-19,1.5769166622448328e-16,2.502943254496798e-19,8.769214524576074e-20,1.5806996666984943e-16,1.4553574598747239e-16,5.873906191962338e-20,7.086283985998355e-15,1.4146593389576801e-11,-7.760712652259759e-19,1.4146574994588523e-11,1.550918426543911e-16,7.086945880186257e-15,7.086769665583243e-15,1.423069984724995e-16,6.774874893417077e-20,1.4146381599051606e-11,1.3788534766587988e-16,5.773732492620905e-21,1.4102362765222453e-16,1.2655497362638586e-16,9.553208472957628e-20,4.0569747550418327e-19,3.0645866129026924e-19,9.933098790293706e-20,1.173794839983424e-16,6.744924093004542e-20,1.839667529029105e-19,1.4146572641779272e-11,7.086831937221498e-15,6.290496386933767e-19,1.226469638830059e-16,-1.029262398763545e-19,-1.7702156715203953e-21,1.2438588453506753e-16,1.1768975077197543e-16,1.4146347864503818e-11,1.5914205722257289e-16,1.4146398440861885e-11,-1.2915317240878548e-20,1.162672389465529e-16,-3.901969417966654e-19,1.0406220123575028e-16,4.244041231259142e-19,1.702969018125008e-16,1.5333013065661845e-21,1.1718320845203977e-16,1.1089472047569095e-16,1.4449441662324715e-16,1.137039038433538e-16,7.313621962090475e-20,1.2393946554504377e-16,1.0295510925239763e-19,1.6213390651842207e-16,7.087017643506121e-15,1.3121006415899004e-16,1.807351814694931e-16,4.952596334172392e-19,2.1102176243614478e-19,5.374618149152959e-20,3.183366086760244e-19,1.4882414105293756e-16,7.086812986193188e-15,1.0685590887446203e-16,-1.7168712958347975e-20,3.878234013741305e-19,4.7722042459054567e-20,-1.1873638927767059e-19,2.3985829349988764e-19,-6.46382260509374e-20
9.516695781573318e-12,2.9900812977179134e-12,1.4975900160650485e-15,1.1237089799684471e-16,1.3383971457060718e-16,1.2795044562728773e-16,2.6972471430757357e-12,2.964222708808482e-16,1.3772694741367848e-16,1.4979121356943993e-15,1.5091576508222069e-19,2.990122132740582e-12,1.8619076068585535e-16,8.763404319502554e-20,4.366304977252584e-19,2.10666120461859e-19,1.3005918476830984e-16,1.5122396314722048e-16,1.369082646231541e-16,1.5889438918775102e-16,1.9817344368543903e-19,1.427230145509849e-16,1.4028803229592106e-16,1.527887074494996e-16,1.5286607308929559e-16,2.0989486238181987e-16,6.711767527942544e-20,8.656418392006966e-20,9.678387438952358e-20,9.489883656528227e-20,1.3726478249048334e-16,1.0506438915069595e-16,-4.226035840857058e-20,1.4980658292309055e-15,7.90323490738912e-20,1.4834134511823194e-20,1.4977617734327085e-15,1.5344657407975476e-16,1.3747404170634916e-16,2.431970354498893e-19,2.584728171535015e-19,1.6058370290164677e-16,1.447674759610401e-16,1.3782669075478482e-16,1.5277939551085673e-16,1.5213133611068137e-16,-5.353412133567329e-20,-3.5070306394300647e-19,1.301483624356429e-16,1.354367624348215e-16,1.6026216437823336e-19,1.7287431073741184e-19,1.1867439422049635e-16,5.033330086077229e-19,2.9901354514037463e-12,2.9901485284725883e-12,1.7047368196142456e-16,1.2251480853134444e-16,1.2522291336295896e-16,-7.656159125313291e-20,1.6207888507037486e-16,-1.5083984055257368e-19,2.53818551247468e-19,1.6005836183368189e-16,3.3276594005722507e-19,1.1990009667234646e-16,2.9901922486146097e-12,1.4974893650995112e-15,1.0712436847986947e-16,2.99025303962029e-12,1.473173080945768e-16,1.4981722567184923e-15,1.49790076054881e-15,1.462277578179842e-16,-9.196795576919715e-21,1.4977517284644519e-15,4.273866710910454e-20,2.6867166124614893e-19,-1.5064984722616023e-19,1.2326648008871012e-16,-9.093983993050534e-20,-4.4505009858479936e-20,-1.9177506278047773e-19,2.241401188302363e-19,1.1680929812574498e-16,1.4694364009125808e-16,-1.7901314134569426e-19,1.4977282560758307e-15,1.4979718685015264e-15,-1.3131211695338142e-19,1.2970687038881927e-16,7.780827864472682e-20,1.7541197433274663e-16,1.258247381171489e-16,-6.888846418656799e-20,2.9900442895857077e-12,1.583660704652644e-16,1.4978228180667078e-15,1.2085933618524384e-16,1.222081152304623e-16,1.228128451151649e-16,6.374686204640345e-19,1.1173541160043122e-16,1.1370709880141575e-19,1.519603940550952e-16,-1.0439533447531803e-19,1.128869658162597e-16,1.4166997897575868e-16,1.1977756724239238e-16,1.3368834571314814e-16,1.3444529579858636e-19,-3.3387829166080245e-19,-1.8275915191694605e-20,1.497484100193401e-15,1.3807900383886762e-16,-3.5542035359541326e-20,9.082729838563228e-17,1.4967521877131342e-16,1.2245380966810152e-16,1.6648297191939078e-16,1.429987378533513e-16,2.990195046172539e-12,1.079637782063763e-16,1.3522806275431082e-16,1.5178674471370637e-16,1.264039086038814e-16,1.0384688585803988e-16,1.7112487027417391e-19,5.057408746682792e-19
-4.884279731374445e-10,-4.949362558061895e-10,-4.949362126203985e-10,1.5210513283617635e-19,1.9006501459145534e-19,3.1170161072877507e-16,2.964222708808482e-16,2.6991759113734538e-12,2.959962067738252e-19,-2.479510426085367e-13,3.912555026095886e-19,-4.949362056878284e-10,4.4111709219769074e-16,7.88481933631418e-20,1.8864997789775915e-19,3.080455331587997e-16,2.5863389283597937e-16,5.4559492291588565e-19,3.2113638544760795e-16,3.74795511302356e-16,2.9771809645321173e-16,3.4596649795567635e-16,3.453681052376026e-16,3.7854361402062743e-16,4.445507017155294e-20,4.3658918544256187e-16,3.355152186610272e-16,2.9640011469983993e-16,1.6242584695085057e-19,1.616474714927048e-19,3.2408466238999185e-16,-2.3982542741304753e-19,3.2901047762740686e-16,-4.949360086372403e-10,3.4293375418696667e-16,2.9167141289528115e-16,-4.949360421917701e-10,-1.2183216299260115e-20,5.235970152488635e-20,9.521601042631323e-20,3.0604666107714128e-19,4.0764749863070213e-16,2.537030465667167e-19,1.8327825661733384e-19,3.5010107291162694e-16,3.541773701048159e-19,3.548582111012538e-16,3.050287992490388e-16,-2.8800462928499613e-19,3.302651893528091e-16,3.7899067929313815e-20,-2.5691370638055404e-20,1.2665902936607862e-19,2.7696841595036044e-16,-2.4795140749231923e-13,-4.949361316385206e-10,3.7763280204357866e-16,2.724122669911105e-16,2.61254752600775e-16,3.9374449119836767e-16,4.643828164677227e-19,3.3701316733835387e-16,2.15260655162115e-16,3.7776002903476148e-16,1.6409487107451434e-19,7.038276502814779e-20,-4.949359284523659e-10,-4.949357817886301e-10,2.1393509832533473e-16,-4.949357770128839e-10,2.221024918888467e-19,-4.949360177895913e-10,-2.4795128030400336e-13,3.112165773907173e-16,7.836227415169858e-20,-4.949363177776893e-10,-1.926289704504236e-19,1.893944500395168e-19,2.2919424530069393e-19,2.80111475778752e-19,3.5808796634285266e-16,3.7942858700904644e-16,3.187137534319648e-16,4.791673636462293e-19,2.342060445068093e-16,-7.305819798126413e-20,1.2825331474677783e-16,-4.949358097547419e-10,-4.949360760269968e-10,3.4986040479461913e-16,2.24866673704352e-19,3.261208144206885e-16,3.6487196919106677e-16,1.8568595865803522e-16,3.252539272384746e-16,-4.94936417729817e-10,3.7134995951135186e-16,-2.479501875435126e-13,1.1134097461255477e-19,2.0083978312869975e-16,6.732803780427863e-20,1.2401914661180145e-19,1.514328505001697e-19,1.2124269686163044e-19,3.101828094279324e-16,3.2095492046541834e-16,2.7050135259401e-16,2.574218514709036e-20,2.1413961046281492e-19,1.5737882183411634e-19,2.5451345220029576e-16,6.126418895847041e-20,4.196056429568112e-19,-4.949361214815702e-10,2.8867651394066075e-16,3.604113142243328e-16,1.9086259077129436e-16,3.42163549010481e-16,2.2201982630283804e-16,4.0847931955417394e-16,1.3046684246019071e-19,-4.949359199908707e-10,-4.950722414320283e-20,1.0006752132588446e-19,2.9909132922333857e-19,3.237469381115648e-16,2.2843467449047823e-16,4.3054497307119735e-16,2.8830471026699097e-16
2.1538669079888682e-11,1.5013515264634438e-11,1.501354809168143e-11,1.1150119402529825e-16,1.3876472742362175e-16,-4.2056892952102227e-19,1.3772694741367848e-16,2.959962067738252e-19,2.6972134676373566e-12,7.521284468222467e-15,-3.823275802254352e-19,1.501354847506289e-11,1.8897009530681382e-16,1.509275651392517e-19,-5.596657352758179e-19,1.3587945911697612e-16,2.1628321919644946e-20,1.493867426385776e-16,1.3426986994478865e-16,1.682233153293046e-16,1.4607629576172456e-16,3.699863526700259e-19,7.259329131464704e-20,-4.715261833831276e-19,1.5816865779228888e-16,2.0164849070710322e-16,1.515126172998692e-16,1.4953688581249338e-16,1.3302956478082567e-16,1.237603874593413e-19,4.0954065968662574e-19,7.368507850695974e-20,3.1729723347033468e-19,7.52115589670518e-15,1.5419308412008252e-16,-8.589294507064391e-20,1.5013595666266098e-11,-3.7298769759152393e-19,-3.471721955467894e-20,-2.4355976559999976e-19,-1.2692397638001786e-19,2.4500440939008425e-19,1.4232902696845785e-16,-8.124136809058982e-21,3.2856640252432267e-19,1.7888707828807048e-19,9.104876257891286e-20,5.368866876227294e-19,1.2548265161933275e-16,-1.162338096785897e-19,1.9427405948524702e-16,1.228404136579531e-16,4.066917381621056e-20,1.2592298169696727e-16,7.52131861792699e-15,7.521177859738516e-15,1.7449249379955128e-16,1.218245653807939e-16,1.1748540120976738e-16,5.798020351960105e-20,1.6964160760373145e-16,1.447225179452976e-16,9.325515497115088e-17,1.6594518221386225e-16,1.540890829751454e-16,1.1410890831667623e-16,1.5013630829109365e-11,1.5013696676771948e-11,-6.796414384924687e-21,1.5013694152751687e-11,1.5838522236362903e-19,7.521093577043773e-15,1.501348276523666e-11,1.477185812131496e-16,2.198048606182672e-19,7.521165018580095e-15,1.1265981212719067e-20,1.3647383923551615e-16,1.3217313270217451e-16,1.3180992433723184e-20,1.0690043873019455e-19,-3.432657097542936e-20,-1.966937355902885e-19,1.6411671313120483e-16,3.1263656978189166e-19,-1.3653039955540655e-19,2.5169144340196394e-19,7.521352745207927e-15,7.52136463048733e-15,-2.3565344170355654e-19,1.4504480477402168e-16,1.2886119199563004e-19,7.57996731305997e-20,1.71677252912578e-19,1.2597257154739892e-20,7.520881712165208e-15,2.98795327540374e-20,7.52139134931133e-15,1.2243212524804813e-16,1.1369901160192858e-16,1.2929002519495733e-16,1.0089168398573123e-16,1.0279235004256025e-16,1.6990774213892263e-16,3.8741325196843477e-19,1.2996616333928528e-16,1.2033694328001265e-16,5.2558724881173823e-20,4.817738223130731e-19,1.4572518556779184e-16,1.1885141156872598e-16,1.3756330683192056e-16,1.126378277154341e-19,1.501357383724019e-11,7.386674274235259e-20,1.6554614776642525e-16,7.792949706481837e-17,-1.4929004153769586e-19,1.1477271357036194e-16,1.7297107568548234e-16,1.4231139869805561e-16,7.521488252570807e-15,9.114842847803525e-17,1.1990409269319268e-19,2.3557182397849173e-19,1.2478477568058541e-16,1.0509763245858373e-16,1.607907193641389e-16,2.2420258434852277e-19
0.9999999999676721,0.9999999999580224,0.9999999999539396,2.339417860395063e-16,7.880522451810353e-15,1.4146341540625862e-11,1.4979121356943993e-15,-2.479510426085367e-13,7.521284468222467e-15,0.9999999999929552,-2.370877337379229e-14,0.9999999999701251,-7.46791072806801e-15,-2.1414450169212315e-15,-1.8525088728082358e-14,9.475006961722347e-15,1.242937916557154e-14,-1.1869672242849359e-14,1.900765484515795e-11,2.6837090045947632e-14,3.167776145085656e-15,1.475330638026649e-14,4.033672083931695e-15,1.0095178773938485e-14,-3.775467852989873e-14,1.0397589311494119e-14,-4.760839662852936e-13,6.3403938152205834e-15,2.009819733312673e-15,1.6807409549924633e-11,1.514875689282894e-11,-1.0773717721440057e-11,6.982576846871998e-15,0.9999999999599772,6.673418951744757e-12,5.752340780430264e-15,0.9999999999683046,-2.905343602835676e-14,-2.908344327172566e-14,1.5173781942401886e-14,-2.2938394829681287e-11,1.557196863541641e-11,8.144790481747559e-12,-1.8506710842431396e-12,1.3751718520084638e-14,-6.017502526860205e-15,6.690026716925868e-15,1.3276333559292788e-14,-7.370500316912928e-15,5.959488114155991e-15,-1.7657381755462386e-14,-2.540616381627832e-14,-1.5925898961186327e-15,3.857871181435691e-15,1.0000000000457743,0.9999999999546789,1.222973374877083e-12,2.245264326856631e-11,1.5172205813907252e-14,1.1953052310794028e-14,-1.5712079516176e-14,1.0519688758086321e-11,7.880853603650393e-15,1.5678621377073454e-14,-1.4843839695761356e-11,2.919794117492612e-15,0.9999999999452119,0.9999999999678583,1.162847491780648e-15,0.9999999999542901,-2.0067505093922623e-14,0.9999999999469054,1.0000000000343066,1.461422141338616e-14,-1.202598855002947e-10,0.9999999999361966,-1.1075645478032624e-14,3.492856160014703e-11,-3.853712412322455e-11,-1.6453046721710764e-11,4.659064841895121e-11,7.584040490233164e-12,1.5142585777156272e-11,-4.7828265615452395e-12,7.905156364703185e-15,-6.058532485832353e-15,3.4616504472815385e-15,0.9999999999489445,0.9999999999667103,8.00723059990958e-15,-2.31368605679548e-15,2.604279959039348e-11,1.8200883028091627e-14,-4.279883352715009e-16,1.3992893158404355e-11,0.9999999999666199,2.1827366727134173e-11,1.0000000000757392,-4.64867019305618e-15,7.847393138237897e-12,-2.1565362586222726e-15,2.271812941517033e-15,6.1438266760637025e-15,-4.706841815849868e-11,1.8128469161210433e-11,4.987808631390634e-15,2.058149869042103e-15,9.693262026519771e-12,-1.4152057887384956e-14,-9.759993688768271e-15,8.769291520367778e-15,5.913733616144225e-15,-2.6614620891414632e-11,0.9999999999599398,1.072148182826564e-14,-9.424359804894485e-12,3.0508176365974565e-15,1.2688542107048928e-14,1.4573633493809143e-11,5.880449515446907e-18,4.033528507971497e-11,0.9999999999632261,-7.119532967223605e-15,5.610529500532822e-13,-1.6195837138657424e-11,9.749068039408497e-12,2.7327159060967075e-15,3.693270230304018e-14,7.982584278880598e-15
-4.0799138330431064e-11,-4.732577673968814e-11,-2.3708892615855844e-14,1.0511929448108089e-19,2.7823759935545895e-19,3.5050852705868866e-20,1.5091576508222069e-19,3.912555026095886e-19,-3.823275802254352e-19,-2.370877337379229e-14,2.6972792042521736e-12,-4.7325686601066285e-11,2.306792137752554e-16,3.662299998627681e-19,1.3336358847432297e-16,1.3410358528878812e-16,1.8223075368672018e-16,-9.77166546998691e-20,6.639547311439573e-20,1.7622817466859326e-16,1.7212345317825143e-16,1.6271114128053659e-16,-3.005246472287964e-20,8.418279727346401e-20,1.8880271405396619e-16,3.1305682050179845e-19,1.8766422809087203e-16,1.908835007547333e-19,1.9398642698332608e-16,2.276099405033152e-16,1.577296272972965e-16,6.339442669547212e-20,1.3541172001216609e-19,-4.732564798824842e-11,2.0190249253739613e-16,-1.2052480865490923e-19,-4.7325640392765766e-11,1.7521229105314579e-19,1.3729806239660288e-16,2.4847909717751264e-16,-3.2472588918697773e-19,1.1970660429557336e-20,-3.385583873058552e-19,1.94172492136866e-16,2.859344264351836e-20,2.4589882955913033e-20,1.103078084752879e-19,2.9204906787572297e-19,7.308313533071334e-20,1.7608071022257386e-16,1.9821674386987564e-16,1.3293842988169525e-16,1.491532889733148e-16,1.5747112760391555e-16,-4.732571117580418e-11,-2.3708848650619428e-14,-7.431776301726054e-20,1.6572755944824532e-16,1.5951448982412537e-16,3.823877931628663e-19,3.195830011912344e-19,1.757552249585658e-16,-2.71345593084714e-19,1.8545680270252216e-16,1.5037021219896528e-16,1.6302327215683502e-16,-2.3708715246013066e-14,-4.7325508497770795e-11,1.3638244593730938e-16,-4.7325545358420326e-11,1.86492505300623e-19,-4.732562367993089e-11,-4.732582674418747e-11,1.7626039949217509e-16,1.9804770291143729e-16,-2.3709175751332092e-14,1.5975323255282232e-16,1.812357711576838e-16,1.7317102114250008e-16,6.226759374637847e-20,2.4642325229680425e-16,4.41286006882387e-20,3.7965136936151244e-20,2.0495902173947975e-16,-1.4955009977431616e-21,1.518200092686058e-16,1.27608028212858e-16,-2.3708923538372718e-14,-4.732563085440306e-11,2.236743132087013e-16,4.569214937116011e-20,2.0796009362095768e-16,2.267282000731358e-16,-2.710492831544126e-19,1.1943933475770874e-16,-2.3709330601389532e-14,1.755630998005998e-19,-2.37086862195325e-14,-5.735483027044015e-20,1.0845941022862698e-19,-3.2378500406830097e-19,-9.872015647193833e-20,1.529478016167379e-16,2.18665937317065e-16,1.8414198866684364e-16,-1.3846384362704669e-19,1.2859970962818635e-16,1.5982902255637814e-16,1.922596264843646e-19,1.547858881771488e-16,1.6177313192865858e-16,1.485814041685539e-16,1.7687685384501477e-16,-4.7325652368319206e-11,1.8074080808071954e-19,2.392302706664243e-16,-2.1456286594754141e-19,2.6125198779579006e-20,7.360948432617732e-21,1.825257166716608e-16,1.902323344080002e-16,-2.370959284729559e-14,-1.784593904586443e-21,-7.367744141446577e-20,1.7351724109434353e-16,1.5329859062393908e-16,3.4885861103482583e-19,-4.891000721386494e-19,-4.8636733658238433e-20
0.999999999947527,0.9999999999378844,0.999999999933802,2.3438962956545766e-16,7.880535986173982e-15,1.4146435384333375e-11,2.990122132740582e-12,-4.949362056878284e-10,1.501354847506289e-11,0.9999999999701251,-4.7325686601066285e-11,0.9999999999526806,-7.467676090035477e-15,-4.273925499337932e-12,-1.852504653870066e-14,1.8913754032072043e-11,1.2429608895245106e-14,-1.1869905043659118e-14,9.522194055443222e-15,2.6837252772180957e-14,3.1679604877197978e-15,1.475342324353054e-14,4.033879418833922e-15,2.0151210574027373e-11,-3.775450250672997e-14,2.075465048863229e-11,-2.3833388978785446e-16,1.2656426724378598e-11,4.01029792154856e-12,1.6807502056656024e-11,7.589173190351828e-15,-5.3972784298956095e-15,1.3938392912130843e-11,0.9999999999398378,3.3434470905584682e-15,5.75234367092382e-15,0.9999999999481654,-2.90533448463495e-14,-5.80528826158311e-11,3.0287964715018735e-11,-2.2938324418194486e-11,7.80116543342405e-15,8.144862477516046e-12,-1.850581828998318e-12,1.3751669465850285e-14,-6.017239896112409e-15,6.690109859996853e-15,1.3276347839527052e-14,-1.47120468284281e-11,1.1895749772506595e-11,-3.5245936359620656e-11,-2.5406191357736787e-14,-1.5924316833196316e-15,3.8578739616519e-15,1.0000000000256346,0.9999999999345401,6.128000989122973e-16,1.1248304524397122e-14,1.5172152027005884e-14,1.1953353633778228e-14,-1.5712087504134533e-14,5.269972756635892e-15,1.5731218296675408e-11,1.567854206364548e-14,-7.436302928348776e-15,5.828440287642524e-12,0.9999999999250734,0.9999999999477222,1.1630292778426492e-15,0.9999999999341517,-4.0057038558073496e-11,0.9999999999267676,1.0000000000141687,1.4614043002705917e-14,-6.024747054961985e-14,0.9999999999160589,-2.2107513867699804e-11,3.4928653143081024e-11,-1.93064654666313e-14,-1.6452949551894767e-11,4.659077964747579e-11,7.584161819044436e-12,7.586045291335789e-15,-4.782734699015563e-12,7.905687911432959e-15,-6.058586431846217e-15,3.461668738910347e-15,0.9999999999288076,0.9999999999465713,8.007804756483987e-15,-2.3136543799082535e-15,1.3046815475868602e-14,3.6331158624706866e-11,-4.280931445278039e-16,7.010216910804343e-15,0.9999999999464807,1.0935084695119529e-14,1.0000000000556006,-4.648669448259386e-15,3.931385379621908e-15,-2.1566732323068867e-15,2.2720312032152923e-15,1.2263860099358195e-11,-4.706831323094561e-11,9.082062894803939e-15,4.988258728637493e-15,2.058166259530809e-15,4.856040455162126e-15,-2.8249126095409628e-11,-9.759927064760281e-15,1.7504638538882445e-11,1.1804335443541531e-11,-1.3332921409217549e-14,0.9999999999398024,1.0721657228450897e-14,-9.42426885409205e-12,3.050639837252985e-15,2.532793568614353e-11,7.301034942430952e-15,5.645277402562475e-18,2.020721887188435e-14,0.9999999999430877,-1.4210822965938533e-11,2.8092567266997206e-16,-8.113933484973508e-15,9.749125140062841e-12,5.455213716443669e-12,7.372152635944414e-11,1.593450171459458e-11
-8.381714380180469e-12,-1.490640021396433e-11,-7.467783071096252e-15,3.8931425036457474e-20,2.516521074598544e-19,1.9170329200228896e-16,1.8619076068585535e-16,4.4111709219769074e-16,1.8897009530681382e-16,-7.46791072806801e-15,2.306792137752554e-16,-7.467676090035477e-15,2.6973333485778763e-12,2.338160217618631e-16,1.7292778729620258e-16,1.8104215474922582e-19,1.9051761404041246e-16,1.4778743107097657e-19,-4.365625894772802e-19,3.763201608597705e-19,9.103926870472104e-20,2.042909121351206e-16,1.9949825788872692e-16,5.651513772247712e-19,2.251728732688265e-16,2.7879761157421064e-19,2.1687645309996884e-16,2.098897108541736e-16,2.081286802426185e-16,3.4484825481501555e-19,-2.430166816652399e-20,1.5292540729174177e-16,2.232827668993328e-16,-1.4906260782017258e-11,1.132402368813276e-19,-2.983053012880809e-21,-1.4906265096879987e-11,6.622178290993952e-20,4.1193908682827336e-20,2.745229619439996e-16,1.8123007226046468e-16,2.4014912356279564e-16,7.737619218708229e-20,2.299820094264486e-19,2.0972488023330543e-16,8.455399418823261e-19,2.260131967906734e-16,1.8167853608979795e-16,1.8224040018074544e-16,1.994790249569555e-16,2.6197855690630553e-16,1.7635588639657938e-16,1.6458550217531052e-16,1.0001839569515605e-19,-1.4906314265338627e-11,-7.467587204843858e-15,4.928080162936972e-19,1.7952794737570178e-16,2.768471982981068e-19,1.7621796697109402e-20,-2.8627220449498083e-19,2.1391960586572619e-16,1.4614387466575624e-16,2.301256244340461e-16,2.44075432394245e-20,7.176426190053099e-20,-1.4906226491612508e-11,-1.4906118485804972e-11,1.513833307503658e-16,-7.467533007716356e-15,2.184048193758111e-16,-1.4906245552123317e-11,-7.467954504399355e-15,1.6231026350202678e-20,2.424203259523358e-16,-1.4906409173195886e-11,7.615854250569492e-20,2.0378837488510704e-16,1.990168505974695e-16,1.8629671132911236e-16,2.181980356838821e-19,6.737570509405808e-19,1.9941000133399418e-16,-1.5266430431388695e-20,-1.2564480648463986e-20,-9.969895316772565e-21,1.1884676351753091e-16,-7.46783180147246e-15,-7.467782344326942e-15,2.411055318606344e-16,1.8191570097093123e-16,2.267629359022895e-16,1.1956451888285847e-19,1.7154755595264817e-16,1.7086663154561694e-16,-1.490645890017685e-11,2.2572225111714644e-16,-1.4906386262914454e-11,7.111579994162969e-20,1.607648610549345e-16,1.7689143081416026e-16,3.4439281862231175e-19,-2.3257360109161476e-19,2.475118937345724e-16,2.0938675318866157e-16,2.058123295116234e-19,1.5930551055691417e-16,2.0816474190138875e-16,1.3226533585881066e-19,1.0760408702741363e-19,1.7421021245421704e-16,1.48462303377766e-19,2.34774294221007e-16,-1.4906294864252653e-11,1.8648410293327537e-16,2.4956561603267566e-16,-2.050787709101571e-20,2.092065606041916e-16,1.7129315986851754e-16,3.2092996894865295e-19,4.0665800719674015e-20,-1.4906216779822264e-11,6.82625955627373e-20,1.844517673160633e-16,2.1017116316280129e-16,-6.129655762668145e-20,1.4724781524997129e-16,2.4743133482742037e-16,7.331065369779345e-20
