0.9999999999999986,-7.463997905623552e-13,1.000000000003103,4.828169238643541e-12,-3.2085001816501525e-12,-3.428413067045222e-12,1.8993612901827292e-11,-2.648657678899425e-12,-2.6219741920143196e-12,0.9999999999768361,-1.1007683301144422e-10,-8.935242635763527e-12,0.9999999999902642,-2.883930562401629e-11,-1.3475455791788068e-11,1.797233767084286e-11,-2.0732662696552303e-11,5.73757464923651e-12,-1.5458492297512483e-11,9.745963144930473e-13,6.242007958188581e-12,-3.317472971294212e-11,-4.019954043653453e-12,9.199336416396901e-11,4.080630853474204e-11,-1.9090398368002157e-12,0.9999999999838495,1.000000000006251,2.6005710667983524e-11,-2.2136125850716877e-11,1.639556753253128e-11,-2.5895216070314962e-12,1.1256145342717571e-11,-2.1445359279584556e-12,1.3157706024729311e-11,2.006186392405306e-12,2.4226183456152895e-11,2.838351574693864e-11,2.778852883875581e-11,-1.4201450309546618e-11,2.0945366167389768e-11,-1.0640594358957003e-11,4.261880527306067e-12,-2.8007821871327802e-11,-4.160859351721163e-12,-4.692900698858233e-11,-8.975672985891316e-12,0.9999999999978402,-3.2510855977956376e-11,4.304088226273516e-11,1.0583171482835184e-11,0.9999999999791392,-5.639313864902175e-12,-7.94347950427674e-12,0.9999999999855341,4.100842725085573e-12,-1.2160722347132247e-11,-4.189570473268427e-12,1.3439203586016024e-13,-6.569966768448149e-13,-3.991356067709007e-11,-1.763317982615664e-11,0.9999999999722299,-2.528761991843753e-11,0.9999999999821312,8.835961789674583e-12,-7.766742323887751e-12,1.4196709957535307e-12,0.9999999999941314,1.0000000000144664,-3.053716375640002e-11,-8.148020757920067e-12,-7.65015727427173e-12,6.496201962776414e-12,-2.096971740187146e-11,2.03153071852055e-11,0.999999999982553,-1.1238379838726066e-11,-3.885225041585046e-11,4.795102286648666e-11,1.5206531132767793e-11,-9.859658626419202e-12,7.616328401996103e-11,1.1074754157080298e-11,-1.1373565200825698e-11,1.3644744067680056e-11,-1.8050869852026137e-12,1.0000000000148448,-2.0537468115428987e-12,-5.272943921931986e-12,-1.014025971330676e-11,2.6395840527420895e-12,-6.668511243723278e-12,0.9999999999853406,1.0000000000325047,-8.043083895278335e-12,-4.854741001167212e-12,3.2731153436621497e-12,1.0000000000145002,1.0000000000268137,0.9999999999958417,-1.7517719767852594e-12,1.409391804455312e-12,-2.3034356026578632e-11,-1.5637900094182342e-11,-3.3800031150010205e-12,-1.0134113587588376e-11,3.0274926526399118e-12,7.44408762130783e-12,3.8153008467407575e-12,-1.2346365695494108e-11,3.7138912218402774e-12,-2.7708433593136602e-11,5.2417012233188695e-11,-2.5260834278852294e-12,5.311202471067174e-13,1.748278254698577e-11,-2.5278992389813138e-12,-1.6655712613248626e-11,1.0000000000338052,-2.6090395907870046e-12,1.845285243041882e-11,7.407642211636178e-12,3.107149807038034e-11,3.1351975198942842e-12,-3.7731189651314243e-11,7.022642675294838e-12,-8.08657843565156e-13,-1.1709328373725782e-11
-7.463997905623552e-13,-6.618083860629144e-13,1.6445982621481488e-12,4.284153970016425e-16,4.0064608371563103e-16,8.51333676410749e-16,1.342738442641361e-15,8.603192859574798e-16,7.580052949533089e-16,1.6449963682778276e-12,1.3237364568746127e-15,8.563225938155473e-16,1.6452578738127638e-12,6.286439000076932e-16,8.97025142714214e-16,5.407468517142799e-16,7.384339740321814e-16,6.442224269560774e-16,9.193428333982197e-16,7.076592123860026e-16,4.983636551413585e-16,8.921481999604207e-16,5.923247895277026e-16,1.2401449162952307e-15,8.698745005341819e-16,7.680097453385258e-16,1.6449208778710794e-12,1.6448624473633963e-12,7.134854970604998e-16,6.629616056398154e-16,7.525367568591324e-16,5.136828698500803e-16,6.952537656403782e-16,8.551447083059927e-16,7.724454650126585e-16,7.8369484640191e-16,8.243596542065167e-16,8.391596200759659e-16,1.0907071833761332e-15,1.0322526773482047e-15,1.0672859237667092e-15,7.016898682206773e-16,7.803094902760059e-16,7.311744928497748e-16,7.799039181468112e-16,6.279176568460019e-16,9.240455604762981e-16,1.6453063356050345e-12,5.973254914772783e-16,1.151681566338242e-15,9.634239865091797e-16,8.239983554075364e-16,6.152298636210143e-16,7.265959853165095e-16,1.6446147701039453e-12,6.287944327684798e-16,9.51181427336001e-16,7.726399586715262e-16,7.193873765057683e-16,7.929356930489021e-16,1.1689023421664762e-15,7.867880857658047e-16,8.24305867355896e-16,5.072548904491206e-19,8.240611803208886e-16,2.2541487323653085e-19,4.589001132864068e-19,5.091625901636368e-19,8.239818995897587e-16,8.240356731307119e-16,1.9350520667904533e-19,4.2758837384422386e-19,3.7974748041448684e-19,5.163972580442785e-19,1.4263011480586733e-19,4.430039147165108e-19,8.237369119836079e-16,3.226164148609468e-19,-2.1729107084636173e-20,6.436180920697812e-19,4.993390137126594e-19,8.356397944248948e-19,3.522984899337833e-19,4.430202604054114e-19,9.047840834568695e-20,5.753171116963206e-19,3.872656366923525e-19,8.242380818648596e-16,4.391886777817989e-19,1.341031282125304e-19,2.1646715213428332e-19,3.984921800517652e-19,3.0464897593777935e-19,8.239739520498377e-16,8.241395145048903e-16,3.198615194721388e-19,2.847291048221283e-19,2.549041062990248e-19,8.239298460327714e-16,8.240952572313424e-16,8.238168100827189e-16,5.001276797335382e-19,1.756063905302868e-19,4.3103697306677443e-19,6.271050939605429e-19,1.0033587020099207e-19,2.588036277181275e-19,7.448756949710453e-19,2.6741426975203234e-19,3.0585393732574133e-19,2.989880993376287e-20,1.8757970785140162e-19,5.187800577377947e-19,4.839950646166634e-19,4.002010085218215e-19,1.8130128632979216e-19,5.235594925851735e-19,5.093806641493269e-19,3.162959657001962e-19,8.24158052572831e-16,4.79412490140676e-19,1.4793740340908095e-19,5.576802806501599e-19,9.863081772556443e-19,2.0189545501511695e-19,7.108327027958802e-19,2.619398657823501e-19,6.435264704305113e-19,3.6192350318514085e-19
1.000000000003103,1.6445982621481488e-12,1.0000000000053944,7.210501346599121e-12,-4.157943194357771e-16,-5.216225091285342e-16,2.1446782852647744e-11,-1.3138901725151673e-16,-1.1840522522822178e-16,0.9999999999797963,-5.393069871457905e-14,-3.2731400987798477e-15,0.9999999999932194,-2.644062816901436e-11,-1.107268872037299e-11,2.0373386285242484e-11,-1.832959125365403e-11,4.072905680204544e-15,-6.53947713581752e-15,1.6919809740623183e-15,4.324924196197391e-15,-3.0776582442483396e-11,-1.6321458057412468e-12,9.442420146400151e-11,4.3212631733542344e-11,4.82717115798218e-13,0.9999999999868103,1.00000000000921,1.4230389125761098e-14,-9.885297278935256e-15,9.418596670682606e-15,-2.0402027741554263e-13,1.3655626998643007e-11,1.2421267527864937e-16,7.793900160346726e-15,2.201753936078194e-15,1.3339720879852169e-14,1.5422252963975758e-14,1.5125505988886587e-14,-1.1788826746660948e-11,1.1704526103336106e-14,-8.235558944884708e-12,3.3409509286811613e-15,-2.5593144463286595e-11,-8.900153981444748e-16,-2.229997092418115e-14,-6.576524846520726e-12,1.0000000000008025,-3.010700777985672e-11,4.547458638449244e-11,1.2995677682059764e-11,0.9999999999821145,-3.250036083272459e-12,-5.53861336972584e-12,0.9999999999884845,3.2521504432299236e-15,-4.883686131202882e-15,-8.998526736863556e-16,1.2640100551658472e-15,8.687002657310594e-16,-1.8779237873425414e-14,-1.5230576480225345e-11,0.99999999997519,-2.284018200950558e-11,0.9999999999851001,1.1237787536672452e-11,-5.376449338300271e-12,3.820956855105817e-12,0.9999999999970819,1.0000000000174174,-2.8138931047313338e-11,-5.742356390215522e-12,-5.260550586250774e-12,8.89933813411581e-12,-1.8572888814862304e-11,2.271742788815169e-11,0.9999999999855029,-8.823874680247406e-12,-3.645234866689166e-11,5.0376455172249855e-11,1.7620296352458776e-11,-7.455526750314386e-12,7.858140450141076e-11,1.3470566166541538e-11,-8.96839455966823e-12,1.6052939112740907e-11,6.05575330587724e-13,1.0000000000178078,3.596551834593088e-13,-2.87739019620198e-12,-7.752068768553417e-12,5.035035195510194e-12,-4.274530848477208e-12,0.9999999999883031,1.0000000000354665,-5.651619019927226e-12,-2.439663663184973e-12,5.667010369317773e-12,1.0000000000174645,1.000000000029779,0.999999999998808,6.409554371386236e-13,1.9137190748357627e-15,-1.0339467163166607e-14,-6.637983674602625e-15,-4.923020488257305e-16,-3.877590643891436e-15,2.7187743390795987e-15,4.929095111451667e-15,3.1062334899130637e-15,-4.989048802669572e-15,3.059219340238659e-15,-1.2678450935795744e-14,2.747872181612958e-14,-6.907715155195665e-17,1.4613686721609915e-15,9.964634658782743e-15,-7.614648954390469e-17,-7.145717871945466e-15,1.0000000000367721,-1.0209212699671133e-16,1.045119946127319e-14,4.922155956991563e-15,1.677943322979621e-14,2.7648522028631765e-15,-1.7690849487205538e-14,4.716414365099449e-15,7.8980160039520555e-16,-4.664437304269901e-15
4.828169238643541e-12,4.284153970016425e-16,7.210501346599121e-12,-6.568334724535478e-13,3.0182167843397294e-16,-2.079841761963559e-19,6.602233077053819e-19,8.167067268084997e-16,4.394366939611619e-19,3.6123823050004056e-15,4.382019379744335e-19,4.925479231619472e-19,7.211227904688324e-12,1.4794527842722435e-19,3.1530572738850937e-20,5.492895497587974e-19,4.444156715428296e-16,2.571444503604134e-19,8.096267425159059e-16,3.703767123055651e-19,3.115136528050087e-16,7.7821449992627065e-16,1.562481709347232e-19,3.6336811299317985e-19,6.558213234221766e-16,2.663037945032931e-19,3.612942577515512e-15,3.61231072793379e-15,4.934282656941007e-16,-2.863685611698404e-20,6.199129291623219e-16,3.712514429389021e-16,2.926027528846169e-19,3.560558669738605e-19,4.921212861651199e-16,7.373833840718119e-19,2.175786897148139e-19,6.678009969554217e-16,1.0159406789524868e-15,8.704149509259889e-16,4.794423047865073e-19,5.452024413853716e-16,3.215999617139567e-19,5.73052707510847e-16,-5.05263079505523e-21,2.0003939881079745e-19,8.95615594153693e-16,7.211100817490808e-12,2.4331961186972553e-16,8.433880562259562e-19,4.3169090418643905e-19,3.612611215598476e-15,5.236614457955667e-16,7.284635479151201e-16,3.612122276074729e-15,2.490482615448154e-19,3.5569458736292e-19,5.479621043171698e-16,4.284521603819342e-19,5.816098687894975e-16,4.799073617014956e-19,6.405488042732535e-19,7.210799066284203e-12,7.785748825412411e-16,3.612264779783984e-15,5.811322809714914e-19,7.25568030085725e-16,8.399632041625337e-16,3.612340584831314e-15,3.6121155634319954e-15,7.700151482743868e-16,1.582626718925826e-19,3.281837307331936e-16,7.718344065877297e-16,6.227846087075714e-16,5.683905651322458e-16,3.612242786568682e-15,7.58828338392765e-16,7.1202458765872645e-16,2.692167951658824e-19,5.244901106367514e-19,5.432293660181781e-19,6.804160024539369e-16,3.0642531566004913e-19,3.1680178378765645e-19,4.558397395303456e-16,3.92170748045343e-19,3.612376700201873e-15,5.144717061400703e-19,3.040512071757023e-19,3.0327751595019075e-19,6.99102924019807e-16,2.871212568687316e-19,3.6122768319877955e-15,3.612396173255062e-15,-3.03738738815736e-19,4.764636631503329e-19,3.7257864692044626e-16,7.210653615991569e-12,3.61244303901027e-15,7.211002779806136e-12,8.329881139088995e-16,4.639871710460943e-16,6.107877132166168e-16,5.304873419642053e-16,2.861758586717051e-16,5.729996680488536e-16,3.45991798390678e-16,7.147148230093812e-16,6.514488142579038e-16,4.686331883523756e-16,3.833655838270626e-16,6.485891397452726e-16,1.0927379346557916e-15,5.955144856345175e-16,5.052576726922076e-16,6.136555532193913e-16,1.5246889395264603e-19,6.979192261839023e-21,3.6124963273491805e-15,4.974020649819037e-19,2.6093758356356684e-20,3.8865222064380396e-19,4.556148022948757e-19,2.034665343479739e-19,2.5958316022208654e-19,3.741760128099615e-19,3.2255959630945863e-19,1.9221476546294678e-19
-3.2085001816501525e-12,4.0064608371563103e-16,-4.157943194357771e-16,3.0182167843397294e-16,-6.621755334963774e-13,5.572767831464014e-16,5.415861471049419e-19,6.253863616561783e-19,2.083635804408827e-19,-8.290677618222539e-13,1.0162424088302282e-15,2.6265619693940137e-19,-4.1512534057348453e-16,4.794361728335458e-16,3.4892241230037013e-19,-3.768388082816993e-21,5.765316287543929e-16,3.4571229397799257e-16,7.044540900818595e-16,6.402503854236927e-19,7.09495261096219e-19,6.836597683834389e-16,2.1252319566941486e-19,1.895038245290073e-19,6.280035047622096e-16,6.348607911060528e-16,-4.1551223341451645e-16,-4.1595420590581197e-16,3.2490239237038486e-19,5.074096485396154e-16,5.609463553764688e-16,2.2015289666485237e-16,6.565049068349233e-16,6.462013096342027e-16,2.0190046838815298e-19,6.0334062028677e-16,2.005295546596382e-19,4.463165770541743e-19,7.82258733992619e-16,8.372758347496814e-16,8.507201507550779e-16,5.096280282190775e-16,3.5356239542508753e-19,4.871297913403684e-16,9.276855599254691e-20,1.9439357906201353e-19,2.231408329081795e-19,-4.1508164270856583e-16,3.5101387678479553e-16,7.797066815676258e-16,8.495548355695674e-16,-4.153562328803675e-16,4.0586644203376464e-16,5.255488043994794e-16,-4.15566559570777e-16,-6.07017598396224e-20,8.275305300259946e-16,1.3852820475363093e-19,6.957038385113889e-16,6.88849029626698e-16,8.762602157001844e-16,2.6856868010129944e-16,-8.288829711762844e-13,3.935798869730529e-19,-4.15394281453796e-16,2.907283750645378e-16,7.063219775884421e-16,2.2093193378116657e-19,-4.1559847191974125e-16,-4.156178093311801e-16,4.906311264062252e-19,2.6271750122763506e-19,2.6334155498619324e-19,2.008809341582162e-19,2.468805330156978e-19,4.694103574243969e-16,-4.154237912859257e-16,6.140404349248529e-16,5.731332259883361e-16,9.133156903251783e-16,7.440266027080652e-19,6.72542016929805e-20,4.067103887080917e-19,2.7976840012838233e-19,6.840493627932585e-20,4.070194332042861e-16,5.107531769589036e-16,-4.15504042980294e-16,6.770648220703195e-19,5.298152208986618e-16,1.081959411299442e-20,-2.833353551311946e-19,4.639227554260812e-16,-4.153933506373095e-16,-4.1538786416807653e-16,6.040294361035416e-16,6.151653542248385e-16,3.943301743901643e-16,-4.155633604112163e-16,-4.154071973623383e-16,-4.1569033877086744e-16,8.189893454297771e-16,1.7185898525300213e-19,2.928239201054254e-19,2.313509322206266e-19,2.0915818864098182e-19,4.925441673007333e-19,5.435328405002876e-16,2.1894961083497197e-19,-1.1032230220170947e-19,1.5640326935719453e-19,4.310970525190427e-16,7.373175170212949e-16,7.68738182897813e-16,4.568470425984375e-16,5.951462548231689e-16,6.207079258707403e-16,4.0351527581039036e-16,2.899388287765375e-16,-8.289207299649298e-13,6.98044107727764e-16,4.2696070845232187e-16,5.315181595213303e-16,6.891768569145456e-16,1.6056360707369676e-19,6.610273811038842e-19,1.684628839612714e-19,1.8028603661931827e-19,1.7585358541914675e-19
-3.428413067045222e-12,8.51333676410749e-16,-5.216225091285342e-16,-2.079841761963559e-19,5.572767831464014e-16,-6.628907221484126e-13,5.820919752316026e-19,-8.885985226281702e-20,6.166779848020844e-19,-1.0400679851043907e-12,5.267695420270852e-16,4.503069099381332e-16,-5.216480780523122e-16,1.587668229774361e-18,2.0006171132289382e-19,5.4420226864435215e-19,9.536828814292561e-19,1.6331945587844435e-19,4.457616410956567e-16,3.0225082447034573e-19,2.9947873664834357e-19,2.632977670136048e-16,9.078387799868286e-16,3.6948706365703973e-19,8.980256895284703e-16,6.439620340370696e-16,-5.215627943819706e-16,-5.214998544351618e-16,1.4197009856868751e-19,2.9502902802270504e-19,6.393203117993512e-16,5.964495851214327e-16,5.00090401342055e-19,2.348365107641066e-16,1.0146461344222932e-15,1.2063719187293314e-19,8.640019466206619e-16,3.03628899845373e-21,-9.6029489569631e-17,4.886047294613961e-16,9.918157237721448e-19,4.59093841114989e-19,2.678349020316368e-19,3.4884988005713626e-19,1.3818128239205015e-16,1.3213263960681882e-15,-5.2262443402873e-20,-1.0403320901442798e-12,7.399117225454992e-19,3.295446487094422e-16,7.325754290560052e-19,-5.21231596996822e-16,9.644039139622555e-20,1.2598589730353075e-19,-5.213768738404006e-16,5.041528693622445e-19,3.88938469657967e-19,7.234803530222414e-16,-6.862505018661708e-19,2.27512464359007e-19,4.3933983582256823e-16,3.885818480837457e-16,-5.209437445643547e-16,1.008231156737547e-15,-5.213820593344565e-16,6.836349161644406e-19,8.455202093577407e-20,-1.0638336218416315e-19,-1.0411996750398538e-12,-5.217824217258844e-16,6.767559830360285e-16,2.656986113881237e-19,3.4648847050872055e-19,1.0778039558977615e-19,9.181666860071881e-16,5.89398093883813e-16,-5.217978006330345e-16,3.052154816861232e-19,4.120218563383044e-16,1.045297907071501e-15,3.731594250813387e-19,7.314786396977943e-16,9.010616852826871e-16,1.906267623743954e-19,5.008817323321209e-16,1.0501117589405242e-15,5.69410810747552e-19,-1.0406468041753084e-12,4.524205420046789e-16,5.7282304233651415e-16,1.370222597646546e-19,-7.729509249731767e-18,5.282265449258743e-19,-1.0403960930648086e-12,-5.215602434359979e-16,1.0362725695956077e-19,1.67166211882113e-19,1.0862516339727703e-15,-5.2119233332648175e-16,-1.0404880533861382e-12,-5.217652381387363e-16,-1.1951533678989912e-19,8.06271188382133e-19,5.77474009736924e-20,5.517771834616237e-19,6.299667059384575e-19,8.28934564591134e-16,1.3735790253978799e-15,-2.262646156500708e-19,1.7082370687418455e-16,9.71578879077961e-16,4.684493120597197e-19,7.67329405768498e-16,4.303945314261511e-16,2.3603395063208076e-16,6.40301764832173e-16,8.143284951468175e-16,-1.3102110844367218e-16,5.027346677407133e-19,-5.210165293102805e-16,4.2026179088488256e-16,4.139981575168457e-19,4.1326520100225096e-19,4.715342998078545e-19,8.934482920269484e-16,1.0537206057792159e-16,-1.432538142662375e-19,2.3667369746501094e-19,9.02761005919304e-19
1.8993612901827292e-11,1.342738442641361e-15,2.1446782852647744e-11,6.602233077053819e-19,5.415861471049419e-19,5.820919752316026e-19,-6.606546272157547e-13,8.802555699233138e-16,6.050238088424465e-19,2.1447686981186003e-11,1.871492138618891e-15,1.4018107216016573e-15,2.1447317012416973e-11,1.5541374476451282e-15,6.873301928870979e-19,4.986101599949244e-19,1.4720272729051586e-15,7.903858805164654e-19,7.354993461681627e-19,6.449915260271501e-19,1.1692156669140303e-15,1.2394531390872744e-15,1.1513937320392083e-15,2.205588370494255e-15,1.6203727818483319e-15,1.149924330846772e-15,1.0744794727592731e-14,1.0744362447481346e-14,1.4016467702835957e-15,9.462587474639074e-19,5.664421386123665e-19,6.7150212761507705e-19,1.1672046958335004e-15,4.2678652338386394e-19,1.57832737232806e-15,3.972562484728316e-19,1.308818465323577e-15,1.4017679046270292e-15,6.764501809134712e-19,1.4911121213005044e-15,1.9255657501259916e-15,1.468419500872166e-15,1.6526154845822264e-15,1.6746889131419352e-15,3.089040649173556e-19,2.303652803495701e-19,1.3217925971848805e-15,1.0744557962773984e-14,6.038950540912907e-19,9.147599652289401e-19,1.4675546405936402e-15,2.144789305250138e-11,5.638970891590018e-19,1.4094857389987041e-15,1.0744199890736092e-14,6.02197621202852e-19,1.5627645557199191e-15,1.1857323143207154e-15,6.938704967184301e-16,5.296650535438481e-19,1.3176726305127996e-18,7.085102671783806e-19,1.0744178819373604e-14,1.2234777013572118e-18,2.144798014978602e-11,6.991994426416743e-19,1.04548746353031e-15,4.1278242705148395e-19,2.144663187160181e-11,2.144700536984131e-11,3.8522685900768716e-19,6.132532311350619e-19,4.662840850872219e-19,1.352905312555409e-15,5.541038446262583e-19,1.315530877450047e-15,1.074429207920866e-14,1.5907933496475969e-15,7.428464652448903e-19,1.1077813488835676e-18,1.6345642209503523e-15,5.875490751612076e-19,1.7312637685510818e-15,1.1728963736263974e-15,1.144491564848288e-18,7.906828850315621e-19,1.4471811915829716e-15,2.144755657558902e-11,1.6612362858655134e-15,7.089485796156189e-19,6.0525066345174e-19,6.376074237338294e-19,7.753744484816699e-19,2.144789839143173e-11,2.1447745065962776e-11,6.142338753647973e-19,1.5183577631702583e-15,1.3946545554215358e-15,2.1447258307185215e-11,2.1447851700416057e-11,2.1447375343651838e-11,2.207632730461482e-20,1.7958159205321537e-15,1.3710177659711816e-15,9.840838907964378e-16,1.4392292971602805e-15,1.2783604151069219e-15,1.3876500289240663e-15,1.1532798814999682e-15,1.3352260382896982e-15,1.0702668210072499e-15,4.358898894975447e-19,1.3066249349032447e-15,2.0337729966906506e-15,1.080236490170358e-15,3.4361123022508346e-19,4.3167384226068453e-19,7.026233533795589e-16,9.594829062930976e-19,2.1448260915886022e-11,1.3572894962709603e-15,8.421620079240091e-19,9.508797457233521e-19,1.5567525300289082e-15,5.541525321023964e-19,1.5178614695619961e-15,1.214630703099329e-15,1.217429613812484e-19,3.473803266295005e-19
-2.648657678899425e-12,8.603192859574798e-16,-1.3138901725151673e-16,8.167067268084997e-16,6.253863616561783e-19,-8.885985226281702e-20,8.802555699233138e-16,-6.624534929605688e-13,5.892222212734024e-16,-2.615089956158968e-13,2.2072065501397257e-19,5.194814079787849e-16,-2.6253507757005344e-13,8.68178680165408e-19,3.94841800088673e-16,2.6012172190316983e-19,2.453894880847038e-19,6.339828193283716e-19,3.437929648006186e-19,1.270800503450591e-19,1.3660013177713812e-19,1.9013606864279287e-19,7.501202898292572e-16,1.1687251214787528e-15,8.453866800228766e-16,3.256508106554776e-19,-2.6179177731645514e-13,-1.316011904914164e-16,1.9470685130701952e-19,8.075210420640139e-16,6.395630661054333e-16,5.752208759050575e-19,5.329755596391999e-16,1.4895447576184605e-19,1.0260045861982326e-15,4.637010730626613e-16,3.5872122207349122e-19,2.1757239762369453e-19,1.220489446143944e-19,3.6665774033813025e-19,1.2311925053857762e-15,8.428886552304925e-16,5.009191082865468e-19,6.379217910030785e-19,1.2570660804977556e-20,6.34567212314394e-19,2.284073356300017e-16,-1.315751840500859e-16,4.2919228369951563e-19,3.8013055869890677e-19,6.217593641253476e-16,-1.3090775489545954e-16,-5.960181271259299e-20,2.6404461996457713e-19,-1.313620891597414e-16,5.1640866818001065e-19,7.30343885764706e-16,5.76763510459046e-16,-2.2612907624534933e-16,4.918440010229534e-16,1.5303695719695559e-19,8.589763028189031e-16,-2.6187584846366223e-13,1.2595596140660551e-15,-1.315772544278654e-16,1.1001530358477722e-15,2.520725917962218e-16,3.132708695619614e-16,-1.3161105911938386e-16,-1.3156381779225422e-16,1.6364926804435256e-19,2.6234906834773515e-19,3.218661257338097e-19,2.554168690675258e-19,6.378182268213216e-16,4.743670760775435e-19,-1.3166315489869163e-16,1.10435604358897e-19,5.28308671986439e-16,4.182098216308386e-19,3.572663518910005e-19,6.165597666760843e-16,3.63429056423467e-19,2.4939145930804363e-19,5.897978002060048e-19,1.0418165889241867e-15,6.332244390783256e-19,-1.313676610905747e-16,6.140996123984668e-16,6.156026064386321e-16,5.817235977162507e-16,4.457432077592857e-16,3.3333082844885965e-19,-1.3112215444523799e-16,-1.310384964338688e-16,1.4983898431775903e-19,6.12858684720798e-16,1.0025192156070083e-15,-2.6188901356404875e-13,-1.3118185092947874e-16,-2.6220015725877016e-13,5.5071147513320345e-17,1.269582661618321e-15,5.910393518409794e-19,3.8374066063935823e-16,5.732144621177257e-19,3.7903008091517506e-19,5.54410026812933e-19,2.799209120348267e-16,2.431347863379897e-19,6.028069197365064e-16,6.248612202098207e-16,9.897220005020628e-20,7.778609685317316e-16,3.752884269396191e-16,4.673267991972167e-16,3.105591527384919e-19,1.4456720564897578e-20,5.24105560259234e-19,-1.3133748658944095e-16,3.022498393668321e-19,2.7413273184124837e-19,2.975022590450443e-19,4.884720573915084e-16,4.518247162883693e-19,1.364349701802904e-19,1.7463108874819696e-19,1.7550939592650173e-16,2.4698255198834187e-19
-2.6219741920143196e-12,7.580052949533089e-16,-1.1840522522822178e-16,4.394366939611619e-19,2.083635804408827e-19,6.166779848020844e-19,6.050238088424465e-19,5.892222212734024e-16,-6.618574418081292e-13,-1.1810421814486558e-16,7.207814295473701e-19,7.823899334589062e-16,-1.18084050133182e-16,6.927425272806871e-16,3.170786150568003e-19,4.762403925618892e-19,5.150710646429564e-19,1.1768920789070787e-18,4.573123377465578e-19,8.888856863580851e-16,1.5327826614062728e-19,6.148654017173079e-19,5.775472467046459e-16,2.727415804113216e-19,8.434728755178412e-16,1.8573015830240997e-19,-2.35425483384003e-13,-2.357512233423514e-13,7.36954789773351e-16,-2.1385576566554655e-19,1.5302404742568698e-19,2.6650485233706043e-19,3.574420953715455e-19,7.226085808042249e-16,8.766977246923992e-16,1.689514945457256e-19,6.028395990092765e-16,8.418879939686112e-16,9.05785171056756e-16,3.821035395451939e-19,8.326356053770126e-19,7.50897207870423e-16,4.522479084723105e-19,8.903192434979248e-16,4.375994087645604e-16,8.731853821777336e-16,8.752704151443492e-16,-1.182342329567989e-16,7.660363988867602e-16,1.1315686026444976e-15,3.900579840004607e-19,-1.1795674669990334e-16,6.123090543289662e-16,7.871722270858789e-16,-2.3592900203577617e-13,6.323690999939181e-16,6.453874438204629e-19,6.379029969166427e-16,4.426942890864619e-16,2.628642081429328e-20,1.059799925214557e-15,5.594998071511726e-19,-1.180711549304241e-16,5.351278246755242e-19,-1.1788646606183246e-16,8.521375901429305e-16,2.840560118170079e-19,4.382820235777792e-19,-1.179418991288681e-16,-1.1812934156341834e-16,2.351601257511179e-19,8.534915025815249e-16,5.272203484819924e-16,8.279568162404533e-16,5.9549824471135e-16,5.256711641327339e-19,-1.1794431788458982e-16,8.5814267655489325e-16,4.707098581259063e-19,9.890612162443442e-16,6.117733351702766e-19,7.838799219463057e-16,3.8955662921216505e-19,3.447725779430881e-19,8.547895290731253e-16,5.399909950791785e-19,3.612662078127426e-19,-2.3546723312442446e-13,2.569009971000304e-19,5.67369661659294e-19,6.398464588590632e-16,8.681328099903392e-16,5.944826135457666e-16,-1.1794934016705855e-16,-1.1796255472547212e-16,6.133781008858791e-16,8.479854763809256e-16,2.866954301369213e-19,-1.1807673987738514e-16,-2.3536427259393967e-13,-2.3552237518000816e-13,6.066984889676601e-16,4.2118711086093313e-19,3.8001688908276933e-19,4.6743591630972565e-16,6.508476366060801e-16,2.7873608384984096e-19,6.128167006412982e-16,4.644588511824369e-19,1.961040740430685e-19,4.68591882883863e-16,5.28876260683348e-16,6.882195397792503e-16,1.9696323031604066e-19,2.301156062650142e-19,4.998372044320425e-16,7.131683982053641e-16,2.9795646624330496e-19,3.8899595462832515e-19,-2.3514546210618985e-13,7.406073518026214e-19,4.2671082373748473e-19,1.0000192526446291e-15,8.810280497070198e-16,6.299431725543246e-16,8.471077186475886e-16,4.757127374261873e-19,5.410270360583666e-16,4.376918628277714e-19
0.9999999999768361,1.6449963682778276e-12,0.9999999999797963,3.6123823050004056e-15,-8.290677618222539e-13,-1.0400679851043907e-12,2.1447686981186003e-11,-2.615089956158968e-13,-1.1810421814486558e-16,0.9999999999528659,-5.392999885449538e-14,-6.5326250586728164e-12,0.9999999999669603,-2.6440255032693893e-11,-5.546772253350812e-15,2.0373648756554726e-11,-1.8329126682725076e-11,4.073041591201657e-15,-6.538413703153302e-15,3.3778704989674943e-12,4.325354971358719e-15,-1.5417700384317688e-14,-1.6317826751942155e-12,9.442498807855346e-11,2.1648452258407614e-14,2.417894695568867e-16,0.9999999999605494,0.9999999999829492,2.840588851647846e-11,-1.973104266080696e-11,9.418988948664793e-15,-1.0222338663409611e-16,6.841415619284005e-15,2.491105130650235e-13,1.5558559370093538e-11,4.3957722125085126e-12,1.3339890551350638e-14,1.5422938879103854e-14,3.019400967201526e-11,-5.905901757789042e-15,2.336501394001952e-11,-8.235147155008757e-12,6.668681171581014e-12,-2.5592747847606763e-11,-8.895867682370234e-16,-4.451292375593314e-11,-3.2948882861977895e-15,0.9999999999745444,-3.010670389537436e-11,2.278212902568553e-14,1.2996374055441349e-11,0.999999999955852,-1.6281045079355636e-15,-5.5381796788773085e-12,0.9999999999622233,6.493156408080369e-12,-9.74795402337255e-12,-8.996771580638409e-16,1.2645703466518585e-15,1.7347400804230692e-12,-1.877801677428391e-14,-1.5230219505940426e-11,0.9999999999489289,-2.2839720199319985e-11,0.9999999999588394,5.6298987879799596e-15,-5.375870260208365e-12,1.9145237725457574e-15,0.9999999999708205,0.9999999999911586,-2.8138174585264384e-11,-2.8765414315521838e-15,-2.6354044367969e-15,8.899861789425606e-12,-1.857231356563118e-11,1.1380955271293518e-14,0.9999999999592427,-4.4199930519532264e-15,-1.8261270276483467e-14,5.0377264344303974e-11,1.7620942522371737e-11,-7.454870464657039e-12,3.9367574556753094e-14,6.748349995277463e-15,-4.4926447151845906e-15,8.041909309616224e-15,3.03371034362144e-16,0.999999999991547,3.602648785022501e-13,-1.441478755441185e-15,-7.751559223783238e-12,2.5226505199431637e-15,-4.274175516588764e-12,0.9999999999620424,1.0000000000092073,-5.651090912587908e-12,-1.221741800370312e-15,2.838954459414133e-15,0.9999999999912023,1.0000000000035183,0.9999999999725474,3.2134428813450886e-16,3.8203371188035975e-12,-2.0638234152594745e-11,-6.637922441566722e-15,-4.915784482774542e-16,-3.877065443250742e-15,2.7187181495024264e-15,9.839472440877522e-12,3.1074488758432275e-15,-4.988977421704804e-15,6.107295983788966e-12,-2.5306987369272932e-11,5.4852403306028115e-11,-1.3769773995255363e-13,2.9180031350725534e-12,9.964696212694412e-15,-7.582118136854176e-17,-7.145263838719864e-15,1.0000000000105116,-1.016387510289102e-16,2.086222633042545e-11,4.922236787868919e-15,3.349435294290292e-11,2.7648736569019563e-15,-1.7690684217764076e-14,9.415460778842765e-12,7.898799130071535e-16,-9.31017606989242e-12
-1.1007683301144422e-10,1.3237364568746127e-15,-5.393069871457905e-14,4.382019379744335e-19,1.0162424088302282e-15,5.267695420270852e-16,1.871492138618891e-15,2.2072065501397257e-19,7.207814295473701e-19,-5.392999885449538e-14,-6.561806231444519e-13,1.1412057139548858e-15,-1.0765097098014019e-10,1.6699667679288076e-15,4.0192255123702063e-19,7.2997342239583965e-19,1.4423007045903296e-15,1.1872897497640735e-15,1.1712737603436597e-15,1.436110422927657e-15,1.1664604999984644e-15,4.976116447831007e-19,4.764518632244888e-19,1.794277998184454e-19,1.067302149511795e-18,5.667312705309135e-19,-5.3930212424795e-14,-1.0765093994129662e-10,8.433251635637214e-19,5.921986436332217e-19,6.829825844717279e-19,4.628625743580265e-19,6.644633487000861e-19,9.157769268315114e-16,1.5561512638881676e-15,5.123014796083854e-19,5.823669058164076e-19,6.14631223178582e-19,1.1709731830240413e-19,1.1870496331607113e-15,7.030214686375388e-19,1.3656858823281053e-15,1.5771976363981371e-15,3.5372475134561263e-19,4.4260916152595115e-16,1.8004713567596e-15,9.797674052885892e-16,-1.0765055093221529e-10,9.351117347627606e-19,1.183360380028053e-18,7.2502958044695615e-19,-1.0765020827067928e-10,4.408146332763274e-19,5.399502775452283e-19,-1.0765100890886308e-10,4.36153917813834e-19,1.3280644333455774e-15,4.729297291573639e-19,6.548149341708667e-20,9.379825293086765e-16,1.4326958138177229e-15,1.5778189540757166e-15,-5.3930307726660395e-14,2.0928064488558046e-15,-1.076501036392464e-10,1.548678157100943e-15,7.38411201146245e-16,5.249960294778017e-19,-1.076513787367902e-10,-1.0765108814724957e-10,3.848526115876597e-19,1.2916649552256084e-15,1.1319289029638808e-15,1.0915418454281993e-15,1.0568921004754734e-15,1.1786441342393117e-15,-1.0765127990508744e-10,1.3536070243597491e-15,1.2025741712543352e-15,9.81006564507982e-19,7.913785219578086e-19,1.2130293434068079e-15,9.74918780689163e-19,4.849849030429391e-19,4.220732044402733e-19,5.102684193493205e-19,1.0118515856812734e-18,-1.0765050544061738e-10,1.3785861631274165e-15,1.1367763764485543e-15,1.0444115953170823e-15,4.622561387635061e-19,1.1127111905892638e-15,-1.0765015655847552e-10,-1.0765027162489745e-10,1.0467232831004207e-15,-4.9948531735635806e-20,1.3908127126651314e-15,-5.3930399681213534e-14,-1.0765024264629377e-10,-5.392999945017222e-14,6.629957263496534e-16,1.7957568994314947e-15,6.242365585189771e-19,8.044867343133711e-16,6.603297737119348e-19,6.203348127216014e-19,1.3989857249166614e-15,-1.8824156013043688e-19,1.1534639857065075e-15,9.340153196114604e-16,4.425774523056583e-19,4.985287945993431e-19,4.837071873567884e-19,1.6654841894958745e-19,8.25525480992269e-16,1.258007959546415e-15,2.56269481419298e-19,1.4639782251569777e-15,-5.3929933393986604e-14,1.0577698780397237e-15,1.3646814107681711e-15,6.232519915232938e-19,6.594842943228328e-19,4.016117589300984e-19,1.0459271066068613e-15,1.015272420772621e-15,6.570457442396564e-16,1.163051391480615e-15
-8.935242635763527e-12,8.563225938155473e-16,-3.2731400987798477e-15,4.925479231619472e-19,2.6265619693940137e-19,4.503069099381332e-16,1.4018107216016573e-15,5.194814079787849e-16,7.823899334589062e-16,-6.5326250586728164e-12,1.1412057139548858e-15,-6.617831434387301e-13,-6.532942068913579e-12,1.1331741394406464e-15,4.917238990877462e-19,4.544810200894387e-19,6.586502943378534e-19,7.84781227239563e-16,4.126065765766849e-19,3.329501045561292e-19,7.984070516667026e-16,4.049974139919961e-19,7.891874822713681e-16,1.4823151894564094e-15,1.0538048235666902e-15,6.213236103409613e-19,-3.2729301008889438e-15,-6.533028567564017e-12,7.659880092550929e-19,3.318013584923129e-19,3.7905531802054017e-19,7.405697798649072e-16,8.270194503920546e-16,3.741329749356798e-19,1.0142690076187648e-15,5.448556340238823e-19,5.80628818427048e-19,6.472911680156892e-19,5.871289219390589e-19,8.808685109449434e-19,1.331622491357974e-15,4.030445815991993e-19,4.346829510178526e-19,4.820783047273533e-19,2.313663272056336e-19,1.1368488674688372e-15,7.438198948272434e-16,-6.532634274527111e-12,1.1162199129843573e-15,1.155844948873243e-15,1.0199673596574478e-15,-3.2726139714466603e-15,6.377842118401004e-16,4.620491246450101e-19,-6.533140054217281e-12,8.51564050444831e-16,3.9818482693438505e-19,7.92376324409944e-16,4.3990070405894064e-16,3.9771830893957604e-19,5.709046355864886e-19,6.1060269144592085e-19,-6.532773008143988e-12,1.3991660571631047e-15,-6.5324179323161425e-12,1.0085670383324375e-15,7.061860107208165e-16,3.567636351054419e-19,-3.2730991911498464e-15,-3.2729830382279897e-15,3.1175061458362314e-19,4.569411363969582e-19,8.53556107269394e-16,7.631452415025826e-19,9.385004036379018e-16,8.44419405512108e-16,-3.2735381384918193e-15,1.0346933052033828e-15,8.5466880472948e-16,7.951471718145749e-19,6.703212306123796e-19,9.68777550203774e-16,5.928196925796331e-19,2.312365028269158e-19,6.03990446883142e-19,2.8007974467458417e-19,3.908072879052529e-19,-3.2726936107611708e-15,8.439534052810135e-19,8.279892370661525e-16,7.882570834025112e-20,6.79634731090776e-19,2.5004207527749323e-19,-6.532564085470691e-12,-3.2729383365883065e-15,2.878635012671572e-19,9.403765414383584e-16,4.721064314442213e-19,-3.2736043743908343e-15,-3.2727647059515965e-15,-6.532903552236412e-12,3.0432219446786128e-19,8.400798781032885e-19,8.418339661070658e-16,9.385779935059637e-19,3.4385381210615274e-19,5.255041715281374e-19,3.7678517032306276e-19,6.46525904384718e-16,7.756763432572749e-16,8.084953496126624e-16,5.05746742705896e-19,4.515517877685381e-19,1.2760294006761556e-15,5.815645545975793e-19,7.06522690026653e-16,3.76876179087716e-19,1.5224090870907336e-20,9.146973189674112e-16,-6.532325513862583e-12,8.945171256934059e-16,9.280682290678313e-16,6.885038282707543e-19,9.824781710440228e-16,1.9600030543140606e-19,9.529263449332162e-16,4.813000098974621e-19,5.56038063306675e-16,2.6585310877788773e-19
0.9999999999902642,1.6452578738127638e-12,0.9999999999932194,7.211227904688324e-12,-4.1512534057348453e-16,-5.216480780523122e-16,2.1447317012416973e-11,-2.6253507757005344e-13,-1.18084050133182e-16,0.9999999999669603,-1.0765097098014019e-10,-6.532942068913579e-12,0.999999999979716,-1.3245401333918537e-14,-1.1072544768184542e-11,1.0207180386572277e-14,-9.182206839684986e-15,4.073149758974934e-15,-1.3052007511499189e-11,3.3781218754753506e-12,4.3255744173358185e-15,-1.541833667218116e-14,-8.174998687332849e-16,4.7304273364364936e-14,4.321326198771522e-11,2.4221113703180877e-16,0.9999999999739744,0.9999999999963732,2.8406113427393948e-11,-1.9730807567303325e-11,1.8801348804091005e-11,-1.0189734563157592e-16,6.841237780703071e-15,2.485611717869135e-13,1.5558934823042888e-11,4.395478241297111e-12,1.3340045714064853e-14,1.542270298464203e-14,1.5126112099023984e-14,-5.9060817510612416e-15,1.1705354460238138e-14,-8.234901580452119e-12,3.341208047700707e-15,-2.5592290893932433e-11,-1.7763066620487637e-12,-2.229890504408022e-14,-3.294825136224212e-15,0.9999999999879675,-1.5082534045108406e-14,2.27816010572994e-14,6.5107252178768496e-15,0.9999999999692791,-1.6281987603325622e-15,-2.7745847649291892e-15,0.9999999999756494,6.493348703633975e-12,-9.74810272847814e-12,-8.99935718917167e-16,1.2638169750623792e-15,1.734490879125132e-12,-1.8778399320725482e-14,-7.629787890655419e-15,0.9999999999623551,-1.1441783243118193e-14,0.9999999999722651,5.630243969583553e-15,-2.6935678031973997e-15,1.9141475035866013e-15,0.9999999999842454,1.0000000000045828,-1.409689228922679e-14,-5.742003131836152e-12,-5.259756973103178e-12,8.899446455775908e-12,-1.8572385078226006e-11,1.1380472823156721e-14,0.9999999999726672,-4.420324058033247e-15,-1.826133934221732e-14,5.0377095497259336e-11,8.8276603218647e-15,-7.45516038885185e-12,3.9367394945911906e-14,6.748096313469099e-15,-4.492769393411845e-15,8.04204724612211e-15,6.062869686361831e-13,1.0000000000049716,3.5989492232469334e-13,-1.4412960317757897e-15,-7.751665998805189e-12,2.5224559518018107e-15,-2.140957893993371e-15,0.9999999999754675,1.0000000000226306,-2.8311504969237858e-15,-2.4393421152022977e-12,5.6678609091319336e-12,1.0000000000046283,1.0000000000169433,0.9999999999859717,3.2094637613783895e-16,3.82106954029062e-12,-2.0638260923842027e-11,-1.3249827716031801e-11,-4.91172625871501e-16,-3.877069002927144e-15,5.4280602921892065e-12,9.839025521797264e-12,3.107390261438377e-15,-4.988710540616124e-15,3.059513370261942e-15,-1.2678567012309318e-14,5.485204351305824e-11,-1.3798786598177834e-13,1.461633386825103e-15,1.9890517742958753e-11,-7.644861966416704e-17,-7.145024700618056e-15,1.000000000023936,-2.035439117038238e-13,1.0451495666912595e-14,9.825317266362162e-12,3.349391908980953e-11,2.7652750745251885e-15,-3.5312630231357866e-11,4.716780870922375e-15,7.898819254800967e-16,-9.310239345324348e-12
