1.0000000319333915,9.483532337805817e-06,0.9999374120121055,8.927668962363752e-06,9.038206028840514e-06,9.29929540269956e-06,9.690283202060329e-06,0.9999376297108785,9.13189440250704e-06,0.9999375992622579,0.9999378176249795,8.928097482374523e-06,9.458650608420933e-06,0.999937188063738,9.473975068381513e-06,9.034398152801055e-06,9.031245134036344e-06,9.30961733728515e-06,9.023945057972258e-06,8.713493859759542e-06,8.927196983896062e-06,9.140547760973519e-06,0.9999377291932838,9.153723184104117e-06,1.0404766758038034e-05,9.2900112316384e-06,9.149185908555914e-06,9.715806017401236e-06,0.9999374394458056,8.93625211477472e-06,9.298039216973722e-06,0.9999371379497798,8.941494021140654e-06,8.931397847997415e-06,9.302086621083148e-06,0.9999371544324313,8.846885563895368e-06,9.03189579036332e-06,9.289266025176904e-06,8.661438416068747e-06,8.94276355384071e-06,9.292075838195033e-06,0.9999376026268021,8.933924342495971e-06,9.460647067461374e-06,9.15240689967667e-06,9.697206231293394e-06,9.288879087210608e-06,8.846849192878413e-06,9.305758572962649e-06,8.931872277628423e-06,9.290459659048584e-06,8.93473261536209e-06,9.298359507220044e-06,1.0406083293866042e-05,8.848971481146219e-06,9.019470110688179e-06,0.9999371252118339,0.9999376953787551,9.038238650525052e-06,9.29543102305108e-06,0.9999370896654247,9.468439812564153e-06,8.918813719213858e-06,0.9999377500493949,9.021721013219538e-06,9.469412802363707e-06,9.136657553677476e-06,9.309494265595148e-06,9.669493818196968e-06,0.9999372922429003,9.300891384869774e-06,8.671761049483052e-06,9.488010055386431e-06,9.300371826445155e-06,9.294026028272595e-06,1.0010210691811263e-05,0.9999372145713831,9.475972326938945e-06,8.940208336114266e-06,9.03503384556048e-06,1.1929063701721854e-05,9.15445537682267e-06,9.290836726919065e-06,8.933075078462364e-06,9.155644959729508e-06,9.13836595713067e-06,0.9999372043612962,9.466785298476199e-06,8.849609467100268e-06,9.456788835491647e-06,9.306770862829524e-06,0.999937431510874,9.298145102456204e-06,9.0399022506539e-06,9.71157496476961e-06,8.933838211825564e-06,9.311040500721715e-06,9.48137599334568e-06,9.144335143215295e-06,9.146962033259013e-06,9.02805566953129e-06,9.298662904974025e-06,9.03867094847898e-06,0.9999373332622709,9.155543303752008e-06,9.03111187057998e-06,8.93855612612695e-06,9.15531401889396e-06,9.479927403032826e-06,8.786436245688374e-06,9.306038117938409e-06,9.148337896060783e-06,8.936098425105594e-06,9.019267801737286e-06,0.9999372947185379,8.658003432593494e-06,8.777701300766634e-06,8.858408702819918e-06,9.027389076984791e-06,8.849432264319785e-06,9.146493637634421e-06,8.936265679692368e-06,9.282107188859934e-06,9.46447346114323e-06,9.15655475015011e-06,8.853918931075908e-06,8.778951489596246e-06,9.473145084750858e-06
9.483532337805817e-06,2.1269812179176478e-05,1.665440339769269e-06,1.850527494740775e-12,2.0348447878798037e-12,2.4702248065893162e-12,3.122205642950743e-12,1.6654407031431047e-06,2.1910968462822525e-12,1.6654406522767312e-06,1.6654410167438752e-06,1.851247630117934e-12,2.7359667473466924e-12,1.665439966104207e-06,2.761506256868742e-12,2.028499975832707e-12,2.023248471312802e-12,2.487423932837038e-12,2.0110722575190798e-12,1.493380092283735e-12,1.8497501611350227e-12,2.2055195509457342e-12,1.6654408690563003e-06,2.227477344020035e-12,4.3135806253228305e-12,2.4547450073463645e-12,2.219915342646078e-12,3.1647469523560173e-12,1.6654403855940765e-06,1.8648337750836882e-12,2.4681332058545624e-12,1.6654398823698896e-06,1.873578835364242e-12,1.8567519072685524e-12,2.4748684596106604e-12,1.665439909900962e-06,1.7158192148808467e-12,2.0243297707146208e-12,2.4535012963813933e-12,1.4065726278060491e-12,1.875689781703319e-12,2.4581899491450426e-12,8.343453635180307e-10,1.860961404569386e-12,2.7392943362081327e-12,2.2252862511916796e-12,3.1337472827172006e-12,2.4528629029855983e-12,1.7157592052282778e-12,2.4809914379357335e-12,1.857539256772417e-12,2.45549377148051e-12,1.8623080517280195e-12,2.4686588551063263e-12,4.315773505004273e-12,1.7192980623238556e-12,2.0036191310680534e-12,1.6654398611141267e-06,1.6654408127298006e-06,1.0194758092611822e-15,1.234254704667037e-15,8.343449346020597e-10,1.3788912874170682e-15,9.19506813729837e-16,8.343454868680957e-10,1.0056552686430669e-15,1.3793171180588727e-15,1.101639340616242e-15,1.245973197645247e-15,1.5469980910246519e-15,8.343451037351454e-10,1.2388208919058143e-15,7.132440002129668e-16,1.395567575214653e-15,1.2383323448297842e-15,1.2330815474004004e-15,1.831405261713094e-15,8.343450390982398e-10,1.3855118905206265e-15,9.37438231401635e-16,1.0173125038158128e-15,3.4341738967945454e-15,1.1162243501756535e-15,1.2304179145009999e-15,9.313100649691332e-16,1.1174412577223391e-15,1.1032504971769962e-15,8.343450300606663e-10,1.3773732419807334e-15,8.616048342450257e-16,1.3690527691396225e-15,1.2442566232217425e-15,8.343452204124991e-10,1.2364985780067746e-15,1.020942363399836e-15,1.5823978432067518e-15,9.321413103345965e-16,1.247429903835179e-15,1.3894666364287268e-15,1.1080516846186554e-15,1.1100016357071383e-15,1.0105890033737959e-15,1.2369909130840295e-15,1.0197627943936485e-15,8.343451384012136e-10,1.1173957600777171e-15,1.0137812505787498e-15,9.363099470315117e-16,1.1169793343783263e-15,1.388573671670948e-15,8.091251445672534e-16,1.2430431852834888e-15,1.1115052364754691e-15,9.341543881710078e-16,1.0038829743824833e-15,8.343451060092577e-10,7.01266925229053e-16,8.015338596358993e-16,8.691881287835044e-16,1.009589262343338e-15,8.616895953046037e-16,1.1098731599552616e-15,9.342184675851785e-16,1.2231705786105055e-15,1.3754772147519302e-15,1.1185907182307599e-15,8.655173341639944e-16,8.028281999387602e-16,1.3829475552901897e-15
0.9999374120121055,1.665440339769269e-06,0.999872287787074,5.558930075071484e-10,1.2201490012433318e-06,1.48121788963597e-06,9.379142221185523e-10,0.9998512356633908,1.313830038912021e-06,0.9998512052171473,0.9998514235629359,1.1100491319956762e-06,1.64056058811536e-06,0.9998507940505996,8.295576175776465e-10,1.2163414300543522e-06,6.077781016388925e-10,1.4915389861045067e-06,6.041211976837199e-10,4.486049217214444e-10,5.55656608045881e-10,1.322482718501327e-06,0.9998513351380377,1.3356570865354732e-06,2.5866023159145126e-06,7.374034333209458e-10,1.33112016613788e-06,1.8976957509166433e-06,0.9998510454131267,1.1182030906290142e-06,7.414249661374264e-10,0.9998507439404902,1.1234446410892552e-06,5.57760970521177e-10,1.4840088294422986e-06,0.9998507604218274,1.0288435897681331e-06,6.081040260130461e-10,7.370301210841725e-10,4.225284624143904e-10,1.1247140435234785e-06,7.384376802004881e-10,0.9998512085814407,5.590265791262786e-10,8.228811468792492e-10,1.334340927496013e-06,9.413822292301169e-10,1.4708023975856706e-06,1.0288072212160413e-06,7.452918431275272e-10,5.579986191810358e-10,1.4723828138293131e-06,5.594314678990694e-10,7.415853835440628e-10,1.2964845064035197e-09,5.164705969380529e-10,1.2014145775524153e-06,0.9998507312034708,0.9998513013262139,1.2201816735349412e-06,1.4773537708138795e-06,0.9998506956598497,1.6503490336105108e-06,1.1007661077019568e-06,0.9998513559925458,1.2036652990708734e-06,1.6513218758364887e-06,6.605830273329876e-10,1.4914158941786866e-06,1.8513871820417158e-06,0.9998508982216535,1.4828137111385425e-06,4.2769945209478885e-10,1.6699177318503266e-06,1.4822942043631827e-06,1.4759489412282037e-06,2.1920772929843623e-06,0.9998508205561278,1.6578809422883137e-06,1.1221590567955462e-06,1.2169770977441659e-06,4.110779653378667e-06,1.3363892412442257e-06,1.472759893156664e-06,1.1150263404825119e-06,1.3375787529884592e-06,6.614388344522365e-10,0.9998508103468723,1.6486946143587906e-06,1.031567290065805e-06,1.638698928157325e-06,1.488692735234943e-06,0.9998510374787796,1.4800677052604337e-06,1.2218451040215655e-06,1.893465042729879e-06,5.589834290962398e-10,7.479377421382571e-10,8.33265030853451e-10,6.644289764005735e-10,6.657448990771198e-10,6.061803872101272e-10,7.417373796641626e-10,6.114979578596434e-10,0.9998509392378206,6.70043567676909e-10,6.077113391790628e-10,5.613468023483057e-10,6.699287119270363e-10,8.32539359870078e-10,4.851444055959743e-10,7.454318847137643e-10,6.664340931461394e-10,5.601156508893257e-10,6.01778201833413e-10,0.9998509006970696,4.208077592771385e-10,4.807687758087216e-10,5.211980491689718e-10,6.058464574109716e-10,5.167014159212033e-10,6.655102516644126e-10,5.601994148387723e-10,7.334440186962731e-10,8.247979277633582e-10,6.705502342766757e-10,5.189489391529862e-10,4.813950379434033e-10,8.291418365481782e-10
8.927668962363752e-06,1.850527494740775e-12,5.558930075071484e-10,2.1269810639933722e-05,6.788915725119772e-16,1.6459224774779035e-12,1.041809280444199e-15,5.558931296707538e-10,1.4598372496086198e-12,5.558931126714466e-10,1.109621070958243e-06,6.177992524566233e-16,9.13441318119696e-16,1.1096203646045754e-06,9.218781920114993e-16,6.769054689256173e-16,1.3480516018514475e-12,8.301542543496865e-16,6.710830627811986e-16,9.947275973121473e-13,1.2326062313198879e-12,1.4694285259796655e-12,1.1096209709024776e-06,1.4838389288808407e-12,2.873829705469343e-12,8.191013912689469e-16,7.408579131201717e-16,1.0563521725076633e-15,5.558930226285239e-10,1.2419353309790048e-12,8.239317187342792e-16,1.1096203078187833e-06,1.2483851557188258e-12,1.2372387267451764e-12,8.253404404892023e-16,5.55892862262759e-10,5.724855932137049e-16,1.3485325743652853e-12,1.6342569630523581e-12,4.697144740061537e-16,1.2493993361211508e-12,1.6378074995396773e-12,5.558931143901708e-10,1.2399618010085013e-12,9.143099959330746e-16,1.4825854359767645e-12,2.0879822376245943e-12,1.634353148775542e-12,5.726543497120983e-16,1.65264848743449e-12,6.201229468636707e-16,1.635772936924546e-12,6.216514400862366e-16,1.6444286881226692e-12,2.8752292028434313e-12,1.1454312688973749e-12,1.3347651872978699e-12,1.1096202928701509e-06,1.1096209338446036e-06,1.3559729056266146e-12,1.6410927657047271e-12,5.558928261033321e-10,1.8340921414661516e-12,1.2230809468710603e-12,5.558931971162489e-10,1.3371941834916028e-12,1.834423221078242e-12,7.342148354378901e-16,8.300761855226124e-16,2.0569460190579886e-12,5.558929400078512e-10,8.248952969217603e-16,4.752993623527674e-16,1.855734625573144e-12,8.25011051194609e-16,8.216703260717671e-16,1.2201750320668672e-15,5.558928961955657e-10,1.8423464761411624e-12,6.246583886414226e-16,6.774611025775377e-16,4.569524591706726e-12,7.43957262097958e-16,1.636591641771719e-12,1.2388533235822391e-12,1.4864143691668294e-12,1.4674738538034308e-12,5.558928906043901e-10,1.8319180728769245e-12,1.146031758635673e-12,9.117380798845477e-16,1.6538307468732164e-12,5.558930180806896e-10,8.236342736583959e-16,1.3573763176785595e-12,1.0540836046681849e-15,1.239768044155062e-12,1.6582885989379681e-12,1.8485228022433347e-12,1.4732178472281663e-12,1.4765510061437555e-12,1.3446180043851593e-12,1.6451115051286263e-12,1.3562345446917384e-12,1.109620527117378e-06,1.4860391227889865e-12,1.3478057726030013e-12,1.2449037102848802e-12,1.4858612722573383e-12,1.8465166152423107e-12,1.075559733675388e-12,1.6530837728934057e-12,1.4775073537994045e-12,1.2422830522936458e-12,6.686455806682859e-16,5.558929413380998e-10,4.675437460595186e-16,5.342412928907956e-16,5.788940392190471e-16,6.729123430757667e-16,5.742230757162298e-16,7.392091766701484e-16,6.221933484467664e-16,8.148878791169125e-16,9.166345523202277e-16,7.446437064375892e-16,5.765344962014149e-16,5.348132512694885e-16,9.21173618129115e-16
9.038206028840514e-06,2.0348447878798037e-12,1.2201490012433318e-06,6.788915725119772e-16,2.126981089601313e-05,1.809837186988047e-12,2.287321751277217e-12,6.112651810645337e-10,8.042898338071844e-16,6.112651626194143e-10,6.112652973730559e-10,6.794521094035055e-16,1.00424963357473e-15,1.2201487259385636e-06,2.0231749138291574e-12,1.4859203631295777e-12,1.4823157761679248e-12,1.822120166192566e-12,1.4728650942670842e-12,5.478879636222934e-16,1.3553280230144122e-12,8.08706862150025e-16,1.2201493912737933e-06,1.631709919504833e-12,1.5830240031014752e-15,1.7981467729077998e-12,1.6262046622696715e-12,2.3185820506204044e-12,1.2201490351589157e-06,6.841417390609911e-16,1.8084363499102816e-12,6.112648778640153e-10,6.873130152368509e-16,6.815896928483278e-16,1.8127098091214898e-12,6.112648880402763e-10,6.297437618865259e-16,7.432422259331086e-16,9.002461371050606e-16,5.159839156442009e-16,1.3739349396007813e-12,1.8009417404351415e-12,1.220149236010631e-06,1.3634491408842216e-12,2.0070769023652597e-12,8.165472997284587e-16,1.1502454866404673e-15,9.005382170562969e-16,6.297118648557878e-16,1.817362114950646e-12,6.813662976013669e-16,9.009023151082931e-16,1.364394269086154e-12,1.8083244433072831e-12,1.5839937324601531e-15,1.2595446930035804e-12,1.467765922158448e-12,6.112648695544625e-10,6.112652221129119e-10,7.470001123331794e-16,1.8046802319573897e-12,6.112648479075576e-10,1.0109328008470518e-15,1.3449155700071976e-12,6.112652552482085e-10,1.4704570582789402e-12,2.0172576672990564e-12,1.611357435478729e-12,9.125749739128507e-16,2.261881923364378e-12,1.2201488539585061e-06,9.071607845842147e-16,1.0430925073219956e-12,1.0222544687023317e-15,1.8109425980597205e-12,1.803463499577815e-12,2.678262168634113e-12,1.2201487579949485e-06,2.0257877056094905e-12,6.87068675370109e-16,1.4868533102378644e-12,5.024067464993577e-12,8.181600273776233e-16,1.7995589958911462e-12,6.825875498782419e-16,8.189815225262101e-16,1.6135177153088891e-12,6.112649192726333e-10,1.0090276789578587e-15,1.2602358728753122e-12,2.0020870223978545e-12,1.8186456081810635e-12,6.112650590519664e-10,1.8086209711778179e-12,7.470225212015815e-16,1.159411463713395e-15,6.828966325276012e-16,9.136959114919273e-16,2.0325289823643985e-12,8.117378228057057e-16,1.6236330720969254e-12,1.4785091460969194e-12,1.808976486099723e-12,1.4913319590640719e-12,6.112649985737247e-10,1.6340781376850972e-12,1.4820733530579188e-12,6.858906968647843e-16,1.6338605714753666e-12,2.0304365998093943e-12,1.1828243966773089e-12,1.8178051403335114e-12,8.141489177191593e-16,1.366028300422348e-12,1.4673691398344052e-12,1.2201488567527876e-06,1.0262535515320421e-12,1.1725623326188378e-12,1.271142867777799e-12,1.477497605963517e-12,1.260054436210243e-12,1.6228767224515367e-12,6.844402966149171e-16,8.961236445379168e-16,1.007730996421652e-15,8.191022078856718e-16,6.337485945125075e-16,5.882507383302661e-16,1.0129207354382238e-15
9.29929540269956e-06,2.4702248065893162e-12,1.48121788963597e-06,1.6459224774779035e-12,1.809837186988047e-12,2.126981160099038e-05,1.3910687102568456e-15,7.420543875507099e-10,1.9487449284336405e-12,1.4812181672915217e-06,7.420545266543523e-10,8.248248161400864e-16,1.2190995704522791e-15,1.4812175575796197e-06,1.2303907702323017e-15,9.038395794008374e-16,1.799455256709222e-12,1.1084372461202675e-15,1.7887215098467388e-12,1.3282375413694386e-12,8.242683204580013e-16,9.82643425588494e-16,7.420544612266713e-10,9.92726019676156e-16,1.922249919807953e-15,2.1832778988298762e-12,1.9744042348805312e-12,1.4097179844791378e-15,1.48121793033064e-06,1.6586460514724648e-12,1.0995529300313304e-15,7.42054022149566e-10,1.6663325533529543e-12,1.65135739119683e-12,2.201207948664764e-12,7.420540343314743e-10,7.645294846964647e-16,1.8004520108704877e-12,2.1821853002859813e-12,6.266355796314239e-16,1.6682674371921267e-12,2.1862928688110997e-12,1.4812181722909585e-06,8.292158514987779e-16,2.436270399195768e-12,1.9791571444064563e-12,2.787116717829747e-12,1.0930339111773948e-15,7.641937602633262e-16,1.1054323473855087e-15,8.275636960868464e-16,2.1839297962304057e-12,1.6563183858352369e-12,2.195655607653809e-12,1.9226884165419888e-15,1.5291403242273861e-12,1.7820276029227497e-12,7.420540124425886e-10,1.4812183098084243e-06,9.066643105766938e-16,2.1913258221200036e-12,7.420539861103015e-10,1.2264995993151036e-15,8.178097846958218e-16,1.481218390880847e-06,8.94387517213688e-16,2.4493505061819555e-12,9.793798729651155e-16,2.2121906104014667e-12,1.3757979570052828e-15,7.420541367174053e-10,2.199406188111664e-12,6.3398006896522e-16,2.4768313484939554e-12,1.1015433676334413e-15,1.0970931984748584e-15,1.6288305322223458e-15,1.4812175968827964e-06,2.458989658151981e-12,8.341507604690891e-16,1.805085985919245e-12,6.096695189182526e-12,1.982194717258367e-12,1.0941477439073277e-15,1.6538766126712236e-12,9.937694247071731e-16,9.810611544526974e-16,1.4812175817210131e-06,1.224727294535441e-15,7.662524206194933e-16,2.430597132156862e-12,2.208116878350608e-12,7.420542402547172e-10,1.0999334756867887e-15,1.8123273789592605e-12,2.8084164854227656e-12,8.292103225392971e-16,1.1093612247932432e-15,1.2358293536918082e-15,1.9672452782792685e-12,9.874585088817924e-16,1.7947123501328989e-12,2.1960594119902046e-12,1.81047191978558e-12,1.4812177728685266e-06,9.92849673499048e-16,9.013978082413265e-16,1.6620069722898736e-12,1.983459859036275e-12,2.4648820497725385e-12,1.4364389063890656e-12,1.1056927352876831e-15,1.9731996069434113e-12,8.305162281295317e-16,1.7817525229972592e-12,7.420541384898929e-10,6.240896595987156e-16,1.423423664310484e-12,1.5431180902794471e-12,8.987313313920832e-16,7.664098569102608e-16,9.86847462026259e-16,1.6586560080914148e-12,2.1715251784273713e-12,2.4419479141874094e-12,1.9853220998478225e-12,7.697566574404294e-16,7.140943141520646e-16,1.2299507838000756e-15
9.690283202060329e-06,3.122205642950743e-12,9.379142221185523e-10,1.041809280444199e-15,2.287321751277217e-12,1.3910687102568456e-15,2.1269812914835983e-05,1.872175347024936e-06,2.46307553116523e-12,9.379143983912601e-10,1.8721757001291818e-06,1.042715235630616e-15,1.5408262388357388e-15,9.379140113345546e-10,1.5550585184024067e-15,1.1423900045012908e-15,1.139484410024624e-15,2.7961154775101573e-12,1.1329194589875504e-15,8.409176993710974e-16,1.0415663423352696e-15,2.4792839909505304e-12,1.8721755336915752e-06,1.2544410544699032e-15,4.848988387090194e-12,2.7593701681422037e-12,1.2502316924703241e-15,3.5575883008869442e-12,1.8721749896214688e-06,1.0507291837082282e-15,1.389379384480712e-15,1.8721744230935263e-06,1.055260744813222e-15,2.0872694665388127e-12,2.781935625582246e-12,1.87217445399669e-06,9.662184690506959e-16,1.1399978841881363e-15,1.3816666932651407e-15,1.5811132504789503e-12,1.056383043465275e-15,1.384467569018951e-15,9.379144012937352e-10,2.0919809245989134e-12,1.54243166716084e-15,2.5015010935216447e-12,3.522760535773843e-12,2.7573626311772703e-12,9.662436540036194e-16,1.3970285501006553e-15,1.0459920494104952e-15,1.3828436743536659e-15,1.0488438107390554e-15,1.3907344743566977e-15,4.8514379524283715e-12,1.9326961961544255e-12,2.252285177442539e-12,1.872174399000886e-06,9.379144889630055e-10,1.1461129061396802e-15,1.3874836375781733e-15,1.872174332386235e-06,3.0940127383554478e-12,2.0636423380274448e-12,1.8721755729418512e-06,2.25648396051261e-12,3.095637916369648e-12,1.2382711452123599e-15,1.4006541745765454e-15,3.4707673140571815e-12,9.37914109086622e-10,2.7797567265308847e-12,1.600512359243301e-12,3.130657553729475e-12,2.7788291676497717e-12,1.3858113921104475e-15,4.1094505890081756e-12,1.8721745670000485e-06,1.556535119955423e-15,1.0539139421843047e-15,2.28147323185576e-12,7.706734811870577e-12,2.5053367004873726e-12,2.761047675629222e-12,1.0472054149574831e-15,1.2562360154799207e-15,2.4753196649619664e-12,1.87217454796557e-06,1.5486149066993382e-15,9.689819211403328e-16,3.072064951650833e-12,1.3981851971275837e-15,9.379142404513335e-10,2.7747858149678887e-12,1.1475925867291873e-15,1.7783300669121983e-15,1.0478798204785508e-15,1.4019971501479718e-15,1.562410266601583e-15,2.486270258943896e-12,1.2478643973061277e-15,1.1364567257488818e-15,1.3904783710461798e-15,2.2883004225408576e-12,1.8721747900692726e-06,1.2558995195408244e-15,1.1393309382472135e-15,2.100606571105365e-12,2.5069601667283495e-12,1.5605498652087934e-15,1.8153598153010835e-12,1.397622826693222e-15,2.4937287607066844e-12,1.0500858455264116e-15,2.251857646115554e-12,9.379141116434454e-10,7.891417669387937e-16,1.7991247990101353e-12,1.9504026514480764e-12,2.267143199823854e-12,9.686694509048603e-16,2.490364487482324e-12,2.0962262449646888e-12,1.3752633493782557e-15,3.0865433754526744e-12,2.5092406549721474e-12,1.9418726327511864e-12,1.8014329640411062e-12,1.5544155829251478e-15
0.9999376297108785,1.6654407031431047e-06,0.9998512356633908,5.558931296707538e-10,6.112651810645337e-10,7.420543875507099e-10,1.872175347024936e-06,0.999872723150879,1.313830325692599e-06,0.9998514228990372,0.9998516412448618,5.561078044719994e-10,1.6405609451218464e-06,0.9998510117324128,1.6558841781533857e-06,6.093576795018696e-10,1.2131889597636633e-06,1.4915393127440322e-06,6.04121330556998e-10,8.954625662674843e-07,5.556567289017225e-10,6.625319003565436e-10,0.99985155281995,1.3356573789976176e-06,2.5866028809851317e-06,7.374035944535075e-10,1.3311204574437358e-06,1.8976961650565742e-06,0.9998512630949854,5.601927425018382e-10,1.4799621437610227e-06,0.9998509616222957,1.1234448859328882e-06,5.577610918490199e-10,7.434525830223634e-10,0.9998509781036393,1.0288438152605448e-06,1.2138395393449638e-06,1.4711895728859563e-06,4.225285550156648e-10,1.1247142901688661e-06,1.4739992077063825e-06,0.9998514262633291,1.1158757972909556e-06,1.6425572414882187e-06,6.684725773479869e-10,1.879097852941256e-06,7.368364773093622e-10,5.154075701254776e-10,1.4876808390316382e-06,5.579987411420108e-10,7.376282291741954e-10,1.1166839976409368e-06,1.4802823545070392e-06,2.5879193110725074e-06,5.164707099079893e-10,1.2014148404308343e-06,0.9998509488852771,0.9998515190081187,1.2201819390989025e-06,1.4773540949137475e-06,0.9998509133416498,1.6503493924398002e-06,5.514572336931089e-10,0.9998515736744635,6.030072432044324e-10,1.6513222377674613e-06,1.318593139985967e-06,7.471633435102062e-10,9.275002634438732e-10,0.9998511159034857,7.428538568254821e-10,4.276995452008361e-10,1.6699180952965051e-06,1.4822945284558965e-06,7.394147713201911e-10,2.1920777712696687e-06,0.9998510382379474,1.6578813031890248e-06,1.1221593013668427e-06,6.096761331107799e-10,2.0594013196045434e-09,1.3363895330965978e-06,7.378171353215576e-10,5.586012660558506e-10,6.700946484091025e-10,1.320301421289627e-06,0.9998510280286886,1.6486949741275083e-06,5.167902975686588e-10,1.63869928617947e-06,1.4886930612487193e-06,0.999851255160638,1.4800680269836234e-06,1.2218453716600297e-06,1.8934654556275437e-06,1.115789665884282e-06,1.4929623301050065e-06,8.332652119844558e-10,1.3262700588709764e-06,6.657450449381672e-10,6.061805193903407e-10,1.4805857556441247e-06,1.220614182998369e-06,0.9998511569196605,6.700437141126737e-10,6.077114720737561e-10,5.613469250062365e-10,1.3372481083501646e-06,8.325395417430958e-10,4.851445127301014e-10,1.487960374912329e-06,6.664342401142532e-10,5.601157736399861e-10,6.017783337229877e-10,0.9998511183789038,4.2080785132468075e-10,4.807688808861988e-10,5.211981634344923e-10,6.05846589765505e-10,5.167015288553877e-10,1.3284283970286111e-06,5.601995378170425e-10,7.334441791494245e-10,8.247981074772207e-10,6.705503805766469e-10,5.189490533456142e-10,9.60915083726404e-07,8.291420183329779e-10
9.13189440250704e-06,2.1910968462822525e-12,1.313830038912021e-06,1.4598372496086198e-12,8.042898338071844e-16,1.9487449284336405e-12,2.46307553116523e-12,1.313830325692599e-06,2.126981112413793e-05,6.581970968598444e-10,6.58197240792044e-10,7.317405524539309e-16,2.1583952606189916e-12,1.3138297440274237e-06,1.0912698429531863e-15,1.6002526378763416e-12,1.5961256907125022e-12,9.824574614806865e-16,7.944983682619637e-16,5.902493426884116e-16,7.311071441597703e-16,8.714531044585199e-16,6.581971815835695e-10,1.7572250168619933e-12,1.7047908820572947e-15,9.70246263591744e-16,8.77355811892904e-16,2.4966418921709217e-12,6.581969914673532e-10,1.471123380767845e-12,9.756158231084593e-16,6.581967919390004e-10,7.401654514357705e-16,7.338961428514473e-16,1.952373584821781e-12,1.3138296996255504e-06,1.3535825747005784e-12,1.596965994675856e-12,1.9355241883851606e-12,5.55802023442651e-16,1.479699806715421e-12,1.9392456603415236e-12,6.58197099066197e-10,1.4681007268203345e-12,1.0825896664505817e-15,8.796043343269277e-16,1.2382418022046566e-15,9.693706898284335e-16,6.778536860248505e-16,1.9572148139535913e-12,7.341601369327466e-16,1.9371060394705924e-12,7.358873126616399e-16,1.9474856450617056e-12,1.7057946751812408e-15,6.79648852200523e-16,7.91842323597986e-16,6.581967839522084e-10,6.581971602189086e-10,8.048375456518014e-16,9.73782009789792e-16,1.3138296143579124e-06,1.0875626056707866e-15,7.256309524995718e-16,6.581971959783338e-10,1.5835845926011304e-12,2.1725044068849655e-12,8.689843353674421e-16,9.82980206921742e-16,2.435735445278426e-12,1.3138298811856128e-06,1.9508166126687255e-12,1.123208188782935e-12,2.1969993797191184e-12,1.950144281613363e-12,1.941821042281412e-12,2.883924240078345e-12,1.3138297788262705e-06,2.181170127529151e-12,7.394624484001491e-16,1.6011003565022466e-12,5.408162413291216e-12,1.7582002287403773e-12,9.706349266040921e-16,7.350816718119942e-16,1.7597795044289735e-12,1.7370748656517736e-12,1.313829765431945e-06,1.086583770853308e-15,6.800157883076353e-16,1.0800177374772033e-15,9.811855411729416e-16,6.5819698571281e-10,9.759781902169978e-16,1.6074907864820168e-12,2.4910843387902547e-12,1.4679814748808402e-12,1.964146056013808e-12,1.0964947877657875e-15,8.739061170609307e-16,1.7483486139144087e-12,1.5919384322777189e-12,9.759439848854033e-16,1.605885922873057e-12,1.313829935193286e-06,1.7596295288345615e-12,7.996563497189173e-16,1.4741788168661862e-12,8.813468671929374e-16,1.095579900355629e-15,1.2740393217432156e-12,9.807744171338172e-16,1.7501216967525733e-12,1.4709539431293582e-12,7.919307589170299e-16,6.58196895908758e-10,1.105115576321011e-12,6.321718741901559e-16,6.857892740304661e-16,1.591047055148274e-12,1.3569376515720092e-12,8.756906792739255e-16,7.372021667847097e-16,1.9261330531302915e-12,2.166047905214092e-12,8.822049510457593e-16,6.827109479072715e-16,1.2642207666623485e-12,2.1774166400603363e-12
0.9999375992622579,1.6654406522767312e-06,0.9998512052171473,5.558931126714466e-10,6.112651626194143e-10,1.4812181672915217e-06,9.379143983912601e-10,0.9998514228990372,6.581970968598444e-10,0.9998726622583772,0.999851610798609,5.561077878520902e-10,8.218812049884329e-10,0.9998509812861766,8.295577734228053e-10,6.093576608969399e-10,6.077782157992687e-10,7.472249859104718e-10,6.041213115600183e-10,4.486050064088246e-10,5.556567115950178e-10,6.625318804055345e-10,0.9998515223737011,1.3356573381090623e-06,2.5866028019215797e-06,1.4719346973411485e-06,6.668590336074532e-10,1.897696107088784e-06,0.9998512326487426,5.601927253711413e-10,1.479962098644198e-06,0.9998509311760614,5.628186137578391e-10,5.57761074845519e-10,1.4840091099291094e-06,0.9998509476574023,5.15425773902254e-10,1.2138395021925523e-06,7.370302599985836e-10,4.225285419210947e-10,5.634545547904405e-10,7.384378187114484e-10,0.9998513958170818,5.590266837161541e-10,8.228813009775621e-10,6.684725565521464e-10,9.413824051566421e-10,1.470802673294138e-06,5.154075540150323e-10,1.4876807934655472e-06,1.1138238473665123e-06,1.4723830910123053e-06,5.594315728745187e-10,7.415855230458702e-10,2.5879192319472452e-06,5.164706943404241e-10,1.2014148036685037e-06,0.9998509184390423,0.9998514885618685,6.112815285783605e-10,7.401185362215406e-10,0.9998508828954146,8.267849797885966e-10,5.514572164391739e-10,0.9998515432282115,6.03007225340571e-10,1.6513221871842825e-06,1.3185930998261424e-06,1.4914161760846964e-06,9.275002351951328e-10,0.9998510854572471,7.428538341366873e-10,4.2769953217718994e-10,1.669918044375078e-06,7.425935732705796e-10,1.4759492176338132e-06,2.1920777043188462e-06,0.9998510077917098,8.305582841632246e-10,5.621745670163666e-10,1.2169773264248703e-06,4.110780417389231e-06,6.694987125653876e-10,7.37817112995616e-10,5.586012488024038e-10,1.33757900337446e-06,1.3203013811093785e-06,0.9998509975824527,1.6486949237678778e-06,5.167902819464167e-10,8.209485597085045e-10,7.457990826910271e-10,0.9998512247143958,7.414781496072043e-10,6.121148685829253e-10,1.8934653978176658e-06,5.589835341887794e-10,1.4929622842992734e-06,1.6632845126533995e-06,6.644291017175789e-10,1.3288967377587501e-06,1.209999716728204e-06,7.417375193716906e-10,6.114980726325443e-10,0.9998511264734213,6.700436933345386e-10,1.2130556574567478e-06,1.1205071730138068e-06,6.699288378298219e-10,1.6618359979604627e-06,9.683991867299276e-07,1.4879603293810356e-06,6.664342193084254e-10,5.601157562743405e-10,1.201212492965196e-06,0.9998510879326652,4.208078383330369e-10,4.807688662191229e-10,5.211981475843719e-10,6.058465712569809e-10,5.167015133949592e-10,6.655103767656558e-10,5.601995206281902e-10,1.464031290184593e-06,1.6463832867528615e-06,1.33848869109181e-06,1.0358765851956316e-06,4.813951285497502e-10,1.6550541849692266e-06
0.9999378176249795,1.6654410167438752e-06,0.9998514235629359,1.109621070958243e-06,6.112652973730559e-10,7.420545266543523e-10,1.8721757001291818e-06,0.9998516412448618,6.58197240792044e-10,0.999851610798609,0.9998730989501136,5.561079093880791e-10,8.218813847528829e-10,0.9998511996319234,1.6558844899525144e-06,6.093577947768491e-10,6.077783486056808e-10,1.4915395948804682e-06,6.041214454187264e-10,4.486051052710614e-10,1.1091491886896648e-06,6.625320251212575e-10,0.9998517407195435,6.691320684346954e-10,1.295825534160466e-09,7.374037342512219e-10,6.668591800697596e-10,1.8976965224889978e-06,0.999851450994535,5.60192849329798e-10,1.4799624214367077e-06,0.9998511495218021,1.1234450971833963e-06,5.577611966074328e-10,7.434527241375299e-10,0.9998511660031474,5.154258871304242e-10,6.081042738717647e-10,7.370304224993578e-10,8.434113730800255e-07,5.634546787078873e-10,1.4739994853264515e-06,0.9998516141629017,5.590268060509155e-10,8.228814809318186e-10,1.3343414703772714e-06,1.8790982065481574e-06,1.470802994816373e-06,5.154076673394649e-10,1.4876811206727672e-06,5.579988462858536e-10,1.472383414370377e-06,5.594316951576182e-10,1.4802826347684538e-06,2.5879197993889264e-06,5.164708077234288e-10,1.201415067446943e-06,0.9998511367847823,0.9998517069077034,6.112816620990938e-10,7.401186992300522e-10,0.9998511012411488,8.267851596519443e-10,5.514573371777231e-10,0.9998517615740586,6.030073576269919e-10,1.651322550445715e-06,6.605832945454174e-10,7.471634856263055e-10,9.27500438491861e-10,0.9998513038030132,7.42853997492631e-10,4.2769962581942617e-10,1.6699184087812805e-06,1.4822948082892683e-06,7.394149101326019e-10,2.1920781840457264e-06,0.9998512261374632,1.6578816144923174e-06,5.621746898292674e-10,6.096762480387756e-10,4.110781307707431e-06,1.336389785025085e-06,7.378172738520007e-10,5.586013713026483e-10,1.3375792953320116e-06,6.614391022726568e-10,0.9998512159282021,1.6486952846256967e-06,1.0315677109643641e-06,8.209487395015252e-10,7.457992471558622e-10,0.999851443060186,1.4800683043999216e-06,6.121150031897493e-10,9.485804336447074e-10,1.11578987616513e-06,1.4929626136627602e-06,1.6632848749195174e-06,6.644292482215928e-10,6.657451697040366e-10,6.061806332946488e-10,1.4805860345496653e-06,1.2206144130293924e-06,0.9998513448191946,6.700438404439542e-10,6.07711586412823e-10,5.613470313491277e-10,1.3372483602100523e-06,1.661836361673556e-06,4.851446051334333e-10,7.454321886845907e-10,1.3302727358707906e-06,5.601158786534124e-10,6.017784481391441e-10,0.9998513062784322,4.2080793062359296e-10,9.596651793200689e-07,5.211982616935188e-10,6.058467042799818e-10,1.0313905193066588e-06,6.655105225566871e-10,1.1182171135165343e-06,7.334443167919702e-10,8.247982625108294e-10,6.705505073822854e-10,5.18949151841965e-10,4.813952340244161e-10,1.6550545487222425e-06
8.928097482374523e-06,1.851247630117934e-12,1.1100491319956762e-06,6.177992524566233e-16,6.794521094035055e-16,8.248248161400864e-16,1.042715235630616e-15,5.561078044719994e-10,7.317405524539309e-16,5.561077878520902e-10,5.561079093880791e-10,2.126981063490856e-05,1.823663630641197e-12,5.561075580501486e-10,9.220931683559752e-16,1.3519933968345695e-12,1.3485625698610008e-12,1.6578736104096295e-12,1.3402952359125719e-12,4.989682005068038e-16,6.17472473703317e-16,7.366709904680643e-16,1.1100494854299647e-06,1.4846213896694498e-12,2.875091901302616e-12,8.19288553491894e-16,7.412136417609349e-16,2.1093966214010377e-12,5.561076984614167e-10,6.228593932999676e-16,1.645144277791391e-12,5.561075300515416e-10,1.248815633460899e-12,1.2376150770763915e-12,8.262459400113962e-16,1.1100488447581154e-06,5.726787181386647e-16,1.3492277234430904e-12,1.6352327158959898e-12,4.698395413280481e-16,1.2501316188457086e-12,1.6384568159467409e-12,5.561077896045934e-10,6.214543850366816e-16,1.825875536818274e-12,7.431900885481349e-16,2.0887528869448528e-12,1.6349282137990516e-12,5.729061769137283e-16,1.6535731972017528e-12,6.196548214455585e-16,1.6366044825374397e-12,1.2412876058996035e-12,1.6453525069233045e-12,1.4410499657304612e-15,5.739729987738828e-16,6.689650470811532e-16,5.561075228279135e-10,5.561078412795137e-10,1.3563689316049057e-12,8.223197835251589e-16,1.1100487726005716e-06,9.189878784874274e-16,6.129988174426161e-16,5.561078717235508e-10,6.702971040833119e-16,1.835460254239453e-12,7.340825849828908e-16,8.304546103983533e-16,2.057903432821303e-12,5.561076161691937e-10,8.250960790317447e-16,9.48989232403546e-13,1.856278160335471e-12,8.257831974190241e-16,8.217657510367171e-16,1.2207451104141013e-15,1.1100489118301542e-06,9.232448755824114e-16,1.2473869628700047e-12,6.777611421406038e-16,4.569717546865669e-12,7.439382348888587e-16,1.6371184451165776e-12,1.239419073617653e-12,7.449763531601691e-16,1.4677245849516873e-12,1.110048900568633e-06,9.181651214422195e-16,5.748945894532253e-16,9.122860301773608e-16,1.6547118672929484e-12,5.561076940920391e-10,8.242869637643555e-16,6.803700394014992e-16,2.1047164818435923e-12,6.212516802995196e-16,8.311317515621891e-16,1.848945100919203e-12,1.474145089607485e-12,7.400709517440693e-16,6.738355653570241e-16,8.244185450062103e-16,6.796885756983809e-16,1.1100490442158907e-06,7.445201631462715e-16,1.348390994480752e-12,1.2454997254794591e-12,1.4864495749883647e-12,1.8472410502496376e-12,1.0763414944370455e-12,8.287829705962908e-16,1.4785547084364366e-12,6.226094887019435e-16,1.3351622692855518e-12,5.561076176500166e-10,4.682988478798756e-16,1.0667559818331463e-12,1.1564514532201457e-12,1.3442466808682965e-12,5.743283349813884e-16,7.396949442462908e-16,1.2428751777964833e-12,1.627364044285041e-12,9.16760230230336e-16,7.452337428588267e-16,5.7646027263984675e-16,1.068113909854201e-12,1.839624151822785e-12
9.458650608420933e-06,2.7359667473466924e-12,1.64056058811536e-06,9.13441318119696e-16,1.00424963357473e-15,1.2190995704522791e-15,1.5408262388357388e-15,1.6405609451218464e-06,2.1583952606189916e-12,8.218812049884329e-10,8.218813847528829e-10,1.823663630641197e-12,2.1269812098220552e-05,1.6405602208629736e-06,2.720274601629429e-12,1.9983366420793844e-12,1.993032255017798e-12,1.2273424656916865e-15,1.9813244650297142e-12,7.370019197158712e-16,9.128059999171328e-16,2.1726105224739567e-12,1.6405611082826297e-06,2.1943366500002385e-12,4.249257442175853e-12,1.2114997635195162e-15,1.095559154846985e-15,3.1175056323289277e-12,8.218810740455773e-10,1.837232441125742e-12,2.4311755879452114e-12,8.218808264398489e-10,9.245422992555465e-16,1.8289693819269794e-12,1.2214129699444207e-15,1.640560166013618e-06,1.6903146100278899e-12,9.99069381831522e-16,2.417062847652313e-12,1.385677058498697e-12,1.847824980034891e-12,1.2132101698439596e-15,1.6405609006054878e-06,9.181709590009553e-16,2.6982996816026127e-12,1.0981665059892364e-15,3.0869341862352853e-12,1.2103937676941393e-15,1.6902336119398107e-12,1.2245954332299916e-15,9.17159252820092e-16,2.4189428926837768e-12,9.190024208624832e-16,1.2184467441615202e-15,2.1299252505078737e-15,8.486128925372337e-16,9.886830840145054e-16,1.6405601182209068e-06,8.218812844372138e-10,2.0044492955643058e-12,2.427189582063442e-12,1.6405600598535183e-06,1.3581877285135146e-15,9.066340599639603e-16,8.21881329319424e-10,1.977512900780354e-12,1.3590483878493342e-15,1.0851020990760185e-15,2.450334198750661e-12,1.5239524225510117e-15,1.6405603917021295e-06,1.2204314828758286e-15,7.021801572363792e-16,2.7432197067260616e-12,2.4351830971961872e-12,1.2150358718488425e-15,1.8041413479726148e-15,1.6405602644889988e-06,1.3641548364621476e-15,9.23211863797467e-16,1.0015813724340494e-15,3.382617901464622e-15,1.100402273892948e-15,1.2119722776061044e-15,1.831827562534969e-12,1.1007381777163413e-15,1.0864824247423257e-15,8.218808805087803e-10,1.3568309637511792e-15,8.49051809778919e-16,2.6921100382958846e-12,2.4457472714615348e-12,1.6405606201025017e-06,2.4313202193605842e-12,2.0073684267008292e-12,3.110524435932658e-12,1.8330520892168167e-12,2.45287717210572e-12,1.3691591756937023e-15,1.0919055600473197e-15,2.183142466688801e-12,9.958071891249308e-16,1.2185325033122844e-15,1.0042659014420573e-15,8.218809870629056e-10,1.1006097777125663e-15,9.981186570296703e-16,1.8408426115214917e-12,1.1004820770755014e-15,2.7300513407275392e-12,7.971153245403753e-16,2.444515894302914e-12,2.1856426173027296e-12,9.201720465099292e-16,9.887386898616212e-16,8.218809547888603e-10,1.3799649052557506e-12,7.898019499493691e-16,8.562865739191803e-16,9.950730981788312e-16,1.6944506100573658e-12,1.0933674673802583e-15,9.204101157631011e-16,1.205181690583763e-15,1.3550004317387069e-15,1.1018123492750045e-15,1.7019389152772152e-12,7.909126345703235e-16,2.7190603375229924e-12
0.999937188063738,1.665439966104207e-06,0.9998507940505996,1.1096203646045754e-06,1.2201487259385636e-06,1.4812175575796197e-06,9.379140113345546e-10,0.9998510117324128,1.3138297440274237e-06,0.9998509812861766,0.9998511996319234,5.561075580501486e-10,1.6405602208629736e-06,0.9998718399251908,1.6558834453467398e-06,6.093574091079741e-10,1.2131884229867646e-06,7.472246774793065e-10,1.2058888568322914e-06,4.486048205624921e-10,5.55656483406132e-10,6.625316072018009e-10,0.9998511112070393,6.691316449602088e-10,1.2958247152620425e-09,7.374032667952299e-10,6.668587576713495e-10,1.8976953250607455e-06,0.9998508214821855,5.601924923300634e-10,1.4799614905801535e-06,0.9998505200096054,5.628183818781991e-10,1.1133490177646635e-06,1.4840084945166785e-06,0.9998505364909385,1.0288433580357521e-06,1.2138390005261738e-06,1.471188918564199e-06,4.2252836724761236e-10,5.63454321777487e-10,7.384375143254052e-10,0.9998509846504685,1.1158753038544511e-06,8.228809628815254e-10,1.3343406279056726e-06,1.8790970217492263e-06,1.4708020678589561e-06,1.0288069896633151e-06,7.452916757689292e-10,1.1138233877678846e-06,1.4723824826029401e-06,5.594313423035085e-10,7.415852163045918e-10,2.587918163997188e-06,1.0309291291211785e-06,6.018794191353936e-10,0.9998505072725853,0.999851077395225,1.2201814003548596e-06,1.4773534377890915e-06,0.9998504717289733,1.6503486644385935e-06,5.51456989062391e-10,0.9998511320615447,1.2036650281097833e-06,8.272720099165095e-10,6.605828798037073e-10,7.471630110985635e-10,9.27499852047494e-10,0.9998506742907387,7.428535276383036e-10,4.276993562102587e-10,8.365880810434875e-10,1.482293871189522e-06,1.475948610607918e-06,1.0981772950680386e-09,0.9998505966252258,8.305579426934386e-10,5.621743354425641e-10,6.096758630775144e-10,4.11077873821289e-06,6.694984362948449e-10,7.378168087699804e-10,1.1150260899308003e-06,6.700943528211719e-10,6.614386871321371e-10,0.999850586415976,1.6486942444080468e-06,5.167900682419202e-10,8.209482209736634e-10,7.457987743984069e-10,0.999850813547838,7.414778450885897e-10,6.121146157420459e-10,1.8934646181055142e-06,1.1157891717721766e-06,7.47937573525007e-10,8.332648443157845e-10,1.3262694685454432e-06,6.657447495382119e-10,1.2099992190638956e-06,1.4805851002107156e-06,6.114978205248853e-10,0.9998507153069,1.33747677993959e-06,1.2130551571084998e-06,5.613466764272276e-10,6.699285617015065e-10,8.325391735091725e-10,4.851442963924093e-10,7.454317170937848e-10,1.3302718896181407e-06,1.118049204166687e-06,6.017780661707853e-10,0.9998506767661549,4.208076648461641e-10,4.807686679600299e-10,1.0403656170378036e-06,1.209332658614761e-06,1.0313898668837735e-06,1.3284278071256243e-06,1.1182164026196403e-06,1.4640306863540136e-06,1.6463826096702738e-06,6.705500833162996e-10,1.0358761553370667e-06,9.609146576639744e-07,1.6550535006453118e-06
