1.0000000000000207,9.78544579180454e-12,-8.772550506531474e-12,-7.297943702140877e-13,-1.5412440642357782e-13,6.749816969893562e-12,-8.408879674597309e-12,3.83494998168998e-11,-7.110810074756168e-12,-5.439547376203227e-11,3.9169207569287676e-12,-1.8786421668397257e-11,-1.660121570376789e-11,-4.968990953729633e-12,1.00000000004491,8.027625364155043e-11,1.0000000000370834,1.418406340310943e-11,1.0000000000430989,1.17833891680462e-11,1.0000000000164078,-8.47265776828129e-12,1.0000000000224936,-1.441098251395113e-11,1.000000000015624,9.994938898162026e-12,1.0000000000180425,-1.071734876551357e-11,9.350378706549748e-12,-2.5080572680206337e-11,-2.880925314620671e-11,1.867986415520509e-11,2.4957281108151695e-11,1.00000000005355,3.3289708166327224e-11,-3.873022169845856e-12,2.1722382043563033e-11,1.1668011165843855e-11,-5.739922999473925e-12,1.110058124029955e-11,3.213671058343654e-11,-3.1998122425166416e-12,-1.5672077480534656e-11,1.000000000046349,5.700914901561016e-12,-4.94602442526655e-13,7.835601841925875e-12,-1.0211294907443526e-12,1.0000000000260931,-6.753234317829213e-12,6.867969493385196e-12,1.3452025904938807e-11,1.672774615259678e-10,-3.483418392265407e-12,0.99999999996617,-2.1331122005718686e-12,1.0000000000415539,-1.1833670781748507e-11,-2.3918368848045605e-11,7.2051740638031245e-12,0.9999999999920041,3.505389188049479e-11,-1.3110816705245222e-12,-3.6563886388167414e-12,-2.6603400000322854e-11,6.4107052681124786e-12,-6.432043333324168e-12,4.451871220547719e-12,-5.640030549664979e-12,-4.833309297624536e-12,-8.059542922783611e-12,-7.793121018841936e-13,-8.369128940634798e-13,9.79177490752518e-12,-1.6102156057215755e-11,2.5148247572896017e-11,-1.6985088874829417e-11,-2.64873256446429e-11,7.85737789315398e-12,-7.172420793175342e-12,-2.765966230364506e-11,-3.470397685422563e-11,3.2264312678599124e-11,-7.01722483006841e-11,-1.8042246650080624e-11,-1.1130568062656525e-11,2.725587979531397e-12,-1.6430513963780176e-11,-1.465128329407779e-11,2.4825088984366754e-11,1.5187281077150973e-11,1.5123027176310208e-11,-1.9769390599912917e-11,2.2249916663753597e-12,3.600774824937353e-11,-6.041821737726024e-12,-7.968271482696117e-11,-1.0319965190036772e-11,-1.9889961493391533e-12,-4.418798179033364e-12,3.7459892876439627e-11,1.0000000000086693,1.0000000000253642,2.718427860380577e-11,1.085234249977762e-11,1.4362032796879196e-11,1.1465946196382117e-12,4.26022924476332e-12,1.0000000000223122,-3.718770643413164e-11,-2.847824037584302e-12,-8.060481274681808e-12,-1.3449849606013265e-11,0.9999999999898278,1.000000000034479,-2.063204324025719e-11,0.9999999999936606,-4.12307521139411e-12,1.1898996933474733e-11,-1.1097436225194353e-11,-6.3031397019535275e-12,-3.9490366244465606e-11,-4.2992756911831916e-13,-1.2077979021706782e-12,-1.2038129752680841e-11,-2.363843362150637e-12,1.000000000016386,2.8821248514898236e-12,-9.608967559344916e-12
9.78544579180454e-12,8.128718717312021e-13,1.2767371896657457e-16,1.231575414369165e-16,2.1611959072091545e-16,1.6175292384895213e-16,1.6681861230229267e-16,1.2833585854547116e-16,2.2028783913730925e-16,2.8296425553058074e-16,2.0867752771623962e-16,1.7665538827045435e-16,1.5125144870512518e-16,8.099748978415967e-17,1.0407653226092699e-11,3.1998079170605477e-16,1.040791739806127e-11,1.1766478951651938e-16,1.0407607286425586e-11,1.295532027287744e-16,1.0407229504423758e-11,1.1389813280271248e-16,1.0407599923992167e-11,2.5889611175664595e-16,1.0407512627534437e-11,2.0478443978908274e-16,1.0407590882646224e-11,2.0522225720538937e-16,1.798949949753667e-16,2.921777835870325e-16,1.25701378484073e-16,2.933714577339859e-16,2.083593180811605e-16,1.0407870916565001e-11,1.614356616937684e-16,1.0717891447840234e-16,1.8923800466082532e-16,1.7378207459514266e-16,1.336048066289259e-16,4.613246690826316e-16,2.975850898914972e-16,1.3541946104921605e-16,2.1290551774890478e-16,1.0407778522809833e-11,1.3939736439492284e-16,1.0655638704405074e-16,1.3926038089818088e-16,1.1158959817325006e-16,1.0407547106481272e-11,1.2892843710492972e-16,2.291249023348957e-16,1.5353295885412894e-16,4.068119771990938e-16,1.3587816719529038e-16,1.0407408603024186e-11,1.6564774606870162e-16,1.0407495569253023e-11,2.8668618511753764e-16,2.721364295210316e-16,1.801517087330935e-16,5.213768796895297e-15,2.0314865352641395e-16,2.1033063441347123e-16,1.8589712053470762e-16,2.3191511512941605e-16,1.5556051295505337e-16,8.311584462464252e-17,-1.2627946252102524e-19,1.293179638399581e-19,7.3061209528292825e-19,2.893403439866386e-20,2.285886599347329e-19,-1.7878969461721767e-20,1.0505844106759359e-20,-3.407270464046254e-20,1.5699266959345285e-19,1.2220126306588344e-19,1.8199711874753525e-19,1.4384653514122962e-20,-4.655164954342365e-19,5.3410243680093205e-21,3.4510365892397682e-19,3.577043627701407e-19,2.5992886952906793e-19,1.7327373189998167e-19,-2.4486209373859067e-20,1.5031239172406917e-19,3.678667431319323e-19,-1.6219827152840924e-19,1.4904259493391208e-19,1.575440758415962e-19,-2.5623479393332427e-19,8.188161472650864e-20,2.8726904096380126e-19,5.4125093955097473e-20,-2.581873572916725e-19,4.0323057372961214e-21,-2.0809588691251664e-19,3.870444836348419e-19,2.124350626204404e-19,-2.85201274402615e-19,5.214097464658215e-15,5.2142541443456485e-15,1.390315518412511e-19,1.5732847042883505e-19,1.6867925457548614e-19,8.233027859312079e-20,1.3921047973127965e-19,5.213800669112813e-15,5.302930618669205e-19,1.3154373896898763e-19,4.215302747952745e-20,6.971820473786411e-20,5.213772534206733e-15,5.2138476653657985e-15,6.388813510518578e-22,5.2136624445527e-15,-1.362809196479005e-19,2.893376019442397e-19,9.041580315340673e-20,-3.9844248825732775e-20,2.3737861128718613e-19,8.934576544262866e-20,1.0871284203497762e-19,8.498044460253914e-20,1.3839807886467915e-19,5.213685373367264e-15,1.546221139487384e-19,-1.7330696151996577e-19
-8.772550506531474e-12,1.2767371896657457e-16,8.130191977300732e-13,2.453413364687459e-19,-1.978538914970124e-20,-1.3948210570719243e-19,1.2542001953358956e-16,9.169055015749011e-21,5.4832289109818456e-17,1.1477009993899213e-16,1.9287515112964085e-16,1.3206347693680348e-19,2.0412174349741447e-20,2.0991728584632672e-20,-4.0836807129126314e-15,2.0437415132170149e-19,-8.151559241405421e-12,3.277716669175713e-20,-4.083541539212508e-15,4.714999732472829e-20,-4.083915580821186e-15,1.2159852768131286e-16,-4.0834317804711e-15,8.038644638440585e-17,-8.151853595117055e-12,3.762291051635313e-20,-4.083786555092243e-15,-2.0903037673068223e-19,1.1509801573935e-16,-8.562191096340336e-20,-3.253999912788869e-20,6.164903449794975e-20,9.517428042652173e-20,-8.151654420795438e-12,1.1269916983160694e-19,1.3670496966885996e-16,1.584981264309226e-16,1.2895442282670918e-16,2.592876177215238e-19,3.600588738309551e-16,1.4889458273730736e-16,1.2517921145925e-16,-2.787433824104173e-19,-4.083681037697815e-15,1.2715339803340424e-16,5.606423778218027e-19,2.341469084855371e-16,1.3346069171501655e-16,-4.083581701551608e-15,9.489325300212483e-20,9.299084562092864e-17,5.865057300605621e-22,2.8115713536448696e-16,2.0824771344170404e-19,-8.151914371258696e-12,1.7255636163579971e-19,-8.151735220781797e-12,2.241148636305287e-19,1.347928187383405e-16,7.303970715155259e-17,-8.15177036051449e-12,1.828050791206788e-16,2.822936864231158e-19,-1.535900903194088e-19,1.2497922648972686e-19,1.3153778559527685e-16,-3.2820829011853867e-20,1.6669764065337228e-16,1.3865861235453037e-16,1.1731981030981574e-16,1.0499683083981215e-16,1.1040630384679528e-16,1.4044159862745017e-16,1.5536302315259773e-16,1.9344584451020312e-16,1.3327518602331308e-16,2.0086441868311176e-16,1.2484016438795336e-16,1.3280624986525873e-16,1.3984778241803693e-16,1.308431028296177e-16,1.7004393097610802e-16,1.423387910687068e-16,2.580342011038613e-16,1.4087932930628593e-16,1.655492379690504e-16,1.288782547579177e-16,6.875111408774578e-17,1.3722946330999642e-16,1.0416524612477499e-16,1.2057201083711063e-16,8.721271159335387e-20,9.140268874908665e-20,-5.52802100942425e-20,7.519827158982193e-20,6.930668349363766e-20,3.508590346889934e-20,1.2139353253344676e-20,6.036585171152396e-19,-1.8754217547711597e-19,-2.1117486105714602e-19,-4.083724986694019e-15,-4.08389212924249e-15,-8.581785477766973e-21,-2.594763224043959e-20,-5.158194394249838e-20,-3.7634158662434567e-19,8.400984524193184e-20,-4.083738711267382e-15,1.073153811039153e-19,8.13332094648379e-21,1.813402042487598e-21,4.42584563178494e-20,-4.084322367860942e-15,-4.084008808459138e-15,-8.343482013705976e-20,-4.083908260571292e-15,-3.490577736188617e-19,-6.691536533072845e-20,-5.848716466350801e-20,-1.7072219571996836e-20,2.6330858140324762e-20,1.0689850499129403e-18,2.1309124966195123e-19,-5.483702993152998e-20,6.950579721703692e-20,-4.083891487638422e-15,1.0242687074056641e-19,1.8019468213253506e-19
-7.297943702140877e-13,1.231575414369165e-16,2.453413364687459e-19,8.130012129658639e-13,6.81898392243406e-17,-2.1580859119761744e-19,1.271581749485227e-16,1.6272962303511564e-16,1.2483345636141021e-19,1.1080730443937019e-16,1.9106940560775592e-16,1.7837110410558157e-16,9.882855449471453e-17,-2.0831527752470887e-19,-5.356472924556079e-17,2.96416856834384e-20,-1.0692151778752235e-13,1.2101208762133057e-16,-1.0702924549072032e-13,1.708663252691286e-16,-5.361712669945092e-17,2.708191156285684e-19,-5.335960045922958e-17,7.979849001471132e-17,-5.377300410728846e-17,2.850861146911121e-19,-1.0711132054045715e-13,-1.2857583804936507e-19,-4.51388360486584e-21,8.583956679244101e-17,8.719442802126236e-20,2.2061139089246585e-16,1.1045862959563607e-21,-1.0701629396281087e-13,6.956090265301203e-20,3.081567522098193e-19,1.594571247780912e-16,5.596801245336777e-20,1.146935133021163e-16,1.117264467368552e-19,2.5623419676024976e-19,1.2374190040120945e-16,1.2109733970120024e-16,-5.389033117267943e-17,1.2838187486387267e-16,3.5783039546024274e-20,2.3000854154145677e-16,8.840505764023755e-20,-5.3917922466824566e-17,1.6934757836656299e-16,9.66267185801e-17,3.658550135877558e-20,-4.131231753964332e-21,1.3003379856914608e-20,-5.3669370387291016e-17,4.3487655308135333e-17,-5.3219695364928125e-17,1.8090103474643254e-19,1.255560047411395e-16,7.268505932366926e-17,-5.366772883250382e-17,7.80321069701786e-20,1.0751926607096827e-16,3.813853444272067e-20,5.755930070041584e-20,1.336868619344523e-16,8.451135108001717e-17,-7.657148160383066e-21,1.399213163838649e-16,-9.075168388741348e-20,1.0486613464786828e-16,1.1296877488258154e-16,9.533559130146902e-20,-5.491342696462496e-20,1.9505432465681826e-16,1.3203140727648407e-16,3.8066751174890644e-19,1.247635139442746e-16,1.725299350111355e-19,8.895364689217746e-22,1.3039398315106868e-16,3.146963985330207e-20,1.3723050899077728e-16,2.4414959034896875e-16,1.4009626017896612e-16,1.6423570018607803e-16,1.2939413192485356e-16,-1.9993141979704162e-20,1.3555919512883684e-16,1.018001441589506e-16,1.8519031099284675e-20,2.0720467313612108e-16,1.4822462426762442e-16,1.0765911153890083e-16,1.3109439866313532e-16,4.5802429389255407e-17,1.2802164876016238e-16,1.3773912594780953e-16,1.0829896184287169e-16,1.0759244621516271e-16,1.6897020376375665e-16,-1.0717949608609702e-13,-1.0712786998421403e-13,9.184776948478072e-17,1.5098653701647914e-16,1.5317539506068505e-16,1.2207799967213895e-16,1.2815656646355216e-16,-1.0703036683608084e-13,1.2593797452070012e-16,9.35531781272893e-17,2.2593873147554806e-20,-1.335047843623174e-19,-5.3426751068175776e-17,-5.3218318840899215e-17,3.2947253612224077e-19,-5.34560248489292e-17,-2.1452253155555788e-19,-4.676172836070287e-20,4.217260847621017e-20,-2.584483325707242e-19,1.3649707084499095e-20,-2.739201316441038e-19,-8.400512707378269e-19,3.436045105636825e-19,4.081016086888142e-20,-5.369389939300962e-17,1.8604453697008691e-19,-1.7767226457827547e-20
-1.5412440642357782e-13,2.1611959072091545e-16,-1.978538914970124e-20,6.81898392243406e-17,8.130531748618502e-13,1.759218565801911e-16,1.482064171997512e-16,-5.750433674281537e-20,-6.043088505333908e-20,1.3099927661329444e-19,1.7927931634660292e-16,-2.5849852305332727e-20,1.055554548808182e-19,8.778928064786927e-17,2.326554065787305e-16,1.9863384140228773e-16,2.3306628718873475e-16,9.002203246804542e-17,2.3271221437084757e-16,-1.9832156528129322e-19,2.3268832436700203e-16,-7.428649639149798e-20,2.3272129638807933e-16,2.516339134452825e-16,2.32813498677337e-16,2.036432219945719e-16,2.3290935569856004e-16,1.414060998574311e-16,1.4510716493651482e-19,5.1110784819436926e-20,6.43995846425073e-17,2.7782915847972223e-16,1.2547695817599892e-16,2.32959305216135e-16,6.169804741096649e-17,4.552706175148189e-17,2.710736334735921e-16,2.2259203101911563e-19,9.177001456062187e-20,-3.2307804268931495e-20,2.257144726084292e-16,4.663859105788119e-17,5.546551974188626e-20,2.3270933214609576e-16,6.764497916312613e-17,1.56648475740083e-19,1.813087470889326e-19,4.370612966494696e-17,4.64885380716535e-13,3.6792647575476486e-19,1.8981157361819097e-16,1.2500166508433498e-16,2.4241005487460836e-16,-2.373779279233797e-19,4.648461439923442e-13,1.1526067903699889e-19,2.328958281696099e-16,3.525869795996654e-19,2.4788929104181704e-16,-3.1358741078928536e-20,4.648884015805182e-13,2.7256279675456465e-19,6.831325049494726e-19,7.729820916114481e-20,8.777414603641793e-20,1.145202760982796e-19,-5.082451219254827e-19,8.517878526742536e-17,1.2696164689875368e-16,2.568069007892464e-19,-4.305269934975529e-20,2.267910580978768e-19,6.878340364487787e-17,6.93031501701927e-17,2.1619630270415766e-16,3.0674977903144037e-16,2.4273547798838556e-16,2.1881931696311872e-16,1.8648863220158612e-16,5.655091711045258e-20,9.624180595694428e-17,1.9242937247871554e-16,1.5940570564682866e-16,1.7028638607619214e-19,4.05444038761352e-17,6.044974877666832e-17,-9.706000712079989e-20,2.7842894502094693e-16,1.410629900976693e-16,-3.104018256480406e-23,2.2858282210744076e-19,-5.914603623064002e-19,1.6960918335219175e-16,-7.27478520514324e-20,-1.6935452786800194e-19,1.2978528301440088e-16,1.3463857920319558e-16,7.634565822292827e-20,2.073190044857478e-16,1.414889481146216e-16,1.030799097935561e-16,2.326041482104977e-16,2.327469923387082e-16,6.185376654025718e-21,2.920937946349391e-19,1.6817811237145574e-19,-1.9118729682090493e-20,-2.1176872045253975e-19,4.649326702139879e-13,-1.5759655447657886e-19,-2.7150916651258856e-19,1.2113969601129553e-16,-2.9404628414419828e-18,4.646816982316088e-13,4.650900138141697e-13,2.220301769282371e-16,4.648319921192694e-13,4.6570663625097115e-17,2.677535020395948e-16,3.1403194485566493e-20,-1.5228451997721276e-19,-6.69151811037119e-20,2.7769284458469236e-19,7.64415832999823e-20,2.4718813678279153e-19,4.981937325361046e-19,2.3279323709935583e-16,2.416821407064434e-20,2.6062737369862894e-20
6.749816969893562e-12,1.6175292384895213e-16,-1.3948210570719243e-19,-2.1580859119761744e-19,1.759218565801911e-16,8.130460979332084e-13,1.2496324443879802e-19,-1.2821278969579094e-17,7.356489359172648e-20,1.8542325512366304e-16,1.2627051558881414e-19,1.6733898342707744e-20,5.261251800982878e-21,-3.3406566934921076e-19,7.366902450616928e-12,1.2342324937461385e-16,7.367122558512399e-12,2.5149665679410835e-17,3.6911237703944265e-15,3.631178688306421e-17,3.6904887025712235e-15,4.554735760828927e-17,3.690617293502601e-15,2.426210725601428e-16,7.367020498430898e-12,1.4114596952853901e-19,3.690303874195297e-15,1.3049416898908048e-16,2.2871027968513105e-19,2.647396729485351e-16,-1.6187695112175367e-17,1.6169276140857274e-16,8.72313429753587e-20,7.367114595892284e-12,2.819456804211793e-17,4.1760226163542083e-19,5.045053732767475e-20,7.59429868487003e-17,1.0735817058811205e-19,-5.0564285186046556e-20,8.846696620467737e-21,3.7937178925039565e-18,1.0415777116380941e-16,7.367080640369817e-12,1.1441767544945418e-17,-3.479589636530535e-19,-2.9522024633949217e-20,-2.2474067446334137e-19,7.36701918011712e-12,-2.5350798100903438e-20,1.5492300625601789e-16,9.818602207058115e-17,1.7713781198499503e-19,5.1479220335720206e-17,7.367011696575789e-12,9.66245028567651e-20,3.690756087983828e-15,5.472821091359928e-20,2.1031944233493183e-16,2.096659615061671e-19,3.690570364438253e-15,3.968107167655891e-17,8.686525014077047e-20,2.3217296661257777e-19,2.1167780618886517e-16,4.671694857104014e-19,4.817594003467906e-19,-1.4922323704338835e-19,2.2537008317029253e-19,2.1706650227743513e-17,-9.49971554506373e-21,8.491390463899626e-20,9.650958049328804e-20,1.2744531687902766e-17,6.624826901729488e-20,3.5319271675585737e-20,2.2942110190012084e-19,1.405045652682146e-16,1.2219519656782934e-16,-3.67504721816153e-20,4.532430900229086e-20,1.0446034033895713e-16,1.319408883814034e-16,1.6642791571867576e-16,-3.151027097321875e-17,-1.421976195404626e-17,3.2387941623158e-17,9.481818834150078e-20,8.71703030914326e-17,5.921638479303843e-20,-1.3920510272806324e-19,1.3148135423088487e-16,9.19566018468476e-20,9.605447375720458e-21,1.883000534964737e-16,3.677028922989606e-19,4.34197552909876e-20,7.2907322483242e-20,7.844121663105457e-20,1.1705809293388428e-20,-4.6940009359514034e-20,3.690616666359179e-15,3.690727215540938e-15,1.360392077382579e-19,-3.816508565710307e-17,7.473146837391974e-17,1.2207441412190469e-20,1.1968360806155198e-17,3.690581307805117e-15,1.0424876666190972e-16,1.0882813482090574e-16,8.843758959691946e-17,-6.599383643370056e-17,3.6911681327476435e-15,7.36710007544239e-12,2.653866310821203e-19,3.69052236551371e-15,2.980472875724183e-21,2.576823959249163e-16,1.2824614939244015e-16,1.7481892754169336e-16,9.370697293034725e-17,2.6199918005011208e-20,-3.285881181171901e-19,1.4525312349048755e-19,7.334296423179598e-20,3.69058025114744e-15,-1.1415118545825653e-19,3.9054821574089e-20
-8.408879674597309e-12,1.6681861230229267e-16,1.2542001953358956e-16,1.271581749485227e-16,1.482064171997512e-16,1.2496324443879802e-19,8.130101885155132e-13,2.1963891425121177e-19,1.438732087775276e-16,1.5662878822235906e-19,1.9156178941322107e-16,1.8757127743054312e-16,1.0554240613112881e-16,1.1650803859021485e-16,-7.784873981702185e-12,2.1589943590078735e-16,-3.899981983687019e-15,8.567579245209859e-19,-3.900077946504235e-15,5.03336701576481e-20,-3.900195431099025e-15,1.2466537243186242e-16,-7.784943420882701e-12,-5.181890439412187e-20,-3.900468365671737e-15,1.629295228440896e-16,-3.900290489545116e-15,1.5775030111780037e-16,1.4121267873641408e-16,-3.5448195816935264e-21,3.468014540190429e-21,1.126992873972791e-19,2.074917028111088e-19,-3.900149589127676e-15,1.3410959303291678e-16,2.136197521398603e-20,3.2901746731186746e-19,9.13266279062238e-20,2.0816496225894556e-19,-1.3453749997110727e-19,1.9742939682853887e-16,1.088836964697895e-19,1.6496012469450974e-16,-3.900072873810867e-15,1.8198901154853743e-19,4.759544618198294e-19,1.946625019491917e-16,1.2337030063075818e-16,-7.784999378267725e-12,4.979950669254629e-20,4.116622010278228e-20,1.3226550200936463e-16,8.185720008873108e-20,-1.734152841417367e-19,-7.785086923071431e-12,-8.803945422305438e-19,-3.900223842737547e-15,1.8664222967113454e-16,2.847259290881595e-19,1.1917728337764012e-16,-3.9002110260015845e-15,1.7995185637784478e-16,1.6303008140449352e-16,1.1869056671557324e-16,1.9158963868191333e-16,1.5289515469929383e-16,9.892174492170874e-17,-3.031673045396894e-20,1.8575655599532948e-16,1.0225742201490245e-16,-1.2682930853933897e-19,1.6737260789382157e-16,8.154326987534896e-17,1.5027565553353155e-16,1.9722126491375376e-16,6.456422141317623e-20,6.191492285646508e-20,2.598439335183172e-20,9.510113989718118e-21,9.450760737661611e-20,1.4304918457499182e-16,2.0750064538383337e-16,-1.728057435217878e-19,3.017177331179146e-19,7.73811841185111e-20,1.5436775862042276e-16,1.1086045356360015e-16,1.693983477973154e-16,1.051058941975182e-19,6.941802925010325e-19,1.6491278136895657e-16,3.566390861664576e-19,-2.131343791532286e-20,1.6809845261812826e-16,1.84189572272988e-16,1.391744054599738e-19,1.6167226404409682e-16,6.889583360867904e-20,3.0583816656239463e-19,1.0001317903460614e-16,-3.3651377587334263e-19,-7.785028415794554e-12,-7.785023839775714e-12,-2.446422036466037e-19,1.555831115582214e-16,1.4813484530332697e-16,8.394833804869669e-17,1.4018220999927855e-16,-3.89982347000662e-15,1.7454673793863737e-16,1.4505715489476803e-16,1.4850989383277896e-16,9.005436320543099e-20,-3.9002325833503855e-15,-7.784694324996998e-12,1.515534083935674e-16,-7.784971446449124e-12,1.2660093946816753e-16,1.540266479285887e-16,1.0441935326365991e-16,1.1473892207511348e-19,9.787697666452927e-20,1.3608528522270006e-16,7.851351147983422e-21,9.774571397966795e-20,-5.432757433080822e-19,-3.9002755227905406e-15,6.888259033249206e-19,1.863534871451296e-19
3.83494998168998e-11,1.2833585854547116e-16,9.169055015749011e-21,1.6272962303511564e-16,-5.750433674281537e-20,-1.2821278969579094e-17,2.1963891425121177e-19,8.130018478146635e-13,3.972220813100538e-17,1.4601091898208651e-16,2.434432571576769e-16,2.4929229135922823e-16,3.8294947353112847e-19,1.7499239406023693e-16,3.8970167822992954e-11,2.1937079399419355e-19,1.9523348086478206e-14,1.6733447108122627e-16,3.897005303848395e-11,2.0030235421581471e-16,3.89697892778775e-11,1.5073272737071833e-16,3.896997757416066e-11,-2.746388520766802e-19,1.9522725299243328e-14,6.40401028639071e-17,1.9522963741162634e-14,1.4439923242209297e-19,1.093078606546155e-19,3.7396363104217715e-17,2.216317353003271e-16,2.4613035680066475e-16,2.1195509813677537e-16,1.9523100371647666e-14,2.2599090631281826e-16,2.291381691668467e-16,1.9670097360414887e-19,1.7565069590418542e-16,-1.1347387073686777e-19,3.087852577332346e-19,3.209480878851233e-19,-1.429751273423798e-19,1.737235775532752e-16,3.897003542517008e-11,2.1554681573761414e-16,2.287716961513179e-19,3.756372033004133e-16,1.4758828648482986e-19,3.896979766040738e-11,-2.3985228922062436e-19,1.096657009288789e-16,1.089846899203241e-16,9.295171369697003e-19,3.3156821165388497e-19,3.896960497632044e-11,-4.620684616065022e-19,1.9522966102203782e-14,1.8745172506064186e-16,-1.891282866208995e-20,5.316442310934274e-20,3.896988562763009e-11,2.60957841583114e-16,4.138279972626556e-19,1.3616125396675243e-19,3.466297242856727e-20,1.4569296503198164e-16,1.6810644790389544e-16,2.427109442527171e-16,2.1371236377980646e-16,1.5166888135812787e-16,1.6165753490528956e-19,-1.922956738334216e-20,1.6934959513371826e-16,-7.345683746611069e-20,1.8164933061285412e-20,6.485816021205971e-17,2.363449598344505e-19,4.439226440030911e-20,1.3949734730237075e-16,1.822493349161325e-16,1.700689470597113e-19,8.985868166710944e-20,-1.1984303880582697e-20,3.2641614718471985e-16,3.384824792930211e-19,1.5237049291555034e-19,1.4715662099170535e-16,1.778991491352322e-17,1.6203035619400808e-16,8.652190539443629e-20,1.5029291126031516e-16,2.3196013438881037e-19,1.3882476955683866e-16,1.598836238783356e-16,1.2363874652261396e-16,5.544445422425122e-17,2.0806506427354706e-16,8.756665239336116e-21,1.2500894086838847e-16,-2.7703812012055313e-19,2.9003083598466096e-16,1.9522590910535022e-14,3.896992795559725e-11,1.0578896570239863e-16,2.84037153940365e-16,1.9631777750120204e-16,-6.19318754536356e-20,2.0653032972712058e-16,3.897006933106651e-11,6.385742862035685e-20,4.254880559707537e-19,1.6267983824490648e-16,-9.146361699239757e-20,3.896957898152172e-11,1.9523164312388054e-14,-9.121755247764277e-20,1.9522931659516906e-14,1.2599709822839352e-19,-5.636634360919421e-20,6.42051032789903e-17,-9.395620996330308e-20,9.464760087728941e-20,6.361354392573025e-20,2.464792968003956e-16,2.7188616313852124e-16,1.3795061403583092e-19,1.9523019592318837e-14,1.4977003657999327e-19,1.8672357784102022e-19
-7.110810074756168e-12,2.2028783913730925e-16,5.4832289109818456e-17,1.2483345636141021e-19,-6.043088505333908e-20,7.356489359172648e-20,1.438732087775276e-16,3.972220813100538e-17,8.130176000234948e-13,4.225837231298115e-20,1.7484691905517687e-16,1.054870299182235e-16,1.1718062625661521e-16,-1.9458557750436597e-19,-3.253553160549966e-15,1.8997317627604987e-16,-3.253048371139535e-15,6.700675242207301e-20,-6.493902207749579e-12,3.412309604921039e-19,-3.2529512745901476e-15,9.921714484620973e-17,-3.2531803375449454e-15,2.4947663289252237e-16,-6.493920119051493e-12,1.8969473461035703e-19,-6.49384444990053e-12,1.2486173945001784e-16,1.2049229051181884e-16,1.4866955942154746e-19,8.080118165146657e-19,1.3610372448992266e-19,9.905777966036168e-17,-6.493800100092709e-12,4.0980425092567527e-17,2.8705651158972744e-20,2.918347013658904e-16,1.271812886512404e-16,-3.2708213067299415e-19,-1.0351859032653503e-20,-2.4260826425253764e-19,4.5623175746534394e-20,-1.5421839554270936e-19,-3.2533012379829178e-15,4.5029138245112864e-17,-1.9369061064628423e-20,2.2054190066851536e-17,1.7173688732540237e-19,-3.2533794128880597e-15,1.1095872935576714e-16,1.8732673210603256e-16,5.825722154563453e-20,2.38390896951123e-16,7.891868662132564e-17,-6.493934586030413e-12,1.9211654975312158e-16,-3.2532167980102662e-15,2.5947158267750365e-19,2.4134653879496137e-16,-1.804354487042664e-20,-3.2531317404509123e-15,9.0579587974699e-20,1.8319741662147354e-16,2.0408524314077384e-16,2.35268754976942e-16,3.1412928910909267e-19,-2.708385077165065e-17,4.178232401951626e-20,-9.241326509332955e-20,9.162140700701075e-17,8.309474225373504e-17,2.238524116397843e-16,5.032771301918762e-20,8.066389501340503e-20,2.239264381390458e-16,4.632150044421915e-19,1.70724416965446e-19,1.9304064129105177e-19,1.9287734248926526e-16,1.3960939324356989e-16,-1.2409183685855619e-19,8.622960328034699e-21,1.3695868824313562e-16,-1.0553496975610667e-19,3.4889188880073854e-17,-2.541914530945483e-20,-1.181242732343832e-19,2.8382401068069833e-16,3.3832266331570154e-19,1.7628852009732872e-16,1.3638410118808234e-16,6.246823167388113e-20,1.6622905956619487e-16,1.8024430388091152e-20,6.65309902513681e-20,1.079564032622106e-16,1.1863448853230104e-16,5.5359964249515466e-17,1.1997941190207528e-20,2.7779117295515244e-19,9.376220330456859e-20,-3.2533789949026244e-15,-3.2530770671205995e-15,1.5814974578759048e-16,-2.532728278152025e-19,9.289439808306085e-20,4.405599694228376e-17,3.868649226586014e-17,-6.493877506458171e-12,1.3622518235153078e-16,2.947152755148464e-20,2.199193211508837e-19,-2.7255645926046232e-17,-6.494116415484529e-12,-3.2531525937587506e-15,1.714591702387804e-19,-3.2535399528704684e-15,2.6190914655800218e-17,3.3373248936812607e-20,2.434855158676934e-19,-1.4453492652531361e-19,1.9275089142619148e-16,1.0904951905733857e-16,-2.8796071666726603e-19,1.235050685734533e-16,1.9549288549113281e-16,-6.494077529265474e-12,2.7382226057597427e-17,-2.0467094394313887e-19
-5.439547376203227e-11,2.8296425553058074e-16,1.1477009993899213e-16,1.1080730443937019e-16,1.3099927661329444e-19,1.8542325512366304e-16,1.5662878822235906e-19,1.4601091898208651e-16,4.225837231298115e-20,8.128711456380253e-13,4.898463514555157e-19,1.7967483595564374e-16,9.094408755836313e-20,-3.669432809640014e-20,-2.694231504457511e-14,3.9374930587335734e-19,-5.37795847959569e-11,1.4173386039555942e-16,-2.6942317986698217e-14,2.2513977585544095e-16,-5.3780278448154914e-11,-1.8418910662564698e-21,-2.694253126609876e-14,2.649675812505464e-16,-2.6942416425685027e-14,9.782046758215416e-19,-2.6942123486701985e-14,7.993549654093715e-20,3.7791106332715433e-19,3.039619006648404e-16,1.0597360086227536e-16,1.3994957219432642e-19,-1.162432239171035e-19,-5.377972276946492e-11,1.5399365757402722e-19,-2.6119684660622585e-19,3.4773003360629245e-16,1.8459211939197581e-16,-4.9305303085257265e-20,3.841271802392253e-16,2.775820174888315e-16,9.588986302282732e-17,1.7152440625983608e-16,-5.3779717728572146e-11,9.277741009964877e-17,1.2761861810570094e-19,1.4409233648144934e-16,8.884457100946447e-20,-5.3779909791748576e-11,1.9878278851141495e-16,1.719651993066384e-19,4.853566207250483e-20,4.144296812182893e-16,1.39867053202429e-20,-5.37800036433092e-11,2.0213762397801583e-16,-5.3780002820787956e-11,3.510105602161787e-19,3.25583922166123e-16,2.2533937666200745e-16,-5.377989333235954e-11,2.15011184377923e-19,-6.662001804659403e-20,2.1861844183327752e-16,2.833429263668443e-16,2.028211973368314e-16,2.1989946372678038e-17,1.3598086073950142e-19,1.2317588249785775e-19,1.3922605958106308e-16,1.3198648125511277e-16,1.0775837557719725e-19,8.19644367935105e-20,1.4933832994844417e-16,-1.8046716103906256e-19,1.0484283501912424e-19,3.0916226884068786e-16,2.499136737560368e-16,7.632417690225658e-20,7.855308613308816e-20,1.541430521902603e-16,4.162169049148309e-19,2.386168400994257e-20,2.7215456297864834e-20,1.5737980591412298e-19,1.293503211172999e-16,1.703291260066848e-16,6.178542305039528e-20,2.0857704477776405e-16,2.2473080129113925e-16,1.9762392056693212e-16,3.320476492228465e-19,-2.3477461876509602e-20,8.863000931192689e-20,3.057242449290074e-19,1.1705764072489321e-16,1.8588721513570437e-16,1.1085095598207655e-16,2.3871597409306456e-16,-1.4159707371652497e-19,1.8594281511448786e-16,-5.3780038894626254e-11,-2.694305928756862e-14,4.265458608847093e-19,-4.715604000867662e-19,2.1725249372751135e-16,3.1494066453890155e-19,3.4256652294994055e-19,-5.3779818630585164e-11,6.61633301389509e-20,1.49533424616948e-16,-3.7483051014651366e-20,6.205562564250214e-17,-2.6942526972873474e-14,-5.3779574997284684e-11,2.6992018835442616e-16,-5.377997951338441e-11,9.264071247813999e-17,2.800757885974383e-16,1.780865065843488e-19,2.2344315300661807e-16,2.4775237729617007e-16,1.7531710123611682e-16,1.575316577165984e-19,2.237071225180709e-16,7.897585770698733e-20,-2.6942569510768883e-14,1.0645090165058043e-16,5.975415924534617e-19
3.9169207569287676e-12,2.0867752771623962e-16,1.9287515112964085e-16,1.9106940560775592e-16,1.7927931634660292e-16,1.2627051558881414e-19,1.9156178941322107e-16,2.434432571576769e-16,1.7484691905517687e-16,4.898463514555157e-19,8.129555492878948e-13,2.790015593072077e-16,1.5383402759949628e-19,1.6499279381084566e-16,4.532356285297783e-12,2.8324028923563186e-19,4.532543468388426e-12,1.7391012947480557e-16,2.2704011991184698e-15,2.013565854563675e-16,2.2702039864561147e-15,1.661371390365097e-16,4.532220334685949e-12,1.8555462840621302e-16,2.270078387157077e-15,1.8346626347189328e-16,4.532149159404619e-12,2.1584549734236853e-16,1.9847452536308523e-16,1.5647096565312606e-19,1.7795618300644267e-16,2.4211675332144646e-19,1.2711679443392604e-19,2.270431747459383e-15,-1.3821348591610339e-19,1.264488543270768e-19,1.7591446654275014e-16,-1.224312198834973e-19,-5.38595653573257e-19,5.457652204680037e-19,6.596921062800187e-19,1.879962492071763e-19,2.376874624889717e-16,2.270673982190617e-15,1.0086203663163079e-19,1.005384679316864e-19,1.1325881430717444e-19,1.5458813609445185e-19,4.53210065078859e-12,2.3593197694469004e-19,3.816769707346565e-19,-1.6342549640501273e-19,4.3489632896937235e-16,8.454872998612486e-20,2.2707186367746394e-15,8.808642918145197e-17,4.532210124153279e-12,2.36032159533915e-16,5.594125510892321e-20,3.5195757843132784e-19,2.2700339536225826e-15,1.369451659569519e-19,1.6382437869831035e-19,1.1308603429450715e-16,3.8823356753773365e-19,3.5712214778824443e-19,1.727062557477582e-16,1.9240006458353727e-19,7.18739434495908e-20,1.4398308884228325e-16,1.525436524491675e-16,3.232264929616094e-19,1.141035164455105e-16,1.960997880433508e-19,2.3518941104682313e-19,2.062416505167358e-16,3.111237576096929e-16,1.8923500179786193e-16,1.7703131983958094e-16,1.138158094882871e-19,1.4424572807538622e-19,2.9279977562677635e-16,3.0307132680706204e-16,8.229503796391887e-20,1.3407176847526718e-19,-3.1849815023965953e-19,1.4291803957130014e-16,-8.431251109993292e-20,2.0861394550846496e-16,1.9801609659851355e-16,2.223001841484858e-16,3.0124588275600895e-16,8.066189157427467e-20,2.4353961763372448e-16,3.7672212662485367e-19,1.678685369626943e-16,2.4783298369082156e-16,2.484113852924341e-16,3.922715677106793e-19,1.1053421962626537e-16,3.2053538550009943e-16,4.532098060766298e-12,4.532120350922256e-12,1.8658358877295707e-16,2.7822188080113604e-16,2.047929173196728e-16,1.2984613282009156e-16,2.2584079673573814e-16,4.532350278032484e-12,2.626992358638655e-16,8.987468995950144e-20,2.1681298465770189e-16,2.268193083000659e-16,4.531842445290709e-12,4.532583131379334e-12,6.514475525076336e-20,2.270406224950111e-15,8.083514355996621e-20,1.3141057357829537e-19,3.0670449819643244e-20,1.4637881378620814e-16,1.7020770654645416e-19,1.9153497879262893e-20,-2.0975511715464828e-20,2.667690850858327e-19,1.5913359884245925e-19,2.2704558688209765e-15,2.4205634097722615e-16,1.1687774859953887e-19
-1.8786421668397257e-11,1.7665538827045435e-16,1.3206347693680348e-19,1.7837110410558157e-16,-2.5849852305332727e-20,1.6733898342707744e-20,1.8757127743054312e-16,2.4929229135922823e-16,1.054870299182235e-16,1.7967483595564374e-16,2.790015593072077e-16,8.130873381028305e-13,7.069065103416666e-20,2.1068482983174442e-16,-1.8165535653841246e-11,4.381101958156061e-19,-1.8165444759729805e-11,3.296633308247799e-20,-9.099747961557118e-15,1.9817391123966618e-19,-9.10092027184765e-15,1.577254366501827e-20,-9.100594836450797e-15,1.361840755621301e-16,-9.1007149662002e-15,1.6366856666585867e-16,-9.100582499188333e-15,3.2844123415578546e-20,1.6785572039099175e-20,3.828427056285497e-20,1.598935085594184e-16,3.142822079407332e-16,-1.9059856253904115e-19,-9.100135328392271e-15,1.798175368188022e-16,1.255859798899396e-19,3.278720198394139e-19,-5.942235852414178e-20,1.7113282192012284e-16,5.473524701664223e-16,2.0288872376173358e-16,8.062868289578903e-20,1.8869105482117995e-16,-9.100513512738743e-15,1.9388338101440668e-16,9.143949583258749e-20,2.5728548951340435e-19,2.008155492782932e-16,-9.100450731121604e-15,-2.726560089422028e-20,1.326473698521982e-16,5.9966900973560735e-19,3.6062360999684122e-16,3.981487839611167e-20,-1.816592656464205e-11,6.437672736883644e-17,-9.100656648645924e-15,2.1918025481190967e-16,2.322698199161231e-16,2.3520702547446783e-19,-1.8165739400595903e-11,-6.91964733128846e-20,1.7527998752404296e-16,3.5585685097529143e-19,1.937692613374264e-16,-2.0210347316961697e-19,-1.227200661533809e-18,1.6086684690255553e-19,2.314194378222124e-16,1.6557989746989272e-16,7.795250063898175e-20,1.3897646677715403e-20,1.8753716465174205e-16,2.3240374970135546e-16,2.868240363535651e-16,-3.549271205399847e-19,3.057203261521761e-16,1.763754948813273e-16,1.8098156366610139e-16,1.6169226324553577e-19,1.8750588321397657e-16,1.2920663579390181e-19,2.3126577674095254e-16,2.630835343632293e-19,4.23536162326983e-19,1.4466081247123126e-19,1.214812652631799e-19,5.013469240052973e-20,2.1009146651965079e-16,7.926212334837103e-20,1.996475513235008e-19,3.0534631239669925e-16,2.4845473650736425e-16,1.949534981288859e-16,1.9373807019014972e-16,-2.806762785117132e-20,4.892502136500562e-20,2.1346607946294225e-16,2.1081278820972887e-16,1.3802644398093397e-16,2.6279873267162924e-16,-1.8165801296491164e-11,-9.100365338358254e-15,1.4380803110241458e-16,2.499570479583855e-16,1.7111433463514866e-19,2.8845350514220066e-19,2.1085328140554046e-16,-9.100429865094918e-15,2.636639000036436e-19,1.5901992198295722e-16,1.5454125783932895e-19,2.3806507327758107e-16,-1.816602907973928e-11,-1.8165374933459142e-11,3.2124447621682575e-19,-1.8165731716319846e-11,1.8663566928332167e-16,1.2400330469789002e-19,1.3964058095619287e-19,1.2429969269614055e-16,1.5658071290667352e-16,1.776937635738884e-16,2.777439148063737e-16,1.707166994307527e-19,2.5196619423463943e-16,-1.816570822041098e-11,2.5542455154066614e-16,1.0227949003539834e-19
-1.660121570376789e-11,1.5125144870512518e-16,2.0412174349741447e-20,9.882855449471453e-17,1.055554548808182e-19,5.261251800982878e-21,1.0554240613112881e-16,3.8294947353112847e-19,1.1718062625661521e-16,9.094408755836313e-20,1.5383402759949628e-19,7.069065103416666e-20,8.128944549983706e-13,8.715340225043805e-20,-8.008616331027108e-15,1.7062332525317378e-16,-8.0085100946159e-15,-9.741282348334076e-20,-1.5985771792812237e-11,1.3767049727531892e-16,-8.008759230542537e-15,9.173939757631322e-17,-1.5985781519402157e-11,1.3253935698255125e-16,-1.5985900847259203e-11,1.4436616087596593e-16,-1.598581824409812e-11,1.432152733913826e-19,9.48858474202809e-17,2.183413733662305e-19,3.335695726618084e-17,2.8012535636169427e-19,9.965094642905287e-17,-8.008459853052363e-15,8.762040273703511e-17,3.3118812404719025e-20,1.7520079522076055e-16,1.006360562575308e-16,1.0239150049549564e-19,3.020111156845413e-16,1.3183025610052789e-16,8.836222281944739e-20,4.275078699223869e-20,-8.008215158543397e-15,1.8233084366583675e-20,1.161741686398619e-16,1.2845243603975654e-16,-1.7850669535997732e-19,-8.008522711755707e-15,1.309836508050525e-16,7.952087567405604e-17,-8.397296252314239e-20,1.3034940791755743e-19,6.807148161215858e-17,-1.5985895863653306e-11,9.372622845122586e-17,-1.5985834548309836e-11,-6.051905166718634e-20,2.3071885040423066e-16,3.12112800001841e-20,-1.5985823402445008e-11,-3.1187552210843683e-19,6.349911128838697e-19,1.0581754971498707e-16,-2.6036816735370385e-19,1.300997986576418e-16,5.822655070857217e-17,-1.3735579253952872e-19,8.64600644637854e-17,-7.29891200660287e-20,7.759382219932243e-17,1.276652971284422e-16,-4.3711611069812515e-20,-1.3276014031998399e-20,1.892006343227505e-16,1.7496786276506853e-16,1.6677426330433512e-16,1.0111460954569917e-19,1.1611718854805902e-16,-9.73176714235167e-21,-1.0348521702608703e-19,1.330652089675728e-16,-4.788050565047301e-20,2.950425535862975e-19,3.415109004342197e-19,-7.154251840683964e-20,9.812131882384287e-17,1.4087207279868374e-19,-7.34771400919529e-21,3.097575308204021e-19,1.341456032911959e-16,1.8466488184094814e-16,-9.368896610842929e-20,1.2512189490262568e-16,1.72370025142421e-16,6.840164229762502e-17,1.0860307548880726e-16,2.2685996791019158e-20,-1.783791998367462e-19,-1.643680434606175e-19,1.482423785658914e-16,-8.008158931132414e-15,-1.5985878676462644e-11,1.510218619483753e-19,9.315773750585501e-17,1.0452097421529113e-19,-2.559350349820899e-21,-6.393811110560615e-19,-8.008927194425288e-15,1.2057041556590375e-16,1.5401012280135953e-19,1.2639315232838436e-16,-3.9072121266929645e-20,-8.00869698031488e-15,-1.5985603148788644e-11,1.2313474805043285e-16,-8.008478892912176e-15,1.339804223592657e-19,-3.034725850488818e-20,-1.5935497816002017e-21,6.51971216116956e-20,9.85511740597108e-17,9.89585808279778e-17,1.4251131963428518e-16,1.690613085297509e-16,-3.492002486699343e-19,-8.008554305873688e-15,1.0282619676768164e-16,1.3276389524022794e-16
