1.0000000033409715,-6.848540331178965e-08,-6.412999414265306e-08,8.470428581572389e-08,8.770086229720175e-08,2.2879709916686858e-07,1.5143046666818117e-07,2.1062278363667065e-07,1.0849284727765696e-07,7.426730287521137e-08,1.3000286163561773e-07,-1.7669817093959943e-07,-8.813898835872243e-08,7.306325393728804e-08,9.014019842510656e-08,-5.152304154844697e-08,1.200956056112375e-07,5.544635445948099e-08,3.8387301462555287e-07,-1.6349694606520064e-07,9.439827593947311e-08,9.212423082736119e-08,1.000000993388909,6.028586671824898e-08,9.476600768344317e-08,1.0000009590305554,1.000001017317642,1.3729116522779336e-07,1.000000984981657,-9.291932185298854e-08,3.3301494802718937e-09,-3.190369799734087e-08,-1.340281879121226e-07,6.054192619696905e-08,1.2599542791291234e-07,-1.4646775212070647e-07,1.000001029051691,-1.1525723895274202e-07,1.1863076024763863e-07,-9.025007354537929e-08,-4.710537672788285e-09,-1.7479809703041884e-07,4.626230226032704e-07,5.033065803144991e-08,3.64392598357145e-08,-6.31311254929321e-08,1.0000009331930764,1.3439013769145083e-07,1.000001038050353,8.924948331407849e-08,2.1490559129919052e-07,1.0000009984469531,6.08011269613852e-07,1.0000010024725479,1.049255293142728e-08,2.3729011075263412e-07,-5.653542446310034e-09,1.1516704910260946e-07,-9.57614608446105e-08,-2.1009949527449498e-07,1.8616998585172173e-07,1.9851106869115112e-07,8.14895369102916e-08,6.444914346382751e-08,1.000001004018622,1.4050131494467414e-07,1.3098240763135345e-07,-1.3720252795470888e-07,3.4394184996922285e-08,-2.741245885726603e-08,8.574717008330719e-08,5.1513278184562056e-08,1.3769927210547473e-08,8.591070357122364e-08,1.2760525360067328e-07,-2.298765219500873e-07,4.771748061481157e-08,-1.3848917722074111e-08,1.3060204870237458e-07,6.912079277703371e-08,1.9350305291040908e-07,1.5224303072253525e-07,1.613765407776318e-07,2.836717576449725e-08,1.0000010354469495,1.4840125098534457e-07,1.000000995302206,1.6627368662473825e-07,1.2500608459666114e-07,1.0000009714408793,1.2299233160306036e-08,6.433894279481073e-08,1.391689096571216e-07,-1.596008552032833e-07,1.000001035075487,1.000001034344502,-4.807288903807708e-08,-1.236369644082128e-07,5.520722749153992e-08,2.6838765027783416e-08,2.3008062675891164e-08,6.239184725306745e-08,1.000000998483003,1.1782496123039678e-07,-1.0318053073184199e-07,1.1719021897533243e-07,7.371381426724941e-08,-1.0149765990972432e-07,-3.5120059655681145e-08,-1.959974535520998e-07,7.288479072992168e-09,3.2564908934092286e-07,8.806282584372048e-08,-1.2522976274899116e-07,2.0436389426057518e-07,-6.710641347665531e-09,7.966440207263995e-08,8.456713595649052e-08,2.959592400527223e-07,-2.053406309210693e-08,2.0489866262035254e-08,-1.4360735807684293e-07,-9.393010146870704e-08,-4.4528919648297285e-09,3.088649766091296e-07,1.0000010042582215,1.000001006617127,8.068017940925536e-08,-2.915880520822282e-08
-6.848540331178965e-08,7.029668877089233e-07,-1.3246465686409005e-08,-1.0338005202355416e-08,-7.463314706532149e-09,-1.188353964886646e-08,-1.1670545877429029e-08,-1.0448517512771774e-08,-7.969716485804777e-09,-1.0687408802005787e-08,-1.0472928273976988e-08,-1.2972136518191358e-08,-7.780561136000423e-09,-8.12724555746919e-09,-1.5448739478812397e-08,-1.919523907354599e-08,-1.0603902599507582e-08,-1.1855285126905681e-08,-1.9212684210369043e-08,-8.427973959899347e-09,-1.0932056702063412e-08,-1.1851224471227929e-08,-1.6878110145768174e-10,-1.063140074538003e-08,-1.1591910609965103e-08,-3.3244765305612107e-07,-3.4707174126542313e-07,-1.1567477425193736e-08,-3.426838071987199e-07,-1.3206316859571292e-08,-1.181537197835821e-08,-7.710850990343726e-09,-9.172492910022702e-09,-9.643908040630641e-09,-7.384640714060386e-09,-1.5730988234750605e-08,-3.37055483484438e-07,-9.277759849394212e-09,-7.16349728182198e-09,-1.5595852353852314e-08,-8.578236201172469e-09,-1.5536871722775686e-08,-1.8218905361192182e-08,-1.0704478809213124e-08,-8.89669468000965e-09,-9.438264627223566e-09,-3.4543106793016446e-07,-9.61245226228324e-09,-3.299961526866129e-07,-1.0440839827394454e-08,-1.0352890860199836e-08,-3.403102581505446e-07,-2.239070500100899e-08,-3.2903280466242925e-07,-8.769145888904734e-09,-1.820132126170917e-08,-1.3369478177739404e-08,-1.039460627474542e-08,-1.1479866930032496e-08,-1.3290139388492875e-08,-1.1916286997924641e-08,-1.0399082094288989e-08,-1.1807625246236432e-08,-1.0455911719190705e-08,-1.6830601740893522e-10,-9.53386599104782e-09,-1.1799729106438669e-08,-8.523615620078726e-09,-9.912339276176843e-09,-9.339250155057691e-09,-1.1947639656051457e-08,-8.145413270812628e-09,-9.43193116235665e-09,-1.1719930917147922e-08,-5.296569762662241e-12,-6.988370666073944e-12,-6.614556401079392e-12,-6.6935384698845686e-12,-4.394359554911236e-12,-5.3579002515560675e-12,-5.874868414272924e-12,-6.754365676984295e-12,-5.876228892616792e-12,-4.687408804055698e-12,-1.6382014219161786e-10,-3.4705075726835923e-12,-1.7135956936444158e-10,-5.989675683578508e-12,-4.794767107578903e-12,-1.667129936671125e-10,-4.74550647672564e-12,-5.12211099230613e-12,-4.162843376163722e-12,-6.6134075545635235e-12,-1.653172890562228e-10,-1.6815573409628e-10,-5.186327587902941e-12,-6.672881192695149e-12,-4.688621056103805e-12,-5.242572315199414e-12,-5.3983852020762504e-12,-4.2909025401884994e-12,-1.7170437346667757e-10,-6.074777314990178e-12,-4.7820021580908014e-12,-5.755491806963397e-12,-5.170059227201826e-12,-6.727446162115128e-12,-3.835180089755473e-12,-6.500297763133749e-12,-4.292063064769421e-12,-9.205611725227097e-12,-4.080478506618694e-12,-6.656777467771872e-12,-4.9119307366133755e-12,-3.9954065764796366e-12,-5.875940727361114e-12,-5.936424561036896e-12,-5.1850867264347676e-12,-6.463436699720871e-12,-4.6322912880781364e-12,-6.881572604411956e-12,-6.517017980322762e-12,-5.768085296764457e-12,-6.0609158791299295e-12,-1.7419327921288595e-10,-1.6705611124998026e-10,-5.941906318433671e-12,-6.779663630658475e-12
-6.412999414265306e-08,-1.3246465686409005e-08,6.962346042940745e-07,-1.3291904887655202e-08,-9.608122762301348e-09,-7.6640564969509e-12,-1.5011943473474656e-08,-6.735252650059865e-12,-1.0255764156921888e-08,-1.376619871723259e-08,-6.750866993708177e-12,-1.666595073791103e-08,-9.990343576321964e-09,-1.0464327293259956e-08,-9.963155059415504e-12,-1.2420231859248912e-11,-1.3647112234765173e-08,-7.645656853762943e-12,-1.2429152476446944e-11,-1.0827926277851795e-08,-7.0624100151759495e-12,-1.525636999087367e-08,-2.9670256588292903e-07,-1.3688157999709051e-08,-7.46968330356782e-12,-2.908725098256048e-07,-3.1006708524393785e-07,-7.447548435330189e-12,-3.0431013347459193e-07,-1.6987740098670447e-08,-1.5213274629414936e-08,-9.899972778463331e-09,-1.1775995880063309e-08,-6.219852304721561e-12,-9.497797684504247e-09,-1.0154802371991946e-11,-1.4877032036237684e-10,-1.1914284172823306e-08,-9.202489601992082e-09,-1.0064152226764307e-11,-5.525279536654901e-12,-2.001183959585123e-08,-1.1751298037116786e-11,-1.3786379018922356e-08,-5.74365588859255e-12,-1.2138789084091771e-08,-1.5426801145715093e-10,-1.2371169448881178e-08,-1.4413651767185698e-10,-1.3424044799510312e-08,-6.6677924178117916e-12,-1.5090288637577297e-10,-2.883976627017797e-08,-1.4349699640454617e-10,-1.1282898278104142e-08,-2.3437314536486688e-08,-8.624353581179245e-12,-1.3370550995189947e-08,-1.4748661612570581e-08,-1.7109070962515262e-08,-7.684280037112581e-12,-6.698056767826258e-12,-1.51965756501208e-08,-6.735140309535023e-12,-2.954625765812374e-07,-1.2268904214075884e-08,-1.5190445041722228e-08,-5.488724636086111e-12,-1.2708576165645979e-08,-6.012924522871572e-12,-7.708403442994406e-12,-1.0488964922753814e-08,-1.2126237666777034e-08,-7.554071303405256e-12,-1.3602784924779064e-08,-1.799215988425607e-08,-1.698141957426742e-08,-1.720120100030814e-08,-1.1285130543565904e-08,-1.3773073916331211e-08,-1.5086778620852727e-08,-1.735430791177997e-08,-1.5087690282833615e-08,-1.2022210951747353e-08,-2.8370668159100334e-07,-8.911192706068083e-09,-3.034494280806249e-07,-1.5396863824416828e-08,-1.2317900102232702e-08,-2.912969945011499e-07,-1.2180782921938575e-08,-1.313377680063296e-08,-1.0710430561874813e-08,-1.6979031520716836e-08,-2.876397604982854e-07,-2.950488509407386e-07,-1.3309130998491625e-08,-1.7141929394572236e-08,-1.2028688986439083e-08,-1.3459247231301399e-08,-6.9564360148814206e-12,-5.515754468108845e-12,-1.5247738691086038e-10,-7.82938817934345e-12,-6.153650071769649e-12,-7.395417254797028e-12,-6.645228486298844e-12,-8.661981769816179e-12,-4.923291102994409e-12,-8.348480271258447e-12,-5.516172952966693e-12,-1.1860492062294222e-11,-5.251800477328567e-12,-8.563926584082514e-12,-6.331821600839854e-12,-5.139836781229809e-12,-7.558205144123137e-12,-7.641004239312531e-12,-6.663865632064058e-12,-8.304426805971289e-12,-5.949180012419634e-12,-8.873630181708188e-12,-8.375128984675363e-12,-7.415556335310965e-12,-7.81062978821347e-12,-1.5575060565038806e-10,-1.4638516902195089e-10,-7.651059134834278e-12,-8.733160777734853e-12
8.470428581572389e-08,-1.0338005202355416e-08,-1.3291904887655202e-08,7.029070459815998e-07,-7.491406649107334e-09,-1.192752850697611e-08,-5.866441902971607e-12,-1.0484505149514397e-08,-4.007051840716235e-12,-5.376105193520286e-12,-5.265056419422503e-12,-6.516609627229212e-12,-3.907522047826472e-12,-4.087448759324993e-12,-1.5505717574427688e-08,-1.929905563497234e-08,-5.331753845044506e-12,-1.1899027219353783e-08,-9.676906859564719e-12,-8.450810481031744e-09,-5.502211583612146e-12,-5.959727980807773e-12,-9.151984909964893e-11,-1.067188485998631e-08,-5.826615773530273e-12,-8.926627098797837e-11,-1.9298784933393653e-07,-5.811715141284322e-12,-9.446683620877332e-11,-6.638500077703716e-12,-5.942321607271665e-12,-3.872333883467219e-12,-9.193834330137025e-09,-4.849690623640436e-12,-7.408776667663238e-09,-7.914362180324352e-12,-9.161131256408137e-11,-9.300607064812834e-09,-3.5985128797356234e-12,-1.5658336919911994e-08,-8.604392212602919e-09,-7.815331344944653e-12,-1.8287329880618623e-08,-5.3843226090960546e-12,-8.934491598684555e-09,-9.468891167934407e-09,-9.586206300841766e-11,-9.646978715138391e-09,-1.7568960542235586e-07,-1.047303556091984e-08,-1.0383837245429636e-08,-9.326161956976004e-11,-1.1262951856822674e-11,-1.7470798644077356e-07,-4.408659934637367e-12,-9.154256015343682e-12,-6.723833589779476e-12,-5.225057948069529e-12,-5.76693591685918e-12,-1.3339823542454576e-08,-5.991911512818403e-12,-1.043060528605887e-08,-1.185016898315611e-08,-5.254580111532443e-12,-1.8169826209312276e-07,-4.793515010908737e-12,-5.9339038227577175e-12,-4.282872849575084e-12,-4.974154049522185e-12,-4.692258392433555e-12,-6.0092605368953355e-12,-8.177201258387595e-09,-4.7399122698387474e-12,-1.1759700564220764e-08,-1.060856195350628e-08,-1.4015119400460516e-08,-6.636269984956133e-12,-1.341087264710555e-08,-8.801360867110579e-09,-1.0736591836460592e-08,-5.895055854467359e-12,-1.3531457160410903e-08,-1.1768033028219634e-08,-9.382006195755359e-09,-1.7261843033934442e-07,-6.950428796268215e-09,-9.413264929927462e-11,-1.2002472193357209e-08,-4.812230805945429e-12,-8.942538966013472e-11,-9.502137114034044e-09,-1.0250718376127506e-08,-4.1812848026927585e-12,-6.635243238828765e-12,-1.7565268032357828e-07,-1.8138600700769612e-07,-5.202232499026481e-12,-1.3367005254234742e-08,-9.385767531168413e-09,-1.0498461721728775e-08,-1.0820790913514522e-08,-8.59002015120036e-09,-1.885653313450287e-07,-1.217761896146838e-08,-9.578500514195606e-09,-1.1519517014551761e-08,-1.0349460765707794e-08,-1.3479123973046422e-08,-7.672480720863247e-09,-1.3007097654661675e-08,-8.591533221969525e-09,-1.8450443617854123e-08,-8.174106469426837e-09,-1.3331830645625506e-08,-9.847521252495904e-09,-8.00170178097865e-09,-1.17670902929482e-08,-1.1892193725334829e-08,-1.0378959860139685e-08,-1.2935927407911969e-08,-4.6438811205756185e-12,-6.913232590323747e-12,-6.535485978825284e-12,-5.785614852399019e-12,-6.086834181930781e-12,-9.700588633133434e-11,-8.977019122268482e-11,-5.964832494412859e-12,-6.807172165948985e-12
8.770086229720175e-08,-7.463314706532149e-09,-9.608122762301348e-09,-7.491406649107334e-09,7.07859495619636e-07,-4.321897987902008e-12,-4.240044559740281e-12,-3.797419161113924e-12,-2.8966779169207583e-12,-3.8903725671040634e-12,-7.596760841022821e-09,-4.704306141538433e-12,-2.8189038230700384e-12,-5.9006389726061415e-09,-1.1213310557936214e-08,-7.014122321398488e-12,-3.855363351547651e-12,-4.3114612264239125e-12,-7.0185946185876266e-12,-6.100071226052834e-09,-3.9853624152276185e-12,-8.60369787949713e-09,-1.0625600231439279e-10,-3.867698806372864e-12,-4.210697224325084e-12,-1.0459275517780969e-10,-1.1006234571941884e-10,-4.1966522139262855e-12,-1.0842217275010352e-10,-9.576119286587856e-09,-4.298478311465726e-12,-5.5753916057016586e-09,-6.632615105996561e-09,-7.000522761250181e-09,-5.352809045917785e-09,-1.143384580102519e-08,-1.0632454942536475e-10,-3.3623996561801314e-12,-5.183302027443576e-09,-5.676627497698549e-12,-3.113757082157621e-12,-5.654998721426027e-12,-6.626801338448096e-12,-7.775791952454095e-09,-3.240032515018904e-12,-6.842398743321706e-09,-1.0944885465405049e-10,-3.494826433390946e-12,-2.0693999018281868e-07,-7.566024071338667e-09,-7.500820708852521e-09,-2.1461261365972142e-07,-8.150427432162366e-12,-2.0621104128842804e-07,-6.360731630938693e-09,-6.622191610708404e-12,-9.707729610067162e-09,-3.7762661516125436e-12,-8.309591675291013e-09,-4.833589543916382e-12,-8.648651510467362e-09,-3.775196830858344e-12,-8.569056450271846e-09,-3.795954533508975e-12,-1.0590333115565009e-10,-3.465748191363077e-12,-8.566356960617972e-09,-3.0927333596640103e-12,-7.1540882927909e-09,-6.762482815366688e-09,-8.677542684774061e-09,-5.914834920988356e-09,-6.8344155647135855e-09,-4.258826721232998e-12,-7.669344417100369e-09,-5.087786659528561e-12,-9.572246154797316e-09,-4.860020515229272e-12,-3.187401293869981e-12,-3.8920155508134046e-12,-4.2617242931228295e-12,-4.903125199665953e-12,-8.505645416778048e-09,-6.773962988481821e-09,-1.025527800737128e-10,-2.5163515475157888e-12,-1.0817765368623306e-10,-4.3509901588199905e-12,-3.479891279085201e-12,-1.0471714940328766e-10,-6.865794118815712e-09,-3.70726693324751e-12,-3.027415221833057e-12,-9.570865650669703e-09,-2.0690717256547994e-07,-1.0578297081649837e-10,-3.758041742870117e-12,-4.8426298335539925e-12,-3.3961072537864505e-12,-7.587033241378563e-09,-7.83303928608028e-09,-3.1083213320548435e-12,-1.0842991894184228e-10,-4.417395013262316e-12,-6.924762812642933e-09,-4.167164761045185e-12,-7.474617830911397e-09,-9.75016120870618e-09,-2.772487634434247e-12,-4.702925807324036e-12,-3.108132173388863e-12,-6.690646176975614e-12,-5.90962073637326e-09,-9.636141829344998e-09,-3.5726194134425245e-12,-2.8971485937271607e-12,-4.2609449294248284e-12,-8.599647472096339e-09,-3.755328840202493e-12,-9.339260847278213e-09,-6.689266817718396e-09,-9.994849772453204e-09,-9.419322496984397e-09,-4.179278198674142e-12,-4.406815154095018e-12,-1.10293044698704e-10,-1.0496716997939869e-10,-4.315043860606982e-12,-4.926071559714362e-12
2.2879709916686858e-07,-1.188353964886646e-08,-7.6640564969509e-12,-1.192752850697611e-08,-4.321897987902008e-12,6.99544130822557e-07,-6.750284307454801e-12,-1.2066647288932654e-08,-9.20627045598445e-09,-1.236186998930174e-08,-1.2094472553465776e-08,-7.490354789492146e-12,-4.489343670199338e-12,-4.7072553605599044e-12,-8.94435613125361e-12,-2.2283931528891913e-08,-1.2250991154364456e-08,-1.3700116451814249e-08,-2.229817345480256e-08,-4.8668133987467486e-12,-6.344572591578809e-12,-1.3696789353918682e-08,-9.580269721977836e-12,-6.1573609869617874e-12,-6.703761646733564e-12,-6.935313621264622e-12,-3.1185650124160696e-08,-6.681652864638753e-12,-1.3025575483547259e-11,-7.63865506238197e-12,-1.36591817864946e-08,-8.879218600390024e-09,-5.291341440872801e-12,-5.584130061241386e-12,-8.52408618509663e-09,-9.119821096760686e-12,-9.689192667165185e-12,-5.354027443352691e-12,-8.255335805083206e-09,-1.8037913453405194e-08,-4.958080777682259e-12,-1.7969810944471062e-08,-2.1057670810195474e-08,-1.2379384312820965e-08,-1.0296423990189073e-08,-5.45812435032595e-12,-2.9238216524264015e-08,-5.563964717527244e-12,-1.0960547596804923e-08,-1.2046095775283266e-08,-1.1941725013237956e-08,-2.3164737336154142e-08,-1.2974563291437588e-11,-4.920248859178723e-12,-1.0127747672171826e-08,-1.0542982172158244e-11,-7.743292475819504e-12,-1.2000151254149627e-08,-1.3230671038577966e-08,-7.695663053191845e-12,-6.8982817508973845e-12,-1.199629820679131e-08,-1.3641823149181167e-08,-1.20630054964481e-08,-9.019132456821558e-12,-5.517837150499041e-12,-6.832678510960195e-12,-9.829835541238401e-09,-1.139148870287849e-08,-5.3946937252561736e-12,-6.9213507516125416e-12,-9.418203315387211e-09,-5.45168771419345e-12,-1.3532952991420537e-08,-6.117379029222183e-12,-8.099161730919055e-12,-1.524032464580205e-08,-7.737444217735085e-12,-1.0129593563974107e-08,-1.2367386300253623e-08,-6.7844926509559795e-12,-7.805734972553542e-12,-1.3541459679703454e-08,-5.403762108517851e-12,-3.690619493034276e-12,-4.00716366178294e-12,-2.520271788835026e-08,-6.926622772603369e-12,-5.540224544430305e-12,-1.4217535240679534e-08,-5.476768505791539e-12,-5.902784549367349e-12,-4.820108081198445e-12,-7.634619839795226e-12,-5.475011976666869e-12,-1.760150969403502e-08,-5.9834848046093664e-12,-1.5388280033200835e-08,-5.407270676004199e-12,-1.2079582647705427e-08,-6.24784762173546e-12,-4.949206757373905e-12,-1.3037946113486533e-11,-1.4036073930851338e-08,-1.1025630820371986e-08,-1.3242432870926297e-08,-5.962414342218026e-12,-7.77708126816503e-12,-4.415410065957499e-12,-1.4946207421872727e-08,-9.878523670750714e-09,-1.0651397463005899e-11,-4.7146625745635765e-12,-7.686544318977646e-12,-5.687607115014271e-12,-4.613335659742641e-12,-1.3539608122934745e-08,-1.3691349651631347e-08,-1.1933471772371077e-08,-1.4869680401390726e-08,-1.0650988992261039e-08,-1.59112306315489e-08,-7.513945391548574e-12,-1.328126594267291e-08,-1.400183897254573e-08,-3.1917563839839855e-08,-1.5011521382297543e-08,-1.3711506848811758e-08,-7.842342983291616e-12
1.5143046666818117e-07,-1.1670545877429029e-08,-1.5011943473474656e-08,-5.866441902971607e-12,-4.240044559740281e-12,-6.750284307454801e-12,7.000535316630004e-07,-5.932692354039325e-12,-9.033872520941057e-09,-1.2124199121562202e-08,-1.186886721629077e-08,-7.356066685466762e-12,-8.803027508379776e-09,-9.216930305846736e-09,-1.7515460734646435e-08,-1.0935079495227363e-11,-6.022533190097238e-12,-1.3441227237167955e-08,-2.1842132200456998e-08,-9.540280273591878e-09,-6.2192556360331925e-12,-1.3437303077766287e-08,-5.0039093809407444e-11,-6.0403351318411065e-12,-1.3132935105579942e-08,-4.747302729918124e-11,-1.1160571140834918e-07,-1.3095694996584289e-08,-5.33891913553262e-11,-7.496957435950003e-12,-6.7130840329801484e-12,-8.723423912934604e-09,-5.198538630976978e-12,-5.478559161665824e-12,-8.366760182995656e-09,-1.7850251408915632e-08,-1.0006924797638096e-07,-1.0497732869141023e-08,-8.10796950956683e-09,-1.7691587591590946e-08,-4.867678502319511e-12,-1.762469307933985e-08,-2.0658510042982653e-08,-1.2142268184793896e-08,-5.0585331865611485e-12,-5.357462258854909e-12,-1.0971364255649876e-07,-1.0896639391740121e-08,-9.194026218927797e-08,-5.924791236476164e-12,-1.1724123651080642e-08,-5.201873389338111e-11,-1.272531151551209e-11,-4.5509669632959085e-11,-4.9794644679508375e-12,-1.0341996517904873e-11,-7.59600890766014e-12,-1.1777762073893506e-08,-6.50992362038367e-12,-1.5069246360049208e-08,-1.3509161991931188e-08,-1.1777270588104156e-08,-1.3384973764795974e-08,-5.933154182402693e-12,-4.949285620710071e-11,-5.414380135431748e-12,-6.7031901152696676e-12,-4.83570829278059e-12,-1.1199304569443286e-08,-5.297387819248013e-12,-6.789142991030901e-12,-4.6286783729286516e-12,-1.0682729428494241e-08,-1.3280892685410417e-08,-1.1981975178373975e-08,-7.937613952439673e-12,-1.4958422778897236e-08,-7.59036094685743e-12,-9.940700866367561e-09,-1.2130435596878948e-08,-1.3288883046463322e-08,-1.5285338502476706e-08,-6.658430776294701e-12,-5.3064992273046205e-12,-8.844002247629331e-08,-3.932719927390978e-12,-5.30099883974426e-11,-6.7939466925403934e-12,-1.0849692185432644e-08,-4.765848366324924e-11,-1.0730454405663003e-08,-1.1571205064607169e-08,-4.725695377691313e-12,-7.49323766018649e-12,-9.189509373120975e-08,-9.840834836474601e-08,-1.1724609947573455e-08,-1.509847671777947e-08,-1.0596955514895165e-08,-5.940049185239022e-12,-1.222824858759005e-08,-4.859217730400594e-12,-1.0657348329672098e-07,-6.894978492186869e-12,-1.081933721660405e-08,-1.3004040840978043e-08,-5.8542456902320854e-12,-1.5227449796292976e-08,-8.65902871069132e-09,-7.355213413741293e-12,-9.699984634631613e-09,-2.084852586913249e-08,-9.233402972500331e-09,-7.543524945715125e-12,-1.1129641757381202e-08,-4.527707472225787e-12,-6.657738178612395e-12,-1.3433247045681919e-08,-1.1717411658653675e-08,-7.316013559998846e-12,-1.046226481695296e-08,-7.814105301648018e-12,-7.378217734662705e-12,-6.5324796113955614e-12,-6.878586009719545e-12,-5.627839834919496e-11,-9.588669500031918e-08,-1.3450211343329422e-08,-1.5351643474890676e-08
2.1062278363667065e-07,-1.0448517512771774e-08,-6.735252650059865e-12,-1.0484505149514397e-08,-3.797419161113924e-12,-1.2066647288932654e-08,-5.932692354039325e-12,7.02672772056169e-07,-4.053282135093509e-12,-5.44078031462611e-12,-5.325106710659523e-12,-6.5857522857696545e-12,-7.880430556472661e-09,-4.135825695340361e-12,-7.859163631890875e-12,-1.9558501653933235e-08,-1.0765345096620602e-08,-6.0310926354480034e-12,-1.9572414792044956e-08,-8.541275158290081e-09,-1.1120664394801522e-08,-6.029426096452015e-12,-2.741255823905011e-11,-1.079794218220247e-08,-1.1760027976261212e-08,-2.5105442264208616e-11,-3.269996080290253e-11,-1.172487494987318e-08,-3.042221887679277e-11,-1.3399632975578701e-08,-6.012457044034362e-12,-7.809050662326352e-09,-9.28843960562366e-09,-4.9066000406397245e-12,-3.753604687914936e-12,-1.5989144829821653e-08,-2.7507018169083948e-11,-4.70832925005743e-12,-3.636727269043016e-12,-7.939083552771897e-12,-4.3584824226031145e-12,-7.90903842097461e-12,-9.269678817306295e-12,-1.0875505781790314e-08,-4.531219124266431e-12,-9.575367612751675e-09,-6.354730963847018e-08,-4.889168261578691e-12,-4.758025252539307e-08,-1.0588799932839465e-08,-1.0497532461912094e-08,-2.919082098513458e-11,-2.2749897821147563e-08,-2.3342820691615306e-11,-8.900436327119732e-09,-9.262699062398085e-12,-6.803199461644657e-12,-5.284005724822457e-12,-5.828213613725396e-12,-1.3496021293087954e-08,-1.209848717701408e-08,-5.283294476443453e-12,-1.1987124540019225e-08,-1.0603679064678419e-08,-5.3715447793808476e-08,-4.8488377365926544e-12,-6.003419517835269e-12,-8.64186923117472e-09,-5.021532758782558e-12,-9.466655919849766e-09,-1.2136910872890907e-08,-8.274631611257195e-09,-9.565275087789019e-09,-5.9585499619107896e-12,-5.375936505822872e-12,-1.4194180666552956e-08,-1.3394702070450246e-08,-6.798092894783915e-12,-8.902077689365103e-09,-5.443446024683863e-12,-1.1900409859370502e-08,-1.3689487135750042e-08,-1.1901009586129084e-08,-4.750971066237056e-12,-4.443173787002718e-08,-7.0292220710454245e-09,-3.008184943457591e-11,-6.085151518891854e-12,-9.716717834811964e-09,-5.042628389981015e-08,-9.60845624282017e-09,-1.0359366566641245e-08,-8.449565003791743e-09,-6.709948925165049e-12,-4.7538183578556856e-08,-5.3387762879208657e-08,-1.0498182364563148e-08,-1.3521686868795827e-08,-9.48804848530919e-09,-5.319121398120759e-12,-5.487873682350497e-12,-8.6840637338862e-09,-3.043386837219425e-11,-6.176433009261832e-12,-4.854362599073685e-12,-1.1642604352923748e-08,-1.046213737356496e-08,-1.3638157409769114e-08,-3.883405771345426e-12,-1.3142695706865883e-08,-8.684774162196065e-09,-9.356228387072188e-12,-4.142920445111206e-12,-1.3483159102364643e-08,-4.995157918422178e-12,-4.05452471642311e-12,-1.1899680165607762e-08,-6.0274171136280204e-12,-1.0491077222294413e-08,-1.3073551527043776e-08,-9.366090366088943e-09,-7.00038816105963e-12,-1.318519957517399e-08,-1.1674650535536073e-08,-1.229837664171479e-08,-6.588445725693507e-08,-2.5623284671272926e-11,-6.0354643652519026e-12,-6.889144973485347e-12
1.0849284727765696e-07,-7.969716485804777e-09,-1.0255764156921888e-08,-4.007051840716235e-12,-2.8966779169207583e-12,-9.20627045598445e-09,-9.033872520941057e-09,-4.053282135093509e-12,7.0710542445976e-07,-4.15118328108137e-12,-4.062564138794737e-12,-5.023518265621061e-12,-6.009631643576511e-09,-3.1550031092823647e-12,-5.9958140647547784e-12,-7.478469867000258e-12,-4.11484018173237e-12,-4.601361156481181e-12,-1.4936985936306235e-08,-3.2637037665583517e-12,-4.251271123413444e-12,-9.181926583047783e-09,-9.302611590404022e-11,-8.238324820292792e-09,-4.4948883211295976e-12,-9.126239190547581e-11,-9.706689273600114e-11,-4.48103243586469e-12,-9.532608644672998e-11,-1.0222212894624473e-08,-4.587174095054381e-12,-5.955217523252143e-09,-7.08426146503741e-09,-3.74320628408904e-12,-2.8630298807575835e-12,-1.219940070669642e-08,-9.309845620956501e-11,-7.167719666820332e-09,-5.535616351018121e-09,-1.2090081487080612e-08,-3.3244851633387694e-12,-6.034234363793434e-12,-7.072127104506252e-12,-8.297477522625552e-09,-3.4569825332412153e-12,-3.659607776297741e-12,-9.641581104532246e-11,-3.730040084033595e-12,-9.030247936373155e-11,-8.077591384591452e-09,-4.01220680744447e-12,-9.438490695295073e-11,-1.73583033201792e-08,-8.99159275143341e-11,-3.4016367713678247e-12,-7.066838836565296e-12,-1.035983019066538e-08,-4.0310586958344695e-12,-8.873463934898543e-09,-5.158546977712315e-12,-9.230414517847782e-09,-8.044725160620401e-09,-9.145603312385257e-09,-8.088939717861181e-09,-9.265142364735788e-11,-7.3833508620757335e-09,-4.580290898468058e-12,-3.302313913976453e-12,-3.829739271194607e-12,-3.6177427599898985e-12,-9.25995694326913e-09,-6.312236768669235e-09,-3.6556980352834625e-12,-9.073476801789838e-09,-4.101302598622425e-12,-1.0831270463271311e-08,-1.0218328101118644e-08,-5.186523091160932e-12,-3.4022921164705296e-12,-4.1531191313879846e-12,-9.079344099396312e-09,-5.232741647661646e-12,-9.079293386614954e-09,-3.6239407297294173e-12,-1.778124861254176e-07,-5.361601591691045e-09,-9.506609319177614e-11,-9.266945973607403e-09,-7.413046216677756e-09,-1.8239475633441343e-07,-3.6722303592467655e-12,-7.901888439187568e-09,-3.229809828717664e-12,-1.0216814571184709e-08,-1.8018724953755956e-07,-1.84656957181788e-07,-4.012209513531432e-12,-5.16847987997357e-12,-3.6260779393098444e-12,-4.057742777783984e-12,-8.357285336390041e-09,-3.3187504701854704e-12,-1.902643290598276e-07,-4.712722037544933e-12,-3.703123635418145e-12,-8.881393141323018e-09,-7.980740118820922e-09,-5.213064385998615e-12,-5.911057120141322e-09,-5.022523506183231e-12,-6.624228035082286e-09,-7.138662339680209e-12,-6.307658255146373e-09,-1.0285939759494571e-08,-3.811324775803239e-12,-3.092693191071581e-12,-9.078399122098385e-09,-9.178197077475853e-09,-8.003151163556481e-09,-4.996412458402639e-12,-3.5791854739677214e-12,-5.341580509478465e-12,-1.0057671349844745e-08,-4.461956823658377e-12,-9.384068211931382e-09,-9.73109963529615e-11,-9.16585958578586e-11,-9.190964151838735e-09,-5.25624515895329e-12
7.426730287521137e-08,-1.0687408802005787e-08,-1.376619871723259e-08,-5.376105193520286e-12,-3.8903725671040634e-12,-1.236186998930174e-08,-1.2124199121562202e-08,-5.44078031462611e-12,-4.15118328108137e-12,7.021456972213148e-07,-1.0884371166329591e-08,-1.3444237097475073e-08,-8.055783141792678e-09,-8.458219368591147e-09,-8.051303232109192e-12,-2.0092101789632487e-08,-1.1027256883718069e-08,-6.178625091449618e-12,-1.0072120435916993e-11,-8.735912090474001e-09,-5.716089293618284e-12,-1.23295896122507e-08,-9.363269752874422e-11,-5.543467083080886e-12,-6.031747106043594e-12,-1.820758204653317e-07,-9.913188946768684e-11,-1.1994934990477517e-08,-9.676142339015193e-11,-1.3718930930017598e-08,-1.2296627635710816e-08,-3.999170818550882e-12,-4.7568982048647875e-12,-5.0268863359579226e-12,-3.842403210007845e-12,-8.213099858092598e-12,-1.870796400642545e-07,-4.813972411859594e-12,-7.422889652961971e-09,-1.624178340799321e-08,-8.902676903687518e-09,-8.10648369108823e-12,-9.49749922705144e-12,-5.584532377384796e-12,-4.64602046157323e-12,-4.911305008096336e-12,-9.824512242684562e-11,-5.0080377529289396e-12,-8.992918790756477e-11,-1.0837286103281194e-08,-5.382153762827219e-12,-1.9056789555811732e-07,-1.1682894133809244e-11,-1.7843055711973046e-07,-4.5665197924886315e-12,-1.8945440576600563e-08,-6.97098480074142e-12,-5.4099577583859696e-12,-1.1898085594506064e-08,-1.3826769379898225e-08,-6.209255029710433e-12,-1.079214504702831e-08,-6.151677744592101e-12,-5.437086323431523e-12,-9.312361412757767e-11,-4.96634447839045e-12,-6.1507262061191455e-12,-4.42989137084496e-12,-1.0233807711137956e-08,-4.8520130602839676e-12,-6.23164131881557e-12,-4.24820550139336e-12,-4.904709581403987e-12,-6.10134746116041e-12,-1.098911598974509e-08,-7.297866202572588e-12,-6.87047552550316e-12,-1.3902825892005421e-08,-9.116066166775784e-09,-5.5789754760470095e-12,-6.1056976707624345e-12,-1.4024705068038145e-08,-6.104973053020228e-12,-4.860026545170987e-12,-8.827966715478294e-11,-3.605589122923702e-12,-9.640901913492464e-11,-1.2448038493144382e-08,-9.95365616977158e-09,-9.141045484388494e-11,-9.835815637057634e-09,-1.0594899980447556e-08,-8.666039614105624e-09,-1.371151811228569e-08,-8.990367368642127e-11,-1.855096531751262e-07,-1.0744276328730251e-08,-6.939250088480429e-12,-4.863941576774935e-12,-5.445782592208846e-12,-5.627203032720842e-12,-8.886098717762176e-09,-1.9314454399475953e-07,-6.334127591282151e-12,-9.92364084439556e-09,-5.966757856224069e-12,-1.0704914038082667e-08,-7.001351287233713e-12,-7.922136697309402e-09,-1.343808755674334e-08,-8.885157655403256e-09,-1.9145913333142753e-08,-4.243463792269511e-12,-1.38059681357068e-08,-5.123428612198824e-12,-8.285880131095197e-09,-1.2183335867722145e-08,-1.2323927699621611e-08,-1.0733522377137933e-08,-1.3372131339774688e-08,-4.798140392201194e-12,-7.181952476922351e-12,-1.3488819366049516e-08,-1.1947284925905021e-08,-1.2611575113809677e-08,-1.9852455021812337e-07,-1.8316053400583318e-07,-6.184730043275207e-12,-1.4094890405593625e-08
1.3000286163561773e-07,-1.0472928273976988e-08,-6.750866993708177e-12,-5.265056419422503e-12,-7.596760841022821e-09,-1.2094472553465776e-08,-1.186886721629077e-08,-5.325106710659523e-12,-4.062564138794737e-12,-1.0884371166329591e-08,7.026236896882895e-07,-1.3175983248515264e-08,-3.95732981551778e-12,-8.273778214955974e-09,-1.5722810948953127e-08,-9.820870603244944e-12,-1.079005589304284e-08,-6.044977648277631e-12,-9.827885003599222e-12,-4.289169488102729e-12,-5.584154813117441e-12,-6.043317156228962e-12,-6.76871443822094e-11,-1.0822632367629293e-08,-5.905624050454519e-12,-1.3047448874710818e-07,-7.298424979395736e-11,-1.1752371298400844e-08,-1.411052557722764e-07,-1.3430835644569231e-08,-1.2028259993499527e-08,-3.921503117259097e-12,-4.664512298493192e-12,-9.815764833870175e-09,-7.509307884057818e-09,-1.602565365778358e-08,-6.778173843590396e-11,-9.419687411690931e-09,-3.645171281931003e-12,-7.957274976120762e-12,-8.719488196560338e-09,-1.58223790268654e-08,-9.291052939143062e-12,-1.0900332595300283e-08,-4.5414526478360104e-12,-9.59746644915669e-09,-7.213080936462971e-11,-4.900431279375471e-12,-1.2795963593550955e-07,-1.061339444166763e-08,-1.0522005990439195e-08,-6.946872563566142e-11,-2.280203624494301e-08,-1.269496040508884e-07,-4.46944399686379e-12,-1.8530571824809636e-08,-6.8188385476933604e-12,-5.2962497397385576e-12,-5.841910958056306e-12,-6.777256075932318e-12,-6.075456722007053e-12,-1.056982397798987e-08,-6.019565833833172e-12,-1.0628380840227108e-08,-1.341062310941817e-07,-4.8599806529135806e-12,-1.2010192630158744e-08,-4.3396636613958445e-12,-1.004688563095497e-08,-4.7539410524660524e-12,-1.2164716876579015e-08,-8.293392470330073e-09,-9.587421140884812e-09,-5.9723854939707585e-12,-5.388319996622602e-12,-7.127505829389544e-12,-1.3425879623651202e-08,-6.81375140277348e-12,-8.922540649470373e-09,-1.0889753153187365e-08,-1.1927964460554254e-08,-6.874384555128064e-12,-1.1928646072723485e-08,-4.762068982216257e-12,-1.248058764634072e-07,-7.045395764175806e-09,-1.404245511928158e-07,-1.2173540693267264e-08,-4.879373105093565e-12,-6.554464858831679e-11,-9.63063149901668e-09,-5.2023071978397575e-12,-8.468592888770754e-09,-1.3424015623933255e-08,-6.409501567057746e-11,-6.70313762398371e-11,-1.0522581276481586e-08,-1.3552947419699265e-08,-4.764668818082208e-12,-5.331423774787336e-12,-5.500307262507728e-12,-4.36090385244528e-12,-1.4112867478752184e-07,-6.190461008699146e-12,-4.865482689781674e-12,-1.166998362312409e-08,-5.253848266007084e-12,-1.3669507898232687e-08,-3.89246878291194e-12,-6.600190282105608e-12,-4.361258208359613e-12,-9.377611469949467e-12,-4.152397076362147e-12,-1.3514466312716985e-08,-5.006443122274753e-12,-4.063832259844027e-12,-1.1927278972938306e-08,-6.04129961443913e-12,-5.268442231942012e-12,-6.565408758762319e-12,-4.703487485707664e-12,-7.0162226010168134e-12,-1.3216157548715076e-08,-1.1701970472049863e-08,-6.175623369234433e-12,-7.330382810744556e-11,-6.589467509672928e-11,-6.049310477170595e-12,-1.3781953676480098e-08
-1.7669817093959943e-07,-1.2972136518191358e-08,-1.666595073791103e-08,-6.516609627229212e-12,-4.704306141538433e-12,-7.490354789492146e-12,-7.356066685466762e-12,-6.5857522857696545e-12,-5.023518265621061e-12,-1.3444237097475073e-08,-1.3175983248515264e-08,6.969534725844546e-07,-9.790439722597739e-09,-5.1225879544568955e-12,-9.737448009136116e-12,-2.414043362724606e-08,-6.6832983633617504e-12,-1.4914521230164565e-08,-2.416248726544392e-08,-1.060413698633035e-08,-6.889132263167417e-12,-7.469853544071098e-12,-2.0773345567316778e-10,-6.7003325810723715e-12,-1.4585204636132269e-08,-4.090764485604812e-07,-4.2743386451687184e-07,-7.292045244404741e-12,-4.2192545150536647e-07,-1.6616330583073533e-08,-1.4864686754348447e-08,-4.8612092620997775e-12,-1.1541738952847007e-08,-6.078154188616259e-12,-9.291660282458921e-09,-1.978881560426504e-08,-4.148584246397475e-07,-5.848568681247447e-12,-9.014722141977574e-09,-9.829550795650058e-12,-5.4072125331049424e-12,-1.9545760154897787e-08,-1.148330643953652e-11,-1.3465739406443673e-08,-1.1191107439506657e-08,-5.948902052206562e-12,-2.1311403262325865e-10,-1.2093027623350814e-08,-2.0340453353505182e-10,-1.313616497021313e-08,-1.30256544030964e-08,-2.0989309109083854e-10,-2.8167234168103683e-08,-2.027992531711415e-10,-1.1032200193154154e-08,-2.2898004199016438e-08,-8.426644870012097e-12,-1.3077890271574226e-08,-7.2371030767696e-12,-1.672030671984611e-08,-7.51091570559733e-12,-1.3083586875875702e-08,-7.442649199831725e-12,-1.3155483090254493e-08,-2.0713680987589176e-10,-6.009113112706645e-12,-7.437368930806578e-12,-5.372837485771374e-12,-1.2474751430207982e-08,-5.887348192763319e-12,-1.502999777367336e-08,-1.0247016686035027e-08,-5.945004719900488e-12,-7.387676179706945e-12,-6.66331138660811e-12,-8.790181438757758e-12,-1.6611055367074307e-08,-8.420947704865925e-12,-5.528572620383531e-12,-1.3453252919660977e-08,-1.4752570796630202e-08,-1.6960368395306047e-08,-7.393228690484805e-12,-1.1772066752946002e-08,-4.0220596510156563e-07,-8.716215219127595e-09,-2.109705059898704e-10,-1.5039580181221782e-08,-6.032006908768461e-12,-2.051367645825259e-10,-5.97014529803139e-12,-6.445042036903885e-12,-5.2364067667239615e-12,-1.6608374678488742e-08,-4.059557661792366e-07,-4.1307004843390856e-07,-1.3024045397996756e-08,-1.6756697931860248e-08,-5.899140683610024e-12,-1.3164811057578388e-08,-1.3553474356830411e-08,-5.398770062272827e-12,-4.219613052993203e-07,-1.5251891604028596e-08,-6.015741234784594e-12,-1.4455190550781814e-08,-6.50488836467857e-12,-1.6892848702424312e-08,-9.632765300526403e-09,-8.180075027640472e-12,-5.400411090287637e-12,-1.1580147120813707e-11,-5.133734510716576e-12,-8.375350731312848e-12,-1.2332077050881728e-08,-5.0268054216325246e-12,-7.392782461523384e-12,-7.468399313624288e-12,-6.524163897242624e-12,-8.133201878671048e-12,-5.828583636721061e-12,-1.727709744985401e-08,-1.636765905739918e-08,-7.25781941343534e-12,-1.5216512683250243e-08,-4.2819565868475304e-07,-4.103137064026274e-07,-7.474996749468989e-12,-8.528766192779554e-12
-8.813898835872243e-08,-7.780561136000423e-09,-9.990343576321964e-09,-3.907522047826472e-12,-2.8189038230700384e-12,-4.489343670199338e-12,-8.803027508379776e-09,-7.880430556472661e-09,-6.009631643576511e-09,-8.055783141792678e-09,-3.95732981551778e-12,-9.790439722597739e-09,7.074036724285183e-07,-6.126675173793054e-09,-1.1648095037290184e-08,-1.4450011302757293e-08,-4.0061270819942616e-12,-4.478586775132443e-12,-7.24692057906062e-12,-6.359949345184685e-09,-4.126084549633709e-12,-4.477057265023603e-12,-3.8632141919385063e-07,-4.015711760496276e-12,-4.381005829786892e-12,-1.9190448243627984e-10,-1.9737500457426694e-10,-4.373448346879084e-12,-3.906606511695033e-07,-4.990567849086045e-12,-4.4628656470429116e-12,-5.820711502535013e-09,-6.924721521632808e-09,-7.271004714319221e-09,-2.7905409744252546e-12,-1.1855377732326105e-08,-1.936251069509747e-10,-7.00316406748334e-09,-5.405990966948299e-09,-1.1755745397288526e-08,-3.242272902494713e-12,-5.867306084621935e-12,-6.88191320505573e-12,-8.068955204078047e-09,-3.3588332695995325e-12,-3.566740868825822e-12,-3.9271240087533375e-07,-3.6316016623819896e-12,-1.9098198009496233e-10,-7.877020048274672e-09,-3.913717800132482e-12,-1.9484487829021565e-10,-8.456328683787004e-12,-1.9062328946698798e-10,-3.3131641862902265e-12,-6.8744386554000454e-12,-5.049793670690056e-12,-7.840555980545173e-09,-8.664115068930965e-09,-1.0020069060696952e-08,-4.5019062415364584e-12,-7.846261585573001e-09,-4.461147849921044e-12,-3.952178541755085e-12,-1.9320384707790273e-10,-3.6019842383158343e-12,-8.896896289990767e-09,-3.2218848299441053e-12,-3.751994511571283e-12,-3.5308117094856946e-12,-4.512466962245221e-12,-6.139927100184791e-09,-7.1157572586875035e-09,-4.4288784152303846e-12,-7.972802500456342e-09,-1.050659160729412e-08,-4.989253266851979e-12,-5.046417546930193e-12,-6.614628134052237e-09,-8.061423969851688e-09,-4.4310887897294125e-12,-1.0165284755934519e-08,-8.846841088357504e-09,-7.060409847286178e-09,-3.7892878393583493e-07,-2.6174168493745507e-12,-1.9548544190539283e-10,-9.012349648463791e-09,-7.216344878125072e-09,-1.920132797017226e-10,-7.144943336847495e-09,-3.865922632404062e-12,-6.260179157732669e-09,-4.988234705894748e-12,-1.9097133832134553e-10,-1.9309459069430946e-10,-7.809637509643798e-09,-5.031861291119806e-12,-3.5377352492649817e-12,-7.892784300965615e-09,-8.119693618289556e-09,-3.2374638791866636e-12,-1.957447709564728e-10,-4.577582505813285e-12,-7.197232991400062e-09,-8.67009282767968e-09,-3.901095166281585e-12,-1.0123314724328034e-08,-2.8952898023071697e-12,-4.9068174344559245e-12,-3.238517291119159e-12,-6.937867427944499e-12,-3.076568520001201e-12,-1.0020978114376785e-08,-7.386931812864014e-09,-6.014244763249377e-09,-4.432357330873206e-12,-4.476186652461987e-12,-7.810117315542047e-09,-4.878140825649843e-12,-3.49664417744009e-12,-1.034744212257198e-08,-4.917791159163928e-12,-8.68643724373903e-09,-9.116620768234297e-09,-3.9438865150123276e-07,-1.9227174187550964e-10,-8.941080404415761e-09,-5.110098931922148e-12
