1.000000002116908,0.999999595510383,2.0933501216041566e-07,2.8476301149719313e-07,2.2431899840225706e-07,-6.62664287877952e-07,3.875613595000703e-07,3.2033068336844964e-07,1.5619921449753073e-07,2.88020183530029e-07,2.2625655988836059e-07,4.3118390708749534e-07,5.269602569406136e-07,2.4091927743291964e-07,3.6971782750870545e-07,0.9999996306537265,7.238007131465091e-07,2.5921809993888954e-07,4.0652530264956964e-07,3.4170123793921664e-07,3.2167271382574933e-07,2.759925909724542e-07,4.483318511015981e-07,2.946293222147448e-07,3.0635434779839873e-07,1.0990778197289901e-06,-8.184710297519027e-08,4.39714092961664e-07,2.8686763306762856e-07,2.2903695559432002e-07,1.1679315924315323e-06,2.1900597202274903e-07,4.983338883061785e-07,3.277882792077991e-07,4.2637401056087627e-07,3.1336793194198546e-07,3.600518464045548e-07,3.733560275419166e-07,0.9999996305501201,2.7856790851735e-07,2.5146401049560146e-07,5.128021419407042e-07,7.691303281687793e-07,1.644080173378993e-07,2.441259033733989e-07,3.1687143375135683e-07,3.4205478073216924e-07,2.4398453183852796e-07,4.094907926264102e-07,3.8079733842116416e-07,3.403194294294986e-07,0.9999997056623453,4.0691742694157826e-07,6.355260540945061e-07,2.2124784190458955e-07,0.9999999326667359,6.102040914041021e-07,3.211160307075999e-07,2.1881611344628848e-07,3.390119350747002e-07,3.8382784757639945e-07,3.574036213511498e-07,0.9999995833550486,2.0334255900686723e-07,4.093795421630928e-07,3.4600688515646254e-07,3.791870819907902e-07,4.31726596818541e-07,3.544418504371963e-07,3.633340349678912e-07,0.9999997139627735,4.683096702928642e-07,5.510176282455601e-07,3.7540414009933655e-07,3.1864926442375887e-07,0.999999959057614,3.0546832788927037e-07,2.398732584044793e-08,3.66271926334777e-07,0.9999998743005096,3.2801619216284113e-07,3.281111481380265e-07,3.9813696444071075e-07,0.9999996569828662,3.3073967133596903e-07,2.985259117097806e-07,2.3713353413682305e-07,5.343097519433464e-07,3.65313680851813e-07,3.6921286675379064e-07,0.9999996574818684,3.355360468241459e-07,3.0931262204855017e-07,4.751021506148471e-07,4.2704069007276813e-07,3.4607544937706095e-07,0.9999995802082603,2.6908546215635306e-07,2.4447160599924526e-07,3.462609200245577e-07,3.6941975998168176e-07,5.24310259248157e-07,4.422505328329569e-07,4.183721116123312e-07,0.9999997071582606,2.0759602448980203e-07,4.3628615718298975e-07,0.9999996197845953,1.8463608400979392e-07,3.61579834266535e-07,0.9999996569456623,4.5907420464056337e-07,4.982412355648609e-07,0.999999646584611,9.173395353115842e-08,3.2390431988774424e-07,4.5361104685143517e-07,3.9042278508504117e-07,5.022014443200114e-07,0.9999996300518663,2.2598601784796593e-07,3.3982912430258044e-07,0.9999999121145764,3.35797084220045e-07,2.2138364511913106e-07,2.819855285455229e-07,2.3260835269003388e-07,4.853769536320633e-07,1.6574722635828534e-07
0.999999595510383,0.9999961851449933,-3.379688263501521e-07,-2.897268563242629e-07,-3.57242026848602e-07,-1.0546240833306224e-06,-1.943172934664846e-07,-2.3712603623282133e-07,-1.9563758200356897e-10,-2.97512684386409e-07,-3.1694194859126463e-07,-1.3201963608750283e-07,-1.8821407375886505e-09,-3.396842187524896e-07,-1.8559421851475488e-07,0.9999954847248644,2.0600959100381702e-07,-2.7447335298035517e-07,-1.543086873348734e-07,-1.4393627117414675e-07,-2.293709582143126e-07,-2.6756585055998003e-07,-1.1481151240125436e-07,-2.8273330669833395e-07,-2.6299839081485294e-07,5.931431466075286e-07,-6.276609311261841e-07,-4.2177899637038174e-11,-2.9607996960044094e-07,-2.838335376236396e-07,7.086197165711047e-07,-1.8345289192594915e-10,-3.3792088555570635e-08,-2.491618837806753e-07,-1.3777927281245925e-07,-2.725380431340129e-07,-1.0054210311021993e-10,-1.8711223598272338e-07,0.9999953176162978,-2.891502032521244e-07,-2.900059754057812e-07,-2.871695033033706e-11,2.6974371853531844e-07,-4.1793456923397786e-07,-1.3836527580447978e-10,-2.566887246758108e-07,-2.522068285932818e-07,-1.758637300338932e-10,-1.6234861747365652e-07,-1.0149127224922481e-10,-2.1022237533021783e-07,0.9999955714373336,-1.5168229869688216e-07,1.0881372377007852e-07,-3.242914550037059e-07,0.9999956854410424,5.614529201207297e-11,-1.1578342880291656e-10,-1.8517270737362413e-10,-1.1261118644999168e-10,-9.400720625915343e-11,-1.0614702142234562e-10,0.9999952370700256,-1.9163007776566063e-10,-7.083628497530004e-11,-1.1453431627023973e-10,-1.0710541634999817e-10,-7.680397036092843e-11,-1.0396030688958896e-10,-1.0274960312778332e-10,0.9999954172746133,-5.180200619454706e-11,-4.022399163867176e-12,-1.0953720993438074e-10,-1.3563777837996141e-10,0.9999956989078843,-1.422783938406189e-10,-2.5239148385415363e-10,-1.0647444261351053e-10,0.9999956979673049,-1.2047800767224136e-10,-1.2433204704973263e-10,-8.197165060333871e-11,0.9999954466851619,-1.091650383601561e-10,-1.3623968219095368e-10,-1.7288984918207638e-10,-3.459368346879692e-11,-9.649815212470843e-11,-8.420656376664888e-11,0.9999955755021941,-1.228389610918438e-10,-1.3351472035426152e-10,-4.607560037105863e-11,-7.456232772142502e-11,-1.1569515173913604e-10,0.9999952583221439,-1.61730509747738e-10,-1.6506779309475542e-10,-1.223336271367415e-10,-1.0150343006320437e-10,-2.5710278523416356e-11,-6.462520635725027e-11,-7.663987493222304e-11,0.9999955348143864,-1.9028372720792544e-10,-5.424371855519996e-11,0.9999953481194022,-1.790508412719822e-10,-9.942124347443058e-11,0.9999954722275125,-5.6414871400130904e-11,-3.538925424474146e-11,0.9999955176497414,-2.232396722936069e-10,-1.247304187652917e-10,-5.4153342642852336e-11,-9.015866977723124e-11,-7.595512164202081e-12,0.9999954917262577,-1.4472724785894763e-10,-1.2299224178939705e-10,0.9999954318085034,-1.118002151033466e-10,-1.7033196824615586e-10,-1.2582343609539357e-10,-1.6284070100352207e-10,-2.665535285278866e-11,-2.0804021699421814e-10
2.0933501216041566e-07,-3.379688263501521e-07,8.697190071125347e-07,-1.1585032525372395e-08,-4.923073713836709e-12,-1.7004180834015004e-11,-9.802124768352446e-09,-6.712482347549337e-12,-7.510912013206228e-12,-4.851309242457232e-12,-1.678846723541971e-08,-6.566303090925104e-12,-7.944559591823975e-12,-1.0532042853845415e-08,-6.746198722409526e-12,-1.7561276648567202e-10,-1.0031400475918846e-11,-1.57099483823618e-08,-1.3198089327557911e-08,-2.1579829858226366e-08,-1.360651314236354e-08,-1.525898264812384e-08,-1.2087902998723431e-08,-1.1433052435861923e-08,-5.560764630049114e-12,-1.03593418073949e-11,-1.507333723153594e-08,-8.817064755209396e-12,-1.0403115758287518e-08,-9.138504054065872e-12,-2.583895677460109e-08,-9.679272031811782e-09,-1.7278462399896122e-08,-1.1458332572085674e-08,-6.5044716056939734e-12,-9.683754478421426e-09,-1.2239001580968093e-08,-1.319160067590695e-08,-3.3661957329178103e-07,-5.588718908890735e-12,-1.52626690048621e-08,-5.93187808292357e-12,-1.0581610718976224e-11,-1.0466497105653893e-08,-1.7888642981756298e-08,-5.875641070260647e-12,-4.375149263249901e-12,-8.707033856253426e-09,-1.0944604530372617e-08,-9.759420362353018e-09,-1.3610437251637406e-08,-3.516838374873165e-07,-1.2366602863845093e-08,-1.6025060215469977e-08,-7.517216701820147e-12,-3.4245149338238483e-07,-2.1045582979964942e-08,-1.3616243800661231e-08,-1.0215286232364776e-08,-1.3114516875929458e-08,-1.1741399170754226e-08,-1.102347481649703e-08,-3.3377265492828574e-07,-9.705266554984168e-09,-1.3697624948471134e-08,-1.0886700828023078e-08,-8.791189093182622e-09,-9.158280763407823e-09,-1.3211019893558106e-08,-1.1117633578738983e-08,-3.3778983171280896e-07,-1.0908507435755604e-08,-1.2361356625150481e-08,-8.728059150799922e-09,-8.958072114302355e-09,-3.4111564682196316e-07,-8.930317447882324e-09,-1.758172807041821e-08,-1.0617964345428921e-08,-3.4820823696986e-07,-1.1890819728927928e-08,-1.075919042903181e-08,-1.2227620373712493e-08,-3.4510070558875355e-07,-1.3733237272249855e-08,-1.1848520628144809e-08,-1.0444900532473863e-08,-7.0759104349594315e-09,-1.3366868440561042e-08,-1.548407066153273e-08,-3.558088382244654e-07,-9.926019103856617e-09,-1.0801000638362928e-08,-6.008105872572003e-12,-5.367494382692693e-12,-5.742897517336009e-12,-1.6835812407062823e-10,-4.428531202820779e-12,-5.428192470151645e-12,-4.473920680915954e-12,-5.482830904507794e-12,-5.089979949713057e-12,-5.496328011896739e-12,-5.482802213244749e-12,-1.7457199622743177e-10,-4.826017852322871e-12,-7.631575563912902e-12,-1.704667102262084e-10,-7.702465914204115e-12,-6.640575821453947e-12,-1.7387733286556653e-10,-5.529034991515782e-12,-5.925608701643595e-12,-1.7631843277634307e-10,-7.732841201670592e-12,-5.842596855882168e-12,-6.142077772041248e-12,-5.528791375599813e-12,-8.97309418789721e-12,-1.7588686853525516e-10,-9.058335431426248e-12,-4.855794572235551e-12,-1.6157661675238858e-10,-6.605222504899618e-12,-6.623711237917732e-12,-7.831059181802398e-12,-6.672362733821048e-12,-7.688279667270397e-12,-4.9529859484219344e-12
2.8476301149719313e-07,-2.897268563242629e-07,-1.1585032525372395e-08,8.757613577538169e-07,-3.800192789761058e-12,-2.6019929353106716e-08,-7.56709052431166e-09,-1.0337922947404672e-08,-1.1566560630744951e-08,-7.491705172292635e-09,-6.513475240974332e-12,-1.0134375823000935e-08,-1.2165093547448473e-08,-8.150862587845129e-09,-5.200380239516171e-12,-1.498198366893387e-10,-7.752586891040764e-12,-1.20736954114959e-08,-5.107839393546524e-12,-1.655126166197328e-08,-5.245504839178669e-12,-1.1765061797218519e-08,-4.66441295232414e-12,-8.861077150660581e-09,-8.545606960689838e-09,-7.984460675016608e-12,-1.1627384236641842e-08,-1.3547058131331094e-08,-4.038004637387987e-12,-1.4003180192142925e-08,-9.944006534877947e-12,-3.750698561587078e-12,-1.3334799649447165e-08,-4.448637653753231e-12,-1.0039962117433125e-08,-7.494367906529703e-09,-4.718879573516622e-12,-1.0188032604817456e-08,-2.88737470729317e-07,-8.58129028879122e-09,-1.175590180151063e-08,-9.149379940330063e-09,-1.6258016008280982e-08,-4.061921769719571e-12,-1.3760961842177641e-08,-9.078454734304071e-09,-3.3928895814237706e-12,-3.384609349916993e-12,-8.434835580616716e-09,-3.77796630045459e-12,-5.2455450152996166e-12,-1.5025726577364323e-10,-9.510179975192207e-09,-6.156991919761516e-12,-5.7966381239661744e-12,-1.468386995917957e-10,-1.619031612735688e-08,-5.252857481857897e-12,-7.938890111718175e-09,-5.082290465058094e-12,-4.5476123828374915e-12,-4.250372518070652e-12,-2.866246155680367e-07,-7.511680922663684e-09,-5.281768601312699e-12,-8.40344430709565e-09,-6.811917607014323e-09,-7.063628522095855e-09,-1.0211980690638107e-08,-4.286092862193208e-12,-1.450898776195123e-10,-8.404603932978825e-09,-4.763781942441802e-12,-6.766812723907177e-09,-6.926466782131369e-09,-1.4633364415744125e-10,-6.904455156753185e-09,-1.355544626083461e-08,-8.209887173132241e-09,-2.973326639459094e-07,-9.181262224480919e-09,-4.163297296279451e-12,-9.415479690654281e-09,-1.4780624506085304e-10,-5.290090722409083e-12,-4.588290736324654e-12,-8.089493820350689e-09,-2.7463069002364315e-12,-1.0315330641901798e-08,-1.191101476317566e-08,-3.029420054258038e-07,-7.6608831305556e-09,-4.178688549300162e-12,-9.255452843029669e-09,-8.270408745104658e-09,-8.883306119345284e-09,-2.883228045000163e-07,-6.8448763000056196e-09,-8.357571656185221e-09,-6.909899149571795e-09,-8.434591495003251e-09,-7.820391137151646e-09,-8.45220827880184e-09,-8.430836535293708e-09,-2.975018047169066e-07,-7.461940024699826e-09,-1.1749555910368631e-08,-2.9144069405902173e-07,-5.936625099648181e-12,-5.128656597897462e-12,-1.4852650754343074e-10,-4.262391712347738e-12,-4.575179406302028e-12,-1.503419946445638e-10,-5.947614551009253e-12,-4.519371333956564e-12,-4.729838605953697e-12,-4.2584158575253394e-12,-6.894530200351986e-12,-1.50019667475381e-10,-6.956437115499771e-12,-3.756403490528367e-12,-1.3942118633663777e-10,-5.096819830745631e-12,-5.1186367968919e-12,-6.0152576210191705e-12,-5.147450253470614e-12,-5.915306892786121e-12,-3.822704565283185e-12
2.2431899840225706e-07,-3.57242026848602e-07,-4.923073713836709e-12,-3.800192789761058e-12,8.782968001933246e-07,-2.2214338276129017e-08,-3.214851547639403e-12,-8.771008705525865e-09,-4.916467427930878e-12,-3.1760990576832974e-12,-5.506627053317656e-12,-4.298904448132666e-12,-5.199548068146525e-12,-3.4546644271646156e-12,-4.4160425477054374e-12,-1.8309394453502204e-10,-6.567162426834966e-12,-1.0282314259984807e-08,-4.3290611564388365e-12,-1.412258359132341e-08,-8.906167512275996e-09,-5.004204455070743e-12,-7.912595479770682e-09,-7.486166678551083e-09,-3.63983933674272e-12,-1.3535093076545482e-08,-4.943116160096797e-12,-1.1518830334375692e-08,-6.811831755420033e-09,-1.1937546074393585e-08,-8.473349521614802e-12,-3.1747418022143165e-12,-1.1310376194798635e-08,-7.50281756660877e-09,-8.500126132800008e-09,-6.339793472701252e-09,-8.011543751552435e-09,-4.326665753062382e-12,-1.7854170576153404e-10,-3.657889895689369e-12,-5.0051885517378156e-12,-3.883801953520591e-12,-6.926294614951835e-12,-6.853114111367192e-09,-1.1708182432953234e-08,-3.847192841381778e-12,-2.8644398079903815e-12,-5.700961504162109e-09,-7.164514691883123e-09,-6.388827225566369e-09,-4.463319457454403e-12,-1.83474385402958e-10,-8.094320489148665e-09,-5.254414170768289e-12,-9.821773923559847e-09,-1.8045184390537564e-10,-1.3774889332124186e-08,-4.465423653037238e-12,-3.3515276508975974e-12,-8.585956021169761e-09,-3.851100811844904e-12,-3.6149249929457853e-12,-1.7760944119150053e-10,-3.1834689537703342e-12,-8.966081806692821e-09,-3.5707018402472885e-12,-2.8835598426153558e-12,-5.994779628465134e-09,-4.333348685475838e-12,-7.2770303121417484e-09,-1.789246446511124e-10,-7.140737867442709e-09,-4.0539480392538884e-12,-5.71444782863529e-09,-5.864216090728132e-09,-1.8001400925262764e-10,-2.9288832420069006e-12,-1.1508397553323464e-08,-3.4828943418021954e-12,-3.639346231384861e-07,-7.784652007659317e-09,-3.5290077311364543e-12,-4.010151753663944e-12,-1.813185147905385e-10,-8.989137637170834e-09,-3.8862954317720165e-12,-6.838946552163141e-09,-4.631726406724135e-09,-8.750515973205365e-09,-5.077697862794091e-12,-1.8482477984940488e-10,-3.255352570604004e-12,-7.070733986725853e-09,-3.933482818693156e-12,-3.5139325001180865e-12,-3.760391957737461e-12,-3.559845600541377e-07,-5.78699686239249e-09,-3.553374121149642e-12,-2.9288367422125308e-12,-7.1636319974146245e-09,-3.3314853505737747e-12,-7.181293191928989e-09,-7.163657050776217e-09,-3.6408932363236177e-07,-6.306756561269216e-09,-9.971665067369684e-09,-1.7973126636058512e-10,-1.006330832303622e-08,-8.677208213051324e-09,-3.631822636031405e-07,-7.224375386148381e-09,-7.74323987065696e-09,-3.6636698265985336e-07,-1.0102182588563793e-08,-7.635286515653972e-09,-8.025182064110977e-09,-3.619010914826311e-12,-5.872778411987588e-12,-1.832729724380084e-10,-5.9283489440265266e-12,-3.1791622044032634e-12,-1.7392103800491803e-10,-4.323915666852153e-12,-4.3363069383691624e-12,-5.125184402328174e-12,-4.367909157776964e-12,-5.032375759533442e-12,-3.242337664399518e-12
-6.62664287877952e-07,-1.0546240833306224e-06,-1.7004180834015004e-11,-2.6019929353106716e-08,-2.2214338276129017e-08,8.068401856531694e-07,-2.2154455264545182e-08,-1.518638282502452e-11,-3.3921858519524706e-08,-2.1777055453901506e-08,-3.7667433686261546e-08,-2.9508060250719017e-08,-1.8206852571563524e-11,-2.366970966212334e-08,-3.052816605336791e-08,-1.0855666613944966e-06,-4.513223003975742e-08,-1.796598139411178e-11,-2.9782444802245856e-08,-2.4790112818714124e-11,-3.09735703781846e-08,-1.7323902348435333e-11,-1.3758022723898702e-11,-2.5606778540092345e-08,-1.2643178772783909e-11,-4.6894526090647856e-08,-1.709445015413296e-11,-4.002586046949976e-08,-1.1684620728651356e-11,-2.0909542561946354e-11,-5.9047324099304505e-08,-1.0913531035466518e-11,-3.906968815694433e-08,-2.5672133838515527e-08,-2.9224641713624295e-08,-2.17637916598224e-08,-1.3955682345273981e-11,-2.978198658369569e-08,-1.0512275553481495e-06,-1.2730348458183784e-11,-1.7367859986825542e-11,-2.6698554623743296e-08,-2.406743432849112e-11,-1.1759811594473023e-11,-2.0414036688855897e-11,-2.6341839479832687e-08,-9.787671789600787e-12,-9.747709280478571e-12,-2.4830257536483654e-08,-2.2012619283458544e-08,-1.553191487468921e-11,-1.0883450064118302e-06,-1.4123690354105939e-11,-3.675589957786599e-08,-1.7030333150081017e-11,-5.337748303052773e-10,-2.4014373477157967e-11,-1.5505182222413135e-11,-2.2738678588033403e-08,-2.9502385158830263e-08,-2.6448728515229032e-08,-1.2568730001927357e-11,-1.0442288794468026e-06,-1.0926282461890746e-11,-1.5614626944204358e-11,-1.2329956112618122e-11,-9.871438170129854e-12,-2.074050232834924e-08,-1.4913348594072008e-11,-1.2680075216169156e-11,-1.0542054982922412e-06,-2.476426531100519e-08,-2.816455037183309e-08,-9.78806712410326e-12,-1.0107526650499405e-11,-5.321848459898153e-10,-1.0078282735851458e-11,-1.9962100623183316e-11,-1.1980252060477666e-11,-5.409344501718148e-10,-1.3457953572950311e-11,-1.2169911061380169e-11,-2.7793826521542155e-08,-1.0722059213223503e-06,-1.569154139331208e-11,-1.3377746043411194e-11,-2.3434460543626776e-08,-1.586866633821273e-08,-3.0231298518936406e-08,-3.527117928010742e-08,-1.0986402282669392e-06,-2.2446407853406515e-08,-1.2221196264327862e-11,-2.7119055126696615e-08,-2.4215123266866308e-08,-2.5679796705249648e-08,-1.0497247790503924e-06,-9.9402008049726e-12,-1.228982066080975e-11,-2.0077567477706595e-08,-1.2436837001397398e-11,-1.1578115349997054e-11,-2.490626504063347e-08,-1.2449538235971044e-11,-1.0803779140866652e-06,-1.0823792638071713e-11,-3.448754561797968e-08,-1.0601057346102354e-06,-1.746851627335288e-11,-1.499210052373393e-11,-1.0771233582566574e-06,-2.5020617871543884e-08,-2.6720305924708223e-08,-1.0890487312156e-06,-1.7619944885360228e-11,-2.6236297889626693e-08,-1.3958680098986366e-11,-2.5068938177556748e-08,-4.0902118863492494e-08,-1.0869591911998689e-06,-4.1337613468873574e-08,-2.180294316169761e-08,-5.092257734800431e-10,-1.4941894143673288e-11,-1.4933500906559173e-11,-1.7896095805119006e-11,-1.5101768862277877e-11,-1.7505951338466527e-11,-1.1200993050272783e-11
3.875613595000703e-07,-1.943172934664846e-07,-9.802124768352446e-09,-7.56709052431166e-09,-3.214851547639403e-12,-2.2154455264545182e-08,8.783282532526414e-07,-8.749151523970021e-09,-4.904340070129689e-12,-3.168533650841493e-12,-5.493617055860321e-12,-4.288473335371908e-12,-1.0350549440024963e-08,-6.879099108761519e-09,-4.404946335531202e-12,-1.0145747548366437e-10,-1.3076055885246913e-08,-5.138102155543242e-12,-8.619463079674715e-09,-1.4085079200510075e-08,-4.450587116661901e-12,-4.99169604581329e-12,-3.954167604632994e-12,-3.741713956458135e-12,-3.6306000946323834e-12,-1.3500885253099954e-08,-9.842129258250186e-09,-5.756292537876167e-12,-6.795690066030906e-09,-5.965084781543187e-12,-8.450958229684756e-12,-6.3217015329909434e-09,-5.652531583146063e-12,-3.750013001721764e-12,-8.479474896974422e-09,-6.324821609890872e-09,-4.0034754947702585e-12,-8.61476708064919e-09,-1.9343940280217842e-07,-3.648540041832316e-12,-9.96505559301976e-09,-7.732907154693505e-09,-1.3789362091007855e-08,-6.836893312755334e-09,-5.85083599350201e-12,-7.660561118301693e-09,-5.704415038642421e-09,-2.8496754531243026e-12,-3.580394851818169e-12,-6.373392418377165e-09,-4.45180457465743e-12,-1.0183665921094527e-10,-4.0448212268031326e-12,-1.0459691932667459e-08,-4.908444223175453e-12,-9.882535662677897e-11,-6.883523896886493e-12,-8.890190604634375e-09,-6.674511577966963e-09,-8.565282132308498e-09,-7.668185878003864e-09,-3.6057073608184445e-12,-9.599313078762788e-11,-6.3391583145522565e-09,-8.943074551903881e-09,-3.561849321573211e-12,-5.742257759693554e-09,-2.99597188052621e-12,-4.32275658469732e-12,-3.6365023933013047e-12,-9.730335851872564e-11,-3.568482206772268e-12,-8.070591394375644e-09,-5.701289446414311e-09,-2.9309912062700316e-12,-9.838892635775721e-11,-2.921916828942628e-12,-1.1479731603132592e-08,-3.474422414819617e-12,-1.0070293618654328e-10,-3.890476349651989e-12,-3.520334083872403e-12,-3.999897209756737e-12,-1.989611049440945e-07,-8.965767729446243e-09,-3.876849013013808e-12,-3.418193904397407e-12,-4.621119431497039e-09,-4.373140768787436e-12,-1.010889418402522e-08,-2.059332728428832e-07,-6.481749783186221e-09,-3.5337786756842617e-12,-7.831599476539805e-09,-6.996423531418803e-09,-3.751480107389959e-12,-9.673440324148323e-11,-2.892512950698015e-12,-7.074919960364686e-09,-2.9219533655177334e-12,-7.145632049971285e-09,-3.3230313831179766e-12,-7.163135399442335e-09,-7.145510967743053e-09,-1.007800984075593e-10,-6.292067954795155e-09,-9.946745255756883e-09,-1.958052175442397e-07,-1.0038110912087497e-08,-8.65588497966873e-09,-1.0032703120321796e-10,-3.6103323227995943e-12,-3.869752852344115e-12,-1.0191695610199691e-10,-5.048252568286503e-12,-7.616824400615396e-09,-8.004641085668736e-09,-7.205244032856447e-09,-5.857478028380698e-12,-2.0284748737559533e-07,-5.912867582454998e-12,-3.171525437494224e-12,-9.23182381259641e-11,-4.313192904769261e-12,-4.325757870582137e-12,-5.1118292303153834e-12,-4.357035987606677e-12,-5.019410715529162e-12,-3.234402156437898e-12
3.2033068336844964e-07,-2.3712603623282133e-07,-6.712482347549337e-12,-1.0337922947404672e-08,-8.771008705525865e-09,-1.518638282502452e-11,-8.749151523970021e-09,8.727706069084325e-07,-6.7041905183228065e-12,-8.641377153372001e-09,-1.4980357065519365e-08,-5.859903082077524e-12,-1.4161069405717806e-08,-4.7087040635570304e-12,-1.2020007859264449e-08,-2.483702996237919e-07,-8.952602574296364e-12,-7.027808020759157e-12,-1.1779338147904925e-08,-1.92719520172812e-08,-1.2147991492956532e-08,-1.3620849351349635e-08,-5.406527335842789e-12,-1.0201136332647036e-08,-4.9645101377194326e-12,-9.24749301183706e-12,-1.345455940054386e-08,-1.571166065038128e-08,-9.28266175042537e-09,-8.160508069134731e-12,-2.307261390116082e-08,-8.63810914463132e-09,-1.5422181830933083e-08,-5.122176436140098e-12,-1.1586205223514365e-08,-4.3294920140074025e-12,-1.0927042052677005e-08,-5.8986787926821215e-12,-2.359164252247771e-07,-4.9898098830449434e-12,-6.826366799470473e-12,-1.0566994440816633e-08,-9.446937678451567e-12,-9.33929919983625e-09,-1.5971362894580967e-08,-5.243152393201699e-12,-3.903674753411142e-12,-3.891985187234467e-12,-9.77028642381058e-09,-8.7103304096838e-09,-6.088087049458766e-12,-1.2495830944402957e-10,-5.531926360263889e-12,-7.1701661522474684e-12,-6.710143591752794e-12,-2.4113780246342286e-07,-9.413824841154668e-12,-6.090173185116751e-12,-4.565382148583856e-12,-5.863376394886775e-12,-5.249784067413316e-12,-9.84184587438133e-09,-1.1692066072490163e-10,-8.660837997332601e-09,-6.12684893994014e-12,-4.868331920963669e-12,-3.930009860201515e-12,-8.175034245325811e-09,-1.1790153355741674e-08,-4.972997404020784e-12,-1.187239957347322e-10,-9.738296414033684e-09,-5.5294985294593935e-12,-3.901608156360281e-12,-4.005364682461255e-12,-2.399431014543558e-07,-3.993008865560037e-12,-1.569423410273914e-08,-9.475980887450063e-09,-1.2339836297048467e-10,-5.317205131012355e-12,-4.811111016638253e-12,-1.0916358249121424e-08,-2.4351398715873e-07,-1.2262037952276584e-08,-1.0574372854665254e-08,-4.669454012471357e-12,-6.313866836257993e-09,-5.977481541137757e-12,-1.3824579922035183e-08,-2.531056319486498e-07,-4.438842325226279e-12,-4.829824961558458e-12,-5.362773830423872e-12,-9.562554036226753e-09,-1.0227837555979476e-08,-2.3539899374183064e-07,-3.951785793993253e-12,-9.671310863399426e-09,-3.992559798572196e-12,-9.769315735373346e-09,-9.070301927243211e-09,-4.906701735082425e-12,-9.769681182427196e-09,-1.2350514118003222e-10,-8.59556995334423e-09,-1.3596856355626659e-08,-1.1982753595326583e-10,-6.875775286187019e-12,-5.926861663546603e-12,-1.2288421178311456e-10,-9.851527445896296e-09,-5.2888896347993315e-12,-1.2507001232040225e-10,-1.3780627633586691e-08,-1.040707533372117e-08,-1.094471707446083e-08,-4.935809908391374e-12,-1.5992224907860773e-08,-2.4886097469784303e-07,-8.088693000645102e-12,-8.649425128708395e-09,-1.1186557108022714e-10,-1.1767877230677006e-08,-1.1799297705625468e-08,-1.3957228388502872e-08,-1.1887746300215352e-08,-6.86419342840071e-12,-4.421058258947016e-12
1.5619921449753073e-07,-1.9563758200356897e-10,-7.510912013206228e-12,-1.1566560630744951e-08,-4.916467427930878e-12,-3.3921858519524706e-08,-4.904340070129689e-12,-6.7041905183228065e-12,8.697566878744055e-07,-9.668051653657692e-09,-1.676099981651386e-08,-1.3087187059661457e-08,-1.5847135210328412e-08,-1.0515333472545223e-08,-6.738499408985709e-12,-2.0194565381984272e-10,-1.999440341351022e-08,-7.864295918038041e-12,-1.318029498497463e-08,-1.0804972277484031e-11,-1.3593495126379551e-08,-1.5241161617694822e-08,-1.2075070711334285e-08,-5.718155335118053e-12,-1.1087730041794754e-08,-2.0653773541259024e-08,-1.5054820781566737e-08,-8.808185767331748e-12,-1.0385555736413242e-08,-1.8227234895970438e-08,-1.2935687180874858e-11,-9.664330948085724e-09,-8.64548397623793e-12,-5.7308460282318775e-12,-1.2963817260785406e-08,-9.668094645629717e-09,-6.1259064997167356e-12,-6.6001732996502125e-12,-1.949589266794145e-10,-1.1144409475378124e-08,-1.5246473039491884e-08,-5.923675263446054e-12,-2.1099962205788416e-08,-1.044903073386628e-08,-8.95392978496583e-12,-5.866358806625818e-12,-4.367004050729313e-12,-4.353882989068998e-12,-5.4770577795308935e-12,-9.745376787871707e-09,-1.3597942119445028e-08,-2.0252829408914637e-10,-6.190137708214234e-12,-8.023841545200778e-12,-7.508345578911297e-12,-1.97887930514862e-10,-2.1025962778861132e-08,-1.3602368052843499e-08,-1.0194711395833253e-08,-6.560493055854467e-12,-5.87387480769198e-12,-1.1012482997589653e-08,-3.8628765681515917e-07,-9.689631655189657e-09,-6.85588970807663e-12,-1.0872683689040242e-08,-4.396644258307125e-12,-9.146881900483937e-09,-6.609363453891738e-12,-5.564541285765014e-12,-3.903179903617215e-07,-5.459152225356761e-12,-1.2350083412273716e-08,-8.712180361872716e-09,-4.481128343794927e-12,-3.93651025443621e-07,-4.467257713451661e-12,-1.7561182819680033e-08,-5.311790618014304e-12,-4.007637148193622e-07,-1.1875192343005736e-08,-1.0744547863874377e-08,-1.2215072470322218e-08,-3.976493671802032e-07,-6.874490326833695e-12,-5.927609882253033e-12,-1.0427552770799167e-08,-3.538659144432399e-12,-1.3350075458972941e-08,-1.546988590323989e-08,-4.083897355211141e-07,-9.912979063229238e-09,-5.4040333885892275e-12,-1.1976971993304416e-08,-5.3604945639692866e-12,-1.1443414884775758e-08,-3.8856272863936474e-07,-8.82446470940265e-09,-5.421496650552868e-12,-8.915491337454087e-09,-1.0931207728320727e-08,-5.084750522473712e-12,-5.490264660653148e-12,-5.476810720019107e-12,-4.0100259344970206e-07,-4.8177024242619684e-12,-7.622363570289541e-12,-3.927836023417839e-07,-1.535664415515428e-08,-1.3236713111334207e-08,-2.002061775278903e-10,-5.522593643613099e-12,-5.917844595700965e-12,-2.02653553640387e-10,-1.5420572113764362e-08,-1.1644261640051551e-08,-1.224691629849071e-08,-5.5228273423939316e-12,-8.965855066620092e-12,-2.022210025893534e-10,-1.8066617108273835e-08,-9.677248399654546e-09,-3.749901065422983e-07,-6.5969240641811505e-12,-1.3202333024559042e-08,-7.824944791137451e-12,-1.330169180587268e-08,-7.681043391313288e-12,-4.946460353340031e-12
2.88020183530029e-07,-2.97512684386409e-07,-4.851309242457232e-12,-7.491705172292635e-09,-3.1760990576832974e-12,-2.1777055453901506e-08,-3.168533650841493e-12,-8.641377153372001e-09,-9.668051653657692e-09,8.784704819763511e-07,-1.0859645301731582e-08,-4.242375964093998e-12,-5.1000092227285905e-12,-6.809220473079997e-09,-8.677932845428981e-09,-1.5298754091713201e-10,-1.293062676483741e-08,-5.059886936268712e-12,-4.268750127827768e-12,-6.9389043429350875e-12,-8.756083328391255e-09,-4.92754517880041e-12,-3.900169119947159e-12,-3.70778635783761e-12,-3.5800545414239704e-12,-6.675311836723062e-12,-9.719129062723864e-09,-1.1328331684985595e-08,-6.7320368948704385e-09,-1.1715719061527617e-08,-8.319166486553377e-12,-3.133620194144448e-12,-5.583893890801322e-12,-3.71560685780085e-12,-4.2028319252144834e-12,-6.260597543039736e-09,-3.946375816489163e-12,-8.514503173421624e-09,-1.4864298353062725e-10,-7.176672285543297e-09,-4.924663430826272e-12,-7.645911642083177e-09,-6.811441072680132e-12,-6.772090631292884e-09,-5.765861870355727e-12,-3.799613784180175e-12,-2.8331818487971543e-12,-2.82603940095234e-12,-3.5330648090193454e-12,-3.1569524489301485e-12,-4.387153265993723e-12,-1.5335495251490577e-10,-7.954129708297688e-09,-1.0284002222802142e-08,-9.672208369971664e-09,-3.0033272689006204e-07,-6.783770625893594e-12,-8.767304033931016e-09,-3.3201959264249414e-12,-4.246209564834939e-12,-7.584538105648649e-09,-7.094598656926544e-09,-2.9489867907485156e-07,-6.275078866638581e-09,-8.816365670599513e-09,-7.023763022542709e-09,-2.8502561371484945e-12,-2.9581748346953743e-12,-8.533325811307836e-09,-3.5843856208368276e-12,-2.9739856244656363e-07,-3.520569831055891e-12,-7.952609703589747e-09,-2.8310871606160778e-12,-5.787060967829717e-09,-1.500502790557283e-10,-5.768747168433118e-09,-5.677339167652407e-12,-3.4367870729368163e-12,-1.5226945322151938e-10,-3.844414096608821e-12,-3.4793681557183796e-12,-7.873224544445573e-09,-1.5129165971075668e-10,-4.424828792225436e-12,-3.8339811797165e-12,-6.757125543185862e-09,-2.2935684344897853e-12,-4.319702662073077e-12,-4.990936180210097e-12,-1.5463844074270588e-10,-6.402995121453708e-09,-6.9706271723394404e-09,-3.875872171702589e-12,-3.4631568398876687e-12,-7.419546759121791e-09,-1.4846699910670052e-10,-2.864372219504611e-12,-3.5000714924208253e-12,-2.8919565478753023e-12,-3.532879478166745e-12,-3.2763175407472273e-12,-7.066902817871842e-09,-3.531627074602197e-12,-1.52341378870514e-10,-3.122413989376171e-12,-9.82183760175786e-09,-1.4978278232778786e-10,-4.963178995607261e-12,-4.286148610433842e-12,-3.031771903678703e-07,-7.112515662676816e-09,-3.823884051467956e-12,-3.0622703282085644e-07,-9.928729659375085e-09,-3.775945196226899e-12,-3.955068620109113e-12,-3.5606044219932148e-12,-1.1511662283120561e-08,-1.5315637878359735e-10,-5.819704465804898e-12,-3.13834748464788e-12,-1.44228895595951e-10,-8.503468930945206e-09,-8.537583032120258e-09,-1.004403097331943e-08,-8.588368907047186e-09,-4.947108069175964e-12,-3.195043572128241e-12
2.2625655988836059e-07,-3.1694194859126463e-07,-1.678846723541971e-08,-6.513475240974332e-12,-5.506627053317656e-12,-3.7667433686261546e-08,-5.493617055860321e-12,-1.4980357065519365e-08,-1.676099981651386e-08,-1.0859645301731582e-08,8.658798604820862e-07,-1.4690194418937376e-08,-1.7612918769217566e-08,-5.919603957213366e-12,-1.503935911332543e-08,-1.6550296711996715e-10,-1.1236774964194696e-11,-1.748541825719275e-08,-7.40277056339918e-12,-2.3962722189153622e-08,-7.59797294104389e-12,-8.540422512682057e-12,-6.7570192607671614e-12,-1.2848527400769436e-08,-1.2378742494072078e-08,-1.1567959149998554e-11,-1.68488422042479e-08,-9.831659295488329e-12,-5.854427032693573e-12,-2.0276668004924795e-08,-2.8741362678482505e-08,-1.0851491198228752e-08,-9.681299914209674e-12,-6.45020670895805e-12,-7.291198679579359e-12,-1.0863782337879202e-08,-6.83507570835953e-12,-1.476514316421921e-08,-1.5807668516022342e-10,-1.2429106627491223e-08,-8.532567941403628e-12,-1.3260458813129719e-08,-2.35505707333477e-08,-1.1754765656266733e-08,-9.985975274587248e-12,-1.316089338201124e-08,-4.919743322725769e-12,-4.907992000193075e-12,-6.1220978905005536e-12,-1.0928875679160647e-08,-1.5165260449885692e-08,-3.3160182806109875e-07,-6.900652700505755e-12,-1.7791528737797745e-08,-1.6764644353811125e-08,-3.2177970403538903e-07,-1.1748747106854187e-11,-1.518842489358032e-08,-5.769161858264722e-12,-7.367366921079756e-12,-1.3156872907968346e-08,-6.156467109060607e-12,-3.124762013099773e-07,-5.455316205693996e-12,-7.650690092588555e-12,-1.2177466751970155e-08,-4.948010531670187e-12,-1.0234727073558266e-08,-7.415707120331525e-12,-1.2391273018406419e-08,-3.167452358490829e-07,-6.0999094721726834e-12,-6.899438268654211e-12,-4.915615880188739e-12,-1.0039397841767156e-08,-1.6048386440509884e-10,-1.0007205604586838e-08,-9.840147907438295e-12,-5.961688307758063e-12,-1.642792223682787e-10,-6.6658852586142695e-12,-6.033385235965185e-12,-1.363894419125689e-08,-1.6260297089005576e-10,-7.661515192112959e-12,-1.3274008096736904e-08,-1.1727840452757766e-08,-7.94780175778126e-09,-1.494777811739153e-08,-1.725223036806995e-08,-3.3597268062536696e-07,-1.1100918722931126e-08,-1.2087412396956951e-08,-6.719087282889789e-12,-1.198461620979581e-08,-1.2880484454065454e-08,-3.1492505734030035e-07,-9.923194849016825e-09,-1.2109782087947484e-08,-1.00163090454493e-08,-1.22199148257372e-08,-5.6753664602196935e-12,-6.134544014826808e-12,-1.2213444658549254e-08,-3.2814155570371656e-07,-5.419784830349165e-12,-8.529493548933141e-12,-1.6002844454934142e-10,-8.601334708320012e-12,-7.432670413656412e-12,-1.6363880942815145e-10,-6.175260780811246e-12,-6.630175194467738e-12,-3.31842192174887e-07,-1.7194718137103882e-08,-1.3076154314036953e-08,-1.3675819467801358e-08,-1.231292515315211e-08,-9.984492605185538e-12,-3.309144532262418e-07,-2.010650493134072e-08,-1.0868294069208272e-08,-3.0045304573407417e-07,-1.4741945352466266e-08,-7.418963124308424e-12,-1.7386749634471212e-08,-7.458796850929675e-12,-1.7101805596767316e-08,-1.1056171033545161e-08
4.3118390708749534e-07,-1.3201963608750283e-07,-6.566303090925104e-12,-1.0134375823000935e-08,-4.298904448132666e-12,-2.9508060250719017e-08,-4.288473335371908e-12,-5.859903082077524e-12,-1.3087187059661457e-08,-4.242375964093998e-12,-1.4690194418937376e-08,8.732723052537839e-07,-1.379260152872768e-08,-9.211757923505906e-09,-1.1748106208610007e-08,-7.150204462016649e-11,-1.749737831266114e-08,-1.3680104593424099e-08,-5.776564517209664e-12,-9.40257765253861e-12,-1.185770726945073e-08,-1.3314765690944794e-08,-1.0540397565658607e-08,-1.0009150000568626e-08,-4.847782842479315e-12,-1.8038162337852e-08,-1.3156949637719789e-08,-7.685694562470204e-12,-4.561687326041484e-12,-7.952318436163588e-12,-2.24926259852107e-08,-8.462812669789755e-09,-7.558136392721925e-12,-5.025203453098603e-12,-1.1350005531967349e-08,-4.243427362287998e-12,-1.0666518889853956e-08,-1.1522865634639075e-08,-6.557747390514175e-11,-4.8695901460119815e-12,-6.6680711289299805e-12,-5.183193973098223e-12,-9.223550530096245e-12,-4.5890496939830094e-12,-7.80900593695841e-12,-1.025902746612139e-08,-3.831757838516931e-12,-7.628038118563878e-09,-9.547142267266834e-09,-4.27226358360364e-12,-1.185905041932088e-08,-1.437008710218933e-07,-1.0772904736602669e-08,-1.3935249294893219e-08,-1.3093571862422661e-08,-6.807182729899818e-11,-1.833772548667726e-08,-5.9475552425275955e-12,-4.488160217926055e-12,-5.744979737642345e-12,-5.141598700748459e-12,-4.813426122929002e-12,-1.284540314196479e-07,-8.489085837933512e-09,-1.1938655733271806e-08,-9.506210826442731e-09,-3.855318572908658e-12,-7.99309929512224e-09,-1.1546231506478526e-08,-9.688747943023792e-09,-1.3186472876435627e-07,-4.766504208056698e-12,-1.0769726749899803e-08,-3.82900583489598e-12,-3.923233622823729e-12,-6.749577465418789e-11,-7.806115311223131e-09,-7.686018541786426e-12,-9.281412941014867e-09,-1.4074592713247421e-07,-1.0384909519515908e-08,-4.708580824187496e-12,-5.340925427863658e-12,-6.918992639502718e-11,-1.1961839998411011e-08,-5.187872487922534e-12,-4.5790504193057216e-12,-6.193319841470695e-09,-5.8467600943435104e-12,-6.7591967829269375e-12,-7.375360880427781e-11,-8.666731966672188e-09,-9.433990517100221e-09,-5.245649787656329e-12,-9.355395223330778e-09,-1.0034546045713673e-08,-6.533619515151748e-11,-3.8748805328905155e-12,-9.456772419125066e-09,-3.9127732436589675e-12,-4.782988517646523e-12,-8.855827346135166e-09,-9.568003347972918e-09,-4.781572593679275e-12,-1.4094314548488059e-07,-4.223574920309387e-12,-6.66083958706705e-12,-1.339781819412938e-07,-6.719530161529457e-12,-1.157795275112341e-08,-1.3974564669755442e-07,-9.628564762553525e-09,-1.032940710701633e-08,-7.210198339096092e-11,-1.34472249917695e-08,-1.0196717461517574e-08,-1.068878308207164e-08,-9.622830590275946e-09,-1.559376741146475e-08,-1.4316451657258857e-07,-1.5736875906066542e-08,-4.245943795426958e-12,-5.955938391996219e-11,-5.766498272352648e-12,-1.155303846255838e-08,-6.816987925948508e-12,-1.1625190325298605e-08,-6.699579955132045e-12,-8.631927795314382e-09
5.269602569406136e-07,-1.8821407375886505e-09,-7.944559591823975e-12,-1.2165093547448473e-08,-5.199548068146525e-12,-1.8206852571563524e-11,-1.0350549440024963e-08,-1.4161069405717806e-08,-1.5847135210328412e-08,-5.1000092227285905e-12,-1.7612918769217566e-08,-1.379260152872768e-08,8.677755427324348e-07,-5.543777720885361e-12,-1.4258975658274349e-08,-8.12871013424878e-12,-2.109305148431163e-08,-1.6737294674530132e-08,-1.391777481871296e-08,-1.1565170713649037e-11,-7.245025967242003e-12,-8.091962218484068e-12,-1.2823282737799452e-08,-1.1975581201338811e-08,-5.903391117878112e-12,-2.1902219043344777e-08,-7.985662836898758e-12,-9.363145228371095e-12,-1.0905880260112484e-08,-9.75695587805155e-12,-1.3806611108647185e-11,-5.101027626738355e-12,-9.1449993306077e-12,-6.0148932576292406e-12,-6.843950501046814e-12,-5.097187280998e-12,-6.515757148612906e-12,-6.972318114332797e-12,-3.127213490904915e-10,-1.18618896392883e-08,-1.618837402395712e-08,-1.2477476936917975e-08,-1.1237659093442488e-11,-5.4988784536910374e-12,-9.530156365698561e-12,-6.170278084879686e-12,-4.577406028181556e-12,-9.10037189509777e-09,-1.1596492080409962e-08,-1.0286397739275787e-08,-7.2510772868808055e-12,-8.775323140982451e-12,-6.592950406982045e-12,-8.590758752802132e-12,-1.5878048792985794e-08,-3.4688139555914024e-12,-1.121111785972149e-11,-1.445134017106926e-08,-1.064104124831646e-08,-6.909428369824951e-12,-1.2361691423199077e-08,-5.8680058231400446e-12,1.460845575299798e-12,-1.0195218869699204e-08,-1.4551560099217125e-08,-1.1498178917958338e-08,-9.212950329017898e-09,-4.853598569434692e-12,-1.3912526861756861e-08,-5.919840463940318e-12,-1.687450205185298e-09,-1.1564848962392972e-08,-6.5874104610481825e-12,-4.577358965807669e-12,-9.428536017343042e-09,-5.4350398011657355e-09,-4.710002068108147e-12,-9.324209762167158e-12,-1.1176471004653142e-08,-1.3522527099486987e-08,-6.288245817343552e-12,-5.68660478244781e-12,-6.50226607457219e-12,-1.00233878241134e-08,-7.324661121078264e-12,-1.2479445787601893e-08,-5.489672766035078e-12,-7.417220293335119e-09,-7.076239357422047e-12,-8.249779764956344e-12,-1.1161229571910925e-11,-5.25370118675763e-12,-1.139772385284342e-08,-1.2670083756508157e-08,-1.1313622100883768e-08,-1.2009425540130004e-08,1.8350925149624484e-13,-9.275718298061943e-09,-1.1458751134132988e-08,-9.384824712650313e-09,-5.808460586312e-12,-5.405644371491728e-12,-5.8272639932410004e-12,-1.1604151858467286e-08,-1.3811443058969687e-08,-1.0101437981713691e-08,-8.071553138304695e-12,-4.427437780863047e-09,-8.158813871336605e-12,-7.005491643138955e-12,-1.2296648237053821e-08,-5.854921859190631e-12,-6.255053057686202e-12,-1.7823025054922342e-08,-8.225524159104203e-12,-1.2264191608501598e-08,-1.3010073552040995e-08,-5.864950556058678e-12,-9.56412733664337e-12,-8.450791056957463e-12,-9.664861013916758e-12,-1.0191444606652343e-08,7.903256980046424e-12,-1.3932973676281454e-08,-6.979166729792488e-12,-8.35177620634459e-12,-1.4081424272657416e-08,-1.631282118533033e-08,-1.0444573524233414e-08
