1.0000000000000029,6.562064973011935e-13,2.2988842632368128e-12,1.3010329478495837e-12,1.0000000000145328,2.5935117355807354e-11,1.000000000014683,-1.6715322052879445e-11,-1.0989040348439455e-11,1.0000000000082088,-5.103628538942007e-12,1.2766093843991779e-11,-1.4047023354308669e-11,-1.9348142409990536e-11,1.0000000000128009,0.9999999999953175,-3.3384986390322955e-12,1.060568555243262e-12,6.855698247429054e-13,-1.3689156957447648e-12,6.447592286127993e-12,8.60825558333691e-12,-2.536522227293342e-12,1.0000000000177058,9.10545381255168e-12,-5.283312221003911e-12,-1.6199072390748796e-11,-7.15526246299455e-12,2.521140159761165e-11,-1.709095818086798e-11,-5.37071908510727e-12,1.3528577510758703e-13,5.287081161812458e-14,-1.4453049586695732e-11,-3.719040286431561e-12,-7.344092114678429e-14,1.4862947048177486e-11,-1.165991171415658e-12,-1.1015729386914702e-11,3.7722333732121937e-13,-4.5817877034011355e-12,-1.7498068374350144e-11,8.543148350585875e-12,1.2595371551374274e-12,9.094075650830468e-12,3.678865158140493e-12,0.9999999999720344,3.391040530889004e-14,-3.160047371638592e-12,2.238909423805032e-12,-1.4508738273913507e-12,-1.4547492382978102e-12,1.000629123891437e-12,-6.8070135276357756e-12,7.116670778474465e-14,-3.842214031648595e-12,4.505758340404169e-12,8.368916736481558e-12,4.2937922802911e-12,1.0000000000113378,-1.2999386773695721e-11,-1.9942284174198837e-12,-6.274612392471379e-12,-2.881064068270478e-11,-1.6459716799462238e-11,3.9732711936087744e-12,-7.440031118662595e-12,0.9999999999861163,1.0406740435911678e-12,1.4405127924931544e-11,-5.913933800721327e-13,1.4299728239899636e-12,-2.245125164213542e-12,-5.333867986817236e-12,6.483177701697667e-12,-5.451722118871574e-12,1.0000000000067142,-7.5943513266308e-12,-2.72119786129452e-12,4.613518296240756e-12,-1.0930105035341938e-11,1.0000000000175548,-9.03902246282524e-12,-5.391148228900266e-12,6.16708922551257e-13,1.1534122282942628e-12,1.0000000000072449,1.5375524261986774e-11,1.859706064108175e-11,-6.666511185106411e-12,2.0978096404267575e-11,-1.7478129383719716e-12,1.000000000005019,1.024441761039464e-11,1.0000000000061597,1.1415222703042084e-11,1.771310573507016e-11,-2.7062810246489045e-11,1.0000000000061156,-2.8441518811632536e-11,-9.12280586402736e-12,0.9999999999858055,-7.875008940063361e-12,3.1062893875140826e-11,4.090585743109122e-12,3.264824790263187e-11,0.9999999999952711,-7.842376984203112e-12,3.713491772864563e-12,-4.04157205868625e-12,1.5951618055512098e-12,1.0000000000194356,-1.9571451155115073e-12,-2.0652912412167564e-11,0.9999999999925656,-1.2805178010813642e-11,7.61661784886984e-12,-2.186990641524913e-12,1.095492769318696e-12,0.9999999999839155,-5.235396930732206e-12,-1.56235173609352e-11,-1.5748913651067631e-12,7.973284505718321e-12,-9.155893587947167e-13,-1.8105551941367658e-11,2.1600734989435914e-11,-9.375712344766728e-12,-1.0643968296785262e-11
6.562064973011935e-13,-5.065550124380945e-13,2.818894511361741e-16,3.9157193008565473e-16,2.5091913971346938e-12,4.484935216657334e-16,2.5091722065382815e-12,3.8664256219333095e-16,2.266976647789524e-16,2.509099805845997e-12,4.366659268347426e-16,4.1129709753854096e-16,2.9795662151676015e-16,4.574628634659806e-16,2.5092454764509195e-12,2.5088774308960867e-12,3.711275007769262e-16,3.768300957676887e-16,2.386380197892249e-16,1.0550589523031185e-16,3.82127721833622e-16,2.761614689334816e-16,2.94209778716209e-16,2.509138497618533e-12,3.2703052901930825e-16,2.9045115905925064e-16,3.0878161518123253e-16,3.14334413216835e-16,6.230457499901954e-16,3.4953785646744462e-16,2.3534593163222215e-16,2.9139994457529383e-16,2.1511819279724428e-16,2.767872953834463e-16,4.038255896066274e-16,3.2043723038807203e-16,3.3546815270839875e-16,3.0139205074693105e-16,2.765568839436814e-16,3.959368141861177e-16,2.951917697514996e-16,3.590444343820098e-16,4.006673911723364e-16,3.9855472549052685e-16,2.6718258697694697e-16,3.250730245817462e-16,2.5090398726383278e-12,1.8489227241588905e-16,2.516992436032581e-16,2.862608705454484e-16,3.66091916528196e-16,3.2009799053950797e-16,3.783696489287172e-16,3.081481775686237e-16,4.1038350845028096e-16,1.8587685554465368e-16,4.0988589345448274e-16,2.691571798425707e-16,2.590748379744172e-16,1.257036122873533e-15,3.0043879841662174e-16,3.2180643365152447e-16,4.436772281884242e-16,3.5685055927854023e-16,2.849542039501337e-16,2.2845258093589987e-16,1.879080078710953e-16,2.508827528596156e-12,2.2269549670770165e-16,1.712241311638521e-19,2.767818987819682e-19,4.126985795758258e-19,3.986065979852323e-19,-7.888227733927067e-20,1.7245854021252468e-19,2.1977859660615857e-19,1.2568882848027407e-15,2.0184601293104827e-19,3.9474114730954907e-19,-7.010709961926979e-20,4.97471414123165e-19,1.2570708809579716e-15,-2.0804385764250142e-19,9.794544304641861e-20,2.6359717736066138e-20,2.2586817177976686e-19,1.2569933565593135e-15,-3.3426951500804507e-20,4.2563697711423645e-19,3.330837912168008e-19,2.9376733064198284e-19,2.777029604222821e-19,1.2573303948091377e-15,3.639922858032266e-19,1.2565755001411548e-15,-2.2380096774723585e-19,3.7283038534314134e-19,7.800271558294561e-20,1.256717010502048e-15,1.0277208256328421e-19,3.725416927553386e-19,1.2570322395346029e-15,6.83631213627549e-20,3.4009297146642894e-19,1.9944926027990644e-19,1.229084846588112e-19,1.2578837908316094e-15,1.1501335779309545e-19,9.783700152487816e-19,1.4159887844715027e-19,4.6136056546860355e-20,1.2570495502701585e-15,4.417113696156757e-19,5.211525340174904e-19,1.256835409112072e-15,-2.7192308869345585e-20,-7.789010668619216e-20,3.6841445347771314e-20,3.742382432299075e-19,1.256919765388177e-15,5.567475654507353e-19,8.768336856382623e-20,2.4520802011617793e-19,9.631446987259721e-20,-5.898426268817947e-19,2.50298210632921e-19,6.64688532586658e-19,2.280117085851904e-19,1.4447871999074163e-19
2.2988842632368128e-12,2.818894511361741e-16,-5.065067577638069e-13,4.658160733941117e-16,2.079947266479949e-15,4.405179063048445e-16,2.0794561785968223e-15,4.138816549247538e-16,1.9537214404632086e-19,2.0799995388556866e-15,3.444624379120454e-19,1.913728768972885e-19,2.1075832276792645e-19,3.589187684216836e-16,4.151788846248765e-12,2.0795474785417856e-15,-9.953300646262297e-20,5.809777536273878e-19,5.963635749473892e-19,4.0878118822516876e-16,4.2857163870849323e-16,4.653691365898766e-16,-7.400262821804162e-20,4.1516324690527955e-12,4.370272188133903e-19,2.3716980040393475e-19,3.9361069326139314e-16,5.130559498173574e-19,3.9583638625652043e-16,5.60720875185831e-16,3.9184307989268327e-16,6.431522163334241e-20,3.6973685319578256e-16,1.4156144845013456e-19,1.404150769663399e-19,2.448187467047714e-19,5.729673770956746e-20,3.627685971260085e-16,2.304605228337858e-19,4.485721691679237e-16,3.045880551102949e-16,4.474158491813769e-16,5.235483545886662e-16,2.060192783769447e-19,4.197367905211834e-16,1.8037745880170463e-19,2.0796789572262066e-15,3.0478532498098246e-16,3.4160825934648614e-16,3.592880403760071e-16,3.960078752887392e-19,1.4570303701534956e-19,3.133101796646732e-16,3.7267322193351544e-16,2.41727548095326e-19,2.5532882866944637e-16,2.7979328231473454e-16,-1.8294168654580352e-19,2.0044444969933543e-19,4.151784616783769e-12,4.2201430831045656e-16,2.989280873297612e-16,-3.2176155687842487e-21,-1.9583947112334167e-20,4.4829819903758135e-16,3.172897001975233e-16,-9.305355930166289e-20,2.0798251398266176e-15,3.562876631073669e-16,6.186373217380598e-16,3.8063774303723505e-16,2.6854880960048994e-16,3.071588407770046e-16,3.3426105363672193e-16,4.719915871427813e-16,4.112100033166524e-16,4.151471588648597e-12,5.024585627711584e-16,2.4689983512375473e-16,5.505381952263401e-16,5.314603837783911e-16,4.151818032177518e-12,3.701426882095616e-16,5.054672846106699e-16,2.8941609521162524e-16,4.26348773434508e-16,4.151480688863392e-12,3.9809484232117854e-16,5.764584378596462e-16,7.969006741980551e-16,3.9024004193928575e-16,3.1973376709961545e-16,4.152052649110544e-12,3.6872339173517577e-16,4.151188888862692e-12,4.426967035608124e-16,4.0831568596784815e-16,4.0046512435820546e-16,4.151707007568901e-12,1.2666241700112321e-20,9.808046072309786e-20,2.0796582740193195e-15,3.752917462432933e-19,4.719281218921449e-19,-3.12934982554423e-19,2.4049784094315233e-19,2.0799681266544998e-15,2.4951529164341957e-19,2.428783803565454e-19,1.6713412649794773e-19,8.274656090823768e-19,2.0799860424875912e-15,3.342982020958709e-19,2.301312583646734e-19,2.0791357217322448e-15,2.219579744949593e-19,1.13063056602331e-19,3.029813846124221e-19,-7.300345658243087e-20,2.0794823528350675e-15,-7.22648953942061e-20,5.636527545540933e-19,2.4510873745216044e-19,1.5055478097396079e-19,1.7377138769796598e-19,2.016149155704812e-19,1.9942404950918604e-19,1.3665129397791752e-21,3.155843870451771e-19
1.3010329478495837e-12,3.9157193008565473e-16,4.658160733941117e-16,-5.064962224015334e-13,3.163304309255953e-12,2.4571363928455077e-19,3.1633506042872805e-12,1.5884467488560505e-19,3.7985595060441543e-16,1.5844747339719445e-15,5.2711825671342215e-16,2.791216973118207e-19,2.325247851460863e-19,4.586928479812325e-16,3.1634714823819004e-12,1.5844603655104881e-15,4.2717563532091287e-16,4.809615806685676e-16,3.5933431146679005e-16,3.536777415783897e-16,3.8593993441415266e-19,5.104943742706884e-16,1.339058578960629e-19,3.1632878038108706e-12,2.663189134497046e-19,4.208791696871983e-16,4.374426859272348e-16,4.389600369161097e-19,4.994464943883025e-16,4.999942264444873e-19,3.9999562531596393e-16,3.839497075363809e-16,2.9820078229433193e-19,5.233907969419762e-19,2.150242189126269e-19,1.7490351938247844e-19,4.2608159972954113e-19,1.3111729367325428e-19,3.4578229906026173e-19,5.762594506343363e-16,3.632412603307194e-16,3.189884325356838e-19,5.371755119357458e-16,2.5545249150743857e-19,1.566804949511192e-19,4.4135880267577823e-16,1.5845800514782449e-15,3.046383395751433e-16,3.8935381917846083e-19,3.986952959918006e-16,4.451657214169012e-16,2.5142798295965205e-19,6.047705291180177e-19,4.121780843316818e-16,4.402398471881092e-16,4.540476463111994e-20,4.134409505638224e-16,2.4867447456678743e-19,4.768059661450028e-16,1.5848528349186846e-15,4.406409340320115e-16,2.242795460225139e-19,6.91322509780489e-20,5.549773617028785e-16,3.324037179177665e-19,3.814175468585132e-16,2.3599355621978724e-19,1.5845554844507419e-15,3.9230678704728643e-16,3.081257207936673e-19,4.0163962148156413e-16,3.8868253966253884e-16,2.630059188162248e-19,3.5749681143366375e-16,4.769809245379834e-16,-4.266373680777487e-19,3.163179799410624e-12,5.330857473954406e-16,3.329950008818556e-16,5.001338248757054e-19,1.396799739500748e-19,3.163494918682813e-12,1.7879180971238723e-19,3.106173033780782e-19,1.5860293572446535e-19,3.3910907953799506e-19,3.1631299453678783e-12,-2.391155224338894e-19,6.744950171931423e-16,1.0166079716107599e-19,4.078285241639389e-16,3.548604421655302e-16,3.163767211927552e-12,4.549513681246969e-16,1.5846241035284267e-15,2.2364423754196156e-19,1.1334874128106334e-20,2.413950501810376e-19,1.5849039822839833e-15,4.681571415846554e-16,3.9156105455990974e-16,3.1631845371438524e-12,4.171031224500557e-16,5.509421531174029e-16,4.55500461628127e-16,6.015508302058148e-16,3.163695485670139e-12,3.6331260365732946e-16,4.378345096620321e-16,3.8859362349946814e-16,4.365175292703002e-16,3.1635485156701307e-12,4.111757908043735e-16,5.934078593397202e-16,1.5843126651055816e-15,4.784251112115322e-16,5.227595359688866e-19,3.586427481386752e-20,5.2543544294468593e-20,1.5843419878258446e-15,9.237633776053819e-20,1.6561248793597398e-19,2.1193335142211536e-19,2.535016020256608e-19,4.5381052077224506e-20,2.80672258775785e-19,4.85478456417989e-19,4.7669253696869156e-20,-1.8151655809600518e-19
1.0000000000145328,2.5091913971346938e-12,2.079947266479949e-15,3.163304309255953e-12,1.0000000000227949,2.7799802647607417e-11,1.0000000000234492,-7.442850396944084e-15,-9.137891263134123e-12,1.000000000016974,-3.2477899640646814e-12,7.32827508382225e-15,-6.1064606623074e-15,-1.7487514494866875e-11,1.0000000000215703,1.0000000000040818,-7.425997789529923e-16,2.9181945963939497e-12,1.2680074798575066e-15,2.3998585792885174e-16,8.308344179441703e-12,5.243436553023597e-15,-3.431577698260594e-16,1.0000000000264686,5.494866848226066e-15,-3.434623120213312e-12,-7.187397828565651e-15,-5.2989115181105344e-12,1.356258122661795e-14,-7.62574840692849e-15,-1.7616022592714223e-15,1.9881130174787817e-12,1.9041801466113918e-12,-1.2600059521267147e-11,-9.373323919759952e-16,8.917128966282067e-16,1.6715797365060323e-11,6.824382317484334e-13,-4.587650555370874e-15,2.2445296167831486e-12,-1.3689895708820286e-15,-1.564251086884831e-11,5.2138385531464875e-15,3.112404058931742e-12,1.0946873501488642e-11,5.534630235157009e-12,0.9999999999807937,9.426811436799552e-16,-1.312703673708052e-12,4.0895421249698664e-12,4.0445311312421287e-13,1.9580985925252517e-16,2.8554130637140515e-12,-2.479814386043184e-15,9.673461289270781e-16,-1.0021738926565267e-15,3.1865696164992906e-15,5.121362439979381e-15,6.1511917953303e-12,1.0000000000201013,-5.5825848305514635e-15,-7.04540546277261e-17,-2.2155513642895665e-15,-1.3495075699433364e-14,-7.315070252530855e-15,2.919001086532649e-15,-2.7995868707922435e-15,0.9999999999948774,2.8969182530527068e-12,1.628074872251502e-11,6.339206591168073e-16,1.6439451318922721e-15,-1.9734136178250667e-16,-3.4871225846040953e-12,4.1798196012768355e-15,-1.8067568280874422e-15,1.0000000000154776,-2.8745363205982136e-15,-4.3611115500680165e-16,3.2478880794591167e-15,-9.062304302533531e-12,1.0000000000263272,-7.18411071123719e-12,-3.5385483189134507e-12,1.232433180630697e-15,3.0133047598606137e-12,1.0000000000160054,8.635954938953274e-15,2.0469339347958944e-11,-4.771925707890587e-12,1.1436256210088163e-14,1.035573211480023e-13,1.000000000013799,1.2098488195966167e-11,1.0000000000149196,6.6467440955808695e-15,1.9566963320961627e-11,-1.2627925034136025e-14,1.0000000000148859,-1.3318256357183316e-14,-7.272387740199704e-12,0.9999999999945703,-3.0187199374185674e-15,1.649397487461935e-14,5.946931436475051e-12,3.451983999852991e-11,1.0000000000040434,-3.0018942966581446e-15,5.56843899468773e-12,-2.1969577016537035e-12,1.7271964338762844e-15,1.0000000000282068,-5.3020661139695214e-17,-9.412604555851646e-15,1.000000000001321,-5.487761694214352e-15,9.478835114388604e-12,-3.365653237381923e-13,2.9438943029236844e-12,0.9999999999926714,-1.6970837101377472e-15,-6.8960344616469374e-15,1.417462914125062e-16,4.926115388738418e-15,4.671856036477986e-16,-8.139427966440216e-15,1.1760056727474796e-14,-3.7656918187894175e-15,-4.400155852398941e-15
2.5935117355807354e-11,4.484935216657334e-16,4.405179063048445e-16,2.4571363928455077e-19,2.7799802647607417e-11,-5.064661151553833e-13,2.7799823242152618e-11,5.264222969771728e-16,3.527839008171285e-16,2.77996528886701e-11,-2.1914373897590985e-19,5.353456003207413e-16,3.6457137445484644e-19,5.00802186721259e-16,2.7799944484309968e-11,1.3926448780617064e-14,2.2072081930277043e-19,3.0432882876736543e-19,3.321780255590363e-16,2.7574902443729666e-16,5.282606825995643e-16,4.632010053926423e-16,3.5215911463695333e-19,2.779975353368255e-11,4.72845289929856e-16,4.2255068506938003e-16,4.32458173070887e-16,4.4198264559569806e-16,6.304863875532741e-16,6.06790025820176e-16,3.771424582436823e-16,3.9479278217293323e-16,9.898369731679231e-20,5.585662591843063e-19,4.225821135931882e-16,4.266692047361203e-16,4.064804943593812e-16,3.7968428400330364e-16,2.06899806718018e-19,4.76509075011341e-19,-9.722425934174128e-20,2.0678685273793976e-19,5.186941987428804e-16,5.202590992668048e-16,4.232227768144087e-16,4.667730244498889e-16,1.3927393216154494e-14,2.049742066029963e-19,3.3094325595599747e-16,3.7517583183288807e-16,8.86818355924171e-20,4.738805185948613e-19,4.615884893402415e-16,4.0650124062022406e-16,2.497935233183911e-19,9.190271225649446e-20,5.059554400106046e-20,1.5653249201415238e-19,4.1333703022190166e-16,1.3926852815950423e-14,4.221801703801739e-16,2.7573522332794573e-19,4.729637555219878e-16,1.9215916002788555e-19,1.9615683233878517e-19,3.6283377442664163e-16,3.225276894005156e-16,1.3926631832887483e-14,-4.761101259383798e-19,-1.1094251977219267e-19,3.7199220424613524e-16,4.2096302152146645e-16,3.882320515854755e-16,1.0745737605288985e-19,2.217321567529583e-19,4.0000720959045945e-19,1.392694603506932e-14,-2.1393470118936135e-19,1.870419620362816e-19,7.305352307789462e-19,3.7556638446781016e-19,2.779998421634863e-11,2.3088900831622745e-19,3.805872679770209e-16,2.7081946238182945e-16,-5.627912219552463e-19,2.779961246942457e-11,4.974019697076358e-16,4.5917256818069575e-19,8.918144131632433e-16,2.536120303864921e-19,1.4168141523721076e-19,1.3927085499094607e-14,4.475698551866958e-16,1.3926682188085319e-14,3.8181428194935586e-16,7.59581310083504e-19,2.058142867158868e-19,2.7799870281026286e-11,8.18707412250656e-19,4.424302344963294e-16,1.3926759678388805e-14,-5.583792605150612e-20,5.702494189069539e-19,4.741750624549609e-16,2.88092994272156e-19,2.7800188691823167e-11,4.19967437224952e-16,4.2852724951252053e-16,3.7915626492079054e-16,3.9055201187936126e-16,1.3927067213629522e-14,4.052349081195234e-16,2.4957580021818467e-19,2.779932871212294e-11,4.733360437106006e-19,3.939505323750264e-20,3.705815303767513e-16,4.235143148603511e-16,2.779914632699705e-11,3.2972823883380667e-16,4.491560502088375e-16,5.020583798870353e-16,4.2667660417016604e-16,3.2996808528071725e-16,4.744822914367176e-16,3.626121715601595e-19,2.7571023341477894e-19,2.522229495586843e-19
1.000000000014683,2.5091722065382815e-12,2.0794561785968223e-15,3.1633506042872805e-12,1.0000000000234492,2.7799823242152618e-11,1.000000000023097,-7.443272837923862e-15,-4.5779285437105004e-15,1.0000000000171263,-1.6272319838359449e-15,7.32819437796318e-15,-6.106512656230402e-15,-8.760857974626638e-15,1.000000000021723,1.0000000000042348,-1.4823448348253534e-12,1.4619504464755294e-15,1.2680657622777368e-15,2.3984763867629488e-16,8.30837373542478e-12,1.0466324261314532e-11,-6.848903207372434e-13,1.0000000000266203,1.0969126897175153e-11,-1.7209252938895424e-15,-1.4346760168352283e-11,-2.65469778913818e-15,1.35628067991097e-14,-7.625812342898783e-15,-1.7615256330178598e-15,1.988109087937581e-12,9.539075350518978e-16,-1.2599988316706163e-11,-9.371421085780677e-16,8.919571289125418e-16,1.671578389510155e-11,6.824802873160823e-13,-4.587779592603083e-15,2.2445525537475204e-12,-2.732518864507036e-12,-1.5642458078825105e-11,1.0407711015868528e-11,1.5588350084225206e-15,5.484015112104467e-15,5.534623290647972e-12,0.9999999999809467,9.426945077527758e-16,-6.574992850439509e-16,4.089579617189691e-12,4.0448714332755036e-13,3.9095240585585186e-13,1.4304425849892093e-15,-2.480017584368496e-15,9.67577254593508e-16,-1.0022237500776145e-15,6.360939806196191e-12,5.121206977426308e-15,3.0816504271128225e-15,1.000000000020255,-5.582486453183213e-15,-7.015909282718076e-17,-2.2155274315224373e-15,-1.3495246749032046e-14,-1.4601516571844665e-11,2.9190638608543472e-15,-2.799518312784627e-15,0.9999999999950301,1.4512470465405e-15,8.15612795578742e-15,1.265454747724704e-12,3.2816969330684646e-12,-3.937938591922898e-13,-3.48706088345328e-12,8.343482921032755e-12,-3.60635237503244e-12,1.0000000000156286,-2.8745526606496495e-15,-4.3606996498390463e-16,6.483623355686699e-12,-9.062237098149857e-12,1.0000000000264795,-3.599210892385145e-15,-1.7728421877420433e-15,1.2323127109401597e-15,3.0133451114612614e-12,1.0000000000161573,1.7239733803573677e-11,2.0469387392112303e-11,-4.771812941570772e-12,1.1436439349556304e-14,5.212035075642389e-17,1.00000000001395,1.2098521318506384e-11,1.0000000000150722,6.646476052727825e-15,9.802583229560909e-15,-1.2627850750975333e-14,1.000000000015038,-1.3318199006066425e-14,-3.643358944337682e-15,0.9999999999947229,-6.025457043434686e-12,1.6493982741352332e-14,5.9469665464920834e-12,3.4519930602719356e-11,1.0000000000041966,-5.99211829107965e-12,2.789561440040213e-15,-2.1969030434485747e-12,3.447279143069543e-12,1.000000000028361,-5.3271825478628565e-17,-1.878859678777855e-11,1.0000000000014726,-5.487691664933472e-15,4.748718349328509e-15,-1.6867028478691643e-16,2.9438833548764976e-12,0.9999999999928231,-3.387434884812487e-12,-1.3765057021677395e-11,1.4217366990248898e-16,4.926043044949036e-15,4.670990823972905e-16,-1.624712961112394e-11,2.3474992622733428e-11,-3.765831966723002e-15,-4.4000482082865465e-15
-1.6715322052879445e-11,3.8664256219333095e-16,4.138816549247538e-16,1.5884467488560505e-19,-7.442850396944084e-15,5.264222969771728e-16,-7.443272837923862e-15,-5.065137704015175e-13,-5.886800020309964e-19,-7.443411369963675e-15,2.808845473112606e-19,2.1487606978886962e-19,3.920293034926019e-19,4.749665135393241e-16,-1.4857100899875065e-11,-1.485758256631802e-11,4.1843632389189697e-16,-1.6588223752420265e-19,3.5679498371108847e-16,3.0578419506327443e-16,5.2151973517206e-19,4.329391489012428e-16,3.519311231323385e-16,-1.4857246171837787e-11,2.8080585360245696e-19,3.6142507643301085e-20,1.9850871135879615e-19,4.661357690209677e-16,6.011000532268353e-16,5.84535653902925e-19,-6.773294257661949e-20,5.385236570263635e-20,3.4727314502455467e-16,4.303228033280586e-16,3.8340733334338095e-16,4.8237752411449816e-20,3.566397364255065e-16,3.911221187806851e-16,4.420193535576457e-16,4.919748116747988e-16,3.537541319136673e-16,-2.339808175657637e-20,5.004622834020659e-19,2.8777487910260736e-19,3.3664221181090094e-19,3.7573648955553374e-16,-7.443380741592372e-15,1.4152547741883167e-19,-1.9526506910752422e-19,2.0446352578936915e-19,3.2656095581122154e-19,3.868136876309434e-16,2.544580337203519e-19,4.0086587921816814e-16,1.8986132563978491e-19,5.2366285702203405e-20,2.076473875038309e-19,3.762042408876683e-16,4.440330970014537e-16,-1.4857119494665844e-11,3.5537821687110473e-19,4.280237386393105e-19,4.161923437809867e-16,5.001036082916663e-16,4.3705511247113034e-16,-1.1374536388877933e-20,3.13541762839754e-16,-1.4857503785034523e-11,1.1161894918016463e-19,2.173797000787152e-19,-2.0688373368396903e-20,3.6568448323243086e-16,3.385986497495121e-16,1.062065606588745e-19,5.484216136800644e-19,4.2513039735342076e-16,-7.443466240079632e-15,2.4298344397833387e-19,3.7735026318785314e-16,5.254430588129683e-16,2.6657956080644073e-20,-1.4857027124646978e-11,1.6281721013747053e-19,4.480750337282067e-16,2.471500179056828e-16,4.388084598986831e-19,-7.443617764646233e-15,1.8861985687795116e-19,6.316182200406362e-16,7.738079508675597e-16,4.157213487525475e-16,2.7316945181798445e-16,-7.443186430003613e-15,-3.7430518217980987e-20,-1.4857677100797367e-11,2.1006989784945703e-19,4.890933685066668e-19,4.2383785872960547e-16,-1.4857175211246838e-11,4.578248418750584e-16,4.357870508561135e-16,-7.443223310332743e-15,3.765344572460909e-16,2.765971127182148e-19,1.4194417169175703e-19,5.005417210494105e-16,-1.4856906321430665e-11,3.8533185618570355e-16,-5.1897075015879504e-20,3.6575398942974285e-16,4.274046562508409e-16,-7.442879790592346e-15,3.807706502769524e-16,5.198376663635031e-16,-7.443531502920099e-15,2.2457310046870145e-19,4.995748177281293e-16,3.464622765315322e-16,3.781913583496151e-16,-1.4857782417556444e-11,8.423570174276062e-20,4.300188188095799e-16,6.948751182815018e-19,3.6638343926143437e-16,2.0090898327613573e-19,4.303930378213927e-16,3.2744713318543154e-19,3.82982905139504e-16,2.259313691642526e-19
-1.0989040348439455e-11,2.266976647789524e-16,1.9537214404632086e-19,3.7985595060441543e-16,-9.137891263134123e-12,3.527839008171285e-16,-4.5779285437105004e-15,-5.886800020309964e-19,-5.066159180237304e-13,-4.578192587723234e-15,3.1505518259210377e-16,5.581831559389987e-19,3.17875535210217e-16,4.271649334330388e-19,-9.13773793273075e-12,-9.138117855912287e-12,2.8020226147012625e-16,2.901783364771195e-19,3.238666225061437e-19,3.1598698174920566e-16,-7.761998276744227e-21,2.328695414956116e-19,1.7807209702748815e-19,-4.578172168957848e-15,3.2802632224416163e-19,2.673738765094886e-16,3.123883877868431e-16,1.6631177429080647e-19,1.8932374371943897e-19,4.3746895571529433e-16,3.0764467538147973e-16,2.273726971097671e-16,2.909413480309739e-16,-1.2681691461463757e-19,2.0641048481513727e-16,1.015234912755747e-19,-1.119252674001797e-19,8.016970053518076e-20,4.0442723428050433e-16,3.629469265428059e-16,2.4750992056014564e-16,3.619901702209616e-16,1.9797949669576423e-19,2.272645856391886e-19,2.414867636713932e-19,2.4710705303669947e-16,-9.138031429549583e-12,3.7871215740150137e-19,2.7719845141988275e-16,2.948076244715605e-16,9.578803264444925e-20,-8.158449825054395e-20,2.255613622265392e-19,2.362209728207154e-19,6.1915777844118994e-21,1.1060501434836851e-19,8.655381258850884e-20,-1.516971600660144e-20,4.1000868677776266e-16,-4.577920661154476e-15,4.3118855201509194e-19,7.161167285008509e-19,2.1239310071590054e-16,4.2892214551174327e-16,3.527592390611986e-19,2.541487490096559e-16,2.801103913440055e-16,-4.578138089025132e-15,2.822826364968119e-16,2.2368577753226873e-19,3.050051526790694e-16,2.2371911959525867e-16,2.4471406319945905e-16,-1.9375880824392886e-20,3.858808309262386e-16,3.276295078134676e-16,-4.577949651922561e-15,3.2411137860725885e-19,2.0784469212487791e-16,3.4375319938447393e-19,1.9066811267628572e-19,-4.577873747401014e-15,1.6307827559069695e-19,4.017107814872905e-16,2.2575685199635596e-16,1.6747120326019405e-19,-4.578234857876791e-15,1.607771921768987e-19,3.545220306080517e-19,6.28961465280129e-16,2.6880879190524402e-19,2.8333954168345746e-19,-4.577175321382509e-15,-5.737007094929699e-20,-4.578058784156321e-15,3.5314371345466165e-16,3.2974068905248885e-16,3.2399358751078e-16,-4.577823894185369e-15,2.7614161455934866e-19,1.20600363517487e-19,-9.137917940769521e-12,2.9066653667826157e-16,4.255097882326809e-16,3.435224640939816e-16,2.4412512828563593e-19,-9.137614175844802e-12,2.2570424650928125e-16,3.75775716688396e-16,2.9138264160758634e-16,2.658638532330984e-19,-4.578077025626003e-15,2.9683120898619586e-16,5.863531652017078e-20,-9.138225046705601e-12,3.49564375201035e-16,3.9798247837402944e-16,2.666458524854682e-16,2.3437987093166154e-16,-4.578575622538342e-15,2.733995678478888e-16,3.901712388689874e-16,3.5804793516830983e-16,1.7239718692265945e-19,3.431449916268675e-16,3.370974587170088e-16,3.1708474928984503e-19,3.0063496691161657e-16,1.319584099789091e-19
1.0000000000082088,2.509099805845997e-12,2.0799995388556866e-15,1.5844747339719445e-15,1.000000000016974,2.77996528886701e-11,1.0000000000171263,-7.443411369963675e-15,-4.578192587723234e-15,1.00000000001015,-1.627135898327712e-15,1.4627850987495465e-11,-1.2189579835139276e-11,-8.760955316649367e-15,1.0000000000152462,0.9999999999977581,-1.4824573247533853e-12,1.4619655513251591e-15,1.2681844348892867e-15,2.3994048443917065e-16,8.308235042162135e-12,5.24330230009026e-15,-6.849443226352635e-13,1.0000000000201452,5.495179654709815e-15,-1.7205980315100963e-15,-1.4346848194624992e-11,-2.654941950853664e-15,2.707244110702292e-11,-7.62588576548287e-15,-1.7618083771808204e-15,9.960844016715351e-16,1.9041816276676904e-12,-1.2600097356665005e-11,-9.376720043017588e-16,8.917163526831107e-16,8.374158787723712e-15,6.823344982975506e-13,-4.587833029994817e-15,2.2444608597553953e-12,-1.3691457341558872e-15,-1.5642625403036196e-11,5.213540916919512e-15,3.1123263611183796e-12,5.484018788240445e-15,5.534589518179456e-12,0.999999999974471,9.426681031207254e-16,-6.578652500475887e-16,2.0487002812193923e-15,2.0234997204937243e-16,3.907694462593796e-13,1.4304774870123802e-15,-2.4801200637081607e-15,1.9305565910009404e-12,-1.0024209947386268e-15,6.3608455544809284e-12,5.121495282889917e-15,6.151110645060897e-12,1.00000000001378,-1.1143132047006874e-11,-7.013133441682386e-17,-2.2151031083888016e-15,-2.6938506858570585e-11,-1.460159385385475e-11,5.8267186246425385e-12,-2.7992106847630998e-15,0.9999999999885552,1.4512689320687065e-15,1.6280594726170067e-11,1.2653421063850915e-12,3.281642338614052e-12,-1.973238730620743e-16,-1.7472559722817857e-15,4.179776359759102e-15,-1.8068990602263506e-15,1.0000000000091531,-2.874428262332511e-15,-8.70541555163087e-13,6.4835146417429656e-12,-9.062553318765655e-12,1.0000000000200033,-7.184172070711074e-12,-3.5386366367327205e-12,2.4601232017501575e-12,3.013182396086486e-12,1.0000000000096831,1.723960126063593e-11,1.0254177588992856e-14,-2.3908747219400414e-15,1.1436352363927076e-14,1.0358193243275718e-13,1.000000000007474,6.06093997370487e-15,1.0000000000085958,1.326760876772737e-11,1.9566874756525354e-11,-1.2627377419422885e-14,1.0000000000085625,-2.658481046773725e-11,-3.6435798700367546e-15,0.9999999999882471,-3.018708178718088e-15,1.6494241320032688e-14,2.979381963787451e-15,1.7292717926975198e-14,0.9999999999977208,-3.001992771218971e-15,2.789689423220779e-15,-2.19702322933779e-12,3.4470882456666655e-12,1.0000000000218854,-5.328665445989735e-17,-9.412883737518842e-15,0.9999999999949977,-1.0954357081262661e-11,9.478741200682705e-12,-1.6849199473986953e-16,1.4748612765289614e-15,0.9999999999863471,-1.69721798945344e-15,-6.8958210059724706e-15,2.832551271589783e-13,4.92611341330859e-15,9.325214498654985e-13,-8.139477598289e-15,2.3474654368036147e-11,-3.765890591951635e-15,-4.4006069675568395e-15
-5.103628538942007e-12,4.366659268347426e-16,3.444624379120454e-19,5.2711825671342215e-16,-3.2477899640646814e-12,-2.1914373897590985e-19,-1.6272319838359449e-15,2.808845473112606e-19,3.1505518259210377e-16,-1.627135898327712e-15,-5.064759366014053e-13,5.435451132199872e-16,4.049252093911263e-16,5.783144030927132e-16,-3.2476877251336403e-12,-1.6273905637967354e-15,3.740319530191402e-19,1.3072224514978038e-19,3.301911650349373e-16,1.9465839454733856e-16,5.077443510262908e-16,3.9511375582664644e-16,3.664137056657485e-16,-3.247839676066058e-12,4.367954656854809e-16,8.464967655091631e-19,4.0004967650277176e-16,1.2593169000875477e-19,7.598365721849844e-16,1.8900353464941903e-19,3.2794966821098544e-16,1.8768649447911332e-19,3.001670206826495e-16,4.699758594807498e-19,4.857804992247197e-16,4.3104965081063183e-16,4.213232755520456e-16,4.0409085575485924e-16,2.598053867827017e-19,1.7425015208933833e-20,3.8176977769646273e-16,8.092686969355741e-19,5.527991959331842e-16,2.473209458306335e-19,3.2380220334307104e-21,6.969417397022721e-20,-1.627031392237827e-15,2.6640224352554604e-16,3.297027687525986e-19,3.8515184370262325e-16,4.782512871147036e-16,2.7076495273500764e-19,2.523303104703586e-19,1.4771130507454256e-19,-8.627029547906906e-20,-8.695119681127775e-20,3.72974988850043e-19,3.566421798598828e-16,4.627624013741795e-19,-1.6269890884873567e-15,4.15472353414221e-16,4.0893064283548425e-16,2.6995320714506657e-19,2.5641375082492704e-19,3.892285582924295e-16,3.0709754026274733e-16,3.614807805774495e-20,-1.6269710731770177e-15,6.781665081416082e-20,3.2692250597047673e-19,4.020789924816221e-19,1.7749279800999206e-19,1.0865480698610475e-19,3.1730482144347134e-20,2.2247665526165123e-19,4.1648380233855096e-16,-3.2478738812753898e-12,1.524488686379404e-19,4.782201585960594e-16,1.7784925594801181e-19,-2.2394703370925628e-20,-1.6270094976743427e-15,3.9409039942678274e-16,3.362133582525423e-19,1.401903810624745e-19,4.594693965404684e-19,-3.2479245781339014e-12,4.795456273901744e-16,6.417557800128625e-16,7.617047199098321e-16,4.27526201841376e-16,2.135138527807606e-16,-3.2474193873528535e-12,3.7809390486371016e-16,-1.6277960683868765e-15,5.109176647039305e-19,2.9151100240063414e-19,5.977632190819764e-19,-3.2477741586416346e-12,5.28013374475569e-16,5.079260467775739e-16,-1.6270250556073269e-15,-1.0912307214715363e-19,5.715017943854967e-16,1.7694061992612613e-19,3.1696226551539035e-19,-3.2474745393936833e-12,4.567525355342722e-16,4.679722910052197e-16,3.498706729508152e-16,1.9176352142830995e-19,-3.2476721176626612e-12,4.0668177880055653e-16,5.810721701391869e-19,-3.2481854263917216e-12,3.3525851872028307e-19,5.344692643927525e-16,1.8608575035261066e-19,4.451006007370818e-16,-3.248368622637381e-12,7.3587729198737e-20,3.5840752532431614e-16,1.3619403161572884e-19,2.840945616693339e-19,2.903405015384257e-16,4.216243539092445e-16,6.276184143591045e-19,4.001132661789774e-16,3.7559989193509986e-16
1.2766093843991779e-11,4.1129709753854096e-16,1.913728768972885e-19,2.791216973118207e-19,7.32827508382225e-15,5.353456003207413e-16,7.32819437796318e-15,2.1487606978886962e-19,5.581831559389987e-19,1.4627850987495465e-11,5.435451132199872e-16,-5.065645248503294e-13,8.029190560485249e-20,4.3313299133823947e-19,1.462813663080137e-11,7.328043311405437e-15,4.3876030575526204e-16,2.263486150850354e-19,3.6062735854432985e-16,3.415848712779442e-16,5.242331529914284e-16,5.065396562160163e-16,2.586698225196276e-20,1.462795554227732e-11,4.784224241307473e-16,2.738575519249076e-19,4.460321323184519e-16,1.9392586213995319e-19,5.103529974884619e-20,6.207725123514132e-19,4.0034876056106156e-16,3.1250227472188126e-19,4.160193550458281e-16,4.710147415075502e-16,3.774447067937386e-16,4.355167051634849e-16,3.891216468685561e-16,3.839646463669186e-16,4.647747898291879e-16,5.839592963330343e-16,1.1183914905500598e-19,4.825242364129486e-16,4.990180370604545e-19,5.205127760803654e-16,2.1548577087691037e-19,4.301938863030035e-19,7.327950667478597e-15,3.0193825495960815e-16,2.0355736612748147e-19,4.003349786968546e-16,1.6037698040754762e-19,3.3402444544773427e-16,4.251253513500001e-16,1.88958393553342e-19,4.530718188335976e-16,2.8433245095411546e-16,-3.921263973895642e-20,4.579382686754934e-16,-3.010361161404452e-20,7.328294703933984e-15,4.4114985798456176e-16,3.8794445307327147e-16,4.148463878268894e-16,5.479683452686361e-16,-6.310818578774435e-20,3.82725682359947e-16,2.217911335414835e-19,7.328075178670168e-15,3.248651377281452e-19,1.1766109110937135e-18,3.9927595748376153e-16,4.0288980990953246e-16,1.6420190834367957e-19,1.6738108952001678e-19,4.835939794366932e-16,3.783562892149739e-16,1.4627850735959634e-11,5.264836094992594e-16,3.5300253045215634e-16,3.3592821244079484e-19,5.320726735107982e-16,7.328343736966636e-15,4.591788572049339e-16,1.444367661732819e-19,3.151366858493814e-16,2.012854583688376e-19,7.328144729877488e-15,4.915940645009442e-16,3.62144294477314e-19,6.814659250225414e-19,4.65888811476002e-20,5.1763271319317775e-20,1.4628426013307518e-11,3.904141525026943e-19,1.462754646707956e-11,8.103489271542872e-20,3.829614065922e-19,2.7562593542908263e-19,7.328334160939558e-15,-1.2379645447118484e-19,4.0754922806079863e-16,1.462784396191885e-11,4.207838065026476e-16,5.553540137227564e-16,3.266715198996774e-19,5.890097795076201e-16,1.462836647862418e-11,3.765939115253386e-19,4.417271352586579e-16,3.9079224467956266e-16,2.225456200566094e-19,1.4628209095040673e-11,4.12704252847716e-16,7.247141142241461e-19,1.462751598505591e-11,4.688317670661566e-16,5.863671772717896e-16,3.9353725659188086e-16,3.8874683781542833e-16,1.4627367075930854e-11,3.8149501935850307e-19,2.976823493959514e-19,4.972061452890066e-16,1.811249364619595e-19,3.8052180470534333e-16,3.870198832718797e-19,6.58574126976816e-16,4.622129205521344e-16,4.752415747022853e-16
-1.4047023354308669e-11,2.9795662151676015e-16,2.1075832276792645e-19,2.325247851460863e-19,-6.1064606623074e-15,3.6457137445484644e-19,-6.106512656230402e-15,3.920293034926019e-19,3.17875535210217e-16,-1.2189579835139276e-11,4.049252093911263e-16,8.029190560485249e-20,-5.065679360731891e-13,3.7973422112113547e-16,-6.106558139515994e-15,-1.2189819894298312e-11,3.4893334484388494e-16,-3.368073083040702e-20,3.2926458207369766e-16,1.8804001550296496e-19,4.317849473592295e-16,2.9417095093163893e-19,-3.3932051504303864e-19,-1.21894998113559e-11,3.874920666867522e-16,3.2899234215997425e-16,4.88409101815217e-19,4.4149707732847147e-16,-1.2722018239044437e-19,5.249365078189911e-16,2.176186212533122e-19,2.855523169403163e-16,3.426244009312104e-16,4.114358518429828e-16,4.252919031428823e-19,1.0793380034561023e-19,1.421109465457023e-19,6.855768737329384e-19,4.627893261094791e-16,-8.139978553089124e-20,-1.9684774596042567e-19,6.310178670776998e-19,-5.969717327515209e-19,4.0826207095113386e-16,1.697946204183822e-19,6.733648980585701e-20,-1.2189695643373307e-11,2.814441707451174e-16,3.2558951690568824e-16,8.315854481426258e-20,3.941499746049711e-16,1.2549645449069505e-19,3.2370818147501816e-16,3.2712376321059693e-19,3.453283681589581e-16,2.423159552527439e-16,3.120891649400316e-16,3.564346185079389e-16,4.221787884764697e-19,-1.2189354134334415e-11,1.4347737564799325e-19,1.5976392649692653e-19,2.8958877111142856e-16,5.03175700381099e-16,4.17278688768101e-16,-1.688090154995021e-19,3.2146610400676105e-16,-6.1066006174453364e-15,-2.0233123507060164e-19,5.902098656598083e-16,1.6336770397122813e-19,2.8617722096849174e-16,3.0317492242043466e-16,4.3913631481130625e-20,4.574461067689544e-16,3.619172936019729e-19,-6.106942571539211e-15,2.5580052046584613e-19,2.75265883989168e-16,5.152496600788442e-16,6.560917452844883e-19,-6.106598204122197e-15,3.6890421410706603e-16,6.440410182353729e-19,2.590157652027e-16,4.171354624449493e-16,-6.106493367044663e-15,4.0346396774087846e-16,5.636489758926739e-16,5.354135544383748e-19,1.745194972990195e-19,2.917747609433355e-16,-1.2189078524186824e-11,8.082894994670407e-21,-6.106716478445658e-15,4.070821769902733e-16,2.505270000463184e-19,3.9214356780502707e-16,-1.218942502447365e-11,3.952419333424386e-16,1.7372233437037945e-19,-1.2189583603556903e-11,1.3037403702677457e-19,5.151719969603551e-19,2.6086703073249315e-19,1.997584801097877e-19,-1.2189175337786854e-11,2.928221279905381e-16,4.353329911267959e-16,1.7832386295885677e-19,4.3459468701573517e-16,-1.2189299500365746e-11,3.5919115069174514e-16,4.872832084523323e-16,-6.106685718138626e-15,2.097651350343107e-19,3.26653449936964e-19,3.159572299456894e-16,3.0307586159517757e-16,-6.1068188443227096e-15,3.2351882719313645e-16,2.3019711408097956e-19,4.349959525116653e-16,3.8438631626769665e-19,3.815595168295375e-16,3.974853988950738e-16,6.778700087013082e-16,3.6618237672158986e-16,2.265226968625068e-19
