1.0000000227238783,1.2504924204840947e-05,1.275036166051492e-05,0.999924081124562,0.9999240215202072,1.2719363781464543e-05,1.2136249306312086e-05,1.1879171839942064e-05,1.1802898490501284e-05,1.2324195902315775e-05,0.9999255364631764,1.214244620621372e-05,1.2758985622928971e-05,1.2302354121901175e-05,1.189814252572848e-05,0.9999242591511655,1.199163185967881e-05,1.2287101520557617e-05,1.251036229492905e-05,1.2139759024201838e-05,0.999923925555077,0.999924328800714,1.250731030080612e-05,1.2014316508406324e-05,0.9999258301793207,1.2307002907314349e-05,1.2006773519790802e-05,1.2141882625743571e-05,1.307147789917888e-05,1.1883338519352493e-05,0.999924174680844,1.2496736095180168e-05,1.3090522377559252e-05,1.2152591331148071e-05,1.1793918062303998e-05,1.2143381390950584e-05,1.250852368920543e-05,1.1774759270086691e-05,1.3492969238786958e-05,1.2502496013322187e-05,1.2146022244080904e-05,1.2297837422334552e-05,1.2130745050526691e-05,1.2148685352225891e-05,1.2004200827385325e-05,1.214760214202868e-05,1.2308636322131042e-05,1.487720499777062e-05,1.2156166666948273e-05,1.2010751007694445e-05,1.2514174605047056e-05,1.2497602180345037e-05,1.2519461853282879e-05,1.1778039109140593e-05,1.2149291181315716e-05,1.2143586386427693e-05,1.2507577623719688e-05,1.187535214660272e-05,1.3505972310304787e-05,1.2005583316100049e-05,1.305010525475728e-05,1.1997152008724007e-05,1.2784484606569918e-05,0.9999243309463445,1.2752992408319604e-05,0.9999239654304195,0.9999248998059315,1.3087904130725352e-05,1.2154754229093657e-05,1.2003300163736003e-05,1.248207328931266e-05,1.2757525526292026e-05,1.2502373103611239e-05,1.2758832957454978e-05,1.2738427097991345e-05,1.2026165485360737e-05,1.2506446918421438e-05,1.1999953121183096e-05,0.9999245876527717,1.2513907298534285e-05,1.2524735850498414e-05,0.9999239926258877,1.231458495143971e-05,1.1904833137667764e-05,1.198528358101153e-05,0.999923981319397,1.2734568383010595e-05,1.177154820838894e-05,1.189394065263603e-05,1.2311105644093365e-05,1.2322639689011251e-05,0.9999238457063793,1.2768590838967775e-05,1.3094454018537832e-05,0.9999242644766471,1.2139312055381227e-05,1.1883960119248597e-05,1.1981270615404649e-05,1.3090159039182526e-05,1.2510294474618508e-05,1.2145310118681575e-05,1.2292441531356561e-05,1.2478006439232897e-05,1.2511564986147552e-05,1.2320257692491446e-05,1.2512058490463337e-05,1.3072233673730967e-05,1.2147219283996047e-05,1.230899910576687e-05,1.2522176144712748e-05,0.9999244339982309,0.9999243835141549,1.2150465590878027e-05,1.2757063291873333e-05,1.304937194197591e-05,1.2313166745266871e-05,1.3069239985843838e-05,1.2283774867094704e-05,1.2486337672739295e-05,1.3065957556701695e-05,1.232129209055723e-05,0.9999237484927517,1.3500512886639429e-05,1.1873326555741611e-05,1.2156692532814418e-05,1.276213954577598e-05,1.2513351162739568e-05,1.3487230800753156e-05,0.9999250880730272
1.2504924204840947e-05,2.3616545172805268e-05,4.8501299148152826e-12,2.0820937276974102e-06,2.08209360358908e-06,4.78621992244906e-12,3.5713739668775608e-12,3.0355602634790145e-12,2.8764744715759173e-12,3.96289029508037e-12,2.0820967546823408e-06,3.5842028152344697e-12,4.869402800136572e-12,3.917475663847119e-12,3.0749969603634543e-12,2.082094098012316e-06,3.2698732756945566e-12,3.885345983181379e-12,4.350901652340064e-12,3.578432968906826e-12,2.0820934040373264e-06,2.0820942430975256e-06,4.344467705836663e-12,3.3174045046868305e-12,2.082097365939731e-06,3.927102602131633e-12,3.3014504575260258e-12,3.582904961943981e-12,5.51967845534153e-12,3.044233584886802e-12,2.0820939220594157e-06,4.3228894218474604e-12,5.5600137435228725e-12,3.6052234958395278e-12,2.8580500577687874e-12,3.586295951767069e-12,4.34701212656464e-12,2.818186955425574e-12,6.398597807841053e-12,4.3343274330983525e-12,3.59186084233353e-12,3.908254441367745e-12,3.5601420280699792e-12,3.597247457759287e-12,3.2960239679254233e-12,3.595067585373126e-12,3.930129808699771e-12,9.28303560931388e-12,3.613017460929237e-12,3.3098237310150917e-12,4.358611689325495e-12,4.324532185266629e-12,4.370208502718684e-12,2.824844587597016e-12,3.598625364251274e-12,3.5864709391305344e-12,4.344785834102642e-12,3.0274915792500533e-12,6.425284039654614e-12,3.2994168801284834e-12,5.475538038387097e-12,3.2815120687487847e-12,4.922453970926382e-12,2.0820942471198737e-06,4.856195279435196e-12,2.082093486705801e-06,1.0430793021880146e-09,5.554334778317795e-12,3.6098160662929755e-12,3.2941857852918326e-12,4.292093424424834e-12,4.866005498939192e-12,4.334360069738944e-12,2.4389541045105015e-15,2.4179254717243938e-15,1.6740406291011582e-15,2.1757480247405605e-15,1.6470704044640651e-15,1.0430789772567096e-09,2.1837887249767777e-15,2.1942731062978496e-15,1.043078356895113e-09,1.9754982998169884e-15,1.5478803508392446e-15,1.6313888924015654e-15,1.0430783449895358e-09,2.4138697633166426e-15,1.4083506993207546e-15,1.5364077997733092e-15,1.9716551138979837e-15,1.9835291374945516e-15,1.0430782040797726e-09,2.449077350132198e-15,2.7895335374703297e-15,1.043078639786628e-09,1.7924133823918693e-15,1.5261582761874694e-15,1.6273978237677892e-15,2.785215798626579e-15,2.17962162236905e-15,1.798537819429791e-15,1.9522439636486387e-15,2.1454501536639226e-15,2.181116122927218e-15,1.9814560847214583e-15,2.181944053490967e-15,2.765854783846686e-15,1.800633837388762e-15,1.969452511859526e-15,2.191779966421825e-15,1.043078816977519e-09,1.043078764123934e-09,1.8041151378752646e-15,2.4371631446862205e-15,2.742324436699606e-15,1.974025156609957e-15,2.7628031136617267e-15,1.942552320082448e-15,2.1546515545731254e-15,2.759690570114713e-15,1.9818500901467644e-15,1.0430781024812133e-09,3.2132408878725202e-15,1.5141037305430584e-15,1.8103354531664176e-15,2.442670045076762e-15,2.1827970711639e-15,3.1992982514494452e-15,1.0430794985050904e-09
1.275036166051492e-05,4.8501299148152826e-12,2.3616546261811595e-05,1.166027663004559e-09,2.327513088673552e-06,5.348861495167261e-12,2.0001395799466705e-15,3.393381404548462e-12,3.215138640297254e-12,2.219161084444127e-15,2.3275165848466575e-06,2.0072775144014236e-15,5.4441827879849556e-12,2.1937764310304024e-15,3.4371293031407296e-12,1.1660278695497896e-09,3.655050219111802e-12,2.175261562337785e-15,2.436220310066211e-15,3.9994205335796924e-12,1.1660274838243617e-09,1.166027950318718e-09,4.855813203684726e-12,3.709173059695752e-12,2.327517264388525e-06,4.389617266678931e-12,3.690454542574985e-12,2.0066905486573743e-15,3.0898321561334045e-15,3.4030462701116817e-12,2.3275134416050523e-06,4.833382649025785e-12,6.214946898350783e-12,2.0187737281629137e-15,3.195612307618051e-12,4.009385672587347e-12,2.4346548868463516e-15,3.151259403232333e-12,3.5828441535321315e-15,4.8440711453324095e-12,4.015838830670701e-12,4.369475750156684e-12,3.98080106838862e-12,2.014537440027671e-15,1.8456354827994616e-15,2.0133463596662587e-15,2.2000168136217685e-15,5.19731113610723e-15,4.039562594171664e-12,1.8534877225752905e-15,2.440377216078822e-15,4.834615890890111e-12,2.4478839955369803e-15,1.5818610490283423e-15,4.02322717763943e-12,2.008369865583743e-15,2.4324727883411665e-15,1.6952950870782638e-15,3.597634283992222e-15,3.689843948560649e-12,3.065959903978962e-15,3.668572087379909e-12,5.503195623611849e-12,1.1660279517890193e-09,2.718891639960005e-15,2.3275129580709737e-06,2.3275151161951385e-06,3.1098087662050905e-15,4.0350214245274875e-12,1.844256357679964e-15,4.798044552735321e-12,5.4390644747300925e-12,4.84518194369919e-12,5.4423010049053124e-12,5.393247006834673e-12,3.7361540832565755e-12,4.854906832918764e-12,3.67548654335127e-12,2.327514396830472e-06,4.8719818672054434e-12,4.8957800568789075e-12,2.327513021123468e-06,4.407881600667525e-12,3.45375422352142e-12,3.639423361174779e-12,2.3275129963261995e-06,5.386127850571071e-12,3.1423850697908223e-12,3.426858764839668e-12,4.3983609041831125e-12,4.426136616357491e-12,2.3275126831490965e-06,5.4650785386959226e-12,6.2235206113030205e-12,2.327513650429684e-06,3.99954304838722e-12,3.4049575090160536e-12,3.6318302810053204e-12,6.21567441767584e-12,2.4361501512554385e-15,2.0107127731765967e-15,2.182471335778921e-15,2.39877957520985e-15,2.4372005757163908e-15,2.2137837375303474e-15,2.438830113203661e-15,3.0917502982945018e-15,2.0128788037885663e-15,2.2015259505657723e-15,2.4492707470876702e-15,1.1660280714361628e-09,1.1660280123574387e-09,2.016560672802803e-15,2.7232490439937133e-15,3.064691138194579e-15,2.20657331138562e-15,3.0887511136455027e-15,2.1713023259962524e-15,2.4075357183837306e-15,3.084165094490226e-15,2.2154665823380243e-15,1.1660272794047919e-09,3.590787945796804e-15,1.6928694322650014e-15,2.0235138084049143e-15,2.7307212862965754e-15,2.4389459936131007e-15,3.574505628999267e-15,1.1660288280404936e-09
0.999924081124562,2.0820937276974102e-06,1.166027663004559e-09,0.9998633203101414,0.9998396441744714,1.1504995520569694e-09,8.583949076403728e-10,7.296148695256211e-10,6.914066091092082e-10,9.52544650453163e-10,0.9998411590069494,8.614991847204173e-10,1.170347592582232e-09,1.8795385984125241e-06,7.391180302380268e-10,0.9998398817880475,7.859504450279971e-10,9.339626650782005e-10,1.045802593077816e-09,8.601530934339374e-10,0.9998395482163158,0.9998399514324702,1.0442737397889743e-09,1.5915222473239772e-06,0.9998414527015922,1.8841870470683513e-06,1.5839798617971282e-06,1.7190790152903193e-06,2.6486056337927965e-06,7.317021195794761e-10,0.9998397973239658,2.0739061294226714e-06,1.3364272125833867e-09,8.665812845092235e-10,6.869079353520001e-10,1.7205776055350498e-06,1.0448815700108838e-09,6.773105456668872e-10,3.0700656804940668e-06,1.041862087494135e-09,1.7232182377361907e-06,1.8750221915343028e-06,8.556375887888755e-10,1.7258811942762401e-06,7.922467353431079e-10,8.640819816891025e-10,9.44750291623012e-10,4.4541991101405355e-06,8.683722697011409e-10,7.955279592714402e-10,1.0477123522392454e-09,1.039410532212832e-09,1.0503608720069989e-09,1.3552623607303472e-06,1.7264869445245982e-06,8.62070357572634e-10,2.084747012413394e-06,7.277014474847911e-10,3.0830678803309825e-06,7.929392222746591e-10,1.3161807435728231e-09,7.887156898606269e-10,1.18312103005627e-09,0.9998399535780562,2.3301436517507503e-06,0.9998395880888318,0.9998405223961068,1.3351156570287757e-09,8.676647509643666e-10,7.917955547098972e-10,2.059244465767345e-06,2.3346763535403765e-06,2.0795427836293396e-06,1.1702711517268374e-09,1.160049102968746e-09,1.603370375236439e-06,2.0836162834000534e-06,1.5771599359837044e-06,0.9998402102656625,2.09107612478152e-06,2.101903940977709e-06,0.9998396152822959,1.891768507543408e-06,7.424695860928068e-10,7.827703675988745e-10,0.9998396039765713,2.311720874279599e-06,6.757020320747457e-10,1.4711553865361434e-06,9.459872464504202e-10,9.517650731314182e-10,0.9998394683734535,2.3457408292965674e-06,2.6715799300013512e-06,0.9998398871131392,8.599291582663662e-10,1.461175522838079e-06,7.807600808420276e-10,1.3362451656511823e-09,2.0874636008353896e-06,1.722506235966198e-06,1.8696267322637513e-06,2.055177955940792e-06,2.088734059621881e-06,1.8974409354876305e-06,2.0892274377788605e-06,2.64936120778786e-06,1.724415221523708e-06,1.8861831152552645e-06,2.0993444627978094e-06,0.999840056622384,0.9998400061420172,1.7276613305025865e-06,2.3342142234014733e-06,2.626501227999621e-06,9.470197043952575e-10,1.3257660538664445e-09,9.32296205299199e-10,1.033767770278087e-09,1.3241217750481534e-09,9.51090038569064e-10,0.9998393711668501,1.5418073781386401e-09,7.266867482729901e-10,8.686357435269358e-10,1.1719275341159677e-09,1.0472998725693728e-09,1.5351538843493476e-09,0.999840710649422
0.9999240215202072,2.08209360358908e-06,2.327513088673552e-06,0.9998396441744714,0.9998632011102014,2.296517353582504e-06,8.583948564657103e-10,7.29614825650564e-10,6.914065680433164e-10,9.525445932794137e-10,0.9998410994069007,8.614991334166925e-10,2.3361361124841374e-06,1.8795384863055727e-06,7.39117986120127e-10,0.999839822188072,7.859503983060272e-10,9.33962609277072e-10,2.0875312788007097e-06,1.7169554753140362e-06,0.9998394886163596,0.9998398918324911,2.084479528534029e-06,7.97313990810537e-10,0.9998413931015245,9.439319466288875e-10,7.935354386965441e-10,1.7190789128126012e-06,1.3268870919396656e-09,7.317020760170634e-10,0.999839737723995,2.0739060055873367e-06,2.6676483935350167e-06,8.665812330425544e-10,6.869078943065487e-10,8.619675902459286e-10,2.0856928208211646e-06,6.77310505299917e-10,3.070065497469555e-06,2.079665619218827e-06,8.632904836640516e-10,1.875022079611458e-06,1.7079420549491039e-06,8.646245597570402e-10,7.922466876467065e-10,8.640819301234635e-10,1.8858203246536795e-06,2.231445572393684e-09,8.683722178565245e-10,1.5879569518523166e-06,1.0477122900402272e-09,2.074772057205922e-06,2.096630078076565e-06,6.78953525583431e-10,8.649280259738172e-10,1.720782534936281e-06,2.0847468882421785e-06,7.277014040621145e-10,3.0830676967132995e-06,7.929391742911279e-10,1.316180664761368e-09,7.887156422689078e-10,2.3616332281003275e-06,0.9998398939780775,1.1673453747885076e-09,0.999839528488873,0.999840462796093,1.3351155775080698e-09,8.67664699681897e-10,7.917955073249617e-10,1.0316314617162188e-09,2.334676214323827e-06,2.0795426595810875e-06,1.1702710813542942e-09,2.3155792546571187e-06,8.032496152413482e-10,1.0438411507242408e-09,7.9011882177149e-10,0.9998401506656692,1.0475783501558418e-09,2.1019038157337386e-06,0.999839555682334,1.891768394677597e-06,7.424695417593998e-10,7.827703209439934e-10,0.999839544376611,1.1581160110495393e-09,1.348771878761558e-06,7.370131164165764e-10,1.8882894149102181e-06,1.8998225600092832e-06,0.9998394087735015,2.3457406893978145e-06,2.671579770732676e-06,0.9998398275131622,1.7165084775938905e-06,7.320134475426027e-10,7.807600342037688e-10,1.336245086481206e-09,1.0457685630814085e-09,8.62933787390018e-10,1.8696266207264625e-06,1.0295942388867067e-09,1.0464050318251638e-09,1.8974408224805816e-06,2.0892273131379305e-06,2.649361049800626e-06,8.638901431194345e-10,9.449319284452697e-10,1.051720586040722e-09,0.9998399970223975,0.9998399465420332,8.655163646912747e-10,2.334214084359153e-06,2.6265010714806683e-06,1.8903503071495996e-06,2.6463676068693237e-06,1.8609606674903073e-06,2.063508516707926e-06,1.3241216958991712e-09,9.510899820666865e-10,0.9998393115669022,1.5418072862433272e-09,7.26686705551854e-10,8.686356923029446e-10,1.1719274642468933e-09,1.0472998102573248e-09,1.535153793283331e-09,0.9998406510493987
1.2719363781464543e-05,4.78621992244906e-12,5.348861495167261e-12,1.1504995520569694e-09,2.296517353582504e-06,2.3616546113381193e-05,3.939206463680609e-12,3.34818724656638e-12,3.1726402992577188e-12,2.189690155635857e-15,1.1505012226461832e-09,3.953297641396729e-12,2.6903571549688707e-15,4.3208955828974255e-12,3.39162105997165e-12,1.1504997570060757e-09,3.6065813482725986e-12,2.1467802877812586e-15,2.404150374683619e-15,1.977541139308579e-15,2.2965171338675898e-06,1.1504998365781205e-09,4.7917507533264685e-12,3.659196308180002e-12,1.1505015601314957e-09,2.1701028360533397e-15,1.8242637491139012e-15,3.951778291127647e-12,6.087587754718236e-12,3.357747929172311e-12,1.150499659595166e-09,4.768272787104293e-12,6.132541483236251e-12,1.991962108614882e-15,3.152522479042118e-12,1.9816784775015144e-15,2.4019269998280162e-15,3.1085938658527322e-12,3.5355564642182957e-15,2.394721654968319e-15,1.985036695045965e-15,2.1595305556220512e-15,1.9673110114834236e-15,1.9877275156281933e-15,1.8211876112320378e-15,3.965367864438005e-12,2.1711703305279697e-15,5.129064156839914e-15,3.985240696446119e-12,3.650727157550096e-12,2.4083129592925473e-15,4.769969683190913e-12,4.820442221186638e-12,3.115812006474005e-12,1.988467586933776e-15,1.981439880006322e-15,4.791932236022139e-12,3.3392095128611083e-12,3.5505365220888383e-15,3.639504742640772e-12,3.0249765476485957e-15,3.6195162879065074e-12,5.429504050423525e-12,2.2965180623121025e-06,2.6833341696058297e-15,2.296517224672776e-06,2.2965193658597615e-06,3.0692134124741437e-15,1.9946966244149362e-15,1.8202875049969513e-15,2.371754143329683e-15,2.6883427645863696e-15,4.780729544196466e-12,2.69031839754386e-15,2.6666908683332625e-15,3.6861958055001995e-12,4.790180347405663e-12,3.626099853112702e-12,1.1505001340119725e-09,4.807212636707926e-12,2.4204820147273317e-15,1.1504994504257434e-09,2.178956463604198e-15,3.4073870215042826e-12,1.7997522102103092e-15,2.2965172616213107e-06,2.662360274924312e-15,1.5536941197515225e-15,3.381783259840625e-12,2.1745405127339106e-15,2.187652182825349e-15,2.296516950875647e-06,2.701567088548487e-15,6.141358341070022e-12,2.296517910538108e-06,1.9771381727081275e-15,3.359349963907738e-12,3.5831113520873923e-12,6.132295873017825e-12,2.403964054668398e-15,1.983723324538314e-15,2.1535514817680844e-15,4.724434542494124e-12,2.405408566087331e-15,2.184959254035154e-15,4.803048796166933e-12,6.090468800270462e-12,3.9644325748494295e-12,2.1722618876307375e-15,4.825331260312629e-12,2.2965182987066047e-06,2.2965181828954905e-06,1.989508163012369e-15,5.365390584573666e-12,6.037504707906944e-12,4.345805271530999e-12,6.083476893709784e-12,2.1431147340645113e-15,4.7429961715902295e-12,6.07562405641057e-12,4.363903693687128e-12,2.296516728623348e-06,7.07398181575626e-12,3.334621895970681e-12,3.985657567232083e-12,2.694500866427151e-15,2.4072019297195412e-15,3.5288302555161128e-15,1.1505007081322216e-09
1.2136249306312086e-05,3.5713739668775608e-12,2.0001395799466705e-15,8.583949076403728e-10,8.583948564657103e-10,3.939206463680609e-12,2.3616543773550014e-05,2.4980978682048312e-12,2.3672873833670533e-12,3.2613809216809787e-12,8.583961586470803e-10,1.4778615157936783e-15,2.007327282043249e-15,3.2239129773349005e-12,1.267988516428421e-15,8.583950604737114e-10,1.3482407137144104e-15,1.602184923255772e-15,1.794052855134276e-15,2.9450730820347675e-12,8.583947737883665e-10,8.583951206885334e-10,3.5754609897962315e-12,2.7298459638742328e-12,1.713449055907128e-06,3.231894450060198e-12,2.716953393820069e-12,1.4773464897407975e-15,2.2762369622171396e-15,2.505243783983356e-12,1.7134462145381417e-06,3.5572503061148355e-12,2.2930591844027814e-15,2.9670669438132755e-12,1.1787292745066831e-15,2.9512291073987933e-12,1.7922717643743378e-15,1.1618753296117019e-15,5.2659715815916296e-12,3.5672249789036372e-12,1.481054063552855e-15,1.611227171292908e-15,1.4677888284064887e-15,2.9603412753885748e-12,2.7125534042586046e-12,1.482646515484654e-15,3.2347607201866714e-12,7.640108933563673e-12,2.9731375724648326e-12,1.364750375302532e-15,1.797715592912472e-15,1.782906296294362e-15,3.5962234368918362e-12,2.3246320482085808e-12,1.4835692764352832e-15,1.4787360082166344e-15,1.7915067822158775e-15,2.4915674167733412e-12,5.2883382101693114e-12,2.714834569378639e-12,4.506449560062862e-12,1.3528575686507425e-15,2.0298433134868643e-15,1.7134464827336521e-06,2.0024987468272913e-15,8.583948077486184e-10,8.583956122823549e-10,2.290310672231783e-15,2.9707607562800624e-12,2.7110023666097134e-12,1.7695167866625703e-15,2.0062141570255743e-15,3.5669641139743965e-12,2.0073250939239495e-15,3.9718946616619374e-12,1.3777191633567455e-15,1.7903211939540936e-15,1.3553322888222548e-15,1.7134469232062644e-06,3.5867439415914764e-12,1.806256069708932e-15,8.583948315686059e-10,3.2448734938661485e-12,2.5420769785291264e-12,2.680140069172539e-12,1.7134458825825041e-06,1.9864172631502006e-15,2.313521896722096e-12,1.2642152633869113e-15,1.6225663227971985e-15,1.6321116401574477e-15,1.7134456498374342e-06,4.023559431744642e-12,4.582469101841717e-12,1.713446368558469e-06,2.9442646595074464e-12,1.2555637890218051e-15,2.673195961746821e-12,4.575026967828312e-12,3.5805706050696824e-12,1.4802170067654709e-15,1.606661381994943e-15,1.7660513275130013e-15,1.794679551327239e-15,3.2546768057523834e-12,3.583565333915923e-12,4.544351144827001e-12,1.4815965465695349e-15,3.23532494823422e-12,1.8037324596783867e-15,8.58395211290052e-10,1.7134465729614247e-06,2.9634227591716174e-12,4.003858706822435e-12,4.505191339478766e-12,1.6245425628269644e-15,2.2739883415220345e-15,3.192100823192083e-12,1.7733604402748159e-15,4.533629844880743e-12,3.256434973549935e-12,8.583946212029137e-10,5.2789762711404185e-12,2.488087704744786e-12,2.9741151456036828e-12,4.012470130995524e-12,1.7970312299735457e-15,2.6334939679445304e-15,8.58395773338135e-10
1.1879171839942064e-05,3.0355602634790145e-12,3.393381404548462e-12,7.296148695256211e-10,7.29614825650564e-10,3.34818724656638e-12,2.4980978682048312e-12,2.361654296447771e-05,1.007809042375548e-15,1.388715934200456e-15,1.4563897451902139e-06,1.2564923245803063e-15,3.4059184767054025e-12,1.3724699932467882e-15,1.0775504159569822e-15,7.296149993357068e-10,2.2872776578633406e-12,2.718027775969768e-12,1.5247080231675724e-15,2.5032195870362272e-12,7.296147556726691e-10,1.4563879839619216e-06,3.0390373348132524e-12,1.1629594789909735e-15,7.296161475298873e-10,2.7470255382679662e-12,2.3093449687661023e-12,2.5063132282137323e-12,1.934818016572727e-15,1.066849382359632e-15,7.296149376429049e-10,3.023614685250555e-12,3.889234008623601e-12,2.5219204542377263e-12,1.999032778107341e-12,1.2568447782160154e-15,3.0408052867806085e-12,1.971108510558424e-12,4.475924487643381e-12,3.0320234489051507e-12,2.512338359906724e-12,1.3694481957369236e-15,1.2472193400531963e-15,1.260555075040321e-15,1.1550053608953986e-15,1.259697067587102e-15,1.3775600262599665e-15,6.49383838772854e-12,2.5271228155219172e-12,2.3151397889823917e-12,3.049045699723699e-12,1.5160700798557128e-15,1.5314467049968377e-15,1.9758930346705e-12,2.5171037919918113e-12,2.508795988053714e-12,1.5227270460480535e-15,1.0611152907074197e-15,4.494885482829908e-12,2.307599086679991e-12,3.830334675979589e-12,2.2953193766807575e-12,1.724917793606383e-15,1.4563879871577953e-06,3.397201405883231e-12,1.456387454148772e-06,7.296154670993788e-10,1.946671094303138e-15,1.2654276641558533e-15,1.154352196128633e-15,1.5035578769485118e-15,3.4037989915988822e-12,1.5190508511880324e-15,3.4057035222498607e-12,3.375971042862216e-12,2.337604721743094e-12,1.5216106949556039e-15,1.151942074100154e-15,1.4563883614548526e-06,3.0486480380560395e-12,1.5350839927298977e-15,7.296148047061966e-10,2.758072822691106e-12,1.0819655875507359e-15,1.1414604848857003e-15,7.296147963078101e-10,1.6885689185253456e-15,9.854187283265168e-16,1.0746429616271464e-15,1.3792256761494119e-15,2.7698145820109334e-12,1.4563872795086008e-06,3.4199250162017297e-12,3.894967051250654e-12,7.296150032754842e-10,1.2537319676837584e-15,2.130304244959745e-12,2.2721719442190216e-12,1.9479862964079773e-15,1.5249068784003525e-15,2.5113071052785142e-12,2.725800356574034e-12,2.9963281795519008e-12,1.5253129020005513e-15,2.766351223165817e-12,1.5261803436303945e-15,3.862579688682981e-12,2.514085818644803e-12,2.7499359538930536e-12,3.0607113842410035e-12,7.296151269817529e-10,7.296150902239379e-10,2.5188222595773694e-12,3.403133394668834e-12,3.829265917227222e-12,1.3805913660190463e-15,1.9328699965961754e-15,2.7131770180749068e-12,1.5072564172880745e-15,1.9309341553089937e-15,1.3863228208248226e-15,7.296146263612841e-10,2.2475395393885373e-15,2.1148105285130743e-12,2.527899901941993e-12,3.4105186836527114e-12,3.047848613760726e-12,4.467573685114605e-12,7.296156049833103e-10
1.1802898490501284e-05,2.8764744715759173e-12,3.215138640297254e-12,6.914066091092082e-10,6.914065680433164e-10,3.1726402992577188e-12,2.3672873833670533e-12,1.007809042375548e-15,2.3616542739571414e-05,1.316619542502923e-15,1.3801219459603632e-06,2.375807607968954e-12,1.6166309168093409e-15,1.3003981474585826e-15,1.021032922189355e-15,6.914067324640481e-10,1.0859229298135113e-15,1.2903043961544943e-15,2.884031817429755e-12,2.372017325906133e-12,6.914065019180351e-10,6.914067806376581e-10,1.442598287320671e-15,1.1018548033503736e-15,1.3801223513364796e-06,1.3042075763141628e-15,1.0965443340704395e-15,2.3749720772178824e-12,3.658887885948018e-12,2.0178792573731114e-12,6.914066739607659e-10,1.4353200317110545e-15,1.8463263595793238e-15,2.3897647993142124e-12,1.8944296248047787e-12,1.1912889033880752e-15,1.443778234890254e-15,1.8679950375225097e-12,2.1246778345448155e-15,2.8730823933517288e-12,2.3808423524963615e-12,2.5905674143133553e-12,1.1822788522392258e-15,1.1944932992813964e-15,1.0943799564545795e-15,1.1938410219163377e-15,2.605192739358686e-12,3.0825401972821176e-15,1.199823176063927e-15,1.0992032999786952e-15,1.4478619014647385e-15,1.436230366594059e-15,1.4508828342833492e-15,1.872443332608141e-12,1.1948270609340976e-15,1.1909799613630257e-15,2.8800406592400605e-12,1.0053576171171598e-15,4.259152653665567e-12,2.186945638776038e-12,3.6295509510099025e-12,2.1751449411699475e-12,3.2628336045879732e-12,1.380120282702694e-06,1.6126602915043023e-15,6.914065297627211e-10,1.38012106761921e-06,3.681773655424702e-12,2.3927918098505306e-12,2.1835730765688303e-12,2.845023741157943e-12,3.2254719120123927e-12,2.873046274189189e-12,1.616844007646362e-15,3.198967381367451e-12,1.1100748479327624e-15,1.442147649701313e-15,2.179050885382568e-12,6.914069596107994e-10,1.4474203262889227e-15,2.903789593900254e-12,1.3801198159042315e-06,1.309192937838911e-15,1.0260873288092361e-15,1.0814118137636451e-15,6.914065401973138e-10,3.1938167550012018e-12,9.33469566049856e-16,1.0181462254150636e-15,1.3064756673963236e-15,1.3149011536500907e-15,6.914064466843107e-10,3.240777566328707e-12,1.8487626094933225e-15,6.914067361726386e-10,1.1881278208935737e-15,1.011415350649039e-15,1.07868552416384e-15,1.846362022810249e-15,2.8839223288293e-12,1.1922995411107064e-15,2.583049351775374e-12,1.4224408532292587e-15,2.8855818853975555e-12,1.3132698011653422e-15,1.4462347873311965e-15,1.8339806216465355e-15,1.1938246608477992e-15,1.3054690367743462e-15,1.4532329584449422e-15,6.914068533444721e-10,6.914068189926459e-10,2.386826017362637e-12,1.6153930007872986e-15,1.818194235082667e-15,2.6116667001406228e-12,3.656060522421928e-12,2.5709370424985226e-12,2.850674573894367e-12,1.829284876301813e-15,2.6227419280806226e-12,6.914063795576913e-10,4.2516135809135044e-12,2.004021801249929e-12,1.1995585289482289e-15,1.6191345303039638e-15,1.4470664120677643e-15,2.1206942733130523e-15,6.914073054244184e-10
1.2324195902315775e-05,3.96289029508037e-12,2.219161084444127e-15,9.52544650453163e-10,9.525445932794137e-10,2.189690155635857e-15,3.2613809216809787e-12,1.388715934200456e-15,1.316619542502923e-15,2.3616544454682736e-05,1.901381557676378e-06,1.639698330478697e-15,4.446689677066116e-12,3.5774669471866743e-12,2.808125740533447e-12,1.9013791296974483e-06,2.9860813668852384e-12,1.777382475091099e-15,1.990618143065607e-15,1.6367854581751611e-15,9.525445018125708e-10,9.52544886494713e-10,1.9876571507736293e-15,1.517366065300875e-15,1.9013821161910223e-06,1.796522713428858e-15,3.0149090686722283e-12,3.2719748517399048e-12,5.040829498407944e-12,2.7800070827707503e-12,1.9013789689859814e-06,3.947600625100024e-12,5.077461945150785e-12,3.292354421170597e-12,2.6099259230048986e-12,1.640643209450816e-15,1.9887817915061812e-15,1.2884567130981317e-15,5.843308342972459e-12,1.9830212246341754e-15,3.2800513570854255e-12,1.787628545949921e-15,1.6286914361935706e-15,3.2850205643747814e-12,1.5080766291106905e-15,3.283006010234119e-12,1.7979881173802527e-15,4.247353170161036e-15,1.6528934861398721e-15,3.0225290807200225e-12,3.980411556054187e-12,1.9784748975567793e-15,3.990822554003037e-12,2.5796396236161756e-12,3.2862431359131276e-12,1.6407412985015158e-15,1.9880480922573377e-15,2.7647496039709153e-12,2.939790079136635e-15,3.0129141227155775e-12,5.000399424517985e-12,2.9966675726798818e-12,2.251836921666106e-15,9.525448880665182e-10,2.2218879200909634e-15,9.525445397884821e-10,1.9013803474951296e-06,2.5408460820840078e-15,3.296521865350982e-12,3.008283423347602e-12,3.919553225875641e-12,4.4436967532813636e-12,1.9829072939701616e-15,4.4462083503500995e-12,2.207970246308187e-15,3.051873282514552e-12,1.986824257528916e-15,3.0020460881407357e-12,9.52545132636479e-10,3.980098998103108e-12,4.000525400726335e-12,1.901378622895057e-06,1.8038918904004588e-15,2.8209860433754455e-12,2.9738971338999404e-12,9.525445549912278e-10,4.400082163240411e-12,2.5672215546977208e-12,1.4028598080644354e-15,3.5939816989101647e-12,1.810870974570293e-15,1.9013783437060193e-06,2.236832412382618e-15,5.084869876655633e-12,9.525448248076619e-10,1.6368072030667516e-15,2.7812476044028747e-12,2.9664804444616897e-12,2.543258491746991e-15,3.973148917535445e-12,3.2785323346132716e-12,1.7828126514012546e-15,3.911698097007012e-12,1.991948296853912e-15,1.8099413747039588e-15,1.992741966431117e-15,2.5263849276934087e-15,3.2822591086409137e-12,3.5900482102795797e-12,2.001560124011194e-15,9.52544986136524e-10,1.9013793660331817e-06,3.2883058885807945e-12,2.2256600586480643e-15,2.504234559180263e-15,3.5980608057885285e-12,2.5233773270081244e-15,3.541957723641785e-12,3.927355330353264e-12,2.5203605016975976e-15,3.613329481202353e-12,9.525443333388564e-10,2.9348313819586625e-15,2.7609179508742265e-12,1.6532757422537514e-15,4.452600966895939e-12,3.978767988125078e-12,5.832069092839782e-12,1.901380705502122e-06
0.9999255364631764,2.0820967546823408e-06,2.3275165848466575e-06,0.9998411590069494,0.9998410994069007,1.1505012226461832e-09,8.583961586470803e-10,1.4563897451902139e-06,1.3801219459603632e-06,1.901381557676378e-06,0.9998662307773539,1.719645020531912e-06,1.1703493011881653e-09,9.416046146724376e-10,1.4753590734075226e-06,0.9998413370207938,7.859515897643781e-10,9.339640193529968e-10,2.0875344413290933e-06,8.601543435367307e-10,0.9998410034486231,0.9998414066653175,1.044275258670652e-09,7.97315203328356e-10,0.9998429079364045,9.439333768188284e-10,7.935366416026851e-10,1.7190815150523648e-06,2.6486094692711906e-06,1.46055612080225e-06,0.9998412525565921,1.0389781796408833e-09,2.6676524362482625e-06,8.665825448757397e-10,6.869089391364896e-10,8.619688994739028e-10,2.0856959787092345e-06,6.773115366557563e-10,3.0700701456362607e-06,2.079668763994529e-06,1.7232207538411769e-06,1.8750249284276812e-06,8.556388404074726e-10,1.7258837091941412e-06,7.922478879770842e-10,1.724800564158735e-06,9.447516603889406e-10,4.454205579587792e-06,1.7333644432420342e-06,7.955291192380568e-10,1.0477138730405436e-09,1.03941204865271e-09,1.0503624063392734e-09,6.789545567022572e-10,8.649293400584623e-10,1.720785140265742e-06,1.0444091951027775e-09,1.452570346346057e-06,3.083072351729297e-06,7.92940383718678e-10,2.627238299755994e-06,1.5743613407148806e-06,2.361636814790519e-06,0.9998414088108901,2.3301470316011642e-06,0.9998410433211793,0.9998419776296928,2.665034424024542e-06,1.7319521533991303e-06,1.58050907849938e-06,1.0316330268689826e-09,2.3346797513898666e-06,1.0418020059872907e-09,2.335987070006777e-06,2.3155827540456435e-06,1.6033727138974106e-06,1.0438427352343362e-09,7.901200225587946e-10,0.9998416654988469,1.0475799385565113e-09,2.101906993626794e-06,0.9998410705146796,9.477315127872203e-10,7.424706698710809e-10,7.827715043129576e-10,0.99984105920895,2.311724242135998e-06,6.757030159489043e-10,7.370142315117412e-10,1.8882922706401239e-06,1.899825439183968e-06,0.9998409236056541,2.3457442448141882e-06,2.6715838155907083e-06,0.9998413423458948,1.7165110820396979e-06,7.320145594794308e-10,7.807612202628937e-10,2.6672890595451903e-06,2.087466637727852e-06,8.629350944477398e-10,9.36639003778376e-10,2.0551809450312234e-06,1.0464066132056273e-09,9.505732579643923e-10,1.0466537909764694e-09,2.6493650640548855e-06,8.638914542461357e-10,9.449333597183248e-10,2.099347505673804e-06,0.9998415118553589,0.9998414613749208,1.7276638427668445e-06,2.3342176103731436e-06,1.315815311872842e-09,1.890353174243239e-06,1.3257679826670366e-09,9.32297559526722e-10,1.0337692684897747e-09,2.643089452632002e-06,1.8984779915476005e-06,0.999840826398931,3.0776133168121144e-06,7.266878069596685e-10,1.7338903530890857e-06,2.339293392718669e-06,2.090523162222784e-06,3.064332225428922e-06,0.9998421658832629
1.214244620621372e-05,3.5842028152344697e-12,2.0072775144014236e-15,8.614991847204173e-10,8.614991334166925e-10,3.953297641396729e-12,1.4778615157936783e-15,1.2564923245803063e-15,2.375807607968954e-12,1.639698330478697e-15,1.719645020531912e-06,2.361654379836034e-05,4.021605740411372e-12,1.6210950601786628e-15,2.539760074771286e-12,8.614993383699982e-10,2.7007000556584797e-12,3.2092369781455793e-12,3.593581066014361e-12,1.4808152374823833e-15,8.614990506609573e-10,8.614993981652371e-10,3.588314241928069e-12,2.7397899387331384e-12,1.7196455260190078e-06,3.2435418820784515e-12,2.726762548865746e-12,2.959304265862271e-12,2.2844665642096218e-15,1.2595514750043098e-15,1.7196426770747326e-06,1.7886189023633086e-15,4.5922073084535015e-12,1.4919181133760499e-15,1.1828943922791937e-15,1.4840398015551113e-15,1.7989412599945416e-15,2.327450619296875e-12,5.284909967601587e-12,3.580007885596169e-12,1.4862056148529549e-15,1.6172453244653918e-15,1.4729247846643107e-15,1.4883810801861571e-15,1.3641685444592724e-15,1.4875875507559524e-15,1.625831201458571e-15,3.841498360455479e-15,2.983954433598419e-12,1.3692586585700754e-15,3.6000958526607092e-12,1.789222141727305e-15,1.808380023372065e-15,1.168725527026776e-15,2.972109427846998e-12,1.4837233356494857e-15,1.798242211216733e-15,1.25252776151522e-15,2.658821084534361e-15,1.3650143010673636e-15,2.2658142138467525e-15,2.710226383103181e-12,2.0366647066622437e-15,8.614994001238488e-10,2.009541257294063e-15,1.719642316976852e-06,8.614998904765436e-10,4.587657254079186e-12,2.981472989713787e-12,1.3632277120473687e-15,3.5449255618671444e-12,4.019023021046388e-12,3.579853275846663e-12,4.021280732926048e-12,1.9969444553016502e-15,1.3829612684537408e-15,3.5868734264696003e-12,2.715062617043491e-12,8.61499621256164e-10,3.5996996064146963e-12,1.812692863063334e-15,1.7196423637913766e-06,3.2566142335957683e-12,1.278306459485668e-15,1.347446817763387e-15,8.614990988001296e-10,1.9936639896349943e-15,2.321868225351112e-12,2.5325094506392173e-12,3.2505692948069637e-12,1.6385685874966377e-15,8.614989822146083e-10,2.0228647888844693e-15,4.598949397198506e-12,1.7196428316231722e-06,2.954918648114513e-12,2.5153886037884814e-12,1.3441643648507445e-15,4.591645930371303e-12,1.800114101512972e-15,1.4854454645074074e-15,3.218504323834846e-12,1.7726113292678385e-15,1.8010791943629737e-15,3.266289738649812e-12,3.596527007983068e-12,4.560729849652108e-12,1.4872501622293257e-15,1.6266729526985913e-15,1.8105959962982783e-15,8.614994890838222e-10,1.7196430364742659e-06,2.974074388192711e-12,2.012897686416194e-15,4.521341583878998e-12,3.254167419844988e-12,4.555565903316355e-12,1.604582681385938e-15,3.552162463849239e-12,2.279954775512441e-15,1.6372094165725182e-15,1.7196419436794469e-06,5.297811670972482e-12,1.2508556260657094e-15,2.984773377223269e-12,4.027003953828543e-12,3.5986537475418635e-12,2.6426542236075904e-15,8.615000528194332e-10
1.2758985622928971e-05,4.869402800136572e-12,5.4441827879849556e-12,1.170347592582232e-09,2.3361361124841374e-06,2.6903571549688707e-15,2.007327282043249e-15,3.4059184767054025e-12,1.6166309168093409e-15,4.446689677066116e-12,1.1703493011881653e-09,4.021605740411372e-12,2.361654629537714e-05,2.2020812337374102e-15,1.7285281883794559e-15,1.1703478009260547e-09,1.8382337002174677e-15,4.360223455402796e-12,2.4457836123191314e-15,2.0118404626083543e-15,1.1703474098751007e-09,2.3361368321089244e-06,4.874955547115618e-12,1.864556030651564e-15,2.3361403509642136e-06,4.4064609920215756e-12,3.7043394462757655e-12,4.0204109193774675e-12,6.1947596125545195e-12,1.711137009173037e-15,1.170347702265355e-09,4.8497845142410126e-12,6.2386341067966595e-12,2.0264473838601497e-15,1.606146464252218e-15,4.023649012787916e-12,2.4434256018017555e-15,1.5836980086137758e-15,3.5967913967190434e-15,4.863808817950508e-12,2.018884682109942e-15,4.3847862257336185e-12,3.993933873210015e-12,4.036147977037507e-12,1.853292792714051e-15,4.033538633460782e-12,2.2096403969951263e-15,1.0417080500397101e-11,2.0304877731182504e-15,1.8604970278886902e-15,2.45059578149731e-15,4.851970081251276e-12,4.902945086293785e-12,1.5877831546031722e-15,2.0230405546676972e-15,2.0164343354317896e-15,2.4426653279003177e-15,3.39709769253085e-12,7.210664498112687e-12,3.701113961812699e-12,6.144406296852161e-12,3.681737850839454e-12,2.7667422168725752e-15,2.336136837736454e-06,5.449754907971914e-12,2.33613598130713e-06,2.3361381707066124e-06,6.232733545502982e-12,2.0293243114274987e-15,3.69624648329223e-12,4.815748834214317e-12,5.4599902031084564e-12,4.8632356219306204e-12,5.463007570101815e-12,5.415614889575736e-12,1.878443101127518e-15,4.872711060496262e-12,3.688206428387617e-12,2.336137438859352e-06,4.890213785390583e-12,2.4627469011945944e-15,2.3361360449896045e-06,2.2162318882788623e-15,1.7361692630564553e-15,3.65429999464257e-12,1.170347475050255e-09,5.406211554723061e-12,3.1543068987234325e-12,3.440634060698122e-12,4.4162189489291704e-12,2.2259250572466593e-15,2.336135700362632e-06,5.4858099148705805e-12,6.247944959668679e-12,1.1703478074735004e-09,2.01084863195766e-15,1.7120694911733199e-15,3.644559210693263e-12,3.1245623711522304e-15,2.4456870769593737e-15,2.0181492224073357e-15,4.3723126939984564e-12,4.806432398376424e-12,4.88506556944074e-12,2.2232346001399905e-15,2.447724290762927e-15,6.195901087029181e-12,4.032674052925129e-12,4.41117135253089e-12,2.460268738042391e-15,2.3361370790238786e-06,2.336136960881432e-06,4.0404760526863384e-12,2.734905172899355e-15,6.1426865501364694e-12,2.214674030478941e-15,6.188963525433146e-12,4.352357935454928e-12,2.4177176013606358e-15,6.181458572247415e-12,4.440089069777707e-12,1.170347201597139e-09,7.197898319393683e-12,1.6994834865588697e-15,2.031555817812148e-15,2.7406734935933997e-15,4.889360894332665e-12,3.590835004569566e-15,1.1703487743190989e-09
