0.9999999999999999,7.774588264611344e-12,-1.3462671110756394e-11,-1.729071420239598e-11,2.0764192458950915e-11,-1.235622153700618e-12,-1.1050782122413703e-11,1.0000000000258655,3.1459794378008355e-11,2.1746673352704247e-11,0.9999999999919714,8.451000252614579e-12,1.6314501980445193e-11,-5.4818989312030475e-11,5.198105869595673e-12,-9.018286599630295e-11,0.9999999999939804,-5.345631723530392e-12,2.0398748783432523e-12,8.847027506059201e-13,-1.1197667674245642e-12,8.371125094623511e-11,1.7074630617556984e-12,2.7923997802667008e-11,-4.663998067472636e-12,4.1605297991799356e-11,1.0000000000095792,2.0976955556607024e-12,3.861472658402945e-12,2.5920701226656555e-11,-6.183047697750437e-12,8.480219257263716e-11,4.7687026414146386e-11,-1.8735543344070487e-11,2.3048832581128615e-12,2.6251968887786984e-12,0.9999999999991696,-8.389526797083692e-11,4.357541075986665e-12,1.0047387022820935e-11,-2.507893285171588e-12,1.2110770674295299e-11,-6.696642720323871e-12,-2.4587485273385155e-11,-3.680174174724323e-12,-4.0179663671793514e-12,0.9999999999819396,-8.248993345370137e-13,-8.445109275456349e-12,4.350847020639574e-12,-1.0061623877597567e-10,1.603746295718495e-11,1.677151071987341e-11,-2.8859452508330192e-11,0.9999999999928438,0.999999999991928,-3.1514311264865634e-12,-2.3815107612636814e-11,5.182563322520597e-12,7.92768830400763e-12,0.9999999999780355,3.780873477503909e-11,-2.0839016227359745e-11,-1.1652959548515575e-11,1.6358704097161265e-11,0.999999999992679,-3.1468793189224577e-12,1.898718094423561e-11,2.3206993148552338e-11,-4.4674082228511375e-11,5.79235966663393e-12,-1.8112890616009448e-11,9.919822827244351e-12,2.038631414663426e-12,-1.25113838167492e-11,2.4625323437900102e-11,1.0000000000127625,-1.1430903181584949e-11,-1.0402396926491286e-11,2.859357767906584e-11,-7.395504539388189e-11,-2.2961801617646115e-12,1.0751861823213553e-11,-2.1609045988008256e-12,-2.9138442730160373e-11,1.000000000013622,-1.1838875196538139e-11,-1.4684697987802717e-12,2.4961755259692583e-11,-2.5477378489060185e-11,-5.052866212077416e-12,5.247525044093113e-11,7.320485802267761e-13,5.181399702649126e-11,-1.1565644760993549e-11,1.218287707901346e-10,-2.77461794226915e-11,0.9999999999882563,0.9999999999822256,3.0864284896068526e-11,-9.396135596766398e-13,-6.295383435229077e-11,3.280588041783338e-12,0.9999999999966788,-2.87360889880592e-11,2.188711816994462e-11,1.0694521550160956e-12,-7.31830617382253e-11,-5.8141393729086894e-11,0.9999999999973433,1.583447542020689e-12,-4.16478388926433e-11,-1.8008612636855525e-11,7.123111284969313e-12,-1.253099202814039e-12,1.0755420538930126e-10,-2.2988925437006642e-11,0.9999999999866831,0.9999999999962641,-2.6955486033351313e-11,2.2981914628331157e-11,-1.4393472144014204e-11,5.7258972067129674e-11,-1.4938670374705955e-11,0.9999999999876408,1.5894453732290357e-11,5.736556720491238e-12,1.0000000000010716,1.6082443721035768e-11
7.774588264611344e-12,8.910999493302749e-13,6.734166693827184e-16,1.5964990966108263e-16,1.841978441021426e-15,1.1688152301096895e-15,1.3817949991338418e-15,8.197199126603537e-12,8.638870796590199e-16,4.925578505916776e-16,8.19761534598004e-12,4.947301265229464e-16,8.432210679989177e-16,1.0912343751637693e-15,7.788502699605022e-16,7.550973179699938e-16,8.19729690481558e-12,8.200420869416021e-16,3.784552758900055e-16,1.0834403734304455e-15,1.0301216966671695e-15,1.3905929403258562e-15,-9.908676662855277e-17,1.177801056003991e-15,7.410527384179418e-16,1.2095390033585478e-15,8.198264037333282e-12,7.475172317277605e-16,7.880527792840302e-16,1.1773452523672615e-15,6.568108691812502e-16,1.3345462506144846e-15,5.204480558974435e-16,1.2417783346389553e-15,6.884718810429636e-16,8.553710630886392e-16,8.197752162990879e-12,9.74148871808371e-16,8.793175689924233e-16,8.254104500139102e-16,2.587938290016194e-16,8.732047635314356e-16,5.688071594606516e-16,7.336102536341892e-16,1.093694501865232e-15,8.99110564306994e-16,8.197584517304067e-12,2.2829242623359304e-16,9.123060840944257e-16,6.989533837948443e-16,1.1535945000085829e-15,6.968399119737164e-16,3.4471688468502325e-16,1.2461898739373015e-15,8.19760387709057e-12,8.197425557425101e-12,1.0129883606713573e-15,8.198325158316171e-16,1.18799975369023e-15,3.8743674740025316e-16,8.197257802290652e-12,2.1086663674147925e-19,7.412671261716713e-19,2.696763045130626e-19,4.624293876722535e-19,4.1062373392956694e-15,1.11499283703987e-18,7.92507916014785e-19,3.9367360260027037e-19,-1.3474534022362375e-19,8.641808698042932e-19,8.736028880471218e-19,4.753217867458896e-19,5.276331552476318e-19,1.1794564388536585e-19,7.663883204468471e-19,4.106869392405963e-15,8.996456299676662e-19,7.322476524610952e-19,8.313842742414294e-19,2.7575157015167587e-19,8.321123497589851e-20,3.3003296893595336e-19,6.458332815794054e-19,8.74362844868236e-19,4.107208735843256e-15,1.142501052928152e-19,6.203003254111513e-19,5.594681028856337e-19,4.727634116223761e-19,5.290643600366835e-19,1.2363439199059902e-19,3.175742006530282e-19,3.5805398647974214e-19,1.4082380720668165e-19,1.0378277770452702e-18,8.480141154719836e-19,4.106825951594135e-15,4.107012480913258e-15,2.9771247655006817e-19,7.533281919156836e-19,3.3643103073560854e-19,6.846239472449725e-19,4.106540081633598e-15,5.75457404321724e-19,2.480365065604372e-19,-1.610313567555552e-20,9.990365077928046e-20,3.5397669102919115e-19,4.106134766058675e-15,5.392385488507833e-19,7.741317892755954e-19,1.4134657451888098e-19,1.9701522942626496e-19,3.2219606734480485e-19,5.091207183478783e-19,7.903101762549335e-19,4.1068650853455445e-15,4.106143578508159e-15,1.8773984414450113e-19,3.0851671353070015e-19,5.447569995994316e-19,8.381344745611886e-20,5.101260209023891e-19,4.10712481184115e-15,5.818922469450822e-19,-3.2687402555455834e-19,4.10640734412891e-15,6.358231471733332e-19
-1.3462671110756394e-11,6.734166693827184e-16,8.912242377350068e-13,6.703474160130606e-16,6.827874473783053e-19,1.9903980304264108e-19,9.766402176301384e-20,-1.3042438329369821e-11,6.05485769005869e-16,5.149995486048864e-19,-6.533807072348368e-15,6.029392762586573e-16,5.029644957260227e-16,5.929355151634193e-19,7.006681617765023e-16,8.986611190574882e-16,-1.3042220436924376e-11,1.5450187287270026e-19,4.504026208406594e-16,4.969013102516714e-16,2.8380483141944223e-19,3.355257644686341e-19,5.214310201716465e-19,4.31971971978928e-19,6.439352387249803e-16,6.542015500824854e-16,-1.3041708030715964e-11,7.095818847534711e-16,6.064929569353002e-16,3.2179021236263986e-19,4.696066455043421e-19,7.304943684525547e-16,4.41472316801752e-19,3.4988693277965985e-19,8.541511767419865e-16,1.9326944776649985e-19,-6.534226647325854e-15,9.25544884577982e-16,8.658346361290499e-16,1.2614051830718036e-19,4.744895599541931e-19,9.32717620168389e-16,5.559191909508784e-16,6.354454611070176e-19,5.399614639867051e-16,4.583044137833325e-19,-6.533922380419416e-15,2.6705790020845777e-19,2.6617586162525745e-19,1.7766267243861984e-19,1.2475945163093545e-15,3.073526869546964e-19,3.756310693331065e-19,6.974476772072666e-16,-6.533911156862307e-15,-1.3042035614044454e-11,5.269595234834092e-16,6.677998128457674e-16,2.0934695020344034e-19,6.515775940631501e-16,-6.534203826198689e-15,8.405581179364665e-16,6.6654242590191605e-16,5.795110591374985e-16,9.45844280769909e-16,-1.3042112821820332e-11,6.053252932214499e-16,8.268116083098085e-16,5.362460012297597e-16,8.985011195806061e-16,8.427970277514116e-16,7.78330082853294e-16,6.67828999877656e-16,5.013672063290688e-16,5.411131364687109e-16,6.184807200340957e-16,-1.3041982607856595e-11,8.161055037450588e-16,6.185357073656521e-16,5.099926001639894e-16,9.554417436044215e-16,6.11968139001295e-16,7.646649935012264e-16,4.3529480141281245e-16,8.161051152235348e-16,-1.3041754154287832e-11,7.197521715084021e-16,5.872354036294378e-16,6.606193857332529e-16,8.473964743836793e-16,6.188783444870527e-16,6.865503553783581e-16,3.7245547724288095e-19,2.270489857556695e-19,3.976096420718159e-19,4.0598155206166986e-19,3.6640258752539107e-19,-6.5336864262970314e-15,-6.5340414005680955e-15,1.4458800121304244e-19,3.169821543328354e-19,1.5206921633214693e-19,1.1810131888196125e-18,-6.53416976366014e-15,2.9155407260019027e-19,2.180907492701449e-19,2.559285072381285e-19,2.428965129832776e-19,7.564965309294916e-19,-6.534267371872572e-15,4.651321903665655e-19,5.314636470567878e-19,3.025665046075076e-19,5.4575620245747e-19,2.0569239668483746e-19,3.8715433976024323e-19,5.098549811423144e-19,-6.533332540291926e-15,-6.534107729262763e-15,3.0957977033782824e-19,1.2116008146753613e-19,2.771674495985962e-19,2.377798434074948e-19,6.975668415134559e-19,-6.5338893142435805e-15,4.676638762303533e-19,2.872731466589852e-19,-6.533962098885265e-15,-5.297921223220547e-20
-1.729071420239598e-11,1.5964990966108263e-16,6.703474160130606e-16,8.958101191167397e-13,7.631230438947827e-19,1.8297030439368037e-19,9.064311033354643e-19,-1.6857645708302636e-11,8.99281190042728e-16,6.524886652782879e-16,-8.44512057093388e-15,3.514828651632846e-16,6.717123204345329e-16,1.320645526099022e-15,8.786368739571802e-16,2.8753940849571606e-19,-8.445385548622629e-15,9.9434642976995e-16,2.625575701032773e-16,1.1116189639744715e-15,1.3103101287412892e-15,6.354021272616706e-19,-1.3455581580678878e-16,4.406819265516996e-19,8.071127366428469e-16,1.3371915434278232e-15,-1.6856435718939364e-11,9.015619774801067e-16,8.003479423024464e-16,8.511470808946899e-19,2.806902735031575e-19,5.298201779281172e-19,6.093821329037678e-16,1.2491901191574605e-15,5.6466855554620605e-19,9.97239757055695e-16,-1.6857193937517526e-11,1.0791477731538483e-15,1.0625953391836151e-15,9.451137925100119e-20,-1.155240538827593e-19,3.069731822535294e-19,3.8291665156429207e-16,9.501913996906325e-16,1.1326282689671845e-18,6.366782931885619e-19,-1.685732579098937e-11,2.0418152664562355e-16,3.3793262032055194e-19,-5.9506291518514e-19,6.072662878862178e-19,7.431200998159312e-16,3.2240162849795906e-16,1.3784835235852857e-18,-8.44545711266394e-15,-8.445354177241478e-15,1.0827886544366214e-15,6.845636468981209e-19,6.333591729704111e-19,-4.040739543063777e-20,-1.685766076941878e-11,1.363501249826191e-15,5.928043363972307e-19,5.373132418283335e-16,1.1328695187933488e-15,-8.445522756875763e-15,7.79094960008667e-19,9.182006961905705e-19,5.054648513740136e-16,1.1563969637911375e-19,7.71308677611176e-19,1.5939686725755186e-15,6.890645759834817e-19,3.5105789490639294e-19,8.401095350260459e-16,4.579453067195744e-19,-8.44478207332667e-15,9.998181693377366e-16,4.948462597877524e-19,2.3898741301606675e-19,1.7333096437563739e-19,4.0898352629993186e-19,6.690945603866538e-19,1.0344074060224687e-15,2.0252071621931467e-15,-1.6856885289733292e-11,7.02979757990119e-20,1.2523132199416267e-15,5.838881560911148e-19,5.559698221206745e-19,1.0137775767689986e-15,8.1200011532669e-20,8.935689397738078e-16,4.40184921630296e-16,1.3777886210522794e-15,1.5071930726064124e-15,1.2175418968012344e-15,-1.6856738622822328e-11,-1.6856704145539402e-11,1.0297281163829962e-15,1.33752044212228e-15,8.062663200638492e-16,9.123075614031395e-16,-8.445079648206602e-15,8.782740716085361e-16,2.6141877926326746e-16,8.150867286399129e-16,4.6483444690771315e-17,7.798415575233472e-16,-1.6858583594263658e-11,6.298277078942525e-16,8.627348287151249e-16,5.450542751880872e-16,1.4276233184152432e-15,2.2343222035552195e-19,2.0614986094960927e-19,9.606354633683617e-19,-8.444962835749066e-15,-8.445630313994374e-15,4.2129587143583174e-19,5.179363692532746e-19,7.39139669942297e-19,2.1581086369603177e-19,3.377078539732526e-19,-8.44519999618297e-15,6.569474354033566e-19,1.3318929695289015e-20,-8.445336544021198e-15,4.581121853787282e-19
2.0764192458950915e-11,1.841978441021426e-15,6.827874473783053e-19,7.631230438947827e-19,8.907285644365607e-13,4.736689686491947e-19,2.0656242934555387e-19,2.1210924012302435e-11,8.638168801216441e-16,1.2393234594707717e-15,2.121168523751497e-11,6.527175844337886e-19,4.816816560722125e-19,7.025809674746191e-16,3.6618749795072615e-19,1.4678892279481245e-15,2.121203801927605e-11,6.366877648256036e-16,1.1278729467656764e-15,2.535261341281014e-19,8.124750463658474e-16,3.576559925389401e-19,8.594535882357252e-19,4.3331591988385166e-19,4.475714676997696e-19,5.020818611690483e-16,2.1211836984806742e-11,8.652258482081653e-16,5.395928983686798e-19,-3.1443634856639976e-19,2.797950628231819e-19,2.9274546069625853e-19,1.4330678114437121e-15,1.934345180988441e-19,9.192872229117026e-19,4.88801192421464e-16,2.1210876582060322e-11,1.130489921199613e-15,4.608006124291195e-19,8.95084688489881e-16,1.1645858406494225e-18,1.247005633014229e-15,6.535024870355512e-19,1.7233182472292155e-15,1.4949886851489694e-19,1.027155116988884e-15,2.1211020463233817e-11,1.2940084099444585e-15,4.2811411479377925e-16,7.642914894748207e-19,7.424058539639193e-16,8.51304631273174e-16,6.172136751816802e-19,5.165750781023614e-19,1.0626070353746681e-14,1.0625746999084873e-14,5.499990840518165e-16,1.0347838811338824e-18,3.1283250726972004e-19,1.3827066593851198e-15,2.120968968620865e-11,2.7645081176336927e-19,6.07668833174727e-16,9.95687293944785e-16,1.5015940846374238e-15,1.0626521563694229e-14,-2.994289975340166e-19,5.246851586357951e-20,1.3780340665339577e-15,1.9752691910166536e-15,1.0166725016681047e-15,1.8287095134829123e-19,3.7658871904002334e-16,3.3544601616080974e-16,4.198979789986058e-19,6.225713027684484e-16,2.1210857869239164e-11,9.9616486026191e-19,7.880287759369198e-16,-1.920754607309652e-19,8.373641697914052e-19,3.2439962276319773e-19,5.57983716245752e-16,5.751245659657213e-16,4.1021760668279017e-16,2.1212151505554497e-11,9.115403977751166e-19,3.875356692358675e-16,4.884825797995249e-19,7.654668266167604e-19,5.737973812941549e-16,1.3973344440863815e-15,4.364747833646835e-19,1.795312736776727e-15,4.809949587931176e-19,7.671395319115687e-16,1.1760250982635341e-15,1.0626611468583948e-14,2.1210168456201084e-11,1.187701212963951e-15,1.8726346337660394e-19,9.99742109630079e-16,9.060585056926412e-19,2.1210249686698806e-11,8.489637637900735e-16,5.589814304202333e-19,8.2832944338623e-19,1.5782894720102518e-18,1.6089999244806417e-15,2.12103892184264e-11,1.0585655974056431e-15,1.071342903922415e-15,4.3259359495799195e-19,9.13579384692312e-16,1.1915564980946126e-15,1.6217490534281354e-15,7.869152592749344e-16,2.1212292526291033e-11,1.062594413701496e-14,1.3130546786951054e-15,1.058726378436316e-15,2.3905472178877526e-19,9.896311985774186e-19,5.843652126688873e-19,1.0625883543630978e-14,3.049288289661442e-19,4.502517965126444e-19,1.062680915372432e-14,8.760951411130042e-19
-1.235622153700618e-12,1.1688152301096895e-15,1.9903980304264108e-19,1.8297030439368037e-19,4.736689686491947e-19,8.920636574879971e-13,9.868775152165587e-16,-4.0608707325391535e-16,2.9407853689127277e-19,3.9197450921468426e-20,-8.101469831955084e-13,1.0017270516044695e-15,1.084937743678133e-15,4.700909989148834e-16,4.2290331552947474e-16,9.378840101061245e-16,-8.099504501175081e-13,4.182564929549345e-19,5.562445898768605e-16,7.41736526992654e-19,1.2591131188237798e-19,1.1001154358548985e-15,5.486546192821365e-19,1.1925382813021251e-15,5.391085077406568e-16,6.658113531232516e-16,-4.0590329879974004e-16,5.206258540095762e-19,3.23735961740074e-19,1.1097770650120975e-19,3.801581408224009e-16,1.5808269437226648e-15,3.409047273471806e-19,4.1251727392591e-19,8.029331081315846e-16,2.3976457127026866e-19,-8.100470859274385e-13,1.034804215777916e-15,5.338133657816384e-16,2.983748704519209e-19,4.3201031880047443e-19,5.304314412006122e-19,1.0440052122410148e-15,6.217883741786175e-16,7.139704848230718e-16,7.638335121005618e-19,-4.0568991405509246e-16,3.3410294699250904e-19,1.5982274575432037e-19,6.838141428144254e-19,-1.0230611695056533e-19,3.936371912724221e-19,7.203842385011514e-16,8.721043326237886e-16,-8.103958620516151e-13,-8.100498735562574e-13,4.483276216857013e-16,6.427546923619011e-16,9.54273138596275e-16,9.255872944610605e-16,-8.106374831617322e-13,3.873913003997344e-19,6.780102913362789e-16,4.191696861459413e-19,3.735061564487913e-19,-4.0580552946714906e-16,4.786828458024274e-19,5.888560864590627e-19,8.568083311376879e-16,4.3559930036026306e-16,1.1789854221088535e-15,6.1157674462146755e-19,4.4311984485461226e-16,2.3696047230261184e-19,4.209966796100504e-16,5.263358559466194e-19,-4.0590764515855523e-16,9.8021128879863e-16,4.368233917940713e-16,8.813305003574412e-16,4.0867183427861686e-19,-4.35419694074185e-19,2.6300528021662463e-16,2.8189452504999913e-19,1.2056948724106002e-15,-8.096925670304717e-13,8.395180156143662e-16,-2.0821649973660295e-19,5.121608859280891e-19,9.401436977290313e-20,7.428906178407723e-16,5.601813449798027e-19,3.334838044616034e-16,1.174471927366676e-15,5.111271404579047e-16,1.2715991037186234e-15,1.1593325325670407e-15,-4.059426735644746e-16,-8.10506841202404e-13,4.815699588443163e-19,1.878351672190966e-19,4.348798414197119e-19,4.995071191168364e-16,-4.0634015744979643e-16,9.666255447470414e-16,5.005873285559313e-19,5.646537933468249e-16,3.643476409622479e-19,6.52587010919436e-16,-4.0615233012215203e-16,7.335072987898496e-19,6.971322842622284e-19,-1.212633871613805e-19,4.832085961192195e-19,4.320194902624169e-19,7.80785172744789e-16,2.2368780298940577e-19,-4.0584982219349767e-16,-4.0643613860634775e-16,2.8492740869007743e-19,4.793729338202435e-19,9.477938257348216e-16,1.098677305067843e-15,9.716045678125603e-16,-8.103172655383282e-13,9.71617338273471e-16,1.9891051219392596e-16,-4.0608322875560406e-16,7.282288446440179e-19
-1.1050782122413703e-11,1.3817949991338418e-15,9.766402176301384e-20,9.064311033354643e-19,2.0656242934555387e-19,9.868775152165587e-16,8.911735537414813e-13,-5.323759763353497e-15,5.99196965125503e-16,2.2435157837095966e-19,-1.0626520516734135e-11,5.016796129678805e-19,8.444284896087146e-16,-3.366476352606137e-19,7.058597006872222e-16,1.0409440475732414e-15,-5.323653684862815e-15,4.626730859802382e-16,1.7793915249467247e-19,4.0353874184310436e-16,4.700259228248856e-16,7.750993743828298e-16,9.844973700465296e-16,3.835657672341002e-19,3.566996963375369e-19,4.267677745031498e-16,-5.323626567031872e-15,5.056879869539626e-16,7.0158129597187e-16,3.3892287953649247e-16,1.1601129454827801e-19,3.468710287755238e-19,8.71336650924458e-16,5.009936293921611e-16,4.563685615984009e-19,3.8550844329841235e-16,-1.062692606436352e-11,7.84005966877844e-16,7.265745276824691e-16,9.109213006417704e-20,4.548587208009343e-19,3.8224164610115544e-19,5.073370524955241e-19,3.254665589041387e-19,1.9386257337325994e-19,2.8968152819001286e-20,-5.3239916560727195e-15,4.654201361195229e-19,3.400163032544397e-16,6.592185528541253e-19,4.0998144408006136e-20,2.9912144302516637e-19,4.0316107173885763e-19,3.640688125188598e-20,-1.0626968093178677e-11,-5.323687931581448e-15,4.1892211969785013e-16,5.826056071546517e-19,5.886956796503018e-16,1.0210890792698112e-15,-5.324296428680754e-15,5.538249601552232e-16,5.134688274508072e-16,3.685608384699917e-19,9.089241660578838e-16,-1.0626415421931986e-11,2.694600842706855e-20,3.9253072550617193e-19,1.0725292376929377e-15,1.2072830344402245e-15,8.664647172531721e-16,3.239372038166643e-16,1.3384007532743003e-19,2.1042013142394128e-19,5.282774928502782e-16,5.733506431495404e-16,-5.324147003126232e-15,7.690219846409705e-16,2.396472648766207e-19,2.282726476835791e-16,5.610322127553642e-19,2.974003435425103e-19,4.574455352854385e-19,2.922210108571596e-19,5.108862094461571e-16,-1.0626232007123645e-11,1.2802676173723385e-15,2.4683258010610116e-19,4.1655587544530416e-19,6.108036664553962e-16,4.248281190729599e-19,4.045833744953145e-19,3.927298082841996e-19,1.3268397073169982e-15,3.202059817344652e-16,6.956990603256884e-16,2.615069220669987e-19,-5.323626229418012e-15,-1.0627478146927137e-11,8.705619835308138e-16,3.225762184716018e-16,2.75723554433986e-19,7.417936074109904e-19,-5.32416871133172e-15,2.923882024908595e-19,5.334861809198415e-19,6.495056434325647e-16,8.418638114847463e-19,5.996237955297819e-19,-5.324317476801045e-15,1.9112579650327786e-19,3.1870996954541362e-19,3.5920808354912584e-19,7.37614664814064e-16,5.92708726287479e-19,5.000189315344827e-19,2.171598187439836e-19,-5.323483329306349e-15,-5.324224198788692e-15,4.944010361507469e-19,7.228549423389748e-16,1.689782834075144e-19,1.2692936342397338e-15,8.109918012764032e-16,-1.0627043480270409e-11,2.0038064569195032e-19,4.040854234371454e-19,-1.0626414515303461e-11,7.933696045981686e-19
1.0000000000258655,8.197199126603537e-12,-1.3042438329369821e-11,-1.6857645708302636e-11,2.1210924012302435e-11,-4.0608707325391535e-16,-5.323759763353497e-15,1.0000000000521188,3.1880226304589833e-11,1.1107393567190327e-14,1.0000000000173408,8.87752435590114e-12,8.385375954336423e-15,-2.724917205008593e-14,5.622039817861044e-12,-8.975141285035991e-11,1.00000000001935,-4.9247381256866455e-12,2.453160606923264e-12,1.2989854846680112e-12,-3.439349965993893e-16,8.414907578735289e-11,2.1189434697457203e-12,2.8339770555354037e-11,-2.122943721390906e-15,2.105440288106854e-14,1.0000000000349538,1.2647934584033027e-15,4.285951857482813e-12,2.6345416471252668e-11,-5.762257013182434e-12,4.2702463736000796e-14,2.4106819541182458e-14,-9.174068172493334e-15,1.3732610266872253e-15,3.039299811139431e-12,1.0000000000245348,-8.345524230122828e-11,2.3975478061574503e-15,1.0472200165730756e-11,-1.0421401334556024e-15,6.284389692760795e-15,-3.1418254292689626e-15,-2.4141864653505855e-11,-3.2655866336973696e-12,-1.7983661678116355e-15,1.0000000000072988,-2.033532117075658e-16,-4.022978899003871e-15,4.770413088140171e-12,-1.0017470295789195e-10,1.6466155516736545e-11,8.613762084903872e-15,-1.4244712504575155e-14,1.0000000000182072,1.000000000017301,-1.3646876362749364e-15,-1.171530935137111e-14,2.8094470574727993e-15,4.1808542516847135e-15,1.0000000000033702,3.823902930218165e-11,-1.0226188422089024e-14,-1.1238449016392986e-11,8.420356817162512e-15,1.0000000000180393,-2.7164829904380856e-12,1.9421454252208456e-11,2.362039745664158e-11,-2.2168871554333918e-14,6.226159141517917e-12,-8.859586797449007e-15,1.035078357593309e-11,1.2326420204869978e-15,-6.0603171816564465e-15,1.2554285175285468e-14,1.000000000038131,-5.510435211740157e-15,-4.997040413765025e-15,2.902696646649648e-11,-7.352008712467243e-11,-9.441878342266704e-16,5.60172218758278e-15,-8.703526994536516e-16,-2.8696524907714777e-11,1.0000000000389992,-1.1414410958896328e-11,-5.234175145231638e-16,1.272068717803037e-14,-1.2550551895850742e-14,-2.3198826689489486e-15,5.2895021704373425e-11,5.801891569264037e-16,2.6176359173082915e-14,-1.1141015550026553e-11,1.2226522866007942e-10,-1.3680702625647093e-14,1.0000000000136304,1.000000000007579,1.5672993366231896e-14,-5.196537469471954e-13,-3.1325468038517225e-14,3.705643505216269e-12,1.0000000000220253,-1.4183990454306734e-14,2.2297313724243504e-11,7.462504389536967e-16,-7.274356246044335e-11,-5.770046299465038e-11,1.0000000000226905,1.0041104121453646e-15,-4.122060117722175e-11,-8.812089649863374e-15,7.559547643093766e-12,-8.251929536350218e-13,1.0799467545404295e-10,-2.254683517262051e-11,1.0000000000120577,1.0000000000216187,-1.3289830194348395e-14,1.1725348164996168e-14,-1.3968306032805228e-11,5.7685941509731266e-11,-7.268077156848412e-15,1.000000000013008,8.172126808213552e-15,6.150697665137276e-12,1.0000000000264386,8.285861336083215e-15
3.1459794378008355e-11,8.638870796590199e-16,6.05485769005869e-16,8.99281190042728e-16,8.638168801216441e-16,2.9407853689127277e-19,5.99196965125503e-16,3.1880226304589833e-11,8.964572065058288e-13,9.408697793819082e-16,1.5971158355819315e-14,2.6337556247245667e-19,1.769432349370608e-19,8.843835601008447e-16,8.506397979713783e-16,3.3094788502422523e-19,1.5971218487532948e-14,4.998761643922245e-19,6.091296959693905e-16,5.791665333630155e-16,8.566752120235939e-19,1.2860637009994184e-18,7.33066451627109e-16,5.466496355916884e-19,8.473812465491739e-20,7.3695027161990065e-16,3.188102043950396e-11,-5.232554676896648e-20,5.190487243345623e-19,4.3017929014482693e-19,9.220419742810619e-16,3.669312615283833e-19,3.4223149773018547e-19,6.69225998594915e-16,1.040778956270816e-15,6.577161418684479e-16,1.597103160139901e-14,9.454437454498297e-16,4.243482693280578e-19,2.12235161296269e-19,7.669378101474616e-16,9.855819643263504e-16,-1.9476623141052842e-19,1.1482010699674832e-18,6.182942239268843e-16,4.270143388202461e-19,3.1880303909739155e-11,4.147687228847034e-19,3.697935329261843e-19,2.603805797212169e-19,6.219964704965515e-19,5.553222222400576e-19,8.668453524994435e-16,7.972579992797501e-16,1.5971235939127023e-14,3.1880684754795535e-11,3.0593518080438144e-19,8.032483679793896e-16,3.393262062320094e-19,5.158136907496215e-19,1.5971089127643084e-14,2.46237940142562e-19,7.696467844085777e-16,3.4447550839963155e-19,1.1354209984143717e-15,1.597119674288238e-14,6.006866298457623e-19,4.780958361985763e-19,7.611507887518093e-16,1.0378288085575238e-15,9.923995176764108e-16,8.314082967254913e-16,7.203224497929637e-16,4.1380693186366765e-19,6.723569366032702e-16,7.810479944334812e-16,3.1880637385323066e-11,8.841321880842e-16,3.1235014022295964e-19,5.76698494492253e-16,7.655029971513284e-19,2.812583442880652e-19,4.2821622263598144e-19,5.940442189498009e-19,9.227038639137114e-16,3.1880957710091466e-11,8.950436211457832e-16,3.9647384789870413e-19,7.894076649112338e-16,3.8107428967424053e-19,6.549667578143097e-16,7.798588648313575e-16,4.339481544850417e-19,3.681932090603526e-19,2.996421339061079e-19,4.781762171248799e-19,9.714324814213885e-16,1.5971404968282487e-14,1.5971196207884538e-14,1.01321869980813e-15,6.872825920476879e-16,5.084095510496032e-19,3.5887824789604393e-19,3.1880062050415477e-11,6.673980381641579e-16,6.805545362561837e-19,3.458303768696581e-19,1.2231739629215286e-15,6.212243237776812e-19,1.5970986942410247e-14,3.6836484078587077e-19,6.912402707086913e-16,3.975000881985443e-19,3.906175783082236e-19,5.964827318240711e-16,4.964407573201605e-19,1.0444833286314563e-15,1.597169262070469e-14,3.188000920260616e-11,8.69374513799755e-16,9.612958665854432e-16,3.519959785973957e-19,9.582554211274703e-20,3.9011202234075005e-19,1.5971322020926317e-14,7.099109467673412e-16,7.502890636944125e-16,3.188076618845656e-11,1.2165950409655636e-15
2.1746673352704247e-11,4.925578505916776e-16,5.149995486048864e-19,6.524886652782879e-16,1.2393234594707717e-15,3.9197450921468426e-20,2.2435157837095966e-19,1.1107393567190327e-14,9.408697793819082e-16,8.918383752056923e-13,1.1107626308267132e-14,1.3314188750435454e-19,4.3208532873745044e-16,1.268353952083383e-15,6.679207610443679e-19,1.0040164447228376e-15,2.2171580311422318e-11,4.1480382318349857e-19,5.468099910767252e-16,2.695346839348766e-19,7.066928281878668e-19,9.375911794197211e-16,6.290860478795912e-16,2.1788683314388813e-21,4.644932832186441e-19,4.942357095062749e-19,1.1107631955775235e-14,1.0204629739296766e-15,5.352616516036552e-19,1.2707908013026858e-15,1.214530111110884e-15,5.96209046939523e-16,1.0883747810328488e-15,6.475181886430042e-19,5.963874872363195e-19,4.243481970343669e-19,1.1107295670654193e-14,4.582090832878984e-19,1.2493562194951311e-15,4.785129033615864e-19,7.841782526762597e-16,3.804958860761111e-19,4.385206151803833e-16,1.547738359300363e-15,7.671143803748735e-16,7.142529830896195e-19,2.217162737481369e-11,7.176834014852356e-16,7.837824817057293e-16,5.443707251223351e-19,1.9769912928267233e-15,3.794165687617715e-19,7.706337757461768e-16,9.562412675829745e-16,2.217173712424061e-11,2.2171906390446708e-11,4.471729847783406e-19,5.317010067016892e-19,4.490013187527697e-19,5.204174219960856e-16,2.2170809083762772e-11,6.850154682006939e-19,1.025692688976182e-15,2.3409027638319795e-19,7.945014706467979e-19,1.1107418199247039e-14,4.012838768773226e-19,5.304444398653454e-19,6.339254543029641e-16,1.0364187001840304e-15,4.475046790378651e-19,1.2352395929607794e-15,1.113953779478024e-15,6.963545178190824e-16,8.780063572177372e-16,9.392531281488123e-16,2.217244971986056e-11,9.441998102118514e-16,3.790487629794532e-19,7.993841562325575e-16,7.231282123207514e-19,4.5609971717708735e-19,1.3229372699750354e-15,6.072111114007961e-16,1.1734480747913247e-15,2.21722822658654e-11,6.610295368645773e-16,2.4322873047603417e-19,8.062068489033329e-16,3.726545255130864e-19,5.655890687432246e-19,-8.870744689956228e-20,1.1072258365807676e-15,5.939967140556279e-16,5.361555951517357e-19,7.960655454047695e-16,6.698618256595426e-19,1.1107919674447003e-14,2.2171828352458888e-11,1.1465394308165456e-15,9.72608638521961e-16,1.1213289149085703e-15,1.1462008602857012e-15,2.2171723041935733e-11,6.279473324197125e-16,2.324131788480104e-19,9.057324078894279e-16,1.1087045277135573e-15,1.33814424884092e-15,1.1107021699642336e-14,4.474117188349278e-19,2.1232820993645285e-19,1.00279180641297e-15,1.0844416075114843e-15,3.683448106553048e-16,1.0206433019725758e-15,1.4464264868377479e-15,1.1107629270762968e-14,1.1107304631510578e-14,9.288631233986428e-16,2.3255278566493874e-19,8.999307178402999e-16,3.9946476705233703e-16,4.512844672349109e-19,2.2172309104266508e-11,-3.1535421664862485e-19,9.404050195520234e-16,1.1107883613823395e-14,9.938360622616606e-16
0.9999999999919714,8.19761534598004e-12,-6.533807072348368e-15,-8.44512057093388e-15,2.121168523751497e-11,-8.101469831955084e-13,-1.0626520516734135e-11,1.0000000000173408,1.5971158355819315e-14,1.1107626308267132e-14,0.9999999999843552,8.877893319089341e-12,8.38657371339185e-15,-2.724902476244964e-14,5.6224525776802716e-12,-4.496296530881487e-14,0.9999999999854703,-4.924335151792211e-12,1.229052949516263e-15,6.50882500543407e-16,-6.853941255754827e-13,8.414971800547571e-11,2.1191818402423825e-12,1.4197777901200371e-14,-2.1228768431707334e-15,4.202804430219066e-11,1.0000000000010731,1.2642954759009437e-15,2.147347222522913e-15,1.3198569825027198e-14,-5.761839374572333e-12,8.523960173810819e-11,2.410750511269842e-14,-9.174286623753156e-15,2.7419157391997565e-12,1.5227546371622321e-15,0.9999999999906539,-4.1808780730787054e-14,4.786273555059731e-12,5.246871009013643e-15,-1.0416585485501008e-15,6.285401552225078e-15,-6.2716772752767834e-12,-1.2094317694678856e-14,-1.6358442970853633e-15,-1.7985272261707005e-15,0.9999999999734154,-2.0308728009978796e-16,-4.0227293655648235e-15,2.389950251662078e-15,-5.0184937808633327e-14,8.249360206093246e-15,1.719430263206253e-11,-1.4244861273484877e-14,0.9999999999843251,0.9999999999834207,-2.7242454362235242e-12,-2.338437591482671e-11,5.6085078591491365e-12,4.1810335890353834e-15,0.9999999999694872,1.9157110278383526e-14,-1.02255399781303e-14,-5.630212056586307e-15,1.6808076015663365e-11,0.9999999999841583,-1.3606040941038324e-15,1.942209406629984e-11,1.1833282060297212e-14,-4.425105031182915e-11,6.226851033375023e-12,-1.7684481748459497e-11,1.0351221695068796e-11,1.232808077886839e-15,-6.059757929864692e-15,1.2554490706350794e-14,1.0000000000042486,-5.510408932291199e-15,-9.97392012016911e-12,1.454189251332373e-14,-3.683145761154714e-14,-9.44080182207057e-16,1.1182192032868186e-11,-8.703179878943447e-16,-1.4375692045634818e-14,1.00000000000512,-5.7178701989622644e-15,-5.232780013278876e-16,1.2721490722880478e-14,-2.5051948797277045e-11,-2.319765939143239e-15,2.6499151270599683e-14,5.80202442531669e-16,5.225137027404399e-11,-1.1140527937282858e-11,6.125229863228851e-14,-1.3680505689334172e-14,0.9999999999797488,0.9999999999736985,3.128592895836458e-11,-5.19173868727986e-13,-3.132508055675361e-14,1.856658142093642e-15,0.9999999999881443,-2.83123169418874e-11,1.1170525307976796e-14,7.471556199730284e-16,-7.274310835590744e-11,-5.769994035924283e-11,0.9999999999888093,2.0048188985833515e-12,-2.0649857434267492e-14,-1.7589477780666637e-11,7.560183700349e-12,-8.24800939313653e-13,5.41026669759173e-14,-1.1296466277524932e-14,0.9999999999781775,0.9999999999877366,-2.6527015505940036e-11,2.340623930800302e-11,-1.3967676222196842e-11,5.768633384423215e-11,-7.267885507807497e-15,0.9999999999791256,8.172906752627284e-15,6.150954442193718e-12,0.9999999999925571,1.6540196751507466e-11
8.451000252614579e-12,4.947301265229464e-16,6.029392762586573e-16,3.514828651632846e-16,6.527175844337886e-19,1.0017270516044695e-15,5.016796129678805e-19,8.87752435590114e-12,2.6337556247245667e-19,1.3314188750435454e-19,8.877893319089341e-12,8.912073850601706e-13,7.134441708489737e-16,-1.4470150913111977e-20,6.201968038741981e-16,2.3131832585857995e-19,4.4476724508803564e-15,2.917123008768991e-19,4.845067905404725e-19,3.8498375723965873e-19,6.875299750377278e-19,1.117745761166101e-15,7.374456405826853e-17,8.101915429935512e-16,6.000887335866606e-19,1.593578003717266e-19,8.878309684368097e-12,5.81213894489049e-16,6.645553017688105e-16,2.837169104965266e-19,3.113289919145974e-19,5.134134202645917e-19,4.708538557317638e-16,4.617615460927114e-19,6.262161777797845e-16,9.224973960187936e-20,4.447668219422636e-15,7.028051801526842e-16,6.451849332474302e-16,6.828435457508037e-16,1.777475503993439e-19,3.5693102767783605e-19,5.360300490882339e-16,6.824955012923246e-19,7.564243777630248e-19,3.0802896389104797e-19,4.447486404731695e-15,2.9534929934296937e-16,7.228302822126067e-19,5.997687329093348e-19,6.92451415162896e-16,1.038211961023755e-20,1.4319013611787452e-19,9.088977153315386e-16,4.447591734166088e-15,8.877798797235146e-12,7.801134581494453e-16,7.024852845685164e-16,4.1755618026530335e-19,3.803301173007305e-16,4.447472887760038e-15,5.44742888710065e-19,2.1445298436276712e-19,9.099094268904089e-20,9.328689366183964e-16,8.877249068433425e-12,8.68830093463169e-19,1.0989597595725743e-15,4.731613358195803e-19,-1.8726389144838336e-19,7.8407270066565005e-19,8.716738726789554e-16,7.769041997948009e-16,4.457162358048613e-19,2.721721876951377e-19,6.445523104754672e-19,4.447712775914292e-15,4.1410290587931275e-19,6.910764987562224e-16,1.0648634389775748e-15,1.4104779913204167e-19,2.603175259916461e-19,4.48559180153695e-19,4.2973620255108023e-19,1.3129847874513342e-15,8.878168110399454e-12,3.2243303180870235e-16,3.822895722251247e-19,8.520308895839181e-16,2.8456185817771438e-19,3.8161631045178688e-19,-1.5994241984900414e-20,6.004743149661505e-19,4.451276248919254e-19,-2.7458278609709617e-19,1.2826896192399333e-15,8.643187806870546e-16,4.447880556730218e-15,8.877811204596364e-12,5.549394236155778e-16,8.110432017232044e-16,5.023687986401665e-16,3.7909831861444997e-19,4.447405647141075e-15,3.8536337489622632e-19,3.0144281907696187e-19,5.640414926215806e-16,-4.2717408690753184e-19,4.462725180504066e-16,4.4471241890578504e-15,5.5557860607831e-16,8.920041070330255e-16,3.446228006978354e-16,1.0204244343783466e-15,3.1744612006946142e-19,-5.163887450416275e-20,9.519515995445696e-16,4.44774373527883e-15,4.44746198285583e-15,4.1699803902927784e-19,1.9030319489814027e-19,-2.0523038839059724e-19,4.545841594916863e-16,3.2210706133028103e-19,8.878097136332879e-12,7.6978876498495e-16,2.536293802872737e-16,4.447317987790867e-15,1.1735541407903843e-15
1.6314501980445193e-11,8.432210679989177e-16,5.029644957260227e-16,6.717123204345329e-16,4.816816560722125e-19,1.084937743678133e-15,8.444284896087146e-16,8.385375954336423e-15,1.769432349370608e-19,4.3208532873745044e-16,8.38657371339185e-15,7.134441708489737e-16,8.91480448683319e-13,6.851195472577892e-20,5.843216056870519e-16,8.013496424708306e-16,8.385795673693963e-15,2.64408851081977e-19,5.180438346253138e-19,6.828589395245781e-16,6.033626650873743e-16,1.0036556271177535e-15,4.0115075233793176e-19,3.7484065932805794e-19,2.883909657108954e-19,-1.9795625359828606e-19,1.6739122375268504e-11,5.381983428758373e-16,2.618164444354857e-19,6.255178225596909e-16,5.215332856253449e-16,1.1343619676124237e-15,-1.0283949020782925e-20,7.813883178987338e-16,9.077073244925358e-19,4.835126971977382e-19,1.6738770820680103e-11,8.258613731987435e-16,2.330498355859353e-19,6.56450859160463e-16,-2.4055597629184755e-19,2.271648518421761e-19,7.654781395389953e-16,1.828404444046416e-19,6.7527217603205965e-16,6.617540284237335e-19,8.385590157612353e-15,3.49837481738098e-20,4.931277436911094e-19,-7.616904259132312e-21,5.418442398761505e-16,5.134429043449641e-16,5.510471431100447e-19,8.208352741318683e-16,1.6738634631907854e-11,1.6738839564585895e-11,2.0446251807173398e-19,6.679460339014711e-16,8.215058853173194e-16,6.605425638370246e-16,8.385335137816607e-15,3.5935185410948824e-19,-1.4275566596200738e-19,7.162630819079826e-20,5.825681613531104e-19,8.38545485481171e-15,5.066616674917223e-19,9.086111814854888e-16,7.68454946564955e-16,1.7365531829006768e-19,1.0652387818526794e-15,9.848667401111333e-20,5.785798232178063e-16,4.2088438261899155e-19,-4.2259342913815004e-19,1.003229082115839e-15,8.385645309984083e-15,3.903082924395139e-19,5.792578646344862e-16,6.263308850279265e-19,3.1588183194076866e-19,2.7716211595066783e-16,5.116632368871267e-16,7.580726355423296e-16,1.1150382151091647e-15,1.6739155971034716e-11,2.938638673511967e-19,8.45566984982662e-19,8.613797886684552e-16,6.425236262548137e-16,6.418828227557707e-16,2.8951087782094524e-19,1.9742442007240215e-19,9.55046510352262e-16,6.498496530687508e-16,1.1028515147196113e-18,9.544187416940098e-16,1.6739096825039197e-11,8.385499148063025e-15,7.11856098335668e-16,6.557605227378454e-16,-1.1632814082167846e-19,1.8692688033542476e-19,8.385353719151919e-15,3.7995660878808968e-19,2.7896696270353226e-19,5.869765405895777e-19,6.682843473722796e-16,6.640474332107158e-16,1.6737947045379515e-11,7.006020485855107e-16,1.0280028658426403e-15,4.0596315355137253e-16,4.402407284366704e-19,7.367620340373165e-16,7.685724762489575e-16,8.297219488743659e-16,8.385472563170481e-15,8.385075384391167e-15,3.3478118569762513e-19,3.967852490936737e-19,8.7567473744927e-16,7.790537524105728e-16,4.158688206446656e-19,1.6738801508476464e-11,5.100296439157366e-19,3.437124298736256e-16,8.385569389496437e-15,6.672490534173238e-19
