1.0000000000000024,1.000000000005545,1.834475827519531e-12,1.1701522899146932e-11,-1.2335486455193534e-12,2.725579295315561e-12,0.9999999999958471,-1.9999294244483768e-12,-2.531026596438976e-12,1.0000000000170681,0.9999999999994742,2.0090995014679507e-11,5.2793816574691064e-11,0.9999999999826397,2.004965085539791e-11,1.7871939874529756e-11,1.0000000000086304,-1.5640581245658397e-12,6.1840326811060306e-12,2.7122398800593077e-11,1.0000000000092952,2.1500200922734778e-12,6.838489997864067e-12,-2.1120319765011864e-11,1.7919997663895734e-12,1.0030748220902625e-11,-5.680337162122541e-13,-1.5191621248249297e-11,6.253952284276476e-12,2.489455470604963e-12,0.9999999999956307,2.514808176685358e-12,-1.2360813601377257e-11,2.310002702533143e-11,2.4970313928848414e-11,-2.37881362878103e-11,-9.58701461368967e-13,-1.5732568668753753e-11,-8.81397208689266e-12,1.0000000000138098,0.999999999984719,-6.962363944388986e-11,-2.0622585141293656e-11,2.5215496719072038e-11,1.000000000012091,1.00000000001064,-1.9520903733480344e-11,-3.529040752097031e-11,-1.3517460800145721e-11,4.358608271440173e-12,6.687742991542877e-12,9.55938487773724e-12,2.5860758753719293e-11,-6.847030400803473e-11,2.795098898737365e-12,-1.4271867399260733e-11,-2.0307832785667737e-11,-5.3433833254432044e-11,3.026527310394947e-12,1.3887574713562286e-11,1.0000000000083245,-1.9922970869964145e-12,0.999999999984337,-1.2127157452217985e-12,-9.963131424814488e-12,-2.3207586522048266e-11,-6.038817689701461e-12,5.713821241850433e-13,-7.273492953805405e-12,4.798756798867503e-12,-2.39004641755794e-12,1.9256774669483407e-12,5.225285119032559e-13,1.0560965642183833e-11,1.0000000000111382,-2.3307247816321887e-12,7.241876085027064e-13,3.018611979455956e-12,1.2313233826093433e-12,2.587897542134129e-13,9.944826898327014e-12,4.070132658884741e-11,7.915006514778102e-12,0.9999999999856081,-7.501116539552132e-12,2.0251900827129897e-12,3.210958313016277e-11,3.4195293948366093e-11,-3.4023616203981424e-12,1.1345722328718624e-11,1.2814066046514873e-11,-9.665689375878754e-12,-3.2119285833885097e-12,1.1862767468926617e-12,-8.002966115823916e-12,-8.121137652040073e-13,3.427482769195128e-11,0.9999999999813601,1.6519781720979845e-11,-9.043578932998432e-12,3.5819968142311336e-12,1.7624370650626438e-11,1.429249517884198e-12,9.578664102078975e-13,-2.928257209060408e-12,1.9998896952556306e-12,1.0000000000025793,3.888151451494843e-11,3.773467187122538e-12,-3.385754679486523e-12,0.9999999999875541,6.321089009060301e-13,-2.1463894027418354e-11,-4.128684847848549e-11,-1.6573896334106635e-12,1.6255885433319832e-13,1.0000000000230214,1.9171843276261435e-12,3.3047910530920083e-12,-3.6144810894331893e-12,-2.4858712523103075e-12,-1.7466287081044675e-12,-5.796469788511472e-13,-8.76515722668381e-12,-3.94695041345354e-12,-4.472884380914684e-11,-9.017293439839645e-13,1.653429308163615e-11,-9.901026996316089e-12
1.000000000005545,1.0000000000075562,2.576108688340281e-12,1.2460976071509442e-11,-4.976674589698736e-13,3.474507245032679e-12,0.9999999999975365,-1.2526656874225955e-12,-1.7889559614670134e-12,1.0000000000187754,1.0000000000011673,2.084791223008701e-11,5.355101423014373e-11,0.9999999999843289,2.080586136618387e-11,1.8618423229333218e-11,1.0000000000103386,-8.269840162770858e-13,6.939176441685785e-12,2.7888425454436723e-11,1.0000000000109979,2.9006429700553043e-12,7.605208548555124e-12,-2.0366222079678845e-11,2.539049250838393e-12,1.077717350430214e-11,1.7690564972657436e-13,-1.4441709238556596e-11,7.0060665089999644e-12,3.2364048919823918e-12,0.9999999999973236,3.2704652721314035e-12,-1.1609969911432166e-11,2.385645364054245e-11,2.5730069166804708e-11,-2.3007911607486795e-11,-2.036627316757383e-13,-1.4980066545626636e-11,-8.073595765189559e-12,1.000000000015512,0.9999999999864048,-6.885963790939623e-11,-1.9869955920425993e-11,2.5991075554152726e-11,1.0000000000137867,1.0000000000123404,-1.8762621043636433e-11,-3.4533219235026885e-11,-1.2767254093449216e-11,5.10255433692571e-12,7.445488882337299e-12,1.0326075608331358e-11,2.66104205232911e-11,-6.771209038471048e-11,3.5424864170387765e-12,-1.3518545230152284e-11,-1.9543813092427832e-11,-5.268276320338423e-11,3.7720775160544876e-12,1.46372930021792e-11,1.0000000000100127,-1.2483390549260891e-12,0.9999999999860287,-2.246927391120019e-16,-4.612304464297753e-15,-1.1245259404523736e-14,-2.6574772337341256e-15,6.583897346049668e-16,-3.270878463569122e-15,2.7781718494629084e-15,-8.274329934394471e-16,1.3347150209711602e-15,6.33668046330387e-16,5.664910137536964e-15,1.0000000000128384,-7.945090160139103e-16,7.323607225245484e-16,1.8850029923754116e-15,9.938183132936987e-16,5.062807271339586e-16,5.355346718693454e-15,2.0768944408219192e-14,4.3363331801780824e-15,0.9999999999873078,-3.382324904972073e-15,1.3947577878461798e-15,1.6463593878202047e-14,1.7512712992638145e-14,-1.3329905603162866e-15,6.063496722699633e-15,6.7941985511111935e-15,-4.4709613112662e-15,-1.2364967765173576e-15,9.66605317311995e-16,-3.63266420920984e-15,-3.183638071663289e-17,1.7551482494358496e-14,0.9999999999830517,8.655328736226509e-15,-4.147418672914753e-15,2.165119972115627e-15,9.205928365393343e-15,1.08834386876388e-15,8.505140127544532e-16,-1.0947208960545883e-15,1.3874946488147794e-15,1.0000000000042721,1.98612428685236e-14,2.2662181601608305e-15,-1.3260389321347122e-15,0.9999999999892452,6.862214455766412e-16,-1.037101917353074e-14,-2.0306948434759762e-14,-4.561870961825338e-16,4.535191779092072e-16,1.00000000002471,1.332328572632471e-15,2.0293980347608838e-15,-1.43918113488905e-15,-8.696567843516411e-16,-5.034651169752214e-16,8.484563505877356e-17,-4.0202044197960796e-15,-1.6079181436893889e-15,-2.203110236914162e-14,-8.139374088556486e-17,8.661568860878767e-15,-4.586012200435916e-15
1.834475827519531e-12,2.576108688340281e-12,3.301183358769156e-13,2.8298638340127693e-19,2.9830839070620283e-16,2.421009002050611e-16,2.575876362952643e-12,3.281150778606752e-19,6.947342029170795e-21,1.2904396306337728e-15,1.2903566404278181e-15,4.285680961809712e-16,1.464074597094461e-19,1.2901112254053634e-15,3.7993462640278436e-16,2.2940245828630213e-16,1.290087398210186e-15,1.1564154754969e-16,-4.0912560884969986e-19,4.2133971943971224e-16,1.2904630634121901e-15,2.7833930653952406e-16,3.804654994649506e-16,5.234107058111492e-16,2.216141732921178e-16,2.16186562741466e-16,4.145725881086006e-19,3.161380254706019e-16,3.6974970270664468e-16,3.6030354556612007e-16,2.57589423324219e-12,1.3162590774373918e-19,2.759576423678509e-19,6.303885999786065e-19,1.67777294136212e-19,1.8623968056730497e-19,2.0322178848134782e-19,6.119026924955474e-16,2.607704056260811e-16,1.2905757722075485e-15,2.5758091609629458e-12,1.259133024751106e-19,2.883765726550178e-16,3.4569392935682306e-19,2.575887776088456e-12,1.2904877142208005e-15,1.3878964496891475e-19,-1.7053854652307202e-19,5.636067352147016e-16,3.123845441211192e-19,1.9404466845261909e-19,1.0539563968400525e-19,4.983797454199916e-19,4.751210477272006e-16,2.295835424336949e-16,5.161800160135201e-20,5.025977685988395e-16,1.783265293626727e-19,1.9362923488231882e-19,3.90142107609372e-16,1.2902966156789853e-15,3.8405042828099376e-19,2.5760751888462107e-12,3.4684902957974006e-16,-7.173099938981067e-17,2.4294010387077824e-16,7.011154692155561e-17,2.796672652699675e-16,4.696087871745662e-17,1.3956028511267157e-16,2.49392137442427e-16,3.572753053022471e-16,9.6955390137413e-17,2.2797543232353743e-16,2.576068124402999e-12,1.7871313773413377e-16,1.576819119684166e-16,4.0378404058565136e-16,4.247866103051416e-16,1.1557528997083094e-16,1.6089864033057688e-16,4.0518187083586323e-16,1.8136188341897206e-16,2.5759207815960632e-12,2.9868110521369473e-16,4.3288347008580037e-16,2.5465880568852036e-16,4.45505456674754e-16,4.408063726359542e-16,3.627052661635814e-16,-9.64661714265042e-17,1.6976245497534383e-16,3.24401900990055e-20,3.3120399124882826e-19,2.4985490460924084e-19,1.3975482348117737e-19,1.966227853200679e-19,1.2901635417448601e-15,2.640867993674376e-19,-1.5460484495353856e-20,2.859438109872307e-19,-6.33423655619364e-20,3.3686876476289485e-19,1.010269292974169e-19,3.738770982790405e-19,3.6047228088569565e-19,1.290060396071792e-15,1.9410704243966492e-19,-3.9090458869687597e-19,1.3184116762320956e-19,1.2903410573664752e-15,2.1776048116113707e-19,1.9422591232477144e-19,-8.775923703147796e-20,1.8391529175496294e-19,4.764343824114301e-20,1.2904966265328715e-15,8.352826679602143e-20,9.263796866769653e-20,2.1270030643182018e-19,2.3937119179620453e-19,1.3468185438382538e-19,-2.083500341086307e-19,-8.849578593200959e-20,4.482466347853589e-20,1.2449762254889508e-19,-3.31197850306472e-19,1.2218134099927876e-19,3.5785689624748166e-19
1.1701522899146932e-11,1.2460976071509442e-11,2.8298638340127693e-19,3.294480738242907e-13,2.5746322912325004e-16,2.0548978550731556e-16,6.2428537318937294e-15,4.1982076531203965e-16,5.650413412315858e-16,1.2460545343883902e-11,1.2460206800036383e-11,3.865940403998557e-19,4.627213950973093e-16,6.242639759852098e-15,1.299630944985493e-19,2.2606174846422005e-16,6.242840540166755e-15,1.753426950747754e-16,1.9524350197433517e-16,4.0325566934658963e-19,1.2460885684230384e-11,1.9117677552510013e-16,1.2681162948372489e-19,4.451780681118452e-19,3.9578116001448657e-16,-1.376985903321846e-19,2.1650273150307007e-19,8.272541091708036e-19,3.5973320238158747e-19,5.601563568393254e-16,6.2424926086304654e-15,4.0854834370228595e-16,1.0013515117015684e-15,1.6370273063775628e-19,6.16310714409879e-16,2.5127385882849056e-16,3.3275899542423745e-16,8.823146776790214e-16,1.109121600742232e-19,6.242412791940506e-15,1.2460362575995812e-11,3.053090782204271e-19,3.100563164049197e-19,8.677581850392611e-16,6.242345912652189e-15,1.246054469538605e-11,4.979329158154003e-17,8.139161397680181e-16,4.2541351937453527e-19,4.2058439817819443e-19,2.2739513856842294e-19,-3.737213334513067e-19,7.255955486235518e-16,9.04168905287158e-16,-1.5341313586657448e-19,2.8871556633326514e-19,3.452938784009166e-19,3.4963105428399596e-19,-4.808562804038391e-17,4.1972162514509287e-16,1.2460126539491645e-11,1.1948411257358534e-19,1.2460941000198911e-11,2.104084297892824e-19,-3.239120266042964e-16,3.052930282445822e-19,3.859128500591177e-17,-1.3679602480312148e-19,-1.0504621203537079e-16,-1.1277318638060227e-19,3.0348989462527317e-16,4.0988631318280093e-19,3.4953113831135657e-17,3.923274774273627e-19,6.242715363161588e-15,2.422838951011272e-16,1.1036071411582342e-19,5.01173720351993e-16,4.1574097702168703e-19,2.955693676401527e-16,1.176953133781912e-19,3.453231827376028e-16,3.9844711662496987e-16,6.242678860457402e-15,2.402957003506908e-16,2.333907651440797e-19,-1.0050783317087025e-16,7.177009453856101e-16,2.922699781085161e-19,1.866221948114678e-19,-2.5060829491092425e-16,-1.775965237900846e-16,5.0234097996634606e-17,8.22602037294413e-16,-9.402478587066271e-18,3.396560618170281e-16,5.428082357620666e-16,1.2460502106261767e-11,5.203553800588246e-16,6.010867845596024e-16,5.567593016867594e-16,-5.985466491222963e-17,7.8301158376452065e-16,2.8836387220549516e-16,2.2121893769267937e-16,1.113056522069256e-15,1.2460184144034829e-11,2.16778036300152e-16,5.079529640221331e-16,3.5106057907153933e-16,1.2460632439271273e-11,3.6591926975642573e-19,-4.7981246060286305e-20,1.7928807393039726e-19,1.1792027534319314e-19,-3.918000289497812e-20,6.2426907712561075e-15,9.476529885590109e-20,1.921619883129494e-19,3.1785003793852763e-20,4.780686474005232e-19,4.3254751514594004e-19,-3.7030350212855033e-19,1.7547509887629273e-19,3.440680865864291e-20,8.055223953986597e-20,3.908225980861759e-19,1.6157065844251324e-19,1.1758070239075294e-19
-1.2335486455193534e-12,-4.976674589698736e-13,2.9830839070620283e-16,2.5746322912325004e-16,3.3000541528184445e-13,-3.621306436338373e-21,-2.495736183163055e-16,2.912258201769913e-16,1.7517173542797514e-16,-2.492066792827906e-16,-2.4925460213309834e-16,9.412592864440982e-20,1.9031901972326673e-19,-2.493330176777362e-16,2.201704522369684e-19,3.063853127448552e-19,-4.971605609914665e-13,1.3849974707266555e-16,7.123453684320783e-20,2.3634436445540124e-19,-2.491916715718227e-16,1.8322803337243424e-19,3.824739898988727e-19,8.476315242592377e-20,7.488937094257838e-20,4.2370054442550175e-16,1.547358650109995e-19,3.1260747599140107e-16,3.4430147800512857e-16,1.6110267883566502e-16,-4.975555266449322e-13,2.3545064300171375e-19,3.9148010774088677e-19,4.606039045304666e-16,4.048272082997357e-16,2.7436821765029046e-19,1.277548684936758e-19,1.9230626728326762e-19,2.6674537777774046e-16,-2.4929128639397724e-16,-2.493783880844456e-16,3.529561189369458e-16,1.7022696343179734e-16,1.809449746214829e-19,-4.97409288564647e-13,-2.493505863936428e-16,1.6300970885899984e-19,1.155115134368378e-16,3.0070606509959505e-16,8.720863720105937e-20,2.1762206539197756e-16,4.2047107319933477e-19,2.140794870664581e-16,2.2908741948190447e-16,1.8130251725816134e-19,2.757625823217321e-16,6.02209393285561e-20,1.1608652998001224e-19,3.0673658873725187e-19,2.1445400066978628e-19,-2.494647471951041e-16,1.0531591470769337e-19,-4.976389924651951e-13,2.835190313356411e-19,3.8134119557193765e-16,3.093886397676068e-19,2.044036655561727e-16,9.647494200824702e-20,-1.780280119713921e-19,1.6315847598356374e-19,5.031917835616386e-20,2.023094376960926e-20,9.618501027076098e-20,3.6828263491707485e-16,-2.490593074599546e-16,2.2326117547415056e-16,1.39877770387491e-19,2.7267637392670094e-16,1.9660437468478719e-16,-1.0273202041998724e-19,-1.948361074736533e-20,4.725762786115518e-19,1.736948306093984e-19,-2.4909029588808735e-16,3.2461841142779675e-16,1.7655318955416864e-19,3.0978590810616364e-19,4.563278890900036e-19,2.1432308292358915e-16,3.6832514169641826e-16,1.5637587322917444e-19,2.037327025692742e-19,3.551796776001705e-16,2.099125602057303e-16,2.8418726816322176e-19,2.8565290414635826e-19,3.6746499459856983e-16,-2.4938129837977524e-16,2.8753583250543355e-19,-2.138493009514267e-19,8.869699473198885e-20,3.6477300272220926e-16,2.5811898911156973e-20,2.0669263608676343e-16,2.504165712470597e-16,2.2518763294526735e-19,-4.975686568213399e-13,3.573019712007502e-16,2.4969446364878393e-19,4.916401485068509e-19,-2.489704046708133e-16,2.7851103300371976e-16,3.237432472915873e-16,2.6609674799441386e-16,1.5446657416981005e-16,2.847957713009728e-16,-2.492494881354736e-16,2.3706614243457117e-16,1.8498093812172608e-16,2.8381684574947537e-16,2.856797926694974e-16,2.923004364334362e-16,4.219610240245832e-20,-5.027173167100472e-21,8.639550911980493e-20,6.904782086221884e-20,9.605084827791951e-20,2.2425761118552023e-19,1.1001743690930756e-19
2.725579295315561e-12,3.474507245032679e-12,2.421009002050611e-16,2.0548978550731556e-16,-3.621306436338373e-21,3.29992092562686e-13,1.7411296896410793e-15,1.1421589704702383e-19,2.5521288896425446e-16,1.7407013284458306e-15,3.4744673738685085e-12,3.4713152803055955e-16,3.1451395149098925e-16,1.7409166698064341e-15,1.865399523831758e-19,3.9379390671757907e-19,3.4750290297398938e-12,2.690581061866211e-19,-7.249798544112886e-20,2.587254958040018e-19,3.4746723371869633e-12,4.297604875365987e-16,4.829370451548526e-16,1.4319100285096962e-19,-5.532124464272506e-20,4.813268803970856e-16,3.283633446557313e-16,3.245319718218898e-16,2.58753783328509e-19,1.355233085335641e-19,1.740791998131285e-15,4.032762847205266e-16,1.8890477858508572e-16,4.381305514701794e-16,3.5663392921839254e-16,7.074891338345029e-16,6.236319045913217e-20,-2.0617429473600992e-20,2.6334703722987733e-16,1.7406745524139013e-15,1.7402585047443024e-15,3.093334943918078e-19,1.562454303330705e-19,4.463102608046517e-19,1.740505259415745e-15,1.7406655623946387e-15,2.4520901546230395e-19,2.037934101826466e-16,3.187740298845335e-16,1.932479279214424e-20,6.64813834321698e-20,5.634781628835393e-16,-6.241439817585881e-20,-5.367328933911137e-19,2.2922608107395986e-19,4.0791785947122493e-16,3.2936126335208307e-19,1.5092257184278194e-19,3.873939277391299e-16,1.430494240111627e-19,3.4745361857976644e-12,2.5387512510468207e-16,1.7406250095052871e-15,1.4779214699450143e-19,4.634625996068338e-16,-9.786742383019357e-21,2.9114926348178753e-16,2.968601232736341e-16,3.948459179844614e-20,1.8028658904422075e-19,8.100353564397117e-20,8.405421954376436e-20,2.3022907151455946e-16,2.804203048764587e-20,1.740668082953755e-15,3.241474176274916e-19,2.3628119200152024e-19,3.296773731269603e-19,2.0726102803811883e-16,2.3939232282432e-16,2.8406681950049784e-16,3.8246975653512635e-16,2.228991458972878e-16,3.4748766335872595e-12,3.036948065953775e-16,2.388013730758633e-19,1.8092426944113686e-19,3.168829137096483e-16,2.870980795163394e-16,3.230125254671472e-16,1.4359291156098062e-19,4.0880598940934135e-16,1.2990995896799855e-19,1.6824824414054475e-19,4.476690512539351e-16,1.3475228812180176e-19,2.1011260695587606e-19,3.4743854448700467e-12,3.892519300925891e-16,3.990283460400111e-19,1.402721455600459e-16,1.820611903518017e-19,1.9223687457095822e-16,1.8232252841080077e-16,4.003586156039314e-16,5.900391328532494e-20,3.4746858837839053e-12,1.511052237352881e-19,3.0424847989007633e-19,-4.465180002661593e-19,3.4745589870574777e-12,1.3147542342702747e-20,4.309653823038622e-16,3.4897712012135775e-16,1.7067212677022897e-16,1.8486244989985258e-19,1.7405002739881738e-15,2.22518208199971e-19,-7.678026878473663e-20,3.1401108943068717e-16,4.3382123488934073e-20,4.2784963159333224e-16,4.314843495562702e-16,2.2553688870271235e-16,2.926079234065321e-16,1.6409081978342198e-19,1.497378809322293e-19,1.8415047266210446e-19,1.0264359518891225e-19
0.9999999999958471,0.9999999999975365,2.575876362952643e-12,6.2428537318937294e-15,-2.495736183163055e-16,1.7411296896410793e-15,0.9999999999881687,-6.281167901725818e-16,-1.7890466580554762e-12,1.0000000000090785,0.9999999999914707,1.044465668542496e-14,5.355087791797558e-11,0.9999999999746291,1.0423304635804681e-14,9.327281262830226e-15,1.0000000000006417,-4.139078377543114e-16,6.93936680172393e-12,2.7888436840682467e-11,1.0000000000013,2.9007765372574577e-12,3.809911315163344e-15,-1.0202989485472094e-14,2.5390837280702697e-12,1.077739311001498e-11,8.901870700601257e-17,-1.4441734275304715e-11,7.006039643716599e-12,3.2362311333498625e-12,0.9999999999876258,3.270502232547839e-12,-1.1610373910612414e-11,1.1951497588958767e-14,1.2890089664747419e-14,-2.3007853485788276e-11,-2.036612500972522e-13,-7.504835930432559e-15,-4.0447891546298374e-15,1.0000000000058145,0.9999999999767075,-3.4497119250593764e-14,-9.954308450615149e-15,1.3020917904314551e-14,1.0000000000040903,1.0000000000026414,-9.399901778764133e-15,-3.453338398685922e-11,-1.2767566714513503e-11,2.556061972241175e-15,7.445594310574464e-12,1.0326358265807403e-11,2.6610230226979565e-11,-6.771226906297518e-11,1.7748979505695517e-15,-1.3518369700772733e-11,-1.9543991928432833e-11,-5.268285130209628e-11,1.8897499820309894e-15,7.33275205910782e-15,1.0000000000003135,-1.2483529782461963e-12,0.9999999999763305,-4.4761083601434694e-13,-9.20536260477662e-12,-1.1244622569237577e-14,-2.656984848037745e-15,6.586738185258658e-16,-3.2707614247169793e-15,2.7781203067240837e-15,-1.6517491240647217e-12,2.664305102775734e-12,6.337150776262684e-16,1.1308512358650078e-11,1.0000000000031406,-7.945425667409415e-16,1.4617588613484692e-12,3.762436838351093e-12,1.9827888747297826e-12,5.061456394170063e-16,5.355150498940413e-15,2.0769304086766895e-14,4.336296707078051e-15,0.9999999999776094,-3.3823934802091565e-15,2.783374052689992e-12,1.646364399024532e-14,3.495724476601586e-11,-1.3330380008014874e-15,1.2103225318395587e-11,6.794399102466332e-15,-8.924313775755489e-12,-2.4685757634450772e-12,9.664332716082214e-16,-3.63255956654195e-15,-6.353570635910797e-14,1.7551335161036788e-14,0.9999999999733521,8.655190122015924e-15,-4.147499415775885e-15,4.321856243600111e-12,1.8375871087716306e-11,1.08822841562501e-15,1.6977538104448575e-12,-1.0949362792190917e-15,1.386811716818078e-15,0.9999999999945748,1.9861161934090592e-14,2.265946096480859e-15,-1.3256065876420601e-15,0.9999999999795457,6.865808308126764e-16,-1.0371154803546581e-14,-2.0307244485739517e-14,-4.563676735956365e-16,4.532864149865785e-16,1.0000000000150118,1.3322811051614905e-15,2.029563282907376e-15,-1.4391252699514778e-15,-1.7365184353556242e-12,-5.032306865468252e-16,8.516945670277643e-17,-8.02465070789448e-12,-1.6081007661428617e-15,-4.39767896449938e-11,-1.6232556915431198e-13,8.661617143069649e-15,-4.586491667992246e-15
-1.9999294244483768e-12,-1.2526656874225955e-12,3.281150778606752e-19,4.1982076531203965e-16,2.912258201769913e-16,1.1421589704702383e-19,-6.281167901725818e-16,3.2997760937238907e-13,9.959991461237365e-19,-1.2526878583139079e-12,-6.277666836107612e-16,4.318460300818356e-16,3.1734144325912887e-16,-1.252864953918882e-12,3.542628772646704e-16,1.5652859524358893e-19,-6.278189103042473e-16,1.287065360598307e-16,1.4830943315188473e-19,4.2458370514059775e-16,-6.276591639248264e-16,-2.565641202182582e-19,3.51394235582191e-19,3.902455717569426e-16,2.2934910885069255e-16,2.6233623538839826e-16,1.0261049955017663e-19,5.287424916582538e-20,6.122716310718477e-19,3.28147386020434e-16,-6.2767468331332195e-16,2.0901872461767473e-19,2.613292992856229e-20,3.2937298959185557e-16,3.6725745728340526e-16,5.440953753139748e-16,2.4286028207311873e-16,4.857402725677246e-16,3.041828576868856e-19,-1.2525765515697733e-12,-1.2529408807493734e-12,3.807274321885233e-19,1.0813498794470209e-19,1.3259408276034692e-19,-6.27818695116504e-16,-6.279292211527231e-16,3.6704349180991926e-19,3.22273219502693e-16,2.0643025981067804e-19,3.950826563316218e-19,2.0074907249927672e-19,1.8897441940159236e-19,3.440243790040106e-16,4.1186080827111617e-16,5.2214448481471625e-20,2.721644698162206e-16,3.1310701322966022e-19,3.9497188556327237e-16,2.421032728094315e-16,3.095172895490921e-16,-1.2529793833983949e-12,2.0624302413982072e-16,-6.276332063304883e-16,3.222017744285106e-16,-1.996555144597243e-19,1.5219607718634598e-19,1.3073756781982768e-16,2.3833771800827073e-16,7.381299553977163e-17,8.603058022222408e-20,2.591959661258947e-16,-2.9287754125817906e-19,8.681448659570464e-17,2.401771283702893e-16,-1.252714437067154e-12,5.476468774119215e-19,1.907583188159014e-16,2.326770249113754e-19,3.3892314405169583e-16,8.682264384448833e-20,-3.1485999833226084e-19,3.6025114766949715e-16,1.8913019780266383e-16,-6.275411738690886e-16,2.225165082398161e-20,4.0774915507291163e-16,2.8166067618656306e-16,3.785072524321859e-16,2.2091994371664273e-19,1.4929126750533182e-19,-1.8293596688518742e-17,-7.304539398293845e-20,2.580503549373072e-19,5.371690655537187e-16,8.85611993753379e-20,1.617482349644098e-16,4.037996787148493e-16,-6.277886313192939e-16,1.2837474912033937e-19,3.679336061878283e-16,1.836434881988392e-16,1.9444016020764405e-16,-1.9624968393965736e-19,1.6264640416788393e-16,4.89035693383851e-19,1.4248124374645036e-19,-6.278858748963819e-16,2.022500994091853e-16,1.430241075233279e-19,1.925135933079664e-16,-6.275537620285289e-16,2.3136050406724675e-19,5.892952105943741e-19,8.770060269129479e-20,1.7656752681092718e-19,2.4652082037715973e-19,-6.279774473895767e-16,2.277392153727628e-16,-2.5939208996063307e-19,5.4708767331809807e-17,3.270781985565211e-16,1.7166032119156245e-16,3.715240987670353e-19,1.6552941498391728e-16,-3.823784378115527e-21,2.7565536817349293e-16,1.6551899580400588e-16,3.311823148006564e-16,4.926197155281251e-20
-2.531026596438976e-12,-1.7889559614670134e-12,6.947342029170795e-21,5.650413412315858e-16,1.7517173542797514e-16,2.5521288896425446e-16,-1.7890466580554762e-12,9.959991461237365e-19,3.3006380635795326e-13,-8.962438966006201e-16,-1.7891137411597002e-12,4.154329544975586e-16,3.289493902516074e-16,-1.7891397990855473e-12,1.0297808344347519e-19,1.3089720103224984e-19,-8.96153460881309e-16,2.646992092842316e-16,2.638368417188766e-16,2.870836946123944e-16,-1.7887270041544133e-12,2.08230010808548e-16,4.4064477000667985e-16,2.279683256733973e-19,3.4088381240310775e-16,6.758593479084216e-17,1.9893304041169036e-16,2.774537611131241e-16,1.5530811500221757e-19,2.702332062803574e-16,-8.962986287299606e-16,3.3911222956338407e-16,5.240858942512571e-16,1.638100657197204e-16,4.393633869268634e-16,1.0772774094121452e-18,3.1348101478515455e-16,3.330838001781528e-16,3.4348370484177412e-19,-8.958500407127007e-16,-8.961835559667057e-16,2.3805687773590214e-19,4.863162283695122e-16,5.393820601045522e-16,-8.960955857476856e-16,-8.963830835861114e-16,-1.4232861873953916e-19,5.175250760134101e-16,2.7658135519897424e-19,3.9979173727922206e-16,3.3872299138859e-16,6.022236230365082e-19,4.870909726667493e-19,5.953013538818498e-16,2.2557679520677587e-16,-7.346509296637617e-20,4.0713434167857233e-16,4.879764024341141e-16,5.466388372737187e-17,2.9730123649949274e-16,-8.962585399723541e-16,5.719405115794333e-19,-8.962676249909185e-16,1.848594324405289e-19,1.7422240845026265e-19,2.0950893329016332e-19,2.0700425525523374e-19,-1.2657804018495933e-19,2.0170180021007214e-19,2.916526942976804e-19,7.387863667644625e-19,1.848321616101602e-19,2.013940736503439e-16,1.545445489809041e-16,-8.960395068775398e-16,3.200041862192353e-16,1.8138491464169287e-16,3.792343809645815e-19,4.689203719292153e-16,3.136221193348488e-19,5.8836312999185e-19,2.3135909087412522e-16,3.675773122681278e-16,-1.7889602270333039e-12,2.1027519695385245e-16,2.889742643105041e-16,1.7082704597069635e-16,4.615892828085533e-16,1.014262079313332e-19,2.5177061072387593e-19,2.45796007476715e-16,4.66280961983153e-17,9.577277160643447e-17,1.4038410352187012e-19,1.981384314858766e-16,1.2832856510801377e-19,2.22180606559935e-20,-1.7891090269939614e-12,2.768176742910712e-16,3.9392285660304324e-16,4.3403140923332607e-16,1.7630645302588712e-16,2.744726226433934e-19,-6.476074706482126e-21,1.200077671002785e-16,2.975613322865046e-19,-8.962038189112774e-16,3.078839078404315e-16,3.9868939421681927e-16,1.0798030237716628e-19,-8.965015357265257e-16,-2.343115385655343e-19,3.2679704523979867e-16,3.025529332471457e-16,1.3750376735551918e-19,1.7681107338946146e-16,-1.7891653005921067e-12,1.8711688752860921e-16,2.7449369983838515e-16,1.3385214407754198e-19,3.785696456737769e-16,6.882797537123678e-17,8.885684453683482e-20,3.080904881820469e-16,8.499131068125612e-20,4.337728044924383e-19,1.1298630034430846e-16,1.079076241245683e-19,2.75410043776397e-19
1.0000000000170681,1.0000000000187754,1.2904396306337728e-15,1.2460545343883902e-11,-2.492066792827906e-16,1.7407013284458306e-15,1.0000000000090785,-1.2526878583139079e-12,-8.962438966006201e-16,1.0000000000306406,1.000000000012709,1.0444521987328427e-14,5.3551127103949354e-11,0.9999999999958705,1.0423380260087627e-14,1.861877469726453e-11,1.0000000000218814,-4.1426331579725453e-16,3.4772689436556654e-15,1.3971523638363517e-14,1.00000000002254,1.4533682090114462e-15,7.60560323472373e-12,-2.036626025222379e-11,1.2718399119131626e-15,5.3996586072538065e-15,8.877878250649736e-17,-7.235025560271378e-15,7.006174723547438e-12,1.6214766525585718e-15,1.0000000000088656,3.270789828679055e-12,-1.1610403471601729e-11,1.1951724223098983e-14,2.5730191602113607e-11,-2.3006928337082737e-11,-2.0353816567023703e-13,-1.4980170729651638e-11,-4.044545996100796e-15,1.0000000000270532,0.9999999999979471,-6.885954708077492e-11,-1.9870069383103298e-11,2.59912023062242e-11,1.000000000025329,1.0000000000238807,-1.87619360774777e-11,-1.730049386729235e-14,-6.3959856344273825e-15,2.5559825433517376e-15,3.729850147457988e-15,1.0326719203011253e-11,1.33302669202313e-14,-6.771229962473812e-11,3.5427368907812923e-12,-6.7725432869266125e-15,-9.791041374721988e-15,-5.268278252840758e-11,3.772711629526082e-12,1.4637441847995727e-11,1.0000000000215552,-6.255500645967767e-16,0.9999999999975696,-4.473969051856047e-13,-4.6115343145674205e-15,-2.2445904251301527e-11,-2.657026099480686e-15,1.3151325429973395e-12,-3.27073660402525e-15,2.77827628777606e-15,-1.651507392204749e-12,1.3346825361151262e-15,1.2650654612220324e-12,1.1308915066185465e-11,1.0000000000243803,-1.5856687838413444e-12,7.325147293325331e-16,1.885230250041699e-15,9.932701062763656e-16,5.060135124865431e-16,1.0690021044000473e-11,4.145786259797486e-11,4.336590531893424e-15,0.9999999999988495,-6.751285909127347e-12,2.783831512172347e-12,3.2863846251856554e-11,1.7513104232230685e-14,-1.3328668336798774e-15,1.2103401898245157e-11,1.3562117328567592e-11,-4.470591339600666e-15,-1.2364353938630016e-15,1.9296980610285816e-12,-7.250268886490088e-12,-6.353810060196249e-14,1.7551571534223414e-14,0.999999999994592,8.655235541373461e-15,-8.278725944105437e-12,2.1648992554836876e-15,9.206021997918315e-15,1.0885569568914148e-15,1.6978102763241907e-12,-2.1852936577187555e-12,2.7690620430474523e-12,1.0000000000158145,3.964594838250436e-11,2.2656127683234726e-15,-1.3256610671832831e-15,1.0000000000007851,6.864045030885578e-16,-2.0701290606213114e-11,-4.0535054157688346e-11,-9.108776205825345e-13,9.055894437776392e-13,1.0000000000362494,1.3322771812550305e-15,2.029576975364144e-15,-1.4391188321347434e-15,-8.698098116855302e-16,-5.030852578393001e-16,1.7015790997837934e-13,-8.024623658830334e-12,-1.6083640394259738e-15,-2.2030911920604607e-14,-1.6201971943997323e-13,1.7290333269949095e-11,-4.586139014394059e-15
0.9999999999994742,1.0000000000011673,1.2903566404278181e-15,1.2460206800036383e-11,-2.4925460213309834e-16,3.4744673738685085e-12,0.9999999999914707,-6.277666836107612e-16,-1.7891137411597002e-12,1.000000000012709,0.9999999999954244,1.0444367540630188e-14,2.682740280214398e-14,0.9999999999782622,1.0423179121486665e-14,9.327595925344033e-15,1.0000000000042735,-4.1403516067596614e-16,3.4766788424495434e-15,2.7888459501051614e-11,1.000000000004931,1.4535756634411712e-15,7.605147825928928e-12,-1.020338663408184e-14,1.2719245570920997e-15,1.0777535710234198e-11,1.7697153349147382e-13,-7.234863131760425e-15,3.5098534180104685e-15,1.621164209725976e-15,0.999999999991256,1.6385323072496126e-15,-5.816888696391263e-15,1.1951349279748946e-14,1.2889697285301705e-14,-2.300774494177346e-11,-1.0210242811003344e-16,-7.504980528023257e-15,-4.044769708694993e-15,1.0000000000094447,0.9999999999803385,-6.885988090871162e-11,-9.954258194738518e-15,2.5990802295075923e-11,1.0000000000077203,1.0000000000062728,-1.8762342924e-11,-1.7300491841957324e-14,-1.2767671787981848e-11,5.101997221692066e-12,7.445527586786939e-12,5.1729749923971684e-15,2.6610066089008746e-11,-6.77124463501599e-11,1.7747220305658819e-15,-6.772422413682464e-15,-9.790545132543223e-15,-5.26828918526684e-11,1.8898498968900344e-15,1.463696662339012e-11,1.0000000000039455,-1.2484805152485564e-12,0.9999999999799623,-2.2434076052716007e-16,-4.612086683015956e-15,-2.244612870017987e-11,-2.6570117912401046e-15,6.586570279718835e-16,-6.528695773367324e-12,5.5455974580675865e-12,-8.274743955972994e-16,1.334924492081725e-15,6.336997777658986e-16,5.665108543321333e-15,1.0000000000067724,-1.585756938625529e-12,7.322953804782743e-16,3.7623810733571294e-12,1.9825746018878527e-12,1.0103702193163323e-12,5.355390046129022e-15,4.14574165157328e-11,8.655789860365659e-12,0.9999999999812417,-3.382347726865824e-15,2.783353231178815e-12,1.646353689224186e-14,3.495704210098134e-11,-1.3331627543179698e-15,1.2103043743847926e-11,1.3562141290988722e-11,-4.470916217214337e-15,-2.4684755746566815e-12,9.662717280006012e-16,-3.632265016830359e-15,-3.203995677083613e-17,1.7551377736226875e-14,0.9999999999769836,1.7275904162241682e-11,-4.14768072554864e-15,2.1649750205693517e-15,9.20567453683221e-15,2.1720589660039114e-12,8.504019375089344e-16,-1.0949118896481502e-15,1.386935946578667e-15,0.999999999998206,3.964556869931099e-11,4.523043576716195e-12,-1.3256347643803106e-15,0.9999999999831772,1.369685743507841e-12,-1.0370732837911282e-14,-4.0535309599483726e-11,-4.56460376877608e-16,9.052998463302631e-13,1.0000000000186409,2.6596443607488355e-12,4.051085080629054e-12,-1.4392748982887541e-15,-8.702615558167078e-16,-1.0042899162611138e-12,8.52336814144708e-17,-4.020144225533535e-15,-3.20991891233515e-12,-4.397661067196474e-11,-1.622625699617505e-13,1.7289931975093216e-11,-4.586467487101808e-15
2.0090995014679507e-11,2.084791223008701e-11,4.285680961809712e-16,3.865940403998557e-19,9.412592864440982e-20,3.4713152803055955e-16,1.044465668542496e-14,4.318460300818356e-16,4.154329544975586e-16,1.0444521987328427e-14,1.0444367540630188e-14,3.3007092774537515e-13,4.78561212237993e-16,2.0847681571034788e-11,4.20120953762864e-16,2.0391510238085297e-19,2.0847994615041814e-11,2.040139996465781e-19,-3.5350581048564984e-20,4.480519542234426e-16,2.0848177432653833e-11,2.3722908178670396e-16,3.4129218615778295e-19,5.36660808099983e-16,7.370022872791552e-20,1.3884464013366976e-19,1.8253976104865152e-19,3.7699298211918617e-16,6.78839755862615e-19,1.6626383960326407e-19,2.08478500610933e-11,4.1830166823794524e-19,6.357827368613886e-16,3.3938273981502643e-19,3.7923894870180765e-19,4.670346649384283e-16,3.792337760305393e-16,5.05783608569621e-16,1.2785498202894359e-19,2.084811038584284e-11,1.0443479494117697e-14,2.791181516619466e-19,-1.3366313671132494e-20,6.571424048011844e-16,2.0848023780254973e-11,1.0444498227394e-14,4.402758836371966e-19,2.8510568258681934e-19,5.268050992346808e-16,4.839982431956615e-16,3.5062680204417366e-16,2.5643964070143507e-19,5.258544682927303e-16,1.8432298804647616e-19,2.90671359255793e-16,2.968166619840933e-16,3.788455228737456e-19,5.092811521266172e-16,1.1323241107362007e-16,1.5755997529801272e-19,2.0847631009602262e-11,3.372064892258461e-16,1.0444271835940404e-14,2.2571048195617267e-19,-2.147745883206648e-19,5.894639935795873e-19,2.193201778444943e-16,3.4447291260819703e-16,4.4449500508232455e-19,2.0164325422796655e-16,2.3189664468710625e-16,2.817735065272138e-19,-1.021752018720046e-19,2.392869829303021e-19,2.0848070500796797e-11,3.3578906263148946e-16,2.164607169159669e-16,2.0873633242084245e-19,1.4017229768281367e-19,4.374035175927999e-16,3.369720545345011e-16,3.5677148387225343e-16,3.878936801360497e-16,2.0847930492897487e-11,3.203822638700137e-16,4.493728378226018e-16,2.829471728015925e-16,6.246105615718728e-16,2.6410223930842213e-19,3.2452240010536387e-19,2.2175629952985586e-16,-4.852650941827106e-19,2.0014763187767344e-16,1.1880627612050567e-19,4.7601262095964434e-20,2.716497626957027e-19,4.97143687884852e-16,2.0847692139833836e-11,2.856075146516194e-19,2.5852050803597444e-19,4.62320784099202e-16,2.4971048980529866e-16,2.9671993215627286e-19,8.991166302150749e-20,1.279980283014369e-19,8.357352294404927e-16,1.0444290103883532e-14,2.591618634352919e-19,4.948629587695963e-16,1.6397622848904674e-19,1.044395252738216e-14,3.466149322650688e-16,4.255001960120823e-16,3.980794848007213e-16,3.643936760184053e-19,2.6846309818150897e-19,2.0847642565869785e-11,7.951772550038711e-20,3.465397879116974e-16,2.738136337863716e-16,5.385777511518432e-16,-8.803680063315694e-20,1.8954511171570442e-16,-3.7290632275008286e-19,2.2719822088365536e-16,2.9034067332040043e-16,1.6086902444215545e-16,3.2621922153833393e-16,3.573158570867689e-16
5.2793816574691064e-11,5.355101423014373e-11,1.464074597094461e-19,4.627213950973093e-16,1.9031901972326673e-19,3.1451395149098925e-16,5.355087791797558e-11,3.1734144325912887e-16,3.289493902516074e-16,5.3551127103949354e-11,2.682740280214398e-14,4.78561212237993e-16,3.3002810199865766e-13,2.6827396232797387e-14,2.5674998233781133e-19,1.110450369667027e-19,5.3551188311357903e-11,1.5525158725740532e-16,4.149648583916548e-16,4.957696805289436e-19,5.3551024716703864e-11,3.960881926034796e-16,5.072336231679092e-16,4.797862880149072e-16,2.5526280799819354e-16,3.9877120253150863e-16,2.5688627510070155e-16,3.63359217982849e-16,3.72504536502612e-16,1.145219323323992e-19,2.6827674265485038e-14,-2.75498663576696e-19,3.704011408818663e-19,2.3918821406911006e-19,4.816291089097238e-16,7.444389767766294e-16,5.47598404930535e-19,5.29223356436763e-19,4.479207159460479e-19,2.6827286233697273e-14,5.355079586066219e-11,4.0991987138292547e-16,-9.578540311536212e-20,5.883082630171517e-16,2.6827627632110065e-14,5.355091072709967e-11,1.8729868438151095e-19,3.170496335038575e-16,5.352511324077919e-16,4.0456801424625524e-16,2.4532981789315326e-16,4.532864118497227e-16,3.764842318278681e-16,4.3918789181067774e-16,2.96685834972034e-16,-5.336710166352194e-22,5.523053487297772e-16,1.1124685660811578e-19,3.3402589209907833e-16,2.6256154220288325e-19,2.6827348908526253e-14,2.744181222960654e-16,2.682758143567502e-14,4.1366190041544867e-16,4.995982395471918e-19,3.256988129315595e-16,-4.1891285350526343e-19,3.1418362421914593e-16,1.6107289248600291e-16,5.751061556986121e-20,1.4496535289662807e-19,4.818633329802345e-19,1.8011535408038787e-16,3.4964416135226407e-16,5.355102668189725e-11,2.0467184804861642e-19,2.3422899123313494e-16,3.341737182908428e-19,8.018941594760335e-20,1.6713702907664946e-16,2.3299716854920833e-16,2.1308668957580013e-19,2.1967917636691673e-16,2.6827608241796523e-14,4.889940535342473e-19,2.710671666032881e-19,4.406319338162877e-16,2.5008140472573026e-19,1.9963464890017477e-19,3.666269373609998e-16,9.004848698272023e-20,4.879611313878464e-19,3.921750744500388e-16,5.55514064539452e-16,-1.119262337584076e-19,2.2669500801726633e-16,4.905067081988683e-16,2.68270504840973e-14,5.624872038145751e-16,2.2773814871476583e-19,-5.701396923329597e-19,3.1050464998980054e-16,3.763657719133738e-16,2.1957968714719305e-16,2.601009861693138e-19,4.5241065110346495e-19,2.682753872892727e-14,3.434780445294961e-19,2.249152047207125e-19,2.4964013153157377e-16,5.3550901393908877e-11,3.9143396009088596e-16,6.08966861005047e-19,4.43072404207531e-19,1.7513687356915786e-19,1.377321611030333e-19,5.355070653876375e-11,1.5693311607227306e-19,1.3866971256852392e-19,3.689884229812521e-19,3.9369422613452523e-16,2.6582873954853293e-16,3.18605125542887e-19,1.5116351514811912e-19,2.5118773341409806e-16,3.3820457851930514e-16,9.678758160640706e-21,4.269550796291499e-16,4.49945836562559e-19
