0.9999999999999963,-1.3033703208343032e-11,1.000000000019408,-8.039554853278366e-12,0.9999999999947802,0.9999999999558263,3.2692738827995196e-12,5.482322579615744e-14,1.388929524026701e-11,1.9116831144989953e-11,2.8171107732147707e-11,1.0000000000007483,6.860489941934877e-12,3.1101398970556452e-12,1.0039256054406597e-11,8.661981778813463e-12,-2.0096121732617995e-12,5.057484725329162e-11,1.0675862437714469e-12,2.7867737095698916e-12,-1.2062656242894089e-11,-1.4135057470113049e-11,-8.675036044663175e-11,1.0000000000059688,-1.4806306394663068e-11,-2.2663138081380824e-12,2.747091540822963e-12,1.8916202838694094e-11,1.3442797762791539e-11,-1.9838099060235067e-11,-1.3159646445729825e-11,6.052871762112832e-12,0.9999999999344195,1.0000000000263383,9.69656879331309e-12,-2.1552865511794157e-11,0.9999999999995483,-1.7759530933631516e-12,0.9999999999469535,2.7056609578993314e-12,3.531610936735835e-11,1.0125633978054956e-11,4.165306993549732e-12,1.0347981362792908e-12,9.295565311254644e-12,5.7134540830574944e-12,-2.3954156257493548e-11,-2.438449100703102e-12,1.824288856620148e-11,2.146927019572321e-11,-2.8549260420157106e-12,4.173870940331469e-12,-4.325696762161937e-12,-2.2030690632829007e-11,8.938236206627544e-12,3.995886769817196e-12,-3.6641764658416535e-11,2.141176557315382e-11,3.846943613434201e-12,-8.353713752641229e-12,1.662489602745034e-11,-7.086827082351929e-15,0.9999999999999506,4.304315227880099e-12,1.000000000011704,-2.169065830049831e-11,-1.7900315398691574e-11,-2.2667367254683734e-11,-8.899288142546517e-12,0.9999999999894141,-7.340132249044595e-12,4.312237735919053e-11,2.154214662414017e-12,0.9999999999978889,-2.4864580973897825e-11,4.539554688172685e-12,2.6350597408630948e-14,6.836396967485041e-12,-4.3673231698393626e-12,-3.040098424348227e-11,-1.2650421829859809e-11,4.0964186110125134e-13,-1.703296450453105e-11,-4.4562524949490816e-11,3.3605434835793e-11,5.9852710066728246e-12,1.5942839935033228e-11,-2.1832146409744018e-11,3.931734249417306e-12,-1.3194971591553059e-11,3.8832841478991934e-12,-3.2540734376191516e-12,-1.024308009541414e-11,-7.660141539043053e-12,1.0000000000283933,4.815465243841245e-11,-5.7514848926213854e-12,3.9230500639405096e-11,5.3756984739259974e-11,3.6913790406463065e-12,-2.1353911020665778e-11,-8.707825696975157e-12,-2.875518863800073e-12,7.757634717953462e-14,7.486911832936463e-12,-2.137764080376669e-12,-6.158905073517621e-12,3.152287122031545e-12,-1.4250639441340849e-11,6.652688900079685e-12,-4.608430519645187e-12,2.7324148298126852e-11,1.0000000000127751,-5.3634972297028713e-11,0.9999999999895518,1.3194654621217907e-11,6.66578876043996e-11,1.0000000000094937,2.7333445799392246e-12,-2.5283207268179526e-13,-5.498298514154948e-11,-1.7747553120094472e-11,1.1334847774600258e-11,4.828126274674269e-11,3.644548807325755e-11,0.9999999999691711,3.0089585472605673e-12,0.9999999999878283,0.9999999999330709
-1.3033703208343032e-11,1.284907535689583e-12,-1.358295353218743e-11,4.460832007270337e-16,-1.3583304878334973e-11,-6.8049717900240795e-15,3.534999948431476e-16,6.354552980795701e-16,4.692739655369631e-16,4.976326639564218e-16,6.308786054179398e-16,-1.3583241821058437e-11,3.6932498842635245e-16,3.6283525049678857e-16,3.4950390991376286e-16,4.552091973821182e-16,4.929789251555609e-16,7.358874659189959e-16,4.2785811196680266e-16,5.674181726894395e-16,4.835442792230124e-16,5.19657410352227e-16,7.889127667698082e-16,-1.3583189291843919e-11,6.362621721687662e-16,4.713008661136133e-16,4.228834373451576e-16,6.387791902721216e-16,5.6240799743940135e-16,7.167006493883164e-16,5.3702772823636e-16,5.259735844439282e-16,-1.3583460578392484e-11,-1.3583338183924185e-11,5.244128580542172e-16,6.766731681456401e-16,-1.3582975397894709e-11,4.141414383647236e-16,-1.3583729175801664e-11,3.7202611442141215e-16,5.16664037364124e-16,5.089205273340766e-16,4.106448051251948e-16,4.998263631020786e-16,6.431562029686674e-16,4.939937944653376e-16,5.493476988621259e-16,5.16195842927046e-16,4.995073436503475e-16,4.973169764117123e-16,3.3649342446660602e-16,4.3583197265301867e-16,4.373228951979864e-16,7.735331224103229e-16,4.797992404464017e-16,4.215648649230297e-16,5.424090722992376e-16,5.967207442597216e-16,6.442927763372398e-16,6.038304356320587e-16,5.7194833106575055e-16,5.019043877469893e-16,-1.3583340628286035e-11,4.823430805910344e-16,-1.3583088664204098e-11,6.551855549968306e-16,4.38824313042645e-19,4.913415310869362e-19,3.669926965049576e-19,-6.804978175327311e-15,3.5318789250545536e-19,1.7845472906198338e-19,-5.082837824770591e-20,-6.804885468881877e-15,6.684665504876871e-19,3.3170007374139617e-19,3.0133132293941146e-19,-1.3844978287868583e-19,5.857706402172877e-19,2.972077719242311e-19,2.4527243154231736e-19,-6.1117105081420794e-21,4.0236427147065384e-19,2.4098641795312314e-19,5.7047959960932645e-19,6.775420358263182e-19,1.6558952928199245e-19,2.544851862794074e-19,2.1711386019886052e-19,2.810067699064814e-19,-4.7098717127959194e-20,-4.220134951560365e-19,3.331906922410552e-19,5.201348819547172e-19,-6.80509311745585e-15,3.6234256666298945e-19,1.652622383623491e-19,6.912953675114888e-19,3.4034270267197627e-19,2.8635727924790975e-20,3.0815662247171646e-19,1.1975423797048198e-19,5.556170344612391e-19,1.9499951754656638e-19,3.8304417206329734e-19,3.808250147658616e-19,4.173000835549736e-21,-1.7012753818576478e-19,1.1258230225898836e-20,1.9229560700118663e-19,-9.372669671690934e-21,3.796292920124823e-19,-6.804929649455949e-15,2.918220428056079e-19,-6.804757679613961e-15,1.8865012644041975e-19,6.199462446270158e-19,-6.8044304584065135e-15,1.2856207150755718e-19,2.2467600330391184e-19,4.010893505618249e-19,5.668771822858253e-19,2.542348568918206e-19,2.8171390377223914e-19,1.5960296112152724e-19,-6.805233739676132e-15,5.815039096778413e-22,-6.804861478961769e-15,-6.805327755634816e-15
1.000000000019408,-1.358295353218743e-11,1.0000000000455465,-8.594047481172014e-12,1.0000000000196152,0.9999999999806622,1.3543346649591376e-15,-4.896676043802999e-13,6.679715088717261e-15,1.856233062458302e-11,1.3847660229237319e-14,1.0000000000255818,3.155840994562842e-15,1.277108197437574e-15,4.7471478664556095e-15,4.0622859756982365e-15,-1.2838410642604796e-15,5.004653408551824e-11,2.5560632749516176e-16,2.2409845475062813e-12,-1.2605206829554746e-11,-7.358457925571388e-15,-8.725231468077621e-11,1.0000000000308127,-7.686072108120189e-15,-2.8167686603742468e-12,2.1828244426176004e-12,1.8385944653164086e-11,1.289466913049013e-11,-1.0199953058829498e-14,-1.3703039886984398e-11,5.5024584648429785e-12,0.9999999999592549,1.000000000051174,9.155898720299515e-12,-2.2088118034948223e-11,1.0000000000243932,-2.3300056846045617e-12,0.9999999999717725,2.14346790120754e-12,3.477544602176221e-11,9.576382878719683e-12,1.8059860308527294e-15,4.821840907484631e-13,8.766795065715154e-12,2.5825855168018045e-15,-2.4496680648918068e-11,-1.4970710019298785e-15,1.7697658995389334e-11,1.0481766814020176e-14,-1.7172628214858971e-15,3.60851548106562e-12,-4.880104527050706e-12,-2.2563778629860982e-11,4.197529172686166e-15,1.719468079237536e-15,-1.8634001544903333e-14,2.0863769609907082e-11,1.6567517473053727e-15,-4.457362800965274e-15,1.6074695476449773e-11,-2.8067095848859246e-16,1.0000000000247864,3.7576408794946525e-12,1.0000000000365539,-2.2230459551432576e-11,-1.8441197787199163e-11,-2.3209045674447814e-11,-9.447990343694768e-12,1.0000000000142508,-7.882812387610714e-12,4.260345787144577e-11,1.597692327917879e-12,1.000000000022726,-2.541258207554743e-11,3.980129951473983e-12,-5.346532925122389e-13,3.1427208161592624e-15,-4.891333511037233e-12,-3.0952306959087654e-11,-1.319887014047799e-11,-1.4233180088340066e-13,-1.757525380927596e-11,-4.510746424198767e-11,3.306143842751527e-11,5.434380152055702e-12,1.5389832286524315e-11,-2.2377286547346276e-11,3.3644037840900265e-12,-1.3735743838881269e-11,3.343771702690677e-12,-3.793419023955363e-12,-1.0784494875371435e-11,-4.1114236156741986e-15,1.0000000000532268,4.762840995438743e-11,-6.3079179929839474e-12,1.9385842527485748e-14,5.32352848595522e-11,1.5675423370625816e-15,-1.0973391830381015e-14,-4.63643877511389e-15,-1.7244912783318443e-15,-2.386604739838936e-16,3.4700461781154112e-15,-1.3509320248531615e-15,-3.366270258360775e-15,1.3024549115166673e-15,-7.414948392902562e-15,3.0561500650101126e-15,-2.591588192528554e-15,1.3419892943832457e-14,1.0000000000376066,-2.7136951431514562e-14,1.0000000000144003,6.336547737951845e-15,3.312049295961457e-14,1.000000000034338,1.0899506675860546e-15,-4.071485573614818e-16,-2.7811567734681934e-14,-9.167257918065634e-15,5.400487825863612e-15,2.3911790066785316e-14,1.7994803181478033e-14,0.9999999999940111,1.2244684748845871e-15,1.0000000000126674,0.999999999957892
-8.039554853278366e-12,4.460832007270337e-16,-8.594047481172014e-12,1.2849381927396915e-12,-4.306013233382854e-15,-8.594543283176681e-12,1.4924034823298667e-19,5.32082772517495e-16,5.365759421237307e-16,2.678431886431187e-19,6.838167570649798e-16,-4.305668199660982e-15,3.782452843181963e-19,3.784981353526059e-16,4.3578867644190444e-16,2.299902685513636e-19,5.966614719401731e-16,3.2265721007049377e-19,3.1659830891117727e-16,1.818314661949218e-19,5.56732311930741e-16,3.614000061086812e-16,4.822825661858537e-19,-8.594343359435211e-12,1.7441994756033786e-19,2.808787237534721e-19,3.725163191693745e-16,7.796207859287065e-16,6.172579522760531e-16,1.7569616583641077e-19,5.329463495524387e-19,4.325322228550211e-16,-8.59469657937471e-12,-8.59446985716782e-12,4.1261162638135133e-19,3.0143129500297154e-19,-4.306063826073484e-15,4.917405856120958e-16,-4.305935974474947e-15,3.2376652292730497e-16,6.084990884169296e-16,3.227121359803967e-16,4.455370180213495e-16,4.4982441447894185e-19,2.178701778793268e-19,2.747360200408496e-19,5.322066581194622e-16,1.4058862280974844e-19,5.903746581408867e-16,3.2604520495344654e-19,2.6452323505406137e-20,2.285640198484807e-19,3.8702178926634915e-16,4.2770664642786054e-16,2.451542864985108e-16,1.775850156472757e-19,2.6967142448580913e-19,2.280067255885492e-16,3.124924668929566e-19,5.193935482182901e-20,-2.7978772044605824e-19,3.813111355235983e-16,-8.594440819996273e-12,3.2662842313073466e-19,-8.59427442877482e-12,4.767505778172666e-19,8.567007678958363e-19,3.402851925063982e-16,3.7306889434197094e-19,-4.30556383942636e-15,7.215809486094493e-20,7.835073426032028e-16,3.6026336757271414e-19,-8.59440873136788e-12,5.969415802780359e-16,4.931207086717885e-16,4.748618906119956e-16,3.4530437092187455e-16,6.88695812459748e-16,-1.197916020204846e-19,3.089776783250465e-19,4.264052774463637e-19,4.212922210022282e-19,3.5459983052905456e-19,6.23846557037128e-16,4.238037097119694e-16,1.2304365622337326e-19,4.2699042604847546e-16,1.0894461298853587e-19,5.044545905024219e-16,4.579978634535504e-16,7.399703870358042e-16,3.6963903123037324e-19,4.0030742060656956e-16,-4.305845828793254e-15,2.839794091379518e-19,1.1520887081030031e-19,2.4341754127598343e-19,5.308499709908646e-19,4.840198636168668e-16,5.470383345388006e-16,2.5466743761309546e-16,4.2207034389667686e-16,4.158501829837765e-16,4.4016124048435474e-16,3.6901364612184633e-16,4.562604847021081e-16,4.427609413250209e-16,3.8899237903931947e-16,3.8774467218531926e-16,3.892246596496281e-16,6.141343992556951e-16,-8.594470293654447e-12,5.475839111037028e-16,-4.3052830466473244e-15,3.787035699853228e-19,4.466825543687554e-19,-4.305639448627184e-15,2.8351946264118923e-19,1.6136855718206576e-19,6.101293544514309e-19,1.0477685276187731e-19,6.082211530876491e-19,4.4845168289788404e-20,9.068748038759878e-20,-4.3056690541429916e-15,2.43293864013152e-19,-4.305309167672516e-15,-4.3059169715983585e-15
0.9999999999947802,-1.3583304878334973e-11,1.0000000000196152,-4.306013233382854e-15,0.9999999999962464,0.9999999999560119,1.3541952524715537e-15,-4.901403819285007e-13,6.679582033677336e-15,9.29919863881297e-15,2.764050492906203e-11,1.000000000000932,3.1560291615410405e-15,1.2772398383981957e-15,4.7471209542201806e-15,8.107316686459332e-12,-1.2840407642089052e-15,5.0046076943196746e-11,5.107657302830571e-13,1.1223690360389025e-15,-1.2605523795140204e-11,-7.358555999552635e-15,-8.725301548532787e-11,1.0000000000061617,-1.5343615066328788e-11,-2.8170603809762785e-12,1.0931531992911827e-15,9.210833850664562e-15,6.459700307930868e-15,-1.0200388554662245e-14,-1.3703454400801282e-11,2.7558777960247036e-15,0.9999999999346051,1.000000000026523,9.155411304861975e-12,-2.2088634568938197e-11,0.9999999999997421,-2.330339048950144e-12,0.999999999947124,2.14311231186308e-12,1.742098826207635e-14,9.576102332571752e-12,3.6058294472850663e-12,2.4132681493503144e-16,8.766248165639625e-12,5.154151283206349e-12,-1.2272314239218716e-14,-2.9882919459868806e-12,8.865778631501569e-15,1.0481993649228152e-14,-1.7172389767158362e-15,1.807499220726973e-15,-2.4445310943540978e-15,-2.256425598838683e-11,8.378675991263935e-12,1.7193272673622363e-15,-3.719561947337277e-11,2.0863422311846e-11,1.6563166301644155e-15,-8.898417395547324e-12,1.6074449093966624e-11,-5.600464899815048e-13,1.0000000000001368,1.881993492349038e-15,1.0000000000119045,-2.2230899596772657e-11,-1.844162851884862e-11,-1.1627385275104002e-14,-4.733430006909076e-15,0.9999999999895998,-3.949310348949529e-15,4.260283806117363e-11,8.00291401229937e-16,0.9999999999980752,-1.2731372176808514e-14,1.993831667746027e-15,-2.679145773971818e-16,3.1427310849203194e-15,-2.4505174762686417e-15,-1.5506429387751256e-14,-6.612716970427845e-15,-1.4266539124973705e-13,-8.805111693544802e-15,-2.2597884296587033e-14,3.306104393910615e-11,5.434006546173562e-12,7.709779326578241e-15,-2.237771069144747e-11,1.685004710390325e-15,-1.3736133636447554e-11,1.6747499800069389e-15,-3.79383995418407e-12,-1.0784862367348132e-11,-8.207143685889194e-12,1.0000000000285767,4.762793241232546e-11,-3.1601860836798106e-15,1.9385941546371978e-14,5.3234692034920684e-11,3.128664317712763e-12,-1.0973583693054184e-14,-9.254538485082117e-12,-1.724635104445114e-15,-2.387016734957245e-16,6.9260810289098114e-12,-2.696512856149017e-12,-3.366243093800957e-15,2.59920627896044e-12,-7.415571664995106e-15,6.100202827692291e-12,-2.5918023746957726e-15,2.6788473887736937e-11,1.0000000000129565,-5.416883930196013e-11,0.9999999999897495,1.2648080597704566e-11,6.611192767861603e-11,1.0000000000096865,2.1755283892686232e-12,-8.131793626525993e-13,-5.5516471221149804e-11,-1.829918771931573e-11,1.0779633373765029e-11,2.3911650379988516e-14,1.7994742704283514e-14,0.9999999999693587,1.2243122784806373e-15,0.9999999999880179,0.9999999999332423
0.9999999999558263,-6.8049717900240795e-15,0.9999999999806622,-8.594543283176681e-12,0.9999999999560119,0.9999999999183463,1.354117186612663e-15,-4.901302359050904e-13,6.679535580286861e-15,9.299103024321846e-15,1.3847697811874383e-14,0.9999999999619797,6.299491821904871e-12,2.549451037184519e-12,4.7471062648502795e-15,4.061231753212087e-15,-1.2843803052799828e-15,5.0046006665012796e-11,5.107755553846162e-13,2.2405752584530494e-12,-1.260556110927063e-11,-7.358319951767742e-15,-8.725307421545188e-11,0.9999999999672103,-1.5343624236323924e-11,-2.817095563113408e-12,1.0931488011237324e-15,9.210554660562446e-15,1.2894281763738236e-11,-2.0360878050176696e-11,-6.865266219714776e-15,2.7563889432820294e-15,0.999999999895652,0.9999999999875706,4.586607587894212e-15,-1.1066068160839226e-14,0.9999999999607896,-1.167465413500953e-15,0.9999999999081708,1.0734558326587826e-15,3.4774975209767616e-11,4.797326981260689e-15,3.605820918431239e-12,2.4134557771068204e-16,4.391414202484e-15,2.5820065677939076e-15,-1.227283002231755e-14,-2.9883696130153718e-12,8.8658850005201e-15,1.0481592135706887e-14,-1.7176377568076015e-15,1.8078704478345258e-15,-2.4449712650250346e-15,-1.1304253737206073e-14,4.197414254910473e-15,1.7193822819073088e-15,-3.7195668802653775e-11,1.0451987068270873e-14,1.6565008075103663e-15,-4.4577843082388196e-15,8.052963290252285e-15,-5.600998839952366e-13,0.9999999999611853,1.8824230673781685e-15,0.9999999999729505,-1.1137399750410021e-14,-9.238966555198276e-15,-2.3209498383182485e-11,-4.733451389986682e-15,0.9999999999506471,-7.883257422795643e-12,4.260280133366252e-11,8.006909111163208e-16,0.9999999999591238,-1.2731309524296546e-14,3.979794974962424e-12,-2.680468468476413e-16,6.273416007816896e-12,-4.8918856482536165e-12,-1.5506552703103733e-14,-1.319929673562216e-11,-7.117641829140603e-17,-1.757573032774702e-11,-2.2597856409281303e-14,1.6562537096327797e-14,2.722203960946764e-15,1.538952006743284e-11,-2.237774113488917e-11,1.6852354404333012e-15,-6.881208113809402e-15,1.6748700178607297e-15,-3.7939014138170786e-12,-1.078488258571209e-11,-8.20717592928185e-12,0.9999999999896236,4.762784499147771e-11,-3.1603584131854766e-15,3.869669664362517e-11,2.6669242071820818e-14,3.128692587867559e-12,-2.19048035592241e-11,-4.636757694562177e-15,-1.724562891830175e-15,-2.3899110797784013e-16,6.9260768606922595e-12,-1.3506529268826982e-15,-3.36645849593912e-15,1.3020399998056935e-15,-7.415700464690917e-15,3.055977638142716e-15,-2.5917124673415313e-15,2.6788443125445932e-11,0.9999999999740035,-2.7137202530852906e-14,0.9999999999507986,6.336340206688231e-15,3.312012889555851e-14,0.9999999999707344,1.0897587045286197e-15,-4.078002869903915e-16,-5.551649241259599e-11,-9.166957011940416e-15,5.400214448168177e-15,4.773023778085493e-11,3.591949861142921e-11,0.9999999999304057,1.2240171106063055e-15,0.9999999999490641,0.9999999998942903
3.2692738827995196e-12,3.534999948431476e-16,1.3543346649591376e-15,1.4924034823298667e-19,1.3541952524715537e-15,1.354117186612663e-15,1.2847564621601647e-12,3.595055501187784e-16,3.400288790489376e-16,2.730282071752962e-16,1.7724327225793458e-19,1.3540294275504387e-15,2.754555824365788e-16,-1.4914129903757967e-19,-1.772659468049269e-19,3.34982364696408e-16,3.584204796796299e-16,4.090173437164901e-16,-5.3554971462907394e-20,9.511046512874037e-20,3.6600094606911736e-16,2.4067517267422524e-16,5.61961929645014e-16,1.354158266677808e-15,2.644366012517727e-19,-7.964659444481736e-20,2.469684857960237e-16,3.5174007463318523e-19,1.5029729297830398e-19,1.5665607601589962e-19,3.533004985139929e-16,3.3318799300029974e-19,1.354439002614604e-15,1.3539169959374356e-15,4.121657689038988e-16,2.769597552072385e-19,1.3548079793424896e-15,2.9036288902226333e-16,2.7030597582174637e-12,1.8090213246698477e-16,-5.3457626847372107e-20,2.0678912639068971e-19,2.905394566681905e-19,-3.161518273825793e-19,3.9021889810802867e-19,2.1340203871883487e-16,1.8529784136503612e-19,3.428940287318586e-16,3.855479900795753e-16,-9.585006642486702e-20,2.675553787640057e-16,6.628790939543816e-19,2.7284140350844705e-16,1.599805937510413e-19,2.3423779078930507e-16,2.220047200762855e-16,3.6859580526716543e-16,1.821692195097947e-19,3.589049154057805e-16,3.6102375919510467e-16,2.0421079851757925e-19,1.8090759466069647e-19,1.3541242911011224e-15,1.6641805733550638e-19,1.3543614789132399e-15,2.0830517133632005e-19,-2.3334159927249126e-19,-3.47889571177041e-19,2.578915434543526e-19,1.3540951931573984e-15,2.674150148836711e-16,1.0749406890294743e-19,3.1318867439961454e-16,1.3541266303047752e-15,3.5801827961514963e-16,2.931831713490572e-16,1.3493453508887365e-19,3.58297006496054e-19,4.720844666621726e-16,-9.777664180129839e-21,2.923816294907014e-16,2.972682338734702e-16,3.7426926175438534e-16,3.804152468121339e-16,2.2736063085901526e-19,1.375981375126759e-19,3.2785275273842635e-16,1.2445752982883995e-19,2.0227719362094467e-16,3.531587618345399e-16,3.5520542846875407e-16,3.779505461645836e-19,3.8886640789749266e-16,3.147340031393267e-16,1.354081545723325e-15,1.4969558875713598e-19,1.2598307963762345e-19,3.328498279054173e-16,5.125110824164885e-16,3.0717560507017327e-16,3.298625050511404e-16,2.5102631863428863e-16,1.4933139596870914e-19,4.382136677223385e-19,4.506632099370147e-19,2.5924344788645114e-16,-7.376286725991517e-20,2.833722681329327e-16,2.643539158608974e-16,1.0105212292482567e-19,2.3506432178204464e-19,2.0089233370679439e-19,1.354112954765565e-15,2.0750701569964391e-19,1.3544159966823366e-15,3.700836944449065e-16,6.198856997332421e-20,2.703420955854301e-12,3.308485300495971e-16,8.257501492530347e-20,-1.0625869255192308e-19,2.6182577055742063e-16,-6.337961570239643e-21,3.3778234450557296e-16,4.184653592699654e-16,2.7033355572320303e-12,2.394536309729695e-16,1.3542188263227408e-15,1.353915612696719e-15
5.482322579615744e-14,6.354552980795701e-16,-4.896676043802999e-13,5.32082772517495e-16,-4.901403819285007e-13,-4.901302359050904e-13,3.595055501187784e-16,1.2849642463329674e-12,5.640522345469044e-16,5.958152746460436e-16,2.6880522675166747e-19,-4.900264958681394e-13,5.190556662220736e-16,2.821133858113348e-19,4.54616868173912e-16,2.2045522722046745e-19,5.591699466644437e-16,7.890120912717971e-16,1.5768164323363936e-19,1.7901216392352212e-19,5.85810747703135e-16,1.9777086957286857e-19,9.363865075322321e-20,-2.4514385285554146e-16,3.474743009599801e-19,2.0868196947578476e-19,4.4348773253788174e-16,7.311148108082539e-16,3.48315498873504e-19,8.068331599042414e-16,3.039335856966561e-19,1.3177293562806142e-19,-2.4570854319418785e-16,-2.4563341017820845e-16,7.03721522180155e-16,7.589397795227006e-16,-2.4472438498329435e-16,2.6795845977315366e-19,-4.905895727078987e-13,4.546581263584905e-16,5.937897351804015e-16,5.974440986535698e-16,1.331768679618175e-19,5.958774646434751e-16,7.860887929823891e-16,5.03428267811393e-16,6.398561696110089e-16,5.254122050670557e-16,5.844027274302823e-16,6.08095799142091e-16,-1.0782379361365981e-20,8.469352921428814e-21,-1.9588702375891667e-20,7.776903116576319e-16,4.95045266662995e-19,3.661290139882171e-19,3.4977006794663676e-19,6.189953941970875e-16,7.463674471618351e-16,6.290912170305364e-16,6.089547198351332e-16,5.33050176274816e-16,-4.901016896326775e-13,3.419966704130651e-19,-2.4544138638374205e-16,2.757256716208385e-19,7.56232084066437e-16,7.551811892029484e-16,5.193571604436173e-16,-2.4564388437633123e-16,6.087245636580894e-16,4.754665383758674e-19,4.3922194158737745e-19,-4.901177478547015e-13,3.933374206587906e-19,4.657880888471918e-16,4.701534622212572e-16,4.3160037471017653e-16,4.791255526576559e-19,3.5607617832880986e-19,6.10874929503485e-16,1.586527565553215e-19,1.7584928651084282e-19,6.92403886301435e-19,6.835232860862616e-16,2.683814449051914e-19,5.409635677403782e-16,6.58414983731571e-16,4.489705514979025e-16,6.571110208602412e-16,7.838108929938326e-16,6.785388758806275e-16,6.427998743629494e-19,6.652025257167554e-16,-4.903189693659745e-13,4.89402085973019e-19,4.976049613437568e-16,8.268939886320931e-16,8.323402472221948e-16,3.256403473932724e-19,3.4752971249616613e-19,4.042581509847854e-19,4.458625931450301e-16,6.271876462295842e-16,4.738070759898356e-16,8.051692942125695e-20,2.5240790219186107e-19,7.683087189711473e-19,2.4943564466439275e-19,1.5994598673854507e-19,4.441673690176222e-16,6.455862231070152e-19,-2.4532571662244694e-16,7.079643356939999e-16,-4.898296761911019e-13,1.721687283041325e-19,6.464130082172808e-16,-4.898454331685303e-13,-3.871008385171029e-20,4.888478003739874e-16,7.867788103799755e-16,6.001744098139899e-16,5.489327981446241e-19,-3.437765587713112e-20,5.760652514537967e-19,-2.455117827061803e-16,2.2896693443532334e-19,-4.899785270881139e-13,-2.4587547483877773e-16
1.388929524026701e-11,4.692739655369631e-16,6.679715088717261e-15,5.365759421237307e-16,6.679582033677336e-15,6.679535580286861e-15,3.400288790489376e-16,5.640522345469044e-16,1.2848971934786875e-12,3.9378305150556347e-16,5.494452631511226e-16,1.3333434281529216e-11,3.7208246860814025e-16,2.719028593891834e-19,3.6751173464063913e-19,2.7271087916275346e-19,4.943383340274618e-16,5.756560077945477e-16,3.4318673468996263e-16,3.345887197274511e-19,4.429669802952366e-16,4.378379270088967e-16,4.1841657202775294e-19,6.67978483942858e-15,8.645317885281527e-20,4.2564409106808153e-16,3.7391104906674506e-16,5.905022901183796e-16,5.002294504295663e-16,6.888621766822502e-16,1.5332819225782472e-19,2.8583427239908355e-20,1.3333245223848574e-11,6.679658789672232e-15,5.963012435461236e-16,2.013940904122909e-19,6.679347060143245e-15,4.2856040234288137e-16,1.3333054424771015e-11,3.740549434448131e-16,5.15850269122999e-16,3.5744626445995263e-16,3.603784942377432e-16,1.155805232074641e-19,2.857472189791831e-19,4.3456489034223336e-16,2.356824128234523e-19,3.608867457172937e-16,4.64615967254634e-16,4.578134448590861e-16,3.106264844329137e-16,3.178314256645511e-20,3.1590268117418197e-19,5.688716466436176e-16,2.0075781092672387e-19,3.264746103997071e-16,2.8228606535447575e-19,8.867183451331979e-20,5.182404409036872e-16,4.3168885025312947e-19,3.854615552640918e-16,-2.061186761190323e-19,1.3333426276089421e-11,4.0217358438186327e-16,1.333353126294776e-11,5.488591971827898e-16,3.4878703766967946e-19,3.18573385871425e-19,6.901534575195224e-20,6.679655368362639e-15,4.435488692377105e-16,7.301230207299505e-16,4.495974888639515e-16,1.3333398127143508e-11,4.999133764392548e-16,1.3386134402223401e-19,4.2375488894149223e-16,3.6417894561369654e-16,6.747240914121947e-16,4.419725657522598e-16,3.0071433622658284e-19,4.0847761734121455e-16,5.488897083249535e-16,5.604957573136633e-16,1.2859435914876996e-19,3.630529443361393e-19,1.5635861184107797e-19,2.341482218696208e-19,3.925289644210925e-16,-6.609636720632748e-19,3.8174688318039694e-20,1.7869380688028344e-19,4.869806400691937e-16,4.749745832671546e-19,1.3333201371610937e-11,5.747194590144441e-16,3.7221906059987614e-16,1.3716629869733303e-18,7.185491570080594e-16,3.9762534832166304e-16,2.91474754524067e-19,3.9741162516810743e-16,1.729469899136942e-19,4.376972657407098e-16,-2.346191787358962e-19,2.520062224913143e-19,3.538572582239483e-16,4.816885952759994e-16,4.3991087436349646e-16,3.9467479909524023e-16,3.2138256585634625e-19,6.066541627489327e-16,6.67965455866785e-15,3.82011792992368e-19,6.679338328887833e-15,4.84023610639633e-16,6.109080588835888e-16,1.3333545336250751e-11,2.5310065858927793e-19,2.979239552759767e-16,5.832792976264141e-16,4.22986228197153e-16,4.279991897118716e-16,4.754269740259614e-16,5.793666613566386e-16,6.679439077967761e-15,-2.6140665267218886e-19,6.679610282331418e-15,6.6794975182086075e-15
1.9116831144989953e-11,4.976326639564218e-16,1.856233062458302e-11,2.678431886431187e-19,9.29919863881297e-15,9.299103024321846e-15,2.730282071752962e-16,5.958152746460436e-16,3.9378305150556347e-16,1.284878903557956e-12,5.272462318511663e-16,9.299369997897079e-15,3.6478283180472444e-16,3.7133329918532077e-16,8.459336373946589e-20,2.0468316184498788e-19,2.335194140374192e-19,6.1961615557171215e-16,2.290462206849085e-19,5.062990268779883e-16,4.0465010118618604e-16,4.29001705658884e-16,6.470640752216198e-16,9.299506699738801e-15,3.5997444282304736e-19,9.774342826380091e-20,1.7728058969692362e-19,5.014223595457034e-16,3.641194255702854e-19,1.211225097286232e-19,5.001590678933881e-20,4.3386040988787805e-16,9.298943634071169e-15,9.298830398247916e-15,4.530791607006472e-16,5.880110694983659e-16,1.8562316556845546e-11,3.5103106563682795e-16,1.856166813918383e-11,3.4041498317862014e-16,2.497654802160458e-19,4.807129017197483e-16,3.6803295613864217e-16,3.318623245160499e-19,9.405799334758906e-20,2.1826905135762486e-19,-2.0219402105647886e-19,1.7008400347383968e-19,5.669868628794971e-19,4.724723038166212e-16,2.61848511885311e-16,2.1813540556624785e-19,4.829783603187657e-20,4.0626322311082444e-19,4.38014185685374e-16,1.7191638096484315e-20,2.1896586684497306e-19,5.348698654534933e-16,5.852280069712304e-16,2.251159587847938e-19,4.736674949084169e-16,1.9032995509950325e-19,9.298909100832756e-15,3.698821961229954e-19,9.299207297967269e-15,5.666661204848434e-16,2.787259666599732e-19,4.140443013999705e-19,2.954258346049782e-19,1.856199526080642e-11,3.923144950666539e-19,5.0731256619284945e-19,3.9137811949621923e-16,9.29907302951203e-15,2.5491764096565234e-19,2.52594196644257e-19,3.2606840175387197e-16,4.1510622834149797e-19,7.326345026292989e-16,5.41313782316266e-16,4.948341102757553e-16,3.5544312894190476e-19,1.1105950539298837e-19,8.3605552570526745e-19,4.951936760682813e-16,4.480707083951603e-16,5.4057668447116e-19,6.169377931708398e-20,1.8058738950600848e-19,2.438999669046789e-19,4.292122609037387e-19,4.497709284244878e-16,4.6078759868184096e-20,1.8779951886984138e-19,1.856184970141584e-11,2.1389881769233178e-19,3.944717252137546e-16,6.647595833286528e-16,3.199555226130103e-19,3.842154815532885e-16,4.113407446720445e-16,5.436754327224184e-16,3.0249394900839266e-16,4.7962261092602e-16,3.286919533156328e-16,4.581441258300577e-20,2.1653500201724733e-19,3.7988249181125167e-16,3.3805268178937855e-19,1.9006771661647093e-19,3.1745135904140296e-16,3.4930128597678414e-19,1.856206612846635e-11,4.206798973993725e-19,9.299119218598588e-15,4.3583884024993437e-16,4.412879527188217e-16,1.8562209100350693e-11,3.5177598546526696e-16,3.897559125077447e-16,9.22387351241296e-21,4.638723077821423e-16,4.0446696709152974e-16,5.089459753456451e-16,3.696094960808249e-19,9.298968502380148e-15,1.3078058551143096e-19,9.299192207366734e-15,1.856155383987011e-11
2.8171107732147707e-11,6.308786054179398e-16,1.3847660229237319e-14,6.838167570649798e-16,2.764050492906203e-11,1.3847697811874383e-14,1.7724327225793458e-19,2.6880522675166747e-19,5.494452631511226e-16,5.272462318511663e-16,1.2851255782914545e-12,2.7640614593061512e-11,1.7970413807493266e-19,4.968906636575531e-16,2.9145888328156776e-19,2.762442725063497e-19,6.020529419288706e-16,5.003410661932459e-19,5.337667044846497e-19,6.257246832259173e-16,5.42785107987966e-16,1.32328074313455e-19,6.373284043335347e-19,2.7640672100575082e-11,7.235648866430954e-16,2.0243952867097297e-19,4.870129906586879e-16,6.378983220597256e-19,6.086679173717019e-16,8.866103936948526e-16,6.622192195100147e-16,4.535785505617013e-19,2.7640312793048404e-11,2.7640519506590594e-11,3.4314282582437782e-19,4.876332532440391e-19,1.3847432464776402e-14,2.396675037581588e-19,2.7640027394714834e-11,-7.527055667239785e-20,4.381378995174165e-19,2.649229128506505e-19,2.1515137363784668e-19,2.199669204473749e-19,1.1286265368343608e-19,6.065732417285666e-19,4.892985757282231e-19,2.449397467609017e-19,1.4025142932036638e-19,6.055071389429162e-16,-2.6505333755615715e-19,4.499581444737847e-20,4.839821317330184e-16,5.092481910488298e-19,4.470059339484791e-16,2.1860920796694416e-19,3.320366898762588e-19,6.021030009586688e-16,7.085424955635716e-16,6.2208397381352955e-16,4.856114907040648e-16,5.565033650024588e-16,2.764058890629824e-11,2.6491336526114427e-19,2.7640743867115086e-11,7.280699522896126e-16,6.512758934826986e-16,3.944826507985572e-19,5.266937455452051e-16,1.3847109907304592e-14,-8.72996241257368e-20,9.542114638521038e-16,3.610012028411015e-19,2.764053496761326e-11,6.367617759196426e-16,4.893047684677152e-16,5.579584132084306e-19,4.4992024521270895e-19,8.91537779683964e-16,7.206923286230997e-19,2.7829092964381825e-19,3.468812537535067e-20,6.774845074703159e-16,2.728779665247978e-19,3.7012424455433974e-19,6.396136010485656e-16,4.475742781023883e-20,3.632708289933187e-19,5.025100023920357e-16,6.352380689855214e-16,2.667405539369152e-19,6.92613527072e-16,6.158814532351408e-16,5.979109492782722e-19,2.7640261396663583e-11,5.0124990037488785e-19,2.0200542686034243e-19,8.418082648431612e-16,9.144266858179826e-16,4.551023232936877e-16,-3.358740285269377e-20,5.781600844958275e-16,4.264779421232719e-16,2.1560923501959693e-19,4.451534531641463e-16,2.0881283798191145e-20,2.2765524552388207e-19,6.228651800020215e-16,5.837408985261252e-16,6.708503140590501e-19,4.690244620878509e-16,3.9314622139627663e-19,1.3847127042670795e-14,4.41561487781033e-19,2.7640809616564928e-11,3.145620420210024e-19,6.007460624224911e-19,1.3847333007364045e-14,4.944965749710029e-19,3.9473037675409507e-16,4.428836821164644e-19,2.537250829432703e-19,5.476950012493644e-16,1.5942164110680233e-19,8.43073077009388e-16,2.7640573424923536e-11,3.9845886205331814e-16,1.3847283770106096e-14,1.3846618464121725e-14
1.0000000000007483,-1.3583241821058437e-11,1.0000000000255818,-4.305668199660982e-15,1.000000000000932,0.9999999999619797,1.3540294275504387e-15,-4.900264958681394e-13,1.3333434281529216e-11,9.299369997897079e-15,2.7640614593061512e-11,1.000000000008195,3.1555240292545613e-15,2.549495939573721e-12,9.475972791059086e-12,8.107378827280608e-12,-1.2841278440549563e-15,5.004617363523195e-11,2.5576026333666705e-16,2.240697013007394e-12,-6.315033429311051e-15,-1.4688573622192455e-11,-8.725288467030348e-11,1.0000000000121299,-1.534351401641972e-11,-1.4110357573682032e-15,1.0931478756708635e-15,1.8385588810419746e-11,6.459675398117336e-15,-2.0360683200849707e-11,-6.86539190366417e-15,2.7561419178808442e-15,0.9999999999405732,1.0000000000324911,9.155513659868197e-12,-2.2088530213678982e-11,1.0000000000057117,-1.1677307531344802e-15,0.999999999953091,1.0736340689522715e-15,1.742141787270173e-14,4.7972736421159814e-15,1.8063788232993742e-15,2.415852626994825e-16,8.766351078616852e-12,5.154196023686879e-12,-2.4497023123787756e-11,-1.4969763911143861e-15,1.7697403837437915e-11,1.0482059401696237e-14,-1.7172934378365548e-15,1.8073874214078237e-15,-4.880327723832832e-12,-2.2564172707659078e-11,4.197439634246596e-15,3.432198427754723e-12,-1.8634123681308125e-14,1.0452028884442074e-14,3.306362340342892e-12,-8.898348045319246e-12,8.052527329490442e-15,-2.807326239919231e-16,1.0000000000061047,1.882274736360808e-15,1.0000000000178704,-2.2230809093104104e-11,-1.8441498574508732e-11,-1.1627366125753796e-14,-4.7334262466860734e-15,0.9999999999955677,-3.948974994324464e-15,2.1342866520871785e-14,7.999797054421681e-16,1.0000000000040454,-1.273089123581654e-14,3.97988177230407e-12,-2.681302126940409e-16,3.1428949455908315e-15,-2.450709351486252e-15,-1.5506498245610083e-14,-1.3199172887178913e-11,-1.4260382868489157e-13,-1.7575620067385578e-11,-4.510782629700687e-11,3.306111815363641e-11,2.722285149975563e-15,7.709489090638528e-15,-2.2377636030194955e-11,3.3641225533105665e-12,-6.881378752160358e-15,3.3434602538230484e-12,-1.9008605669803807e-15,-5.402765381430151e-15,-4.1115987360392e-15,1.0000000000345433,4.762801342611039e-11,-6.30815799235043e-12,3.869682550090902e-11,2.6668790098388075e-14,1.5671653196463641e-15,-2.1904674280610428e-11,-4.636211175376711e-15,-1.7245707104375145e-15,-2.387276301703329e-16,3.4698382888771424e-15,-1.350926990149569e-15,-3.366408248779889e-15,1.3021160938143658e-15,-7.415502964199517e-15,3.0559296393417453e-15,-2.5917003642217156e-15,2.678857713374101e-11,1.0000000000189244,-2.7137347686435416e-14,0.9999999999957192,1.2648169031156166e-11,3.3120399112966856e-14,1.0000000000156546,2.1755522041199047e-12,-4.074717844735894e-16,-2.781175677494345e-14,-1.8299084708977742e-11,5.400349670162985e-15,4.773036887724904e-11,1.7994479057927882e-14,0.9999999999753266,1.224345746177334e-15,0.9999999999939847,0.9999999999392105
6.860489941934877e-12,3.6932498842635245e-16,3.155840994562842e-15,3.782452843181963e-19,3.1560291615410405e-15,6.299491821904871e-12,2.754555824365788e-16,5.190556662220736e-16,3.7208246860814025e-16,3.6478283180472444e-16,1.7970413807493266e-19,3.1555240292545613e-15,1.2848767341779457e-12,3.76823347486762e-16,3.6127327288598015e-19,3.321370794037043e-16,3.8110641159979986e-16,9.046558244866598e-20,2.0261038305297627e-19,4.1558619422228285e-16,3.5288384326156373e-16,3.731076718236956e-16,3.224022554955701e-19,6.299548039898353e-12,2.2307170246229527e-19,3.353104383528159e-16,7.030506918094316e-20,4.528281069286193e-16,2.8515728713405594e-19,4.3698650394098655e-20,2.5276465093472175e-19,1.800055055081856e-19,6.299352537544575e-12,6.2994889680021046e-12,5.053697805941087e-16,4.978381857261468e-16,3.155942430559384e-15,3.564963608230141e-16,3.155697062215602e-15,3.3771227428188725e-19,3.3631078451007875e-19,3.264968822237701e-16,7.188289128085212e-20,1.2121962791627495e-19,3.112173409643971e-19,7.592573893349279e-19,4.3344631360899643e-16,2.872015173532361e-19,1.9453699580583974e-19,3.7961926683006274e-19,5.294786544201392e-19,6.147381165718768e-20,3.166631711232993e-16,2.3869833046612785e-19,2.912203002352139e-16,2.927364350851906e-16,4.0834008021756846e-16,3.698282409621432e-16,3.160088313527256e-19,3.6835034599952103e-16,-9.288634551366308e-20,3.3861196872312887e-16,3.1558918562634055e-15,3.969260882235501e-16,3.1559079210880175e-15,4.671243089956879e-16,2.293059967734094e-19,1.4184359894527004e-19,3.000911631919882e-16,3.1558062059370987e-15,2.175263705407384e-19,1.3578672865361142e-19,2.0035686350907618e-19,3.1555300719551683e-15,4.2969370165884404e-16,3.9028923916258883e-19,-4.461341793651039e-20,3.1668438397799263e-16,6.269301414673674e-16,3.905242549470311e-19,3.7442147419461153e-16,3.2152730156351947e-16,4.727268339929866e-19,4.844917345212553e-16,1.304423283609162e-19,2.2492395541733396e-19,1.6968065655066146e-19,4.372250187542518e-16,3.5487285788724054e-16,4.0819405950005905e-16,4.773339234994602e-16,4.3729440942598427e-16,4.1297146264369463e-16,9.785681440832383e-21,3.1557262841651197e-15,4.66711529253455e-16,3.0564834461601727e-16,2.5903198689998616e-19,5.818967049386126e-16,3.5780269606668073e-16,3.9944327420799247e-16,3.8357645728896074e-16,2.4703938985818875e-19,4.05112768608863e-16,1.3775695884927553e-19,1.8551034860439815e-19,2.749559456180789e-16,3.3189229922658355e-19,2.4212449895345976e-19,3.490331752441848e-16,3.2878395112255974e-16,3.2166792359614647e-19,3.1556728018470328e-15,1.8612901724192306e-19,3.1558677176360467e-15,3.95357153358459e-16,4.599515167354721e-16,6.299686398023405e-12,3.6660733862928524e-16,2.833032458446117e-16,5.157402162816393e-16,4.0753411080609657e-16,3.5218713457230726e-16,6.30293971920629e-20,6.21302617346409e-20,3.155809904469278e-15,2.822572269776744e-16,3.1557265821714792e-15,6.299050553065378e-12
