1.0000000000000089,-7.561153266894748e-13,5.70393580745668e-13,-8.932765205947198e-12,-1.502825331541604e-11,4.329364651094238e-11,2.1428030299568894e-12,-4.6811761651978544e-11,1.5651832245481705e-11,-2.5427873721233985e-11,4.1251328480467085e-12,1.2278168076410093e-11,-3.7359113178219987e-13,5.7491477063650565e-12,-6.111086819845016e-11,1.0165361314407233e-12,-1.7994606847178644e-11,2.754327501807988e-12,-9.267411651214546e-12,0.9999999999999604,-1.3143469983194702e-11,7.194685494869937e-13,1.564960310465741e-11,1.4791956519815874e-11,4.6745499551015986e-11,1.1815619998704348e-11,3.799830290453446e-12,3.173158545062633e-11,-2.565298338937811e-12,3.437183663918851e-11,1.1954929677303573e-11,-1.6980153203943735e-12,4.331183683556179e-11,3.920916516655627e-11,-2.0333829846393132e-11,-6.4457906698447965e-12,-2.1545867771618604e-11,-1.950495400733421e-12,-5.576368789473314e-11,4.740639966203895e-12,4.1454097866451036e-13,1.000000000013508,-2.518101963074964e-11,5.276808150011396e-11,-1.669488770277802e-11,-3.4429261068824365e-11,2.2297998422073545e-11,2.92777045002957e-11,-6.657698043147968e-11,5.139618657622915e-11,2.2921080978611326e-11,-1.517134840009702e-11,-4.255490238360534e-11,4.6928832825097924e-11,-1.2785876298257313e-12,-3.9956022873701823e-13,0.9999999999942523,1.749826729447693e-12,3.144049297576948e-12,-1.7545556938795957e-11,4.5805106748435896e-12,0.9999999999895033,1.000000000009887,9.646879519131997e-13,3.3035576860313844e-12,-4.083205114025778e-11,2.441935582473776e-11,-4.858053037073126e-12,3.051064948930941e-12,1.000000000023022,1.0000000000170532,0.9999999999949397,8.32946836150068e-13,8.688957840612197e-12,-1.6501532835923138e-12,1.5132190135512003e-12,-9.654963002021921e-13,1.0000000000144544,4.320546382841526e-12,2.915057273237428e-12,3.338440069080101e-11,1.0000000000040485,4.441074930233303e-14,-5.3791917884448665e-12,1.3957185674573628e-11,-5.58942604115319e-12,3.9736405680714154e-11,-9.039363887800662e-13,1.5853360991233847e-11,-3.6019233760360587e-12,-7.61841297499586e-12,1.0357306412788861e-11,1.0000000000196498,-1.9335703781610472e-11,1.0000000000100149,-6.756111745595748e-13,-8.706790779549352e-13,-1.7149184888223114e-11,2.142816578062257e-12,5.5727036445927135e-11,1.0889758487543549e-11,1.0000000000094569,9.288132815471744e-13,-8.157842088055897e-12,-6.713847458173497e-12,1.000000000003571,-2.8731681208026878e-11,9.283951450959987e-12,1.0000000000002927,-3.0439484196346136e-11,-1.3084988604151645e-11,-2.243802424112191e-12,0.999999999993125,-3.452883900472929e-12,-2.5519649371558643e-11,5.08258037801445e-12,-1.0794189761765673e-13,1.0000000000188964,1.000000000003735,1.570496282771381e-11,-2.354160247098031e-11,-1.2668143327967641e-11,-9.103165727818344e-12,-2.7650094879254765e-11,0.9999999999964579,-1.0007889194299831e-11,-1.632982258034783e-11,1.0000000000079692,-4.850466323362331e-11
-7.561153266894748e-13,5.543187559854179e-13,-6.793147596348375e-16,1.803004455488519e-17,3.479861697637436e-16,1.8901950602226555e-15,1.2721006653753546e-17,2.8568127426699514e-16,4.366508891002114e-16,7.445636107659677e-16,7.338937943441478e-17,1.3823442089094483e-16,-4.350660864276951e-16,4.2759610441063117e-16,5.790621988368087e-16,8.906162871225543e-16,6.901003847916476e-16,4.695755910503056e-16,5.114870227099933e-16,7.744271358791022e-13,7.464208515955374e-16,9.722672542986019e-16,8.866108890796338e-16,1.2032234614152165e-15,8.618262524267211e-16,4.1534456352796995e-16,9.477320276137943e-16,3.443385882083237e-17,6.314148917522454e-16,4.997593385894236e-16,-3.8914570350169634e-17,3.9162927187314987e-16,6.561904398356174e-16,7.968940184314925e-16,-6.563708780434935e-17,1.0316194615171668e-15,-1.924266982755172e-16,2.9486486867493134e-16,4.626533335033797e-16,2.566525121116888e-16,6.461572661298962e-16,7.733031145820052e-13,1.4444674721137966e-15,8.873066103614274e-16,1.0671058034935603e-16,8.083871198407304e-16,6.403702853800077e-16,1.772723772199971e-16,-1.0299382757578471e-16,-4.634566867486715e-16,1.9361651557330958e-16,1.8312843810441466e-16,-1.9809484510195512e-16,1.0124062641084652e-15,4.932827209983733e-16,1.9265700384654423e-16,7.742750212467913e-13,4.681274436279847e-16,3.734517539854504e-16,2.476875475380441e-16,3.3765248598563217e-16,3.8738078583970013e-16,3.877921927698596e-16,-4.980711575440304e-19,3.9660155789031706e-20,1.085563789918662e-19,1.859390716737597e-19,3.579972652124507e-19,-3.816570684202308e-19,3.8765427529053833e-16,3.8775750500791126e-16,3.87629993899029e-16,4.3671441478467015e-19,1.9792667630038442e-19,1.9359736209923328e-20,6.863804753307303e-19,-4.2480743668912044e-19,3.8768909234127917e-16,6.673003807760354e-19,3.594094075941627e-19,4.9306420701253415e-19,3.880538374299665e-16,3.6539846060644927e-19,-1.0928893967387128e-19,4.0146386596092856e-19,-3.782557312418066e-19,1.95831033559917e-19,6.598217672443895e-19,-1.279711516690822e-19,-1.1975568608617128e-19,2.579445232260191e-20,5.481871164410092e-19,3.8761301987723964e-16,6.539765530088296e-19,3.8700381013898667e-16,3.405452638741171e-19,4.96919258667385e-19,3.393187944645692e-19,-4.940661043792062e-20,5.015329712196582e-19,2.7193575960677965e-20,3.8814192186549815e-16,5.382199542904651e-19,4.7629373250550305e-19,2.4966421672892363e-19,3.870961055152506e-16,2.5045430821175477e-19,4.497203860392117e-19,3.8762092101716396e-16,2.8954626597305416e-19,5.049997046297726e-19,4.280486831911276e-21,3.881145791452509e-16,4.488936100796076e-19,-3.78491934759975e-20,-2.8914669828915565e-19,3.483275937868016e-19,3.8804469302350785e-16,3.882193466400854e-16,3.057780132200383e-19,2.2455266703169994e-19,7.967803002700393e-20,2.421228908268203e-19,-2.8183942729551326e-20,3.8810538961843163e-16,2.1663127279111759e-19,-2.540164299878282e-19,3.880799857851897e-16,4.547066862810275e-19
5.70393580745668e-13,-6.793147596348375e-16,5.548299288194887e-13,7.93062148511475e-16,3.535574015653237e-19,-5.994514982861943e-19,1.5622893443258182e-19,1.0448461012421502e-15,2.8241413118169434e-19,1.6844428269030147e-19,1.1909274187401652e-18,3.9281382213853826e-19,1.2698153438870185e-15,5.409492453694631e-16,5.099486003373846e-16,1.8820989580686917e-16,3.7466144195603544e-16,3.0880992255179233e-19,3.0318463104230163e-16,1.0627927338487624e-15,-3.331101899930411e-17,-1.3471349500147617e-16,3.263523399925199e-19,1.9682967015262673e-16,-1.1753686347323502e-17,4.8212740908141946e-20,2.862737228128643e-17,1.0012932631183979e-15,2.696700071142656e-16,1.5342294327758078e-19,3.5218883268814384e-19,-3.2629836265918246e-19,-3.6512869660259616e-19,4.820834220391008e-16,7.226498576197068e-19,-2.796517876905245e-20,4.919004870209143e-19,2.7981393631748757e-19,1.4018936304095235e-19,4.1321450592472355e-16,2.8303053944672224e-19,2.1217649605633118e-12,-5.27978505120192e-16,2.423874057597996e-19,9.60491447856893e-16,1.5774223655629466e-16,5.681590995883604e-16,8.802283759150467e-16,4.935334350710447e-19,1.2220147930985008e-18,7.28066565866826e-16,4.1215380849319975e-19,1.5441942552371389e-15,-1.3456455326375443e-19,-1.44761860892282e-19,4.696354458955142e-19,2.1212415503800508e-12,1.5691791842364507e-19,2.0522717583426457e-19,8.011020087540714e-16,3.458594419340687e-19,2.1210269439241623e-12,2.1209142218461745e-12,9.69486853226933e-16,7.948810496324562e-16,1.1761596679061009e-15,1.5167739970794023e-15,-2.401441919516214e-16,1.889010459297056e-15,2.1216102293739647e-12,2.121376105849261e-12,1.062854788850332e-15,1.9267324150591221e-16,5.875393664905598e-16,7.40074458343381e-16,1.1231754013370949e-15,1.76042498450893e-15,2.1222432126745043e-12,3.9481981943697386e-16,4.164062722906012e-16,9.872458696523695e-17,2.1209034691758605e-12,3.86682849743213e-16,2.455860405026924e-16,1.1061047429600527e-16,1.4415821215111659e-15,3.4914655245615274e-16,1.7519994671811263e-16,1.0676975020278995e-15,1.3832764439201777e-15,7.193310082787854e-16,3.5341705006361327e-16,2.1222339467929e-12,3.681234441473744e-17,2.1223213243935766e-12,-1.2050446417173842e-16,-4.2722537600698717e-20,3.4296448410101586e-20,4.312311501652226e-19,-2.6222363512902825e-19,5.914811016969123e-19,1.0619539533058373e-15,-2.8466594096439657e-19,-9.29345464704609e-19,3.683363244551692e-19,1.0631789637990348e-15,4.114838073685632e-19,5.787154849132521e-20,1.0630536242913145e-15,1.6374352643942364e-19,3.9099296371527924e-19,3.5721523279061025e-19,1.0620108037599128e-15,1.6191906646057574e-19,8.332488124210921e-19,7.411446210755751e-19,6.994941796917667e-19,1.062121438869342e-15,1.0624958432075486e-15,2.1521811791928462e-19,1.5389242235019993e-19,4.474900081949433e-19,-7.824857735865824e-20,5.747512969309487e-19,1.062339607465231e-15,1.4138400066861868e-19,1.9840791671390288e-19,1.062051599538964e-15,1.371878611071339e-19
-8.932765205947198e-12,1.803004455488519e-17,7.93062148511475e-16,5.536592664149768e-13,6.14367699497148e-16,1.9942623817466807e-16,4.458262293423043e-16,6.968227741605917e-16,3.0055897842269085e-19,3.7784770765919325e-16,4.818918070970704e-16,1.6684396676265576e-20,5.819247890022567e-16,4.73492311461832e-16,4.925563955832312e-16,2.871875295629525e-19,1.2859553589114512e-19,4.824778540276785e-16,3.594350276624887e-16,-3.705630613327786e-15,2.4834117320955257e-16,-1.9802718614093243e-19,3.16178727467685e-16,1.3272468800844123e-20,-1.2120935457229413e-19,5.060212083126986e-16,2.5749854912422327e-19,5.889027773462896e-16,1.5981419300181088e-19,4.594458649840205e-16,6.236211262202368e-16,3.466104353035338e-16,6.404385579819223e-16,3.070325511968555e-19,3.082104644141693e-19,4.205471227801886e-20,3.044341525057074e-19,3.610427177200722e-16,4.835173034890381e-16,5.696327105059509e-19,2.7464036077588744e-16,-7.397289029669465e-12,1.838677911744169e-16,7.018363529503532e-20,1.692439977256365e-19,1.0178397636315305e-19,5.545570620663352e-16,5.812119882322822e-16,6.898622021340797e-16,1.702938945536435e-20,1.5111766229125643e-19,4.22836855594557e-19,8.251837676930217e-16,1.0802376517611554e-19,4.880720201750157e-16,4.460617875120777e-16,-3.7060205699565575e-15,5.230054975403832e-19,3.3182115263215173e-16,5.865088552940565e-16,3.578171870158792e-19,-7.397557306439926e-12,-3.705961652157235e-15,4.834235212052881e-16,2.594611254055952e-19,7.349326986381904e-16,6.98488141086711e-16,1.3758156906144176e-19,3.452580014917083e-19,-7.397102087807436e-12,-3.705780006213153e-15,-3.7060301752637335e-15,5.416084136025958e-20,1.2566102709802114e-19,3.214614452770858e-19,5.780823672399033e-16,3.1428923522881382e-19,-3.705625608747368e-15,3.6066159556806346e-16,7.415676075307472e-20,2.3617951531252856e-19,-3.7059088489769765e-15,4.455424893522514e-19,3.2605896977962333e-16,2.517681924948405e-19,5.335677147385199e-20,4.3505929599120747e-16,1.7465493096926354e-19,5.4013745392394756e-20,6.654209309025358e-16,6.113678480236072e-19,3.1943155560210656e-19,-7.396781593531354e-12,3.1964538352751684e-16,-3.7059879448811065e-15,2.237105319376636e-16,3.447400225397558e-16,3.435228412959068e-16,4.667954044845284e-16,3.7465981218580764e-16,5.937428693608536e-16,-7.39764327932701e-12,3.381417631322868e-16,3.286852108952361e-16,4.367095182437981e-16,-7.396888081591897e-12,5.049814097023673e-16,4.2358043779699937e-16,-7.397321280163541e-12,4.601224984532614e-16,4.781827324341358e-19,9.670676349819221e-20,-3.705979333578677e-15,1.701195164838761e-19,2.2186889353460916e-19,2.9664202701300195e-19,2.0090026611196172e-19,-3.705867885791694e-15,-3.705951067083656e-15,4.601306563146185e-19,2.0660926330067686e-19,2.957512979254106e-19,1.3413079664135254e-19,3.098687566451058e-19,-3.7056994736956764e-15,7.118624733240688e-19,9.652961838731637e-19,-3.705817014306296e-15,1.5428100574254267e-19
-1.502825331541604e-11,3.479861697637436e-16,3.535574015653237e-19,6.14367699497148e-16,5.538495997122591e-13,7.729620792083463e-16,1.550685193712592e-19,9.867675124284745e-16,2.2744928987829625e-19,3.467393957168229e-19,6.382481921498075e-16,5.795482131310623e-19,6.114293886565962e-19,7.315971928402228e-16,7.985814850216542e-16,7.928998993266212e-16,8.006471835631492e-16,2.8807945941103776e-19,-5.941498008597897e-20,-1.3472913497413017e-11,-4.627585286739351e-19,6.110603811649706e-16,-9.909443435422327e-20,5.129410492662048e-19,2.695267535423853e-19,6.197272228319149e-19,3.989532183993497e-19,3.8937571719853207e-19,6.721134793092551e-16,7.444034256433191e-16,7.646320142269204e-19,5.603597029789366e-16,9.925345514895299e-16,9.407860355328102e-16,1.0256365311720945e-15,5.408103701236638e-16,8.342496789746032e-16,5.442755972743945e-16,3.797920353821165e-19,2.9855627017041884e-19,1.9924293199110501e-19,-6.7501547419519726e-15,2.479042982272094e-19,8.647211238908041e-16,8.070808870265819e-16,4.67322918759045e-19,3.5493009500002534e-19,4.531821483885378e-19,2.866152702455766e-19,3.4008083651580893e-19,1.5469523584748661e-19,6.043503747086342e-16,6.263482981726493e-19,7.334571365807732e-19,2.7565066698883083e-19,6.211909329637041e-16,-6.749757470942708e-15,4.535921511411112e-19,2.0779414354962711e-19,3.603490634004221e-19,6.362538220565511e-16,-6.7500714920552905e-15,-1.347361075874318e-11,2.018239435897452e-19,8.450916369521495e-16,1.0109882033635252e-15,3.5532458295876355e-19,6.636631104355431e-16,1.2108328594586293e-15,-6.7496040136849104e-15,-1.347305428992434e-11,-6.749705836883257e-15,3.6608101255864963e-19,3.0062294292184614e-19,6.617529059195711e-16,3.5800049804330524e-19,4.602599635151217e-19,-1.3472540106503637e-11,5.73944545317085e-16,7.81015984902374e-16,4.0449454148068254e-19,-1.3473140125171377e-11,3.406009550902253e-19,5.847009267023241e-16,7.358106065570183e-16,1.9163448567715886e-19,3.5087683681545387e-19,6.581541477530193e-19,6.847736502816248e-16,5.837205192245878e-19,8.892601787378795e-16,2.852417218547245e-19,-1.3472605356335239e-11,6.602568188409693e-16,-6.749849729603991e-15,1.214711218423726e-19,7.466205334522171e-19,6.758362584381147e-16,5.807766452138312e-16,3.914589985801656e-19,7.368775357240685e-16,-6.7498281108720185e-15,4.390722238500559e-19,6.605296494664945e-16,6.459915835841074e-16,-1.3473002280398569e-11,6.932629565627493e-20,7.446613251163761e-16,-1.3473465219569082e-11,7.227781282638016e-16,9.457746912970853e-16,5.755909918800595e-16,-1.347318481342576e-11,6.234736849615248e-16,7.661752899538039e-16,7.562359603079603e-16,6.325277570416699e-16,-1.3472794933049438e-11,-1.3473021122715503e-11,8.451682022092258e-16,6.022124508712747e-16,2.617717487522812e-19,9.319320922079251e-19,4.0569246384158626e-19,-6.750335252570736e-15,2.168472755341996e-19,6.062604027051023e-19,-6.749526337824785e-15,4.1567094347979597e-19
4.329364651094238e-11,1.8901950602226555e-15,-5.994514982861943e-19,1.9942623817466807e-16,7.729620792083463e-16,5.559717602973245e-13,-3.816648957443398e-21,1.3709616336954584e-19,9.00877236443202e-16,6.9763701167383e-19,2.913257571701052e-16,4.0464618997125773e-16,-4.470424412046235e-19,4.739990972006682e-19,6.996574892991673e-19,1.5711566797173384e-15,1.2827426738108077e-15,9.034956010773284e-16,4.939058108442313e-19,2.2473986910717656e-14,6.425640473189724e-19,1.6559533711034993e-15,1.548222786119335e-15,2.1565645658453706e-15,5.9812458483890155e-19,8.304807871386217e-16,1.6857648131340804e-15,2.5125377688661287e-16,6.708535995685298e-19,6.884214872931862e-19,2.669982445194183e-19,3.1593885258289857e-19,7.420736862939769e-19,6.393382491446022e-19,1.5409063445849706e-19,1.7513629367512803e-15,-4.495885426534437e-20,6.142092182740967e-16,9.302128270441958e-16,5.49907721999597e-16,1.1430950133453501e-15,2.2473033455161497e-14,2.4203570578035007e-15,7.878742526136962e-19,3.8503481077083774e-16,1.0522709870445661e-18,1.220125797101837e-15,1.4065911701945519e-19,4.113837100362845e-20,-2.553500181197615e-19,5.836093195290601e-19,-2.2507383103538315e-19,1.8831719270111663e-19,8.96680696810761e-19,6.545258605580937e-19,3.29305241692416e-19,2.2473336009027342e-14,3.8667750972095627e-19,5.657676500742664e-19,5.864759016757899e-16,2.613315235665331e-19,4.485932492259348e-11,4.485986380964293e-11,-5.894170380791797e-21,6.89835448143886e-16,3.8538474710154464e-19,-5.08247367245976e-16,1.9535273549322555e-15,-7.870084758557414e-17,4.486025502913617e-11,4.486053155885938e-11,2.2473638696933312e-14,1.4529868426337448e-15,2.451039056414401e-19,3.997893494068e-16,-1.770974387715821e-16,-4.317618734641923e-19,4.4860359930090044e-11,7.818386223130985e-16,1.2352680396741257e-15,1.046844019001075e-18,4.486102851814552e-11,1.692312709666276e-15,9.987089918323697e-16,8.096046444973768e-19,-2.389294142823911e-16,1.1894984709040334e-15,1.127223404779629e-15,-8.581136458150477e-17,-5.34144846918798e-19,8.94855034243835e-16,7.742426521239035e-19,4.4860223813821626e-11,7.350739268353328e-19,4.485846723320283e-11,7.553199122154141e-19,1.5435464820532821e-15,5.691927261427839e-19,-5.010604626565487e-19,1.8090173236230244e-15,-1.2664047644520717e-19,4.4861513796072736e-11,1.2199750411518599e-18,1.4901215422149467e-15,2.4639957761189464e-19,2.247222071337538e-14,7.3178347283198915e-16,5.9569125435384e-19,2.2472925070094733e-14,4.343608120310061e-19,2.453418533020307e-16,4.335072305603983e-16,4.486151991941866e-11,1.1511572166328173e-15,2.312996175459633e-19,-5.928637974165241e-16,6.036570125813082e-16,4.486164233778579e-11,4.4860559505484786e-11,2.346011688778763e-19,6.666657092975602e-19,4.4385290020459445e-16,9.771353881888694e-16,4.732953098204363e-19,4.486140619059881e-11,5.793782784440765e-19,3.0875070917695397e-19,2.2474386602078898e-14,9.15003186329137e-19
2.1428030299568894e-12,1.2721006653753546e-17,1.5622893443258182e-19,4.458262293423043e-16,1.550685193712592e-19,-3.816648957443398e-21,5.536463319204569e-13,3.072713423435909e-19,5.554862184732261e-16,3.486733480431926e-16,1.7196553905860915e-19,4.558610027415563e-16,2.3650940977350774e-19,4.419401831479631e-16,-4.083295827272019e-19,3.193434251416883e-19,3.796630106683404e-19,4.596891392250036e-16,-3.4120949479386854e-19,1.843266040299807e-15,2.3044754088226985e-16,2.2841215671238215e-16,2.9253030131441605e-16,4.823077988842801e-16,5.743593046525462e-20,5.773766203788969e-19,3.941312248855728e-19,5.551757923737432e-16,1.2669847233481925e-19,4.18186173060137e-16,1.2370616375391089e-20,3.2632354933402873e-16,6.136496125300291e-16,5.306695933554774e-16,7.972752623956999e-16,1.7999859625962255e-16,6.496183854603495e-16,3.475338310436877e-16,4.694033378781666e-16,2.816223403077616e-19,5.707856516798315e-19,3.679123617859317e-12,-1.617697310911512e-19,1.4605528567696008e-19,5.708405915103969e-16,3.496070315713192e-16,4.0969812279940194e-19,4.566411354160813e-19,6.586323122395397e-16,6.737528370255761e-16,-3.55404992954449e-20,3.8681813485225136e-16,7.68690635914283e-16,-3.927706243614033e-19,4.606570867144936e-16,3.754349443213729e-19,1.8431138372209864e-15,3.3459257902996423e-16,2.0607091721700917e-19,5.680551246201393e-16,2.0920909255179265e-19,1.8433270970294347e-15,1.842610381824713e-15,4.591083093707735e-16,4.1056008348921787e-19,6.779628135507759e-16,3.712363334777262e-19,2.5152967025358775e-16,9.710862939671474e-16,1.8429751101389507e-15,1.8431070254292553e-15,1.8430920279626336e-15,3.5429563363852154e-16,1.7816252290711419e-19,2.315320305645962e-19,5.465028171179876e-16,8.203117293734587e-16,1.8433373469198872e-15,3.3520564783803136e-16,2.1648283590131055e-19,4.224582734733627e-16,3.679078942353418e-12,4.499462990586838e-19,2.9951550410478847e-16,5.289762546664198e-20,5.278674657589351e-19,4.0197878913495485e-16,3.1564058644790724e-16,2.127844045185886e-19,2.7588070541840154e-19,1.0744578884653352e-19,3.9710508491683383e-19,3.679580462804694e-12,2.9716288601495865e-16,1.8431787142046025e-15,2.009013965408169e-16,-4.232065672052754e-20,3.182396679330995e-16,2.0112052541172309e-19,-1.9874482249889073e-19,5.587886432317774e-16,3.6787714986005935e-12,3.1131087600626423e-16,1.2352461553963593e-19,4.0078430162279593e-16,1.842907448636524e-15,2.3122254858622214e-19,1.2087165141294958e-19,3.6790851043590195e-12,4.403258925567872e-16,-4.7510828016920836e-20,3.932405085182929e-19,1.8428091356078396e-15,3.0823599695087904e-16,5.371983552473831e-16,3.9215080352821594e-19,3.773427781720602e-16,1.8427082309223084e-15,3.6792151774723465e-12,4.445486788852031e-16,-1.899608123302355e-19,5.468340274075401e-16,4.819307387361747e-16,-1.7609970796820023e-19,1.8426300628398055e-15,3.848234886717788e-16,6.101350009018911e-16,1.8429477485192332e-15,5.437402547287112e-20
-4.6811761651978544e-11,2.8568127426699514e-16,1.0448461012421502e-15,6.968227741605917e-16,9.867675124284745e-16,1.3709616336954584e-19,3.072713423435909e-19,5.539011085235465e-13,4.301851670895603e-19,1.9788449083458518e-19,5.520543881666851e-19,6.925241580663861e-19,7.692108918467116e-16,9.657055622099544e-19,8.755766820647657e-16,8.246465954932522e-16,8.415138570764853e-16,4.708863815917663e-19,3.921101257147131e-19,-4.525874485891498e-11,5.269258541664721e-16,2.945124242858569e-19,6.68404253148734e-16,1.0727354898809096e-15,9.039142622364302e-19,8.426341720302456e-16,7.392437354205963e-16,8.84646250053803e-16,7.062015586203575e-16,1.779975178931351e-19,9.31750178525455e-16,5.943748795573844e-16,4.2015175251432046e-19,8.471927871200925e-19,1.1975877900305234e-15,5.258451161406673e-16,9.658721006888017e-16,1.7140388911270267e-19,1.458488046516919e-19,2.9078023434951217e-19,5.403950773121482e-16,-2.2673445694656557e-14,6.24290766562391e-16,9.107839644196e-16,5.847640314288131e-19,3.4706381097145374e-19,-1.5334922469431044e-19,4.516367508840602e-19,7.524769386182845e-19,9.46105424061905e-16,3.2867921816167305e-19,5.218532808029839e-19,1.1780863860139596e-15,7.952841636460754e-16,3.2537325069697867e-19,6.802084805484659e-16,-4.5259053424294505e-11,6.008622936305137e-16,6.021469348966412e-16,8.813566851334065e-16,2.4933842685631456e-19,-2.267399282825865e-14,-2.267406937337992e-14,6.265073999630414e-16,4.464979803539577e-19,1.155840715327182e-15,5.609130129937048e-19,6.98414924559202e-20,1.4229862917304898e-15,-2.2673826591244324e-14,-4.52588947194092e-11,-4.5259253967687743e-11,7.713465612894802e-16,3.807229483912545e-19,2.9525436386380594e-19,-8.96858754548199e-21,2.429541383340537e-19,-2.2673554385470375e-14,6.335156974725939e-16,8.443325743684599e-16,4.011849710755574e-19,-2.2673835124846194e-14,-8.96312038717404e-21,6.184023833263937e-16,7.567140066089695e-19,5.013956614841364e-19,1.4263637027625075e-19,3.1937132215843925e-19,7.903610981853045e-16,8.536000773697375e-16,4.580655111165902e-19,8.422916781281168e-16,-4.525835617054307e-11,3.5928579996240014e-19,-4.52590352190827e-11,2.9616714337426003e-19,7.251226748849376e-16,1.6434571379726405e-19,3.789996886312292e-19,2.143438462608473e-19,8.422009012489464e-16,-2.26739607414115e-14,8.269564289818441e-16,6.708248862712427e-16,7.116100702678638e-16,-4.5258766346597e-11,3.7913673686603845e-19,7.893662243370041e-16,-4.525933049920043e-11,1.3779050533686244e-19,4.617842729842437e-19,6.292703578984933e-16,-4.525914711831667e-11,4.659301710021401e-19,5.078073864304729e-19,7.26585870884581e-19,-2.88611721973819e-20,-4.525864369482478e-11,-2.2673504032552118e-14,9.312404150541342e-16,6.269110006673294e-16,3.9327161238619323e-19,8.126654805550947e-16,4.3194172009221697e-19,-4.525919045832773e-11,7.496533548782518e-16,5.427240529107877e-19,-4.525881470804151e-11,6.6805319552708155e-19
1.5651832245481705e-11,4.366508891002114e-16,2.8241413118169434e-19,3.0055897842269085e-19,2.2744928987829625e-19,9.00877236443202e-16,5.554862184732261e-16,4.301851670895603e-19,5.538401487090926e-13,7.188182836468182e-16,6.228803152681976e-16,6.362934776185535e-16,5.529050195788065e-16,1.5184949154609068e-19,4.534863845877162e-19,8.142945304232984e-16,8.274657130199552e-16,3.8191815865533147e-19,6.134083090676998e-16,8.62073095077384e-15,5.764799851943312e-16,7.256079462018444e-19,3.5843630339563207e-19,6.09518419667517e-19,3.371623214840997e-19,4.653049576015003e-19,2.3534587677962914e-19,4.9046609316304e-19,2.526426684474348e-19,4.765961682237018e-19,6.310962762708547e-19,3.2975697878722795e-19,5.7237100047228765e-19,9.670102370222428e-16,9.791666111095306e-16,6.051840177653439e-16,7.723429982514968e-16,5.473638807361406e-16,7.453186775800186e-16,4.729557985229378e-16,5.675423058844579e-16,8.620394992253135e-15,7.323570862909538e-16,8.764118486117075e-16,5.233869978658864e-19,7.909204639916699e-20,4.719429207035167e-19,7.79395763726121e-16,6.728197302697087e-19,6.005375981422615e-19,3.856554840997673e-19,5.715284032068485e-16,6.1695750394636365e-19,8.271946497398957e-16,7.800999788109194e-16,3.1354877629350015e-19,8.620844381469047e-15,2.7965891218585232e-19,5.340800033429852e-16,3.6666837263685586e-19,6.119597553605786e-16,1.7207819253949346e-11,1.7207924212856518e-11,3.887941252062152e-19,8.316025145747032e-16,9.640607438085786e-16,6.758120614450573e-16,3.525384536548447e-19,1.1453824071431969e-15,1.720846841706715e-11,1.7208450170150045e-11,1.7208110937088242e-11,7.59548818929996e-16,3.2860339357009065e-19,6.345066108970949e-16,6.236611431100226e-16,3.1602044245664556e-19,1.7208927775930123e-11,2.8231062399400243e-19,4.748370216434694e-19,4.955980018111606e-19,1.7208417081530283e-11,9.340428799763016e-16,-1.4091568355186952e-19,7.674938063657167e-16,7.868959264672479e-16,3.778556353844127e-19,6.351516884959517e-16,2.815916339676845e-19,6.60071532926556e-16,5.76956647038211e-19,3.1397826538855957e-19,8.620965658818817e-15,4.53994329514451e-19,1.7208182771106157e-11,5.824541903015329e-16,7.269958535543413e-16,2.8097293731353474e-19,3.6392034504471972e-19,3.124990233672223e-19,6.654133338065413e-16,8.620628530236004e-15,4.1519274591744513e-19,7.086701396896882e-16,2.2913977952464977e-19,1.7208411012581157e-11,7.428147431970049e-16,7.541875271873919e-16,8.620834151600465e-15,7.592255343171153e-16,6.112593370817469e-19,7.433293282567569e-19,8.621526394128292e-15,6.387558227869455e-16,2.68275216657061e-19,2.0223469822288687e-19,4.002615263619911e-19,1.7208736601753586e-11,8.620752945158851e-15,8.371141699097742e-16,3.9560601953299994e-19,3.80910979548371e-19,4.2829901309751613e-19,7.25326944214954e-16,8.620574427436056e-15,7.155183508091106e-16,9.117420964828269e-16,1.7208601713295428e-11,1.9747357375324322e-19
-2.5427873721233985e-11,7.445636107659677e-16,1.6844428269030147e-19,3.7784770765919325e-16,3.467393957168229e-19,6.9763701167383e-19,3.486733480431926e-16,1.9788449083458518e-19,7.188182836468182e-16,5.538118286568826e-13,3.1026986367058813e-19,3.5736131826070335e-19,-6.551256052974157e-20,6.287524659194461e-16,7.559739878656111e-16,4.514393602821932e-19,2.7652844672412617e-19,6.713583280915818e-16,4.750508112829582e-19,-1.1962889913550998e-14,-4.2682951730387606e-20,3.289469350892239e-19,8.085027066665439e-16,1.1761586204453741e-15,7.764245007784603e-16,6.58432346815828e-16,3.86827810282482e-19,2.1821471930824843e-19,6.927193957916065e-16,6.380826910828525e-19,2.0573382703432266e-19,6.033314549254792e-20,9.115421989809008e-16,1.9947230682609636e-19,6.02213215692361e-16,8.028918218561301e-16,4.190114049068069e-16,4.676449689696142e-16,9.898423620043165e-19,5.000118667364275e-19,-1.5269930975445482e-20,-1.1963627426274346e-14,1.0602096922710826e-15,9.348699253147198e-16,7.309629500051815e-19,7.989163084170793e-16,1.547133218018052e-19,5.57750503972075e-16,4.897533408192841e-16,2.760105611504047e-16,1.5911331891540535e-19,1.799874249518999e-19,5.361458021621293e-19,9.405493356407799e-16,6.797173761469206e-16,4.580370805119031e-16,-2.3879870002255688e-11,-1.004136726681879e-19,2.4609556837041183e-19,3.0556669849003956e-19,3.0392616738076677e-19,-2.388048805749132e-11,-2.3880263093892805e-11,1.8065841818999127e-16,6.499484390811118e-16,7.007991168679113e-16,2.876106977281198e-16,3.817295537241275e-19,5.94089450116766e-16,-2.3879817882982947e-11,-1.1963308110947344e-14,-1.1963318475222109e-14,8.177970237847848e-16,5.579441517432719e-19,4.680019674988818e-16,-1.1604180205089428e-20,4.1542602210415626e-16,-2.387954063767307e-11,3.020226759853387e-19,7.671366645040717e-16,6.348259667178253e-19,-1.1962908993689001e-14,1.483650605556608e-19,6.058243934198206e-16,8.679163568323187e-16,3.8069679272849424e-16,1.6942435380940922e-19,6.537962108226181e-16,9.40411869257862e-20,2.2204797129387235e-16,3.698981186879656e-19,8.177422852532837e-16,-1.19628711698986e-14,4.126365647979885e-19,-1.1963495369911845e-14,7.464549855570746e-16,3.928081681167242e-19,4.143211140077545e-19,3.130671734390267e-16,7.721894633802885e-19,-4.673033722179204e-19,-2.3879690345204104e-11,1.1660835468194877e-15,4.968465475242473e-19,2.476482591052592e-19,-1.1963499365076828e-14,2.819299393456189e-19,2.7626743315468064e-19,-2.3880396348970574e-11,8.874461888150666e-20,2.7791900572452954e-19,4.2102403663250475e-16,-1.196308934084707e-14,1.027254655294222e-19,4.868876653778153e-20,3.2990236991151284e-19,5.253681824348689e-16,-2.3879278888150124e-11,-2.3879732285287698e-11,3.423116082566619e-19,7.379096219227044e-16,5.57316939591822e-16,6.785693638736622e-16,3.894094863410416e-16,-2.3879592262468505e-11,7.168432763873106e-16,7.02864907927066e-16,-1.1963087999396174e-14,9.426803198424374e-16
4.1251328480467085e-12,7.338937943441478e-17,1.1909274187401652e-18,4.818918070970704e-16,6.382481921498075e-16,2.913257571701052e-16,1.7196553905860915e-19,5.520543881666851e-19,6.228803152681976e-16,3.1026986367058813e-19,5.53680705893698e-13,3.1072022836477086e-19,5.6830646301922845e-16,5.016824639985878e-16,5.157591989500688e-16,4.48007052108832e-16,5.157613999356759e-16,5.168943719217915e-16,3.8868115031699555e-16,5.662355656030897e-12,2.8785839427867126e-16,2.678261323485974e-19,6.467804754735809e-20,5.847000038503839e-16,8.485325644510643e-19,4.9357227044000704e-20,1.830941491571297e-19,5.937822564851164e-16,4.846261091793625e-19,4.009928628025063e-20,6.228130210222179e-16,3.7103412897190843e-16,2.9433683035717553e-19,6.117016698644379e-16,8.48345277296736e-16,2.4552860437563974e-16,1.9427390681065037e-19,1.5653655337337074e-19,3.378738993957844e-19,3.3764010043535945e-16,3.106856603978246e-16,5.6621023738848644e-12,1.7463670032954062e-19,5.6024313220012e-19,3.1959810101136293e-19,4.1984096763492446e-16,5.65782091694067e-19,5.99101974563334e-16,3.237190053500956e-19,3.1645768706141136e-19,5.129962684536043e-16,1.8283686500491957e-19,8.207237828943319e-16,4.398853777783116e-16,5.238205935365289e-16,1.57300245776257e-19,2.836515871369602e-15,6.0551845214805234e-21,2.510002682126396e-19,6.269531911440688e-16,1.87366018614599e-19,2.8363496760183465e-15,2.8363537351001693e-15,4.851138347176518e-16,3.126346220759595e-19,3.8974081390176865e-19,6.691727145674409e-16,1.9774364521807044e-19,5.498674903185009e-19,5.662317365892571e-12,2.83684865153106e-15,5.662105291210421e-12,4.234864697777892e-16,1.0791186156336206e-19,4.887741580452044e-16,6.005021649048821e-19,4.3101464194672967e-19,2.8372134881203385e-15,3.7896720960712082e-16,1.3729391066707198e-19,1.3291382853577286e-19,2.836878641769267e-15,5.628423223597579e-16,3.4920116070697726e-16,4.072929976415772e-16,7.191686419905516e-16,4.693518455885346e-16,3.714311758068857e-16,2.399059220826396e-19,6.636591801348865e-16,5.04994110165361e-19,2.841200374399107e-19,2.8369954897191262e-15,3.5858003367772234e-16,5.662331593462074e-12,2.002127010783917e-20,5.06436166717166e-20,1.3842321852998022e-19,1.8325388415832149e-19,4.277625900333787e-16,5.893967742330848e-16,2.836166929120256e-15,7.940561194661148e-20,3.718427772823607e-16,7.766165560365179e-19,5.662502331764926e-12,2.247934899026788e-19,4.612379357958506e-16,2.8363950031086068e-15,5.037644854764682e-16,5.997836362853129e-19,1.8311567903915068e-19,2.8363950298949835e-15,2.3128220631712726e-19,3.1656251057047692e-19,6.830235350315038e-16,4.1965962127554605e-16,5.662339365284642e-12,2.8365321426058683e-15,5.155571220452209e-16,2.333469068228802e-19,3.34718994901322e-19,2.602158057674153e-19,3.190699770041869e-19,2.836413741580519e-15,4.441223875079873e-16,2.458578855988299e-19,2.8360800413619937e-15,-9.48453002753484e-20
1.2278168076410093e-11,1.3823442089094483e-16,3.9281382213853826e-19,1.6684396676265576e-20,5.795482131310623e-19,4.0464618997125773e-16,4.558610027415563e-16,6.925241580663861e-19,6.362934776185535e-16,3.5736131826070335e-19,3.1072022836477086e-19,5.536756604871691e-13,3.197785788726993e-19,5.212423406539421e-16,3.4775424901641307e-19,-1.7349197111579598e-19,5.478090249011347e-16,5.490022078727605e-16,2.0599403451515615e-19,1.3821179915781814e-11,1.7462031783003688e-19,3.691261801603345e-16,4.223754675636269e-16,6.785697735265198e-16,4.018224447953043e-16,4.896065767196385e-19,4.707633821569094e-16,1.569557323649693e-19,1.463956199000929e-19,5.523091777366753e-16,6.742603721169104e-16,3.998823583209841e-16,7.138014826169787e-19,3.1752164764462614e-19,8.434186905723758e-16,3.111919464829854e-16,6.922663489502348e-16,-1.3725946513828618e-19,-2.3971237506062198e-20,-3.41361682617613e-19,7.164868538566021e-19,1.382081197943526e-11,3.4863583033735665e-16,5.952346134434444e-16,2.6573858346693487e-19,1.0232887658549727e-19,6.46118700703497e-16,2.286187295213258e-19,5.136742155957056e-19,6.99705386430902e-16,4.356714825568434e-19,4.709339430262676e-16,8.315356937045173e-16,5.101299835474763e-16,7.513706799558996e-19,2.498165394381673e-19,6.9239141041335374e-15,2.6522653873476545e-20,3.761348554190006e-20,5.966643680212255e-16,8.657337070535456e-20,1.3820559897950919e-11,1.3820635960146497e-11,4.406114894962229e-16,6.348830701842899e-16,7.941882643487501e-16,7.116125629355122e-16,3.914695299383158e-16,3.2812664686416463e-19,6.924312834890201e-15,6.924040123544683e-15,1.3820851218869474e-11,4.949772344074985e-16,4.658998020731517e-16,1.9595146414463746e-19,3.282030247177031e-19,8.724256978919015e-16,6.924188391203356e-15,3.4826240381948143e-19,5.510338811296472e-16,8.546877706538378e-20,6.924545648542839e-15,3.1197853496637605e-19,1.5315793367268022e-19,2.357951949948631e-19,1.719101152240688e-19,2.160288582277682e-19,3.283680685750861e-19,5.709146263093359e-16,6.205286113926112e-16,6.367839212527096e-16,6.561815959571377e-19,6.924212668697875e-15,4.447002969331462e-16,6.923834165957864e-15,3.491507532995822e-16,4.4144501096629664e-16,4.723028766232854e-16,-4.1793191488398567e-20,4.011488441882255e-19,6.179937379279014e-16,6.923684924545263e-15,2.251054655986084e-19,4.172455294073172e-16,4.883462706369844e-16,1.3821239816285581e-11,1.9197765110831204e-19,3.593405962124888e-20,6.923950037379458e-15,1.9814807741031831e-19,7.595446245009999e-16,7.968276777521563e-20,6.923914285059032e-15,2.091468795797751e-19,2.5311672985664987e-19,6.727869486244283e-16,2.8230015369923353e-19,6.924286738528581e-15,6.923825832180888e-15,6.164983891729641e-16,2.553429171946108e-19,6.260652314268746e-16,2.761833814739892e-19,3.1388366808728834e-19,1.3820840450906431e-11,2.7680802791397153e-19,2.9787818770601433e-20,1.3821114781186408e-11,4.604270292711006e-16
-3.7359113178219987e-13,-4.350660864276951e-16,1.2698153438870185e-15,5.819247890022567e-16,6.114293886565962e-19,-4.470424412046235e-19,2.3650940977350774e-19,7.692108918467116e-16,5.529050195788065e-16,-6.551256052974157e-20,5.6830646301922845e-16,3.197785788726993e-19,5.540455113187208e-13,5.647806274055736e-20,3.861407196229573e-16,-6.056865065836363e-19,3.120305968018728e-16,4.3184180548266647e-16,-3.107731075520303e-19,1.1660565231081307e-12,1.9455411749051032e-17,2.734026184257586e-20,1.683699145049508e-19,1.8833355798149276e-16,4.085294163781531e-17,4.796955475079874e-16,2.4704502772158376e-19,1.5527283923747461e-19,2.2933322951029855e-16,3.4429469828475824e-19,5.383093833132665e-19,2.868016296175077e-16,5.270400465345126e-16,-9.307592350272216e-19,3.22306255434709e-19,-2.9229366075361326e-19,6.455761496816908e-19,2.208124132479348e-19,7.373902997421626e-20,-1.6799904730026283e-19,1.4435661916600506e-20,5.841786769256894e-16,1.105253369809015e-19,2.5487048105639283e-16,3.4277525935146567e-19,1.3685400954648591e-19,4.532267411364564e-16,6.50779493754334e-16,9.177962237557969e-16,5.342072977782238e-19,5.325980252263797e-16,4.719936130117469e-19,1.80206989494018e-19,8.971971759004634e-17,-1.265355285926895e-19,1.3001177643598868e-19,5.839466938258145e-16,2.539023295561579e-16,2.3909234765239682e-20,6.108145453557497e-16,4.0766947738054523e-16,5.839087994923371e-16,1.1656313752566325e-12,6.909770533001648e-16,6.187489047526047e-16,8.554547425134307e-16,1.0971311620141792e-15,-2.481194081598907e-20,9.31733525030886e-19,1.1661518773435153e-12,5.83892498028039e-16,5.843473928628436e-16,1.9686543035075419e-19,5.7445213878276615e-19,3.223506327422243e-19,8.111644792478406e-16,6.29070881084989e-19,5.844991216293839e-16,3.0365983488631195e-16,3.3417078917609323e-16,2.9151796903398067e-19,5.835150417631398e-16,3.2256123526576614e-16,2.0378942982167095e-16,1.0931656214450424e-16,1.0398076761160223e-15,7.078460868509647e-19,-3.8424857491513955e-20,7.910491618790153e-16,1.0011365096960572e-15,5.539814421551083e-16,2.982859639640858e-16,1.1666174664634366e-12,1.1381699159003334e-19,1.166629272645776e-12,-4.142078685891582e-17,7.417752369005559e-17,1.6285744271555717e-16,-1.681725933004825e-20,2.021502162444709e-20,2.803610663259969e-19,5.831638680656234e-16,-1.4999128498472742e-16,6.84477792965347e-17,2.1388952478468713e-19,1.1667986340555455e-12,2.47802566753492e-19,-1.301147767543111e-19,5.840529031775591e-16,3.414585115925087e-16,4.698823488185623e-19,4.360751672649096e-16,1.1653739126767662e-12,3.3717774206379304e-21,3.6658757209314695e-20,1.0858209346044462e-15,1.7120417656307918e-19,5.842834117889745e-16,5.840740238727209e-16,1.777659914055516e-19,5.96484136048119e-17,6.802142227832245e-16,3.986383146103098e-16,4.467631712844526e-19,5.837926465858752e-16,2.7688521401867554e-16,6.956319666027238e-16,5.839985417043915e-16,-3.297862448519244e-19
