1.0000000026293132,2.0502936617425356e-07,-4.164730367994881e-08,4.08193770878899e-08,2.400969393675267e-07,1.3740665411777365e-07,2.0036394590308593e-07,2.2303222075414823e-07,8.468642479182846e-08,8.213105804817134e-08,1.708574916259964e-07,2.3733261318328754e-08,1.3705562290880853e-07,1.3160330133129033e-07,-7.579497145879549e-08,1.0000006824479757,1.700614998746325e-07,7.195267423774464e-08,1.4861840454143836e-07,4.048534485062655e-08,2.0348662567196912e-07,1.000000649130859,1.889864559519781e-07,2.256870233641478e-07,3.7786152380265683e-07,-1.634339571744221e-07,3.450121060435972e-08,1.0000006743519398,6.576628232712559e-08,1.0000006267202013,2.716961584922435e-07,1.0000007059602796,2.656664875763434e-07,3.086946357451742e-07,2.3223831980065076e-07,1.7309543683546533e-07,7.33687884941289e-08,1.4203496950608576e-07,9.448898146546598e-08,1.7328508048351242e-08,4.6446839958924356e-08,-2.982480168009962e-07,7.047625628879634e-08,1.510461365395463e-07,1.0000006766816532,1.000000915575805,2.0658973471125578e-07,1.4891796416716408e-07,3.6500447292029295e-07,1.1033717068915669e-07,5.459381800916901e-07,1.8198637510117373e-07,-2.7555105263025552e-08,2.200383456844499e-07,1.3742023425643557e-07,8.957475925818563e-08,7.848204423702135e-08,1.9795417324834955e-07,1.750756783924709e-07,-2.996743191410355e-08,1.000000657981723,1.7555844369420045e-07,1.0000008152173203,3.78047079847148e-07,1.0000009137247428,2.538168977298875e-07,1.0958318757012446e-07,-1.3704269603153512e-08,1.7202725025025725e-07,7.260962407004134e-08,9.32238202442914e-08,5.698135894899213e-08,5.144925100856424e-08,1.6025306955182823e-08,2.68279486365002e-07,-2.544144637311298e-07,1.0450701285963607e-07,2.728430014219565e-08,3.681259409256205e-07,2.2054455632453852e-08,3.08297470279967e-07,-1.1907509803978748e-06,1.3675126426674604e-07,9.411999688186634e-08,8.332378120992919e-08,4.63798477721269e-08,1.6216814013948883e-07,-1.470987095521821e-07,9.432942311602719e-08,-3.0323868641355783e-08,2.869286655473187e-08,1.0000009870302675,1.2073722028099662e-07,9.028912657804254e-08,2.457544010517506e-07,1.3713470884190098e-07,1.0000006690794845,5.162649766681365e-08,-2.941448485983251e-07,1.0041383203016394e-07,1.1617875313934e-07,1.000000683641683,2.132703867216108e-07,-1.0428728331904454e-07,1.6648154248504757e-07,1.5866749515762886e-07,3.6753417084635166e-07,1.3333463162722494e-07,3.3570098475529015e-08,-6.929105111293612e-08,4.25998288070304e-08,-1.0658957778226184e-07,-8.830390656918769e-08,1.0000006401451584,1.0000006598826754,1.7135123813808027e-07,1.0238232386702477e-07,1.000000616879124,2.1565493424056782e-07,1.0000006834589437,6.380548089847904e-08,1.0000007442236496,-1.4564730425084266e-07,4.196118227072167e-08,4.482976888526425e-08,1.5501776264915907e-07,1.3519385541390263e-06,8.669353578744861e-09,6.333293143589989e-08
2.0502936617425356e-07,5.990869085958101e-07,-5.4289022829134666e-09,-6.007866068208267e-09,-8.9685970200522e-09,-8.619313782614952e-09,-8.524653597682264e-09,-7.867329154930127e-09,-7.04066653340655e-09,-7.138559942837336e-09,-7.153595008286481e-09,-8.046782417966695e-09,-6.375868148918959e-09,-7.154007721756382e-09,-9.780159934748648e-09,-2.89673942832457e-11,-7.981527742912969e-09,-7.006926872818622e-09,-4.602524966020175e-09,-8.219924966053913e-09,-8.57142248335139e-09,-6.766851862682265e-08,-8.277042325777493e-09,-7.699066194408317e-09,-9.039112062350914e-09,-9.808363760578112e-09,-6.349998215118729e-09,-7.289846810523173e-08,-7.112007079375892e-09,-6.47099386802475e-08,-1.1606715721381925e-08,-7.157310260278159e-08,-1.1895221370256581e-08,-7.735453692827065e-09,-1.395282031594579e-08,-7.833564394977665e-09,-6.501449438031769e-09,-8.77593249417994e-09,-7.596049176778979e-09,-7.511059098166757e-09,-8.634617159436214e-09,-1.1236411771516473e-08,-6.153916108262778e-09,-6.500752027337963e-09,-5.488602937931901e-08,-6.847049512277499e-08,-5.374921213961709e-09,-5.873716414847733e-09,-1.0053875329311041e-08,-6.4716852425255875e-09,-1.3750490452097517e-08,-7.735896564179993e-09,-5.676083034307486e-09,-5.171327112398771e-09,-8.493552095977177e-09,-8.129099079148239e-09,-8.454350833262969e-09,-7.652724683627403e-09,-7.606252354868892e-09,-1.0225739816224213e-08,-6.197764408269868e-08,-9.022800307385219e-09,-6.432434117633951e-08,-8.509735412332242e-09,-6.07930144751744e-08,-5.966519943477945e-12,-2.9524975340608585e-12,-3.219781340989705e-12,-4.416604415404074e-12,-4.296188168832689e-12,-3.909563157987658e-12,-3.143640625281308e-12,-3.156246347105122e-12,-5.267311303414484e-12,-3.915374463838974e-12,-5.598290130083721e-12,-3.6623149492697276e-12,-2.871822032113438e-12,-3.885266107709441e-12,-3.809842282839112e-12,-4.297078730329454e-12,-1.1203457375627223e-11,-3.7226290739569084e-12,-2.807121253923662e-12,-3.5086069511177785e-12,-4.53563518590011e-12,-4.108551583048051e-12,-5.012733411812204e-12,-3.629579557965494e-12,-5.772184535850737e-12,-4.965670683437957e-12,-2.839321072356711e-11,-3.0487769157348773e-12,-3.3867771632444692e-12,-2.7687318670510673e-12,-3.852908250448556e-12,-3.6775347553334215e-11,-3.254108765344597e-12,-4.931344552769865e-12,-3.814359026391437e-12,-3.435369280703866e-12,-3.5121601417960784e-11,-3.608869403602198e-12,-4.950990024176429e-12,-3.456367507520705e-12,-3.90566491686481e-12,-8.720971670765807e-12,-4.940604479132273e-12,-3.074242505168497e-12,-4.993795386996231e-12,-4.835872367913791e-12,-4.911381402255799e-12,-4.409391025901004e-12,-3.246755088556396e-11,-3.4569656553821284e-11,-3.866175277152568e-12,-4.902916755731653e-12,-3.2202079021793147e-11,-2.7120867875502078e-12,-3.5492939336067374e-11,-3.4332010445534617e-12,-3.2852726441432506e-11,-5.037254383642455e-12,-3.395988810992284e-12,-3.1921922163355885e-12,-4.50572638543066e-12,-8.13493912043891e-12,-4.978105578620381e-12,-4.334749625579485e-12
-4.164730367994881e-08,-5.4289022829134666e-09,6.041799243746026e-07,-1.9225186453550567e-12,-5.646897918003276e-09,-2.73702395859734e-12,-5.411676912691079e-09,-2.4900072501719516e-12,-4.452755252764095e-09,-2.2586331945875406e-12,-4.517211705026526e-09,-5.151332775283888e-09,-2.022867143016428e-12,-4.514283956219946e-09,-6.188088122184521e-09,-3.4168766818933796e-07,-5.030686642851157e-09,-4.438924621471038e-09,-1.4649753907115243e-12,-2.6272266888577366e-12,-5.4333763388996115e-09,-1.7413552427224283e-10,-5.188378566645957e-09,-4.8808372606872035e-09,-2.845527123290896e-12,-6.19848838313687e-09,-4.022714450799497e-09,-1.7569883864494488e-10,-4.486210325824567e-09,-3.458199382652767e-07,-7.307203270029329e-09,-1.7530267176575302e-10,-7.459467573657673e-09,-2.4510867944740853e-12,-4.39209719802311e-12,-4.960195491600782e-09,-2.0563010931172033e-12,-5.53743973403014e-09,-4.82172289545176e-09,-2.392011238597908e-12,-5.462142126380527e-09,-7.104851525282344e-09,-1.9618865747182633e-12,-4.1033346181323685e-09,-1.7033907419152496e-10,-1.7437602533502851e-10,-3.406849222618425e-09,-1.8621503865191447e-12,-3.17605911022049e-12,-4.087622742903978e-09,-8.65260073085061e-09,-4.9016229590136825e-09,-3.6100029307773957e-09,-3.26654546190488e-09,-5.394793354739986e-09,-2.560656411070229e-12,-2.6890783416173367e-12,-4.853696586808037e-09,-2.4163155459766272e-12,-3.2196468132953827e-12,-1.724478800249306e-10,-5.6734671718343345e-09,-1.731397850608562e-10,-2.7030672640119708e-12,-3.435162181443973e-07,-7.473263654287134e-09,-3.730668165250701e-09,-4.067188835766888e-09,-5.56455559734905e-09,-5.4332252931977245e-09,-4.932835018389077e-09,-3.983957541009984e-09,-3.993328309766567e-09,-6.586800269318552e-09,-4.938323065375395e-09,-7.0700577696400115e-09,-4.596925904820311e-09,-3.6438875115312418e-09,-4.906557913209081e-09,-4.824158174051826e-09,-5.434296544850995e-09,-1.399287717210725e-08,-4.727069318944406e-09,-3.569851250051815e-09,-4.434900511770307e-09,-5.691209492363416e-09,-5.1454324820672864e-09,-6.304530146490136e-09,-4.5623133909268895e-09,-7.25348078572235e-09,-6.263336381377418e-09,-3.410382551988358e-07,-3.83029236216268e-09,-4.3071065431962725e-09,-3.488204051520638e-09,-4.8696542393804424e-09,-3.509570498937044e-07,-4.101115793146924e-09,-6.211932180772903e-09,-2.386625366518016e-12,-2.1794724527420876e-12,-1.7485294561274907e-10,-2.307712139288149e-12,-3.1260603436347187e-12,-2.190898568765502e-12,-2.4725803806836103e-12,-5.4634860383827095e-12,-3.1249267483551488e-12,-1.958188409780582e-12,-3.1521634092422107e-12,-3.067546023522778e-12,-3.1046967522295963e-12,-2.7850626406358435e-12,-1.732751974588642e-10,-1.7452973112313222e-10,-2.448562977294372e-12,-3.1016018493620627e-12,-1.7312563821348304e-10,-1.7172654691732598e-12,-1.7508792173284885e-10,-2.178693351856555e-12,-1.7350694059231324e-10,-3.1741406831539798e-12,-2.161316340833027e-12,-2.023012023965072e-12,-2.8350074336557785e-12,-5.145863878427244e-12,-3.142521712761111e-12,-2.740833752069047e-12
4.08193770878899e-08,-6.007866068208267e-09,-1.9225186453550567e-12,6.034183692893076e-07,-3.1356915103620507e-12,-6.0449366529452785e-09,-5.985666413759224e-09,-5.5039705183836024e-09,-2.469836023088748e-12,-2.5015529616800343e-12,-2.5066004036755254e-12,-2.8485275392685145e-12,-2.238910503061285e-12,-2.5054275323604582e-12,-3.4319246934719064e-12,-2.524107362580017e-07,-5.57436605946734e-09,-4.912517125042167e-09,-1.6201305948826554e-12,-5.792896385168107e-09,-6.011809120653223e-09,-1.2977338926480183e-10,-2.8843237352012155e-12,-5.400484447504074e-09,-3.1554425679652667e-12,-6.8638333731485064e-09,-2.2304246267000544e-12,-1.3153037432449955e-10,-2.4900894115659285e-12,-2.5705108136939567e-07,-4.057758496901146e-12,-1.3108513772792017e-10,-8.276354115686525e-09,-5.416363347786604e-09,-9.721860873099641e-09,-2.7503707991305324e-12,-4.5463279666975705e-09,-6.134140324483754e-09,-2.671984208724256e-12,-5.279204114783882e-09,-3.0294346084210248e-12,-3.941102695771298e-12,-4.328925229705689e-09,-2.277199560204193e-12,-1.2549937264429168e-10,-2.5955201543691746e-07,-3.769973168459195e-09,-4.114657691210942e-09,-3.51889003012496e-12,-4.527189322622673e-09,-9.591533492648417e-09,-2.717472023908788e-12,-1.999723399398738e-12,-1.8124763554268041e-12,-5.966169567368542e-09,-5.6670679148991455e-09,-2.9741589187418376e-12,-2.690209434153425e-12,-5.336144373787489e-09,-3.5702264088479146e-12,-1.2787269575335141e-10,-3.1514936677401274e-12,-2.5677707855308143e-07,-2.9906277641371234e-12,-1.2748824976647063e-10,-4.1534121611623445e-12,-4.1295884016505015e-09,-2.2557082882616497e-12,-6.163608965091676e-09,-3.012249029969143e-12,-2.736429207122065e-12,-2.2077235144064464e-12,-2.213848551038416e-12,-7.309652742031986e-09,-5.468387216660825e-09,-3.921221834386161e-12,-5.096778697738844e-09,-2.018671552722302e-12,-5.43147306102688e-09,-5.336862655230376e-09,-3.0127487523016597e-12,-1.553284363145569e-08,-2.6180829949211177e-12,-3.945247783791824e-09,-2.459155903233557e-12,-6.310219242467941e-09,-5.708059976779551e-09,-6.986246942617276e-09,-5.056578211983478e-09,-8.039759690249081e-09,-6.935596442326503e-09,-1.260946760075593e-10,-2.1272441550475317e-12,-2.3846194550789936e-12,-1.9358730270834273e-12,-5.3896539703158945e-09,-1.3168919758828543e-10,-4.542512985060212e-09,-3.44746397323214e-12,-5.288483786554926e-09,-4.812540800738353e-09,-2.60625674003679e-07,-5.0854436503999274e-09,-6.91079250563722e-09,-4.838848285052439e-09,-5.4625858766771e-09,-1.2101943416178789e-08,-6.905317166940659e-09,-4.319781961987331e-09,-6.9690418272966975e-09,-6.773634287706296e-09,-6.8617629341258765e-09,-6.156370276806882e-09,-2.5708325207893533e-07,-1.3021639148424981e-10,-2.70982392033404e-12,-3.433632045859819e-12,-1.286358900030701e-10,-1.9007691233606077e-12,-1.3084153461436318e-10,-2.410062751618202e-12,-1.29066453898856e-10,-3.517427606185252e-12,-2.389138868856679e-12,-2.2386981405418463e-12,-3.1427069930914557e-12,-5.696631901376612e-12,-3.4807661749990813e-12,-3.0346026131226217e-12
2.400969393675267e-07,-8.9685970200522e-09,-5.646897918003276e-09,-3.1356915103620507e-12,5.982410634012131e-07,-9.017386611760414e-09,-8.911082803074562e-09,-8.245740405786304e-09,-7.374726375921863e-09,-3.748796459369087e-12,-3.7568340187596935e-12,-4.1949026204626875e-12,-3.3431313649154143e-12,-3.758448854581617e-12,-5.130735368932865e-12,-1.550426430721512e-08,-4.195838524428077e-12,-7.332286007041556e-09,-4.807880729704946e-09,-8.569611712179072e-09,-4.492657365844052e-12,-2.616064746214499e-08,-4.3641697639884794e-12,-4.035325043517439e-12,-4.7600485174341534e-12,-5.148838003514172e-12,-6.644665569359664e-09,-3.1804616353205026e-08,-7.45933391073963e-09,-1.1502101631744525e-11,-1.218588960646331e-08,-1.5224639366576113e-11,-6.269981996394461e-12,-4.05934535001835e-12,-1.4664648033672155e-08,-8.19999997706962e-09,-6.815592495074477e-09,-4.610872707196746e-12,-7.94042034193705e-09,-7.845811010585006e-09,-4.530643502442473e-12,-1.176939794567966e-08,-6.424077451535896e-09,-6.815490086566906e-09,-6.18052073963117e-12,-1.354630594039166e-11,-2.8164536813276545e-12,-3.0809155272074817e-12,-5.284312126371374e-12,-6.78268870412961e-09,-7.2351873136154305e-12,-8.094956581591072e-09,-5.925802214274693e-09,-5.419010880064173e-09,-8.875778978231955e-09,-8.540841690479723e-09,-8.837568058386814e-09,-4.009908611964706e-12,-3.98612446908785e-12,-5.383842343856795e-12,-1.002452484150158e-11,-4.74926536514271e-12,-1.1301807385160917e-11,-4.459833441380907e-12,-9.369695126619067e-12,-6.275006609811818e-12,-3.0903492001182925e-12,-3.370876069287236e-12,-4.63073187219332e-12,-4.495224083427889e-12,-8.175422645344075e-09,-6.557536145332183e-09,-3.301392232887036e-12,-1.1067034595853815e-08,-8.18966589443278e-09,-1.1699770926285032e-08,-3.847386756293494e-12,-5.98662210585422e-09,-4.068795543038633e-12,-7.95188015204143e-09,-8.975132527168906e-09,-2.3556406972948104e-08,-3.886866381175993e-12,-2.9280588703670055e-12,-7.3295858297658375e-09,-4.7659635890262864e-12,-4.32142250487798e-12,-5.260681228730828e-12,-7.604930494172445e-09,-1.2095817965728601e-08,-1.0385426755016858e-08,-1.4237579248580564e-08,-6.388822303776911e-09,-3.5332195382523275e-12,-2.9024366360877082e-12,-4.032992037493636e-12,-3.234682802024311e-08,-3.4109452960365126e-12,-5.170397844786763e-12,-4.017613915665459e-12,-3.5922311123609547e-12,-2.8782539042014206e-08,-7.500673186318685e-09,-5.190131771386822e-12,-3.6156962041067335e-12,-4.088823142398577e-12,-1.832435663377159e-08,-5.174487206353502e-12,-3.2073880763985276e-12,-5.235773067145463e-12,-1.0093259451701516e-08,-1.0269444676972953e-08,-4.621678920918385e-12,-1.1557862890052815e-11,-2.7582818549267472e-08,-8.07736440173678e-09,-1.0248305616443275e-08,-2.2468077267885606e-08,-5.665227876043754e-09,-2.9558667374877506e-08,-7.164280263958852e-09,-1.1971751326705909e-11,-5.285868010201388e-12,-3.544905370988055e-12,-3.339393318343398e-12,-4.7323627785181565e-12,-8.52012776519472e-12,-5.219060078042605e-12,-4.540666153493453e-12
1.3740665411777365e-07,-8.619313782614952e-09,-2.73702395859734e-12,-6.0449366529452785e-09,-9.017386611760414e-09,5.989875650308812e-07,-4.29590466691456e-12,-7.911407212296579e-09,-3.547357560425026e-12,-3.596430831502564e-12,-3.603993153913541e-12,-8.097657255815204e-09,-3.2126578736012406e-12,-7.1937014282539376e-09,-9.83602599579329e-09,-1.2519688097005474e-07,-4.0207887005833545e-12,-7.047148823044092e-09,-4.630051934515464e-09,-4.1435108466704345e-12,-8.621047577826842e-09,-1.350854422892227e-07,-4.168432306735073e-12,-3.87948900306201e-12,-4.55283770368739e-12,-9.863723004199418e-09,-6.386498865201012e-09,-1.4032933532993104e-07,-3.5828119741912105e-12,-6.619844297374843e-11,-1.1669881974546225e-08,-1.390004284347746e-07,-5.9907796095936595e-12,-3.8974846281009235e-12,-7.027749163813738e-12,-7.878512131748506e-09,-3.2754139935791336e-12,-4.4212380560425075e-12,-7.640601544183716e-09,-3.785399034214812e-12,-8.683773038456342e-09,-1.1300153746927901e-08,-3.101580998665052e-12,-3.275023932300387e-12,-6.126415134613485e-11,-1.3588964639227263e-07,-5.406259593300336e-09,-2.959564122254925e-12,-5.0648713275474335e-12,-6.5078883620115925e-09,-6.926382780859195e-12,-3.898026738443313e-12,-2.8606772007705986e-12,-2.605519617054833e-12,-4.2803901986705546e-12,-4.094563764853445e-12,-8.50410019576116e-09,-3.8563550811102656e-12,-3.832857821384393e-12,-5.150617694605301e-12,-6.482582820624779e-11,-9.071338572531785e-09,-6.600394665393273e-11,-8.559260067243966e-09,-6.423202540271691e-11,-5.997972121868489e-12,-2.9694135896093005e-12,-3.2380841909821415e-12,-4.441208705032728e-12,-4.321014670806346e-12,-3.9316408963885005e-12,-3.1620871225504745e-12,-3.1745041697947918e-12,-5.29462224567749e-12,-3.937422526391395e-12,-1.1237915351904724e-08,-3.681986485208977e-12,-5.7661765590786854e-09,-3.90740232535977e-12,-7.648737220056834e-09,-4.321917516786207e-12,-2.2476033220835137e-08,-7.474757479820859e-09,-2.824134693671527e-12,-7.04331537110704e-09,-9.101707814157021e-09,-4.130168072887303e-12,-5.040280698102137e-12,-3.649351495188094e-12,-1.1583966840266364e-08,-4.993684762111203e-12,-6.215487852511538e-11,-6.118396902481906e-09,-6.800894046712179e-09,-5.557358592272412e-09,-3.874995409606565e-12,-1.4081999280675186e-07,-6.531472617571985e-09,-4.958859886217715e-12,-3.833864816789563e-12,-6.896966106925262e-09,-1.3751072889812773e-07,-3.6314652441634537e-12,-9.937499224876723e-09,-3.476390725210234e-12,-3.927968565840254e-12,-8.766122869800315e-12,-4.968695573842745e-12,-3.0927862457627605e-12,-1.0023234658219787e-08,-9.708798948967375e-09,-4.939173992814973e-12,-4.434139501538219e-12,-6.62381206528397e-11,-1.3640714811054097e-07,-7.761170319318112e-09,-4.9308250208705034e-12,-6.597265192783986e-11,-2.7277253421036348e-12,-6.927222257975923e-11,-6.892720469569614e-09,-1.3297146188083267e-07,-1.0109567555836177e-08,-6.818969572792488e-09,-6.408426001467554e-09,-9.042018009767593e-09,-8.18118245234915e-12,-5.0059262840139064e-12,-4.359343357839239e-12
2.0036394590308593e-07,-8.524653597682264e-09,-5.411676912691079e-09,-5.985666413759224e-09,-8.911082803074562e-09,-4.29590466691456e-12,5.991738319541426e-07,-7.821659715662322e-09,-7.001382613037548e-09,-7.09689052638814e-09,-3.562981743260794e-12,-4.0181058899342845e-12,-6.341996278655338e-09,-3.5627158669700344e-12,-4.872946921931253e-12,-3.2024698206563013e-11,-3.973922488930812e-12,-3.4920434825547166e-12,-2.2950910596105485e-12,-4.101817707204443e-12,-8.527094438218328e-09,-7.360695321057494e-08,-8.217122727354004e-09,-3.8374121218870644e-12,-8.9775747414634e-09,-9.752362475827165e-09,-6.316699022722671e-09,-7.875245104863392e-08,-3.5415972585597532e-12,-7.070391304944864e-08,-5.777654454155839e-12,-3.880942685903745e-11,-5.916981148557446e-12,-7.692240950786945e-09,-6.9429124056633455e-12,-7.791443395631167e-09,-3.238064955344015e-12,-8.723146935410946e-09,-7.558887756612803e-09,-7.47627750071443e-09,-4.301961373972631e-12,-5.597951352644052e-12,-3.0695125044623152e-12,-3.237611733369695e-12,-6.10450902791515e-08,-3.7280246299657447e-11,-2.679067738914348e-12,-5.841742074608497e-09,-5.006039882038355e-12,-3.223530786866555e-12,-1.3660610011374536e-08,-3.855372746995687e-12,-2.8310159885225506e-12,-5.141487270410287e-09,-8.452862799591832e-09,-8.074887331856514e-09,-8.413071206818994e-09,-3.814615518315874e-12,-7.567457787066776e-09,-1.0156702278853699e-08,-3.408337118352074e-11,-4.49036618174582e-12,-3.523734813767576e-11,-8.465985038676528e-09,-3.350413727756702e-11,-1.1825407399784696e-08,-2.936674269989542e-12,-6.39184521445317e-09,-8.76306547907685e-09,-4.273692310623008e-12,-3.887393322109957e-12,-6.2445230705288055e-09,-3.1400881232188046e-12,-5.228640304134479e-12,-3.892822609496994e-12,-5.567669969655503e-12,-7.261510938621188e-09,-2.858663309828486e-12,-3.863792493249734e-12,-7.566428955149729e-09,-8.531826186171199e-09,-2.2191695413956092e-08,-3.705972792250593e-12,-2.7954677419262547e-12,-3.4899325969332834e-12,-4.5051659046793215e-12,-8.142753081011493e-09,-9.942640031584606e-09,-7.198522964807669e-09,-1.1447312959999748e-08,-4.937155071048617e-12,-3.14647358255509e-11,-6.0462273293272135e-09,-6.7317626787297304e-09,-5.493737536683418e-09,-3.832277315639566e-12,-7.92308497422694e-08,-6.4571512596524026e-09,-9.784403559472292e-09,-7.555894427816235e-09,-6.822789796590157e-09,-7.598420750633506e-08,-7.177923865754631e-09,-9.823929422226045e-09,-3.4385747451827617e-12,-7.753561589760059e-09,-8.656741687279248e-12,-4.913094044845901e-12,-6.11035533811758e-09,-4.964105365182551e-12,-9.603908615308549e-09,-9.747714920391073e-09,-4.383670580694497e-12,-3.5466267062427164e-11,-7.490398234769544e-08,-3.845527480187875e-12,-4.875792793014567e-12,-7.025982881683692e-08,-5.384550172972446e-09,-7.672126656545614e-08,-6.818878385059323e-09,-3.5845813182945595e-11,-9.991474342497157e-09,-6.748677026363725e-09,-6.33872501361343e-09,-4.476213014201993e-12,-1.6146502603137538e-08,-4.948613018012486e-12,-4.310387384990758e-12
2.2303222075414823e-07,-7.867329154930127e-09,-2.4900072501719516e-12,-5.5039705183836024e-09,-8.245740405786304e-09,-7.911407212296579e-09,-7.821659715662322e-09,6.004292380022155e-07,-6.466348133819778e-09,-6.558388216772623e-09,-3.2927667540644784e-12,-7.367238179795387e-09,-5.853529537510246e-09,-3.2935361391116394e-12,-4.4992961738694394e-12,-2.319354512474526e-11,-7.336206766050743e-09,-6.4325168186101065e-09,-2.1150458723985634e-12,-7.532377765779522e-09,-3.94168398361641e-12,-2.7799457917802046e-11,-7.618577865630147e-09,-3.54061770756111e-12,-8.315075304349098e-09,-9.009257164034752e-09,-5.829375403733869e-09,-6.03442340247506e-08,-3.2745737278403354e-12,-5.2706726921588485e-08,-1.0671286268708378e-08,-5.910963987600609e-08,-1.0947285517329686e-08,-3.5592767607447687e-12,-6.430262418654966e-12,-3.603285799576149e-12,-5.973460707040799e-09,-8.064269523173953e-09,-3.4918406381095042e-12,-6.889313649524523e-09,-7.929471379553558e-09,-5.1700159408371494e-12,-2.827155879121179e-12,-5.973123015041773e-09,-2.182463227134012e-11,-2.8173505687673654e-11,-2.4714555226974562e-12,-5.393374676195613e-09,-9.240147567851646e-09,-2.978714426832621e-12,-6.334796466235527e-12,-7.101457977103977e-09,-5.205224766507492e-09,-2.3799185485665233e-12,-3.9037807219237345e-12,-3.745815713885469e-12,-7.756972853930478e-09,-7.023316702081081e-09,-6.9812208657228885e-09,-9.405614292012924e-09,-2.5138474461036376e-11,-4.157479594077527e-12,-2.6237269747521942e-11,-7.81040839902669e-09,-2.4579622946834236e-11,-5.490108913700331e-12,-2.710760827200332e-12,-2.9565468719649646e-12,-4.058100938046229e-12,-3.943615723478324e-12,-3.5909277160229503e-12,-2.8841952931902407e-12,-5.782292243505259e-09,-4.8487746842753976e-12,-3.5966803109123906e-12,-1.0260351863341134e-08,-3.3681951262550896e-12,-5.25750299601551e-09,-7.121479421644677e-09,-6.9785428803532245e-09,-7.873358545334759e-09,-1.0316579936955525e-11,-3.4138528916470075e-12,-5.1360323039208e-09,-3.221212893637698e-12,-4.171659729252509e-12,-7.546136178884741e-09,-4.6077751510974716e-12,-6.660413377067333e-09,-5.306911820883327e-12,-9.104055631942522e-09,-4.5199585821728504e-08,-5.595036340478454e-09,-3.1046679054255188e-12,-2.543802316901277e-12,-3.537439484921497e-12,-3.0471989589142515e-11,-5.967338449329167e-09,-4.530978590625243e-12,-7.01051552777144e-09,-3.1526012255791266e-12,-5.773087354219919e-08,-3.3052309798788306e-12,-9.079002509245696e-09,-6.332235059054305e-09,-3.586139762235674e-12,-8.028143607635242e-12,-9.056145634686162e-09,-2.818294039349703e-12,-4.588302680064863e-12,-4.437664141916059e-12,-4.510836676710485e-12,-4.050794111276287e-12,-5.279225812618068e-08,-5.670023614490501e-08,-7.084891608989143e-09,-4.502365774906298e-12,-5.229215846508529e-08,-2.489826773409904e-12,-2.927196625161069e-11,-3.1503589945991626e-12,-2.6814672820381654e-11,-9.241610013851939e-09,-6.215491256269647e-09,-5.848407225957905e-09,-4.1433284679385855e-12,-7.470719230477834e-12,-9.129197892697815e-09,-3.981113338679433e-12
8.468642479182846e-08,-7.04066653340655e-09,-4.452755252764095e-09,-2.469836023088748e-12,-7.374726375921863e-09,-3.547357560425026e-12,-7.001382613037548e-09,-6.466348133819778e-09,6.018708334324015e-07,-2.939598007895896e-12,-5.879791543393798e-09,-6.600279813304522e-09,-2.624384386556827e-12,-5.880724556928461e-09,-8.035843954082848e-09,-1.9413270517205184e-07,-6.561934595691652e-09,-2.8840926361206682e-12,-3.779023559182609e-09,-3.379647522550475e-12,-7.041378963284028e-09,-2.0230935144667588e-07,-6.8107289054729175e-09,-6.3250352352011905e-09,-3.7250837048557726e-12,-4.0383560617026184e-12,-2.6136464355502923e-12,-1.0353413416896681e-10,-5.846663598094383e-09,-1.0013152902737427e-10,-9.543940489319863e-09,-1.0298383199051882e-10,-4.903294051112617e-12,-6.356767241658425e-09,-5.749770296572002e-12,-6.43611752179073e-09,-2.677298752146839e-12,-3.6142264597918184e-12,-3.1255697610056932e-12,-3.089971786877862e-12,-7.095214566574355e-09,-9.233115194874696e-09,-5.052368204008653e-09,-5.343484308911935e-09,-1.9170669639791548e-07,-1.0169549773386731e-10,-4.414774190937401e-09,-2.4178712961845466e-12,-8.26533385314417e-09,-5.3191048558428124e-09,-5.665317251721821e-12,-3.1841060055171367e-12,-4.66006374842557e-09,-4.2497562813926905e-09,-6.9751057019296215e-09,-3.34963401535737e-12,-3.478694944170177e-12,-6.286134794246762e-09,-3.130419208475158e-12,-4.2136510222929175e-12,-9.899702976005694e-11,-3.717785933101555e-12,-9.997332646963121e-11,-6.990359065655033e-09,-9.850206124083785e-11,-4.908486477225409e-12,-2.425707804618846e-12,-2.6455855736943193e-12,-7.246166318405773e-09,-3.529283714958647e-12,-6.412901723555517e-09,-2.581712733154054e-12,-5.174971580322619e-09,-8.65128202757875e-09,-6.4229542933015445e-09,-9.18100389547499e-09,-6.011894831205365e-09,-4.7066818645121194e-09,-3.1926089989225555e-12,-3.1293525656795486e-12,-7.046195488268529e-09,-9.221001197015235e-12,-3.056482356201054e-12,-2.3041033060964784e-12,-5.753694453338304e-09,-7.445717073344146e-09,-3.3801024582678285e-12,-4.121296268311458e-12,-5.9569230969524486e-09,-4.746235542439712e-12,-4.080866348227817e-12,-9.678677176383874e-11,-2.506898690850148e-12,-2.7800939807248726e-12,-2.275596999349945e-12,-6.318506023848869e-09,-1.0373923948836391e-10,-2.6745895402009046e-12,-8.090210802669678e-09,-6.265924464066888e-09,-2.821766491136935e-12,-2.0431700196999372e-07,-5.909803947523122e-09,-4.069269649724641e-12,-5.667219185303363e-09,-6.405397337907357e-09,-7.176484885976519e-12,-4.059775284465612e-12,-5.037061991854419e-09,-8.192806429334348e-09,-7.9279189974962e-09,-8.055703412452426e-09,-3.624029808609262e-12,-1.001678837709397e-10,-2.0340171075731476e-07,-6.340315029394102e-09,-8.041260792722999e-09,-9.994613359783685e-11,-4.447161239692569e-09,-2.049260108009799e-07,-5.628371377863503e-09,-2.0056119624003298e-07,-8.265972272181993e-09,-2.7881077821853147e-12,-2.622267473238104e-12,-7.395867196978877e-09,-6.684919895440695e-12,-4.091693160840016e-12,-3.5620782811734007e-12
8.213105804817134e-08,-7.138559942837336e-09,-2.2586331945875406e-12,-2.5015529616800343e-12,-3.748796459369087e-12,-3.596430831502564e-12,-7.09689052638814e-09,-6.558388216772623e-09,-2.939598007895896e-12,6.017057238025239e-07,-5.963614674324125e-09,-6.6835633524015934e-09,-2.660853416777325e-12,-5.965045949204035e-09,-8.148649990337453e-09,-1.9507509970298155e-07,-3.3352222638311898e-12,-2.9240713682774402e-12,-1.9188501821143504e-12,-3.4237761772790575e-12,-3.5765377535190403e-12,-2.0342417217726618e-07,-3.4639718289146937e-12,-6.41235446616298e-09,-3.7805338659788434e-12,-4.0956214414519906e-12,-5.289098313497079e-09,-2.0784861970192246e-07,-5.9307611642747256e-09,-2.0091192628782292e-07,-4.851526941607628e-12,-2.067273689881315e-07,-9.934587720173051e-09,-3.229662799339407e-12,-1.1647106383930782e-08,-6.525971934686324e-09,-2.715511156314362e-12,-3.666164084450258e-12,-6.323724954857486e-09,-6.2507054315061155e-09,-7.195081782300048e-09,-9.36337604190218e-09,-2.564953247673749e-12,-2.715361564237887e-12,-1.9259324414926382e-07,-1.0226002379686205e-10,-4.475461300403452e-09,-2.451662178800627e-12,-8.38482594996993e-09,-2.702764142532508e-12,-5.7486249675634305e-12,-3.2282759128697547e-12,-2.365771552867826e-12,-4.310095914570548e-09,-3.541977243060858e-12,-6.784628362135136e-09,-7.038272309895851e-09,-6.372625866257857e-09,-6.334441827636645e-09,-4.276211300144836e-12,-9.95034637056204e-11,-7.530303612693046e-09,-1.0050153307641717e-10,-3.5505680010507827e-12,-9.899568793482303e-11,-4.982183275267284e-12,-2.4594592488618517e-12,-5.3542511963742095e-09,-3.682353579377152e-12,-7.142072829121321e-09,-3.2583472124664347e-12,-5.2229861984533985e-09,-2.6283401099900628e-12,-8.782966978423173e-09,-6.514194020217195e-09,-9.309721009952537e-09,-3.05644290449927e-12,-2.3896794803229315e-12,-6.461957188026736e-09,-3.172277498764778e-12,-7.1440448565116654e-09,-9.362965876571554e-12,-6.182315945424708e-09,-4.659362845786518e-09,-5.8336854945248594e-09,-7.55610827647138e-09,-3.4309336809697204e-12,-4.181248276020357e-12,-6.043803791213432e-09,-4.815668823926988e-12,-4.138757369096155e-12,-9.724556015922075e-11,-2.5435001489141476e-12,-2.816724425545007e-12,-2.308071814755965e-12,-3.209731010964501e-12,-1.0434764470396925e-10,-5.414495487514028e-09,-4.111325561776053e-12,-6.362101963739025e-09,-2.8604366715109162e-12,-2.0547548080822412e-07,-5.985294531807403e-09,-8.238310992550612e-09,-5.745424990330001e-09,-3.2539761872730303e-12,-7.285836030918877e-12,-4.116951425117375e-12,-5.103456310113209e-09,-8.310163583350282e-09,-4.026435774079001e-12,-8.169557920488502e-09,-3.675700419013167e-12,-1.0070081380515503e-10,-1.0247903231093027e-10,-3.2208183444155985e-12,-4.085327012857897e-12,-1.0047304316339872e-10,-2.258991220608751e-12,-1.0325754707669775e-10,-5.705269911393877e-09,-1.0102595518437046e-10,-4.201419102966218e-12,-5.639110018918548e-09,-5.306205717079917e-09,-7.504699835369846e-09,-6.779031070999881e-12,-8.283861392410514e-09,-7.210247762915987e-09
1.708574916259964e-07,-7.153595008286481e-09,-4.517211705026526e-09,-2.5066004036755254e-12,-3.7568340187596935e-12,-3.603993153913541e-12,-3.562981743260794e-12,-3.2927667540644784e-12,-5.879791543393798e-09,-5.963614674324125e-09,6.016805105421406e-07,-6.69710405803381e-09,-5.322127353624836e-09,-2.9948599596137592e-12,-8.165906490776916e-09,-5.316453075007675e-11,-6.671284026291382e-09,-2.930178293927695e-12,-1.9227916214971913e-12,-3.4308364897871507e-12,-7.153735415977332e-09,-5.735824086159537e-11,-3.4715286263291765e-12,-3.2193254598906567e-12,-3.788720961364894e-12,-8.192187846205977e-09,-5.300136864627353e-09,-5.958057637006287e-11,-5.9433455560051956e-09,-1.1195501609641316e-07,-9.704324164597697e-09,-1.1778522314615452e-07,-4.988112769966757e-12,-3.2364825315523167e-12,-1.1672292188816256e-08,-3.2764517350361154e-12,-2.7212504051239895e-12,-3.6739863796445425e-12,-6.33690830454384e-09,-3.1381285807844276e-12,-7.21034384236149e-09,-4.701045018440688e-12,-2.5702200177734912e-12,-2.7210949192719274e-12,-5.1917805447173955e-11,-1.1515322448735953e-07,-4.484746328425549e-09,-2.4567882213958366e-12,-8.402754193691688e-09,-5.406048776821313e-09,-1.1498832075334657e-08,-3.23505501355158e-12,-4.7317202099599915e-09,-2.1639339895375227e-12,-3.549352105067085e-12,-6.799260420116145e-09,-7.053052651277256e-09,-3.1994021214730783e-12,-6.347710770330583e-09,-4.2854793026678215e-12,-5.493513238897517e-11,-3.780880282229152e-12,-1.1163465284710902e-07,-3.5580292594291755e-12,-1.0862126002213798e-07,-4.99297997317041e-12,-2.464586318741018e-12,-2.688101411706165e-12,-3.690189318093764e-12,-3.5857216612137204e-12,-6.517391733388532e-09,-2.622126007339602e-12,-2.6337925996350285e-12,-4.4099892117376576e-12,-3.27057800638673e-12,-9.329371745700984e-09,-6.113712212428894e-09,-4.77959758697023e-09,-6.4756071710606115e-09,-3.178903902509945e-12,-7.159092191758756e-09,-1.8729667058153847e-08,-3.1037457730044724e-12,-2.3390898415321648e-12,-5.845893578621509e-09,-3.793897969507974e-12,-3.4383907975673058e-12,-4.190260545365115e-12,-6.056730296840721e-09,-4.826019260625259e-12,-4.147551747103988e-12,-5.2671452985570806e-11,-2.548916263418252e-12,-2.8224923747445387e-12,-4.616597662885891e-09,-3.216480696380176e-12,-5.979167158998214e-11,-2.7184159185684136e-12,-4.12010222025564e-12,-3.1944410110278423e-12,-2.866399166013649e-12,-5.838865115276323e-11,-3.004741460028166e-12,-4.136263646811312e-12,-5.757420185122043e-09,-6.508579250151887e-09,-1.4574190001422324e-08,-4.12566892732513e-12,-5.113874008965492e-09,-4.172333357980005e-12,-4.034870684458658e-12,-4.1016572410977346e-12,-3.683551889732754e-12,-1.1203352801510869e-07,-1.155915779329326e-07,-6.442284973186857e-09,-8.171491985932462e-09,-5.590716701526368e-11,-2.2636991002898166e-12,-5.869872238024074e-11,-5.717144410132697e-09,-5.646153775503237e-11,-8.403945183380407e-09,-2.8310128271061247e-12,-2.663958791623288e-12,-7.520904978224116e-09,-1.355936644538182e-08,-8.301538786257958e-09,-3.6200217869643848e-12
2.3733261318328754e-08,-8.046782417966695e-09,-5.151332775283888e-09,-2.8485275392685145e-12,-4.1949026204626875e-12,-8.097657255815204e-09,-4.0181058899342845e-12,-7.367238179795387e-09,-6.600279813304522e-09,-6.6835633524015934e-09,-6.69710405803381e-09,6.000248356378382e-07,-2.9987362509013276e-12,-6.693039963189771e-09,-9.17385245320424e-09,-1.2490878250298342e-10,-7.459155838423662e-09,-3.2963753491931203e-12,-4.3351782404982245e-09,-3.8928323631264845e-12,-4.034405244052856e-12,-2.5803991809581284e-07,-7.694367766318176e-09,-7.233251052921936e-09,-8.421733708282353e-09,-4.604090332762925e-12,-2.9874560901382413e-12,-1.3160690842465085e-10,-3.3322769344325233e-12,-2.5545283444865555e-07,-1.0835481821098675e-08,-2.615034024525373e-07,-1.1063568426316249e-08,-7.251947693056904e-09,-1.3000980726349915e-08,-3.683428306538068e-12,-6.085488962243489e-09,-4.1131333781067734e-12,-3.580320663905084e-12,-7.075702376453435e-09,-8.09673986933188e-09,-1.0533893498812363e-08,-5.803410813878367e-09,-3.047974010217656e-12,-1.2363610415495034e-10,-1.296401157113616e-10,-5.0514841671938206e-09,-2.760822132813464e-12,-4.708938289279185e-12,-3.0361896912655124e-12,-6.4277325045131826e-12,-3.6396605376709095e-12,-2.6809893395237966e-12,-4.844037144636255e-09,-4.005637227324344e-12,-3.797183473945337e-12,-3.9852002920714954e-12,-7.193489588159418e-09,-3.5811316832479377e-12,-9.530533136281273e-09,-1.2677237030942077e-10,-8.413204523539535e-09,-1.2780182321873373e-10,-7.996502043919271e-09,-2.5202445968766775e-07,-1.1083639776276663e-08,-2.771125744570556e-12,-6.0294712444031515e-09,-8.249688785546203e-09,-4.035091695320686e-12,-3.663649822384501e-12,-5.905386812678222e-09,-5.919909996430628e-09,-9.768975532118075e-09,-7.320388552070395e-09,-1.0482417290230772e-08,-3.4152105596486837e-12,-5.4009607461856425e-09,-7.272765754939525e-09,-3.582157674600649e-12,-4.03540268791131e-12,-1.0396650867684412e-11,-3.5094597138427768e-12,-2.650723004415299e-12,-3.293624213943305e-12,-4.228088557193741e-12,-7.630920772146882e-09,-9.347931128541012e-09,-6.764938446441479e-09,-1.0756185503467425e-08,-9.28563471955277e-09,-2.4834142126646066e-07,-5.680720630842439e-09,-6.382262285263742e-09,-2.591665668621532e-12,-3.6162637425173697e-12,-2.6309373231828956e-07,-6.080855585948376e-09,-9.211245469030642e-09,-3.540273693162668e-12,-6.447585950525669e-09,-1.303496699168159e-10,-6.823745011478348e-09,-9.250949177381097e-09,-6.482116935881284e-09,-7.315033916850715e-09,-1.6172877835900032e-08,-4.632514781221909e-12,-2.9019409359936445e-12,-4.6735083356853e-12,-9.07591984567216e-09,-4.60313541951332e-12,-8.241184933227205e-09,-1.280035365469216e-10,-2.592096915967443e-07,-7.243470252741966e-09,-4.59798851860995e-12,-2.5504212124743416e-07,-5.082217838563616e-09,-2.6086481270295704e-07,-3.229135082894822e-12,-1.283480140051346e-10,-9.394964446870124e-09,-3.2028506450998566e-12,-2.9990437723776083e-12,-8.390384806445532e-09,-1.5224468062206392e-08,-9.299905117595372e-09,-8.110360743632947e-09
1.3705562290880853e-07,-6.375868148918959e-09,-2.022867143016428e-12,-2.238910503061285e-12,-3.3431313649154143e-12,-3.2126578736012406e-12,-6.341996278655338e-09,-5.853529537510246e-09,-2.624384386556827e-12,-2.660853416777325e-12,-5.322127353624836e-09,-2.9987362509013276e-12,6.029134468042963e-07,-5.322490769347856e-09,-3.6453117063189205e-12,-7.488461823978118e-11,-2.9751272526095364e-12,-5.212813823827901e-09,-3.4234757781970975e-09,-3.063525668614618e-12,-6.377040396395824e-09,-7.856456236889061e-11,-3.085679774126164e-12,-2.869784154360553e-12,-6.72585302843856e-09,-3.655887166834929e-12,-4.7239930416167645e-09,-8.051572799537071e-11,-5.291346065258664e-09,-7.746055842057738e-11,-8.63552982603375e-09,-1.5970712024097659e-07,-4.434234272817065e-12,-2.8833918788337937e-12,-1.0381400591857824e-08,-2.9199061415975886e-12,-4.836832389467558e-09,-6.529346450842096e-09,-2.8311566548819775e-12,-2.7994654445619884e-12,-6.424139901651613e-09,-8.359280054598712e-09,-4.577833702644704e-09,-2.4230264324606396e-12,-1.4728086138226436e-07,-1.5739672320103664e-07,-2.0030256440991764e-12,-4.369524159931838e-09,-7.48028078197675e-09,-2.4121716591085667e-12,-1.0231021497793708e-08,-2.883478675189327e-12,-4.221865491457603e-09,-1.9273433236039627e-12,-6.318696136679852e-09,-3.030262600199478e-12,-6.289855153874128e-09,-2.852442842549652e-12,-2.835134371537691e-12,-3.811789786744375e-12,-7.644117312811395e-11,-6.713296506391789e-09,-1.5430936555429353e-07,-6.331135255762286e-09,-1.5167921767354256e-07,-4.439353165856499e-12,-4.383863548117433e-09,-2.3952668479956925e-12,-3.2859703787978263e-12,-6.3794094071415525e-09,-2.9086580587322973e-12,-4.667613077383976e-09,-4.686387333207653e-09,-7.82296577574514e-09,-2.9131048343140522e-12,-4.164681038258061e-12,-5.4387769509040124e-09,-2.136232114679433e-12,-2.8906547148938073e-12,-5.657336836333017e-09,-3.1969475137750874e-12,-1.664077690897223e-08,-2.769353700599594e-12,-2.087975030129089e-12,-2.6101985758384218e-12,-6.736024466501771e-09,-3.057025264609447e-12,-7.44423865059111e-09,-2.7004485866332232e-12,-8.571837250372833e-09,-3.694357532650158e-12,-7.445685048118926e-11,-2.2681201969334726e-12,-5.0287546874952066e-09,-2.0596587805093293e-12,-5.721453463729349e-09,-1.6105959511095245e-07,-2.4208711171415053e-12,-7.3227007010686125e-09,-5.664850887481782e-09,-2.555747472608884e-12,-7.9467460965126e-11,-5.3585710953826555e-09,-7.352250857822552e-09,-2.5713328444204395e-12,-5.799976544099964e-09,-6.4893512730177145e-12,-7.336668505879285e-09,-2.286811185051264e-12,-7.415806289230777e-09,-3.5975449501782026e-12,-7.2929958882049875e-09,-6.548086615474583e-09,-7.749105035413473e-11,-7.905632756183343e-11,-2.876499006862057e-12,-3.647601180738466e-12,-7.729314888084015e-11,-2.017453422559193e-12,-7.974374057503318e-11,-5.097947389764901e-09,-7.77777912763863e-11,-3.747639982887723e-12,-5.042480382439076e-09,-4.7398142761957695e-09,-6.69155749203307e-09,-1.208070156350985e-08,-3.703652686741762e-12,-6.436962488847907e-09
