0.9999999999999936,-6.54285835732274e-12,-4.9222067087555856e-11,6.731465152456405e-12,2.731204441248836e-12,1.5467094180447204e-11,-4.253634966746461e-11,-2.684709773463656e-12,4.020707444778991e-12,0.9999999999642525,1.2888743616800556e-11,8.519530459359835e-13,-4.8499580755078305e-12,1.821611383693066e-11,1.0000000000073694,-3.66824182395575e-12,-3.5801309977098614e-12,1.3360846084657803e-12,1.7619777883413117e-11,6.092663088507561e-11,1.2496417034799207e-11,4.304426896840731e-12,0.9999999999858832,-9.998954304487993e-12,-2.5655043374568893e-12,0.9999999999620196,-1.4834513475856524e-11,-2.1138778130873198e-11,3.547949589309631e-11,1.5210471023575883e-12,7.258849466211061e-13,2.1865314420600976e-11,-1.0712681136988826e-11,1.8105760087110488e-11,1.263333674258766e-11,5.274448233084614e-12,1.0845103338521357e-11,-1.0977233740133404e-11,0.9999999999886999,-2.7363245989393267e-12,1.5611487075487644e-11,1.998114110622973e-12,1.7075142244728432e-11,1.0325273325049775e-11,1.008142010403406e-12,-6.322155595991745e-11,-4.7483810473310823e-11,1.0000000000233518,3.976926576739581e-11,-2.332269413153913e-12,9.833932527711816e-11,5.783573153902705e-12,-1.3097610186124451e-11,-3.6136588626053655e-11,-3.381102098738394e-12,-2.46894311738004e-12,8.918868417998409e-12,4.4955789674423855e-11,1.9719543790950796e-10,0.99999999995674,9.17576945317741e-11,4.804641587999169e-12,7.84165222176224e-12,-1.4055069041352193e-11,2.5602366142405537e-11,0.9999999999940801,-9.474805049236484e-12,-7.752829653508066e-11,3.78857367353984e-12,-7.153417264393683e-12,0.9999999999932397,-2.626738637615861e-12,1.0000000000626847,-3.820556233345489e-11,0.9999999999899641,6.822929035475107e-12,2.6226139550637988e-11,4.915184782280604e-12,-3.0253675468149085e-11,3.235566158882464e-11,3.782609840264043e-11,1.4321366265019277e-11,-7.807200270657472e-12,1.3159395110530096e-11,-3.903929701480435e-11,5.899895153960601e-12,-1.0787051882464923e-10,3.1122996009415276e-11,0.9999999999480464,-1.4508110866002268e-11,1.8592796030314775e-12,-9.059412187052306e-11,0.9999999999275432,6.5733574264048264e-12,0.999999999972506,-4.264958943109003e-12,0.999999999951401,-3.66917885269423e-11,-2.2073245337978657e-11,1.0078631923024781e-10,1.0000000000429243,-2.8227784573383948e-11,0.999999999992654,-6.338490118539939e-12,-8.796065317502767e-12,-7.550325387511408e-12,1.0000000000184799,1.603049336656377e-11,1.9394510596629704e-11,7.571434600116597e-12,-9.112239870243729e-12,-1.8495414312374838e-11,1.9156642764484365e-12,-6.2537705678043274e-12,1.1322297863254094e-11,8.424525745524063e-12,1.0349859929474324e-13,-7.805921623249741e-11,-6.780127628191922e-11,-7.524233260785333e-12,-6.359729727220824e-11,3.190066754966932e-11,0.9999999999899579,-9.385574897756643e-12,2.729320732756211e-12,1.0000000000093636,1.306684914378993e-12,1.9143401131044022e-12,-4.9838872418532194e-12
-6.54285835732274e-12,7.219249244138294e-13,1.7651835030894308e-16,1.71100468137134e-16,1.6033706148477072e-16,1.54555797340559e-16,1.637670932691226e-16,1.5218835567340366e-16,1.2046210959756744e-16,-7.240801190510244e-12,1.0624997124110914e-16,1.554515419922634e-16,1.6639109285493256e-16,1.844109342570101e-16,-7.240689272912766e-12,1.5864443271237742e-16,1.7040306474464758e-16,1.1224029981343215e-16,1.7540029780652556e-16,2.1181357525441275e-16,1.604860821414198e-16,1.163015382209226e-16,-7.240714505204837e-12,1.6009435187181713e-16,1.2173535793435833e-16,-7.2408749748738106e-12,1.6241214362488813e-16,2.806583734387309e-16,1.6856871966759818e-16,1.2702557069353224e-16,1.806966327283976e-16,1.270847063005874e-16,1.2753578578030043e-16,1.365267654078257e-16,1.7778068945377489e-16,1.4019278106667438e-16,1.2197807359241442e-16,1.2746912921701713e-16,-7.240760371550957e-12,1.3965890131455193e-16,1.5598456187172967e-16,1.4575234828970003e-16,1.6627462049242255e-16,1.3014553144327173e-16,1.1763921645675228e-16,1.828422518442289e-16,1.6017916905332172e-16,-7.240782115144489e-12,1.7040634384228882e-16,1.334960096833353e-16,1.8058436083473213e-16,1.6583273760554518e-16,1.2450134056456407e-16,1.5722493508332288e-16,1.3178973629359104e-16,1.7922782631105448e-16,1.29261677791417e-16,-1.9208773772657789e-19,1.2914272551982298e-19,-3.627552706880332e-15,-1.561824706232918e-20,9.007920795587628e-20,-3.2549623946178486e-19,1.7377668288989435e-19,1.249464871550925e-19,-3.627387615554546e-15,2.1958246207492996e-19,2.0605041332649326e-19,2.748383833566648e-19,6.080213908557868e-20,-3.627550487075989e-15,1.7052280514152424e-19,-3.627071554259505e-15,-1.2535316518121151e-19,-3.627770476903464e-15,3.2155655574565724e-19,1.8440201065811667e-19,-4.958222246773203e-20,8.824976082493561e-20,2.312187513195473e-19,2.4058922397805805e-20,-1.5980931992108384e-19,-3.7843463075217058e-19,2.4533034444487992e-20,3.533146554661085e-23,1.1815449528836773e-19,1.1855021352400655e-19,8.37046708827775e-20,-3.627695016690798e-15,9.259519893100455e-20,6.326717133043755e-19,1.0049902345507288e-19,-3.627520606702588e-15,1.1376648948901585e-19,-3.627031502738182e-15,7.315937329124921e-20,-3.627757999379432e-15,1.668569039194198e-19,-2.2347090655851646e-20,1.767166628755934e-19,-3.627414342759383e-15,2.6836809039243892e-20,-3.6274660859459875e-15,-3.3645528780449216e-20,1.8643430125490061e-19,9.401605999283842e-20,-3.627367839169601e-15,-5.2477969264025025e-20,8.951936896516898e-20,-1.9682031542776708e-19,-7.773616868868497e-20,-3.752080619816663e-19,8.462240224630887e-20,5.699309639202285e-20,1.8558131647839117e-19,1.5599310523777085e-19,-1.1429126738628734e-19,1.7671523338891765e-19,7.04211924770434e-20,1.0020863554752141e-19,2.481546375960246e-19,-1.1949516352362552e-20,-3.627582933687253e-15,2.3790878131723653e-19,-6.304720240492879e-20,-3.627337546977827e-15,3.4749604764822617e-19,1.1904496716911993e-19,8.594785062504122e-20
-4.9222067087555856e-11,1.7651835030894308e-16,7.219412403490952e-13,4.774678388522583e-19,-2.5085838101813636e-19,2.1731529015347233e-16,2.329983892614774e-16,2.0108225209328414e-16,1.8927786972213137e-16,-2.5002303054042632e-14,2.1123971707529867e-16,2.4870734114498643e-16,8.197493744809815e-20,2.6491172872001633e-19,-4.9907221036465395e-11,2.5730492131629406e-16,2.1506979915316179e-16,1.7756546239687566e-16,2.4661663409536194e-16,3.7429802809325137e-19,2.134119993033594e-16,1.4522305647044e-16,-4.990722623454701e-11,2.0542935313488387e-16,1.9812295715136631e-16,-2.5002312544147917e-14,1.086150094328331e-19,3.7983181338340117e-16,2.651514963529582e-16,6.817636284411196e-20,2.624212415610579e-16,-1.5168337659459222e-19,1.6963954283060268e-19,1.9014554796436355e-16,3.22051441203662e-16,2.1218730713996366e-16,1.5742523252714283e-16,-8.861341078377756e-21,-2.5002586802280653e-14,-2.19125273860946e-19,2.3562567295841825e-16,3.891345613899045e-19,6.006093023423765e-19,2.827172941584938e-20,1.3176294471289789e-19,3.1713282589719475e-16,3.7291354972134056e-20,-4.990736486050919e-11,2.1655734781263334e-16,2.0350507173984934e-16,3.082180554949052e-19,3.2824750979586364e-20,1.9194334774394536e-16,2.355815837644957e-16,3.63117726727253e-19,2.599287966919139e-16,2.262299466865338e-16,2.3774089933886374e-16,2.9755831020230965e-16,-4.9907540439420113e-11,3.433354741829452e-16,2.2601599699114695e-16,2.0519881518223286e-16,2.786424170633413e-16,2.6955347111240494e-16,-4.990728118312496e-11,2.2876874197255833e-16,3.1962506488343286e-16,1.607601405306954e-16,1.8845531953594347e-16,-2.5002234849907546e-14,2.009413510144628e-16,-4.9907160465537896e-11,2.4530276203513946e-16,-4.990723325164647e-11,1.71080472707878e-16,1.9297501226283138e-16,1.8075763075585796e-16,2.4751637358612967e-16,2.436163163746733e-16,2.9436173603594284e-16,2.314322991538748e-16,2.0458153638444873e-16,2.6305564749568466e-16,2.612945618692132e-16,2.1846675068620148e-16,2.9186744851972496e-16,2.789349497448298e-16,-4.9907449326207276e-11,1.8620172329546972e-16,1.6898938770966806e-16,3.1881515759873394e-16,-4.9907422057362465e-11,1.8908735590662343e-16,-4.990735714643374e-11,1.4645117452941945e-16,-4.9907342611801944e-11,2.0406267101296125e-19,1.1484441209507727e-19,2.3691330490131165e-19,-2.5002171911932705e-14,4.373613606339929e-19,-2.5002544100110106e-14,1.3865538614747478e-19,7.441392341849744e-20,2.0159070908402224e-19,-2.5002490851488087e-14,-5.72731113600035e-20,8.181786304174778e-20,1.325082535622133e-19,-7.076487006582973e-22,2.0056777342537925e-19,1.4816358807907272e-19,1.0641929705695851e-19,2.212319158814413e-19,2.336062492792921e-19,4.577847954909694e-20,2.7511246028075693e-19,1.5848457758725165e-19,-1.4549302237305575e-19,2.009017063667034e-19,-7.579974017040908e-20,-2.5002073733201704e-14,2.684972291059522e-19,2.1849577650442823e-19,-2.5002571197609917e-14,1.2301604881716243e-19,5.516369877484178e-19,9.240239877261686e-20
6.731465152456405e-12,1.71100468137134e-16,4.774678388522583e-19,7.219588145828152e-13,2.496780317589888e-19,1.150679502446018e-19,1.172362709379974e-19,2.2922615721165934e-16,2.7713053033009514e-19,6.044244319433867e-12,1.1728074231544294e-19,2.1389689382431632e-16,1.1679654002949666e-19,2.43430039135916e-19,6.0443928262057e-12,-1.3311017963316587e-19,1.5076202546179071e-19,1.4910703006632882e-16,2.463758294002921e-19,1.1917128817499494e-19,5.756076671531074e-19,1.82373775588918e-16,6.044350215682666e-12,1.2445503682143074e-19,1.6559122529417153e-16,6.044136055150755e-12,2.3293728416531494e-16,3.123362684217516e-19,2.2754051755623844e-16,1.8566304707027651e-16,1.6529653297494062e-19,1.7786933854856332e-16,2.533555099996114e-20,2.162147275158107e-16,-2.721263827806288e-19,2.0085345766661328e-16,1.8984106211427128e-16,7.66407143216332e-20,3.027939985154294e-15,2.0130717531534173e-16,2.0920742143108723e-16,1.2005269903156147e-19,2.2545339682717628e-20,1.843148921679187e-16,1.5605927537445491e-16,2.37827225940671e-16,2.346891494120097e-16,3.0281443404237354e-15,2.525460098297413e-16,2.809078753488363e-19,3.4880493706805265e-19,2.0914400672668508e-16,1.7917008882463368e-16,2.340719427351079e-16,1.7899428775030598e-16,1.0197983608900883e-19,1.9762403249643928e-19,2.200426472472482e-16,1.2778517437532796e-19,3.0282877361375897e-15,9.323906734606073e-21,-3.9160271879738995e-20,1.6361521823661253e-16,2.6109374106964637e-16,3.0733529478886083e-16,3.0281233527765567e-15,1.5878282526345572e-19,-5.032487301426331e-20,2.423992025084234e-16,2.4948837025992157e-16,3.0279573044714136e-15,1.4768929557632276e-16,6.044412481946613e-12,1.9781733828338585e-16,3.0282959667578683e-15,2.513196440725915e-19,1.8779132377505432e-16,5.588201410811434e-20,2.713669479156127e-19,4.582735508969796e-19,8.834726042999129e-20,2.185909648757883e-16,2.016137523840289e-16,6.279088146786355e-21,2.655876481067926e-16,-3.5213498175405613e-19,1.4021519223283685e-19,2.2085724146890043e-16,6.044175175536625e-12,1.8781797307165169e-16,4.3876463483368855e-20,5.842029322274904e-20,3.027893390337424e-15,1.6032917328246626e-16,6.044291656815302e-12,-7.195975403377416e-20,3.0282525337504903e-15,2.6830133258601517e-16,2.3196628688913513e-16,2.8424158520263635e-16,6.044370691502585e-12,2.2991454789680294e-16,6.044409991656593e-12,1.5378095919361211e-16,3.3226765560579203e-16,2.1051555065538197e-16,6.0444476156763e-12,1.7475723631934512e-16,2.5270476687391845e-16,-1.9797227153971046e-20,1.4449542202206755e-19,2.896140806798119e-19,1.7691283912278502e-19,1.554299422538223e-19,1.115005064177034e-19,2.5314753578602327e-19,1.5761911565746766e-19,1.4791746980057395e-19,5.542213667285686e-19,1.8809096168958995e-19,1.1949125507845336e-19,4.0465739218650934e-20,3.0279433590488927e-15,3.789550702095058e-19,7.826296918041638e-20,3.028083356966659e-15,2.1945843048717026e-19,4.980989329913259e-20,7.761921191846078e-20
2.731204441248836e-12,1.6033706148477072e-16,-2.5085838101813636e-19,2.496780317589888e-19,7.219256431885401e-13,2.0876971746950386e-16,3.000655065446331e-19,2.0128397212719364e-16,1.5637527338623908e-16,2.048585335901475e-12,6.05827622676308e-20,2.097706576217084e-16,2.237681755147466e-16,2.39497433923252e-16,2.0487332462321707e-12,2.035060650416014e-16,1.3487750979796366e-19,-3.348512842153579e-19,3.149705974115953e-19,2.9116490376938294e-16,2.5781447397858785e-19,1.5842671679508052e-16,2.048705124699248e-12,-2.28526212825033e-19,1.6442830140496865e-16,2.0484798406459917e-12,-1.831615037654541e-19,3.892954256916921e-16,-6.907092056704352e-20,2.821423883488301e-19,2.444474782828759e-16,-9.142705158146711e-20,8.265079318901049e-20,1.9537267720657026e-16,2.3726135617986083e-16,1.914513790251147e-16,9.001088819461411e-20,1.464547718475711e-19,1.0265098327851046e-15,1.8605462688589956e-16,2.350210216856649e-20,1.8714072305990061e-19,2.1967834935951782e-16,9.227577848599614e-20,1.325873427569425e-19,1.4185015066743074e-19,2.1548888080608746e-16,2.0486193759824723e-12,2.2183791315130573e-16,1.0628433009167452e-20,2.4190533292086456e-16,-1.6649674215076142e-19,8.553569198772459e-20,2.1978220548198644e-16,-3.086790111557348e-20,2.3817205204629677e-16,2.7535772828797756e-20,2.1154251332380959e-16,1.9658042957526088e-19,1.0262143634791394e-15,-3.3322924382009944e-20,1.673524190798134e-16,-6.898579419496308e-20,2.4860884150605574e-16,3.4928199776471445e-19,2.0486401500723623e-12,9.476252399734497e-20,1.4067880070560193e-19,2.0038170665756072e-16,3.0811090826459576e-19,1.026205849955824e-15,1.6385440600251002e-19,2.0487674675284084e-12,1.8115253742852285e-19,1.026440940143922e-15,1.4937830913183588e-16,1.7857447168256157e-16,1.2250801913810325e-16,9.202623322657791e-20,5.73951510413469e-21,2.761761099808597e-19,2.074844507302061e-16,1.8822733916253135e-16,1.3120696653014136e-19,2.453373544984769e-16,2.1312547894860771e-16,-1.06188324071074e-19,2.272916606596941e-19,2.0485183601142242e-12,1.73781945860332e-16,6.821767665570812e-19,1.741597115474549e-19,2.0485678781557033e-12,4.2751850362789046e-20,1.0263913285035118e-15,1.6019792336065758e-16,1.0264885011877e-15,2.4572845117015503e-16,2.2963336935251375e-16,1.9692092722382178e-19,2.0487142173597577e-12,-5.84264457283684e-20,1.0263586826504626e-15,1.5509804485343137e-16,3.0444143194970726e-16,5.301003160446653e-19,1.0263224244890288e-15,2.376065042242081e-19,2.2775284195435624e-16,1.522931554744715e-16,1.678544373041984e-16,2.0203544762281645e-16,2.346874256600514e-16,2.0805849832072013e-16,1.8208600952783465e-16,1.7904575644702878e-16,1.5503486103536644e-16,2.0508417979935618e-19,5.913353307002699e-20,1.3872720707787643e-20,6.406670558806802e-20,5.54671666677466e-19,1.0262462653752431e-15,3.203369394246071e-20,6.122006013613937e-20,1.026466900739192e-15,-2.132076311872016e-19,1.7216394233538363e-19,3.845103468265389e-19
1.5467094180447204e-11,1.54555797340559e-16,2.1731529015347233e-16,1.150679502446018e-19,2.0876971746950386e-16,7.219703961605715e-13,1.2346937996615038e-19,1.6617447832645115e-19,5.797478656290013e-19,7.404338686155458e-15,1.1875075490917689e-16,2.0065973656007099e-16,2.2602009429786425e-16,2.2861995718343033e-16,7.404276634805397e-15,1.9113309050616722e-16,2.386688425816167e-19,1.3894854318626243e-16,4.0036544431109335e-19,1.5900815596233164e-19,2.150347564759714e-16,3.1311928075436017e-19,7.404574483129524e-15,2.250859482466918e-16,1.556447922667844e-16,1.477957974760373e-11,2.1363352719626655e-16,3.9339687297294875e-16,2.1513239160327601e-19,6.5744093294344826e-21,2.3828189692158934e-16,1.6836117243467625e-16,1.558232219078056e-16,-3.4335697205614143e-19,2.1246169182581486e-16,1.8502294224033261e-16,1.1312032894942856e-19,1.8223643042580139e-16,1.4779744750171436e-11,1.2818589444577302e-19,6.06977963488991e-19,1.8123865534307631e-19,2.0996828896259119e-16,1.6936948766482807e-16,1.794279299257502e-19,2.2858563010066435e-16,1.5018178607669208e-20,1.4779708498571678e-11,4.4504232693124e-19,8.683713170147574e-20,2.4227913026125725e-16,1.0505463208828359e-19,1.6578177340290431e-16,1.718533643754423e-19,1.643054391267417e-16,6.05827898905808e-19,1.5225669242839708e-16,4.1524135537770613e-19,2.7906958831024933e-16,7.404280668142052e-15,-1.5004820907816902e-19,-8.911737523407169e-20,-1.871688110228594e-19,-1.83590586684144e-19,2.918748287761696e-19,1.477971377256251e-11,2.5326068689152898e-19,-1.774943662925416e-19,1.731060676405119e-19,2.200227489056385e-16,7.404376456395915e-15,1.4208876866099362e-16,7.404507735556258e-15,4.962250382910744e-19,7.404442291002491e-15,8.569215054791166e-21,4.754619454939499e-20,3.3194298418059733e-19,2.0537472554729272e-16,6.75855587361773e-20,1.9292821994349058e-16,2.0045677475508272e-16,1.8428248054038444e-16,2.097362596867039e-16,2.421896400830978e-16,2.1041080542874864e-16,2.4564685298993235e-16,2.0911348460635355e-16,1.477961294910787e-11,1.7097465151680944e-16,1.3543606791706468e-16,2.203635011815826e-19,1.4779668686218433e-11,-4.774076660107099e-20,7.404290953286135e-15,1.6403452844066175e-16,7.404305985698587e-15,2.4220045562712173e-16,2.1607975984735876e-16,2.654135562005217e-16,7.404298107815442e-15,-1.2087175884762685e-19,7.404330415815333e-15,1.9940167866091626e-21,1.620145052489686e-19,1.9347429727604986e-16,1.477985589325183e-11,-2.227424501259527e-19,2.2726911898585546e-16,1.432952689854166e-16,1.595077563753667e-16,5.881273193477008e-19,2.283460245585585e-16,-3.085241334392649e-19,1.7961518370446197e-16,1.7934233628023494e-16,3.1242688029872e-19,3.577905910613878e-16,3.268707767839561e-16,1.5876078210990051e-16,1.9911999177757274e-16,1.9460430480305477e-16,1.4779588814864046e-11,2.019795591726708e-16,1.6961507364321955e-16,1.4779729669097552e-11,2.026291574588127e-16,1.4844712625453406e-19,5.761091635867727e-20
-4.253634966746461e-11,1.637670932691226e-16,2.329983892614774e-16,1.172362709379974e-19,3.000655065446331e-19,1.2346937996615038e-19,7.219342208064993e-13,3.545160925590419e-19,1.585960946330138e-16,-2.1655441290306966e-14,2.794579823607733e-19,1.0768567033231691e-19,2.2970140470977103e-16,2.4426310047048634e-16,-4.322698792276475e-11,2.065502875115666e-16,2.4053942790224803e-16,1.136804786188216e-19,2.3078070363711987e-16,-6.007134888558869e-20,2.195119400207951e-16,1.619507210809715e-16,-2.165556733287146e-14,2.2592911467573386e-16,1.6374460458790065e-16,-2.165576711596812e-14,2.2087120770392536e-16,3.961296655757748e-16,2.271558289943621e-16,1.7474575541122674e-16,1.0463786606713456e-19,1.756592047410314e-16,1.4177679194829132e-19,1.95551526777777e-16,2.2042716394713542e-20,1.9189856854081865e-16,1.7072251595316641e-16,-5.398695528263918e-19,-4.322707177804253e-11,1.8823370287681162e-16,2.0519182369342342e-16,1.920830713624999e-16,1.3929722403365227e-19,1.7731903873664157e-16,1.5461681713010898e-16,2.4480945706851096e-16,1.3589953943977167e-19,-2.1655626917072087e-14,4.92105581484225e-19,1.7694779582345184e-16,2.471207868256433e-16,1.5452992526343358e-19,1.3727975642197938e-19,1.2328348298077937e-19,1.7284605260092041e-16,-3.054832953312044e-20,1.664142338410497e-16,2.1054236549187672e-16,2.0772637664502162e-20,-4.3227263720536545e-11,3.51347440092538e-19,1.6645801011252601e-16,1.6444058284436025e-16,2.5093938369318383e-16,1.530597315294271e-19,-4.3227083716881944e-11,2.0750874012835869e-16,2.748934396380972e-16,6.981004739784129e-20,-7.126348605578154e-20,-4.322723449758704e-11,1.5340488581876701e-16,-2.1655565911068194e-14,9.084770034530826e-20,-4.3226996441987895e-11,8.252499798033346e-20,1.7850731037725008e-16,8.716850358960555e-20,1.2159689617987663e-19,2.2370020558952757e-16,5.877748304583066e-20,2.1004177222497953e-16,1.9140639986191436e-16,-4.75953495770542e-19,-1.5495094236202446e-19,2.1396651129327402e-16,2.6136603629180324e-16,2.237540284719777e-16,-2.1655814980861886e-14,4.8790508797824833e-20,1.0405855718986247e-19,7.079781387872952e-19,-2.1655335427447175e-14,1.57551037533455e-16,-2.165571938934309e-14,1.6602230328888596e-16,-4.3227035947704424e-11,2.546007212129674e-19,9.812538756417347e-20,1.6296011767286964e-19,-4.322700848183759e-11,4.796732019081638e-19,-2.1655605756529948e-14,1.8819877457554808e-19,2.5977577807786443e-19,1.9732923527675332e-16,-2.165548267061361e-14,1.7489595358726545e-16,6.561180081411915e-20,1.5326060044981849e-16,1.1371127524502302e-19,2.0588450891204683e-16,2.3713760074424863e-16,2.119597284528677e-16,1.8167623898590697e-16,2.9366219521714167e-19,8.696793646339519e-20,3.655675657691354e-16,3.402195514236307e-16,1.670695074460509e-16,2.1919207018031306e-16,3.4875381362219445e-19,-4.322723632763834e-11,2.0066678191124205e-16,3.468519879312466e-19,-4.3227092800307515e-11,3.040062700026091e-19,2.671415455956683e-16,1.7698602334082248e-16
-2.684709773463656e-12,1.5218835567340366e-16,2.0108225209328414e-16,2.2922615721165934e-16,2.0128397212719364e-16,1.6617447832645115e-19,3.545160925590419e-19,7.219904606492805e-13,1.438070190574483e-16,-1.6888470666759332e-15,9.988793036323214e-17,1.896107538568469e-16,2.2715941535560113e-16,3.390971595087848e-19,-1.6886459976853455e-15,1.045706182236783e-19,2.179690471451299e-19,1.3119876393002486e-16,2.2017763259232127e-16,2.7146977130712757e-16,1.0974142402990013e-19,1.6419718428286578e-16,-3.3709152946921614e-12,2.2463083532607005e-16,2.923329352004466e-19,-1.6884587894740174e-15,2.0840061804809534e-16,3.862188718771148e-16,2.0769824303509766e-16,1.6496109078176365e-16,-1.0985742350670977e-19,1.5359818221258664e-16,1.5190375803170083e-16,9.700875155439273e-20,1.8572695858919957e-16,1.767635256561718e-16,1.89964859365176e-19,1.3555286356942098e-19,-1.6887761466819427e-15,1.7977010034196397e-16,1.71365321640074e-19,1.7306255802273698e-16,3.023509522030375e-19,1.4307965088145592e-20,1.3947783103728267e-16,2.1261285012153198e-16,2.0694267063399457e-16,-1.6891741877659357e-15,2.298308664999688e-16,-6.062946611652462e-21,2.4117497478853684e-16,1.8694641436237358e-16,8.17878201097016e-20,2.0647637900939765e-16,9.728960978117047e-20,2.2630939978308823e-16,4.384055202193103e-19,-1.3452892764656272e-19,2.7245896616377546e-16,-3.3710960304345295e-12,2.0773902912910972e-16,4.957143906150756e-19,1.4589958088958317e-16,2.326608665341385e-16,2.7406470654450165e-16,-1.688659071609622e-15,6.730081839829203e-20,1.3021384074247656e-19,2.170679723979583e-16,5.231553969747505e-19,-1.6888177568126542e-15,1.293455617749874e-16,-3.370864899503186e-12,2.315228184578285e-19,-3.3708786385047844e-12,1.2676931174164406e-16,1.6214295675547467e-16,9.457971856039253e-17,2.450456969942854e-19,2.1193470327070134e-16,2.8785919236034365e-19,1.9441082273973045e-16,-4.4255169438435066e-20,1.248650883181657e-19,2.382053493657028e-16,2.0272751907294225e-16,2.433670851025143e-16,-6.478259005680362e-20,-1.6886736960470926e-15,-2.0764378109303183e-19,1.3148852755034415e-16,2.7031383561861373e-16,-3.3709945508274425e-12,1.3878020947304098e-16,-1.6886626627389091e-15,1.6764710220395727e-16,-3.370887675868888e-12,2.404258160410918e-16,2.0457752740481347e-16,-1.4206525582421685e-19,-1.688767864617742e-15,1.986093024735345e-16,-3.3708613289713006e-12,1.380065786561923e-16,2.986048799047407e-16,1.8489640051744137e-16,-1.6887407123952901e-15,8.643740739815323e-20,2.250658100011015e-16,1.869645905012988e-19,1.4944723468842822e-16,1.9490623287383005e-16,1.284812892426578e-19,9.228243302725186e-20,1.4406178140669355e-20,1.8127098350445342e-16,1.4081730065060402e-16,1.4616672795301667e-19,3.1530112038463927e-16,1.5297961420201244e-16,1.790513800648377e-16,1.4409854185514495e-19,-3.37106889453216e-12,2.05956351178812e-16,3.222426603055151e-19,-1.6888414048480468e-15,1.939513802975752e-16,2.3756638785203706e-16,4.340686996574022e-19
4.020707444778991e-12,1.2046210959756744e-16,1.8927786972213137e-16,2.7713053033009514e-19,1.5637527338623908e-16,5.797478656290013e-19,1.585960946330138e-16,1.438070190574483e-16,7.219383301934752e-13,1.6646195126217334e-15,1.2745866833994127e-16,1.6265454748564111e-16,8.635523981031004e-20,1.983994683158267e-16,1.663790624876777e-15,2.9998430659878935e-20,9.774325927715404e-20,-1.7868382160213406e-19,1.7134676983034975e-16,1.2872624694408e-19,1.984521232414493e-20,1.0346112566560184e-16,3.322819996169673e-12,1.4531528611978717e-16,1.268777407337679e-16,3.322661408008983e-12,1.59774416981945e-16,2.234026648531247e-19,-5.66001003817432e-20,1.465800981501567e-19,-1.6854298533571904e-20,1.3380309793723788e-16,1.2838469964875102e-16,1.1352699687003649e-20,1.9733668387805463e-16,4.386467510294544e-19,1.1130649567485884e-16,1.0755530183974984e-16,1.6645732987156906e-15,-8.96923010389734e-20,1.5823584719630748e-16,1.478229300702141e-16,8.808240351253139e-20,1.2909845229703787e-16,1.2020768583705817e-16,2.0151600599145439e-16,-1.1470371421219688e-19,3.3227375585354908e-12,3.242639326276454e-19,-4.219110973778719e-20,1.693134620190988e-16,1.817417161027769e-19,1.2526801738183468e-16,2.9501529149497464e-19,6.290115989830178e-21,1.059678162035686e-19,9.001604157157954e-20,1.528732817064358e-16,2.0488663816540282e-16,1.6643546413687094e-15,1.0709361010047936e-19,1.4177128167002014e-16,-4.3276528503009476e-20,1.850055160829332e-16,1.9090769189413604e-16,1.6642973964037925e-15,3.1758478390510134e-19,3.9952967766610556e-20,-2.0665709073479278e-19,-1.7290961778266327e-19,1.664528858641739e-15,2.4381983104158193e-20,1.6646588556818252e-15,5.264651997901521e-20,1.6646218796618178e-15,3.2961608745987587e-21,2.3190754425086893e-19,1.1047184521189318e-16,-7.594664779191629e-21,5.2847509681790076e-20,1.9131108340516283e-19,1.5572980295957134e-16,1.3846917485469935e-16,1.7346407347368184e-16,1.142778909291402e-19,4.594737564963036e-19,2.0175019517287693e-16,1.7949161068388362e-16,1.6645689119855674e-15,9.390498309546568e-20,8.071038127147565e-20,1.3925167924864572e-19,1.6646504934141238e-15,2.008380077850718e-19,3.322742462026561e-12,1.0697482666556047e-16,3.3227625916089342e-12,1.774057695669719e-16,1.7990415284943488e-16,1.4399559230263536e-19,1.664622706899695e-15,-7.041996400316332e-20,1.6646914557004968e-15,1.2672755587767739e-16,2.1791992431652942e-16,1.377856179142814e-16,1.6646643324653413e-15,-4.0820781783998206e-19,-5.930160746806752e-20,1.2179722722195558e-16,1.303768424379944e-16,1.4580892127431256e-16,1.9630807809424136e-19,1.1745906933962632e-19,1.2533530943743944e-16,1.27325628434051e-16,-3.472847433462602e-20,1.5668149782802502e-19,1.0512860266193038e-19,6.855098157941626e-20,1.9392372204611137e-16,1.118238561266167e-19,3.322643743962391e-12,1.2085716731297296e-16,1.3038786415967238e-16,1.6645029313033404e-15,1.5795997062149648e-16,2.5460954045114066e-19,1.5645489452348937e-16
0.9999999999642525,-7.240801190510244e-12,-2.5002303054042632e-14,6.044244319433867e-12,2.048585335901475e-12,7.404338686155458e-15,-2.1655441290306966e-14,-1.6888470666759332e-15,1.6646195126217334e-15,0.9999999999380195,6.105880791976941e-15,8.179324911595117e-17,-2.7752822630650484e-15,8.78507831658476e-15,0.9999999999804114,-4.360832907013147e-12,-2.1353895456461475e-15,3.1571100618243724e-16,8.483830683115722e-15,6.026416538234551e-11,5.913649877982146e-15,1.803098216181699e-15,0.9999999999589224,-1.0688776569547897e-11,-3.2697574792484127e-12,0.9999999999350495,-1.5526024770628936e-11,-1.0910070909449627e-14,1.7432175992825194e-14,4.1116943962802554e-16,4.9552969927014346e-14,2.117490962122706e-11,-1.1411647931163009e-11,8.723951648779872e-15,5.989113009807931e-15,4.579451069028804e-12,5.081085453055935e-15,-5.84938061290501e-15,0.9999999999617367,-1.7194347412806853e-15,1.4922990499444444e-11,1.3092239973109344e-12,8.2106030655421e-15,9.629339914379307e-12,1.5569511952199386e-16,-6.39013897753984e-11,-4.81661494910575e-11,0.9999999999963874,1.9580026538942578e-14,-3.0292547595713955e-12,4.892389201406774e-14,5.098729905600955e-12,-6.91401882491529e-15,-1.8447200942099786e-14,-4.076620949093495e-12,-1.5790347664932365e-15,8.220902633870742e-12,2.217394212520439e-14,1.9653206224139843e-10,0.9999999999297668,9.108502215686888e-11,2.055967189807033e-15,3.5787923371815375e-15,-1.4731125034514015e-11,1.2489084337466985e-14,0.9999999999671227,-1.0169752984358895e-11,-7.819707138199972e-11,3.0930135219234834e-12,-3.929674868448884e-15,0.9999999999662674,-3.3269256942563258e-12,1.0000000000357312,-1.948561989062294e-14,0.9999999999630079,6.114932401015159e-12,1.2790317786993381e-14,2.110483582407051e-15,-1.5501466607863853e-14,1.5864852371024598e-14,1.860470130684568e-14,6.8292309028822064e-15,-4.2593701493375726e-15,6.247886370504017e-15,-1.989770015232928e-14,5.209260747433881e-12,-5.437918754986344e-14,1.5248809142013543e-14,0.9999999999210705,-1.5200538201435576e-11,1.1547577036395427e-12,-4.57239702988828e-14,0.9999999999005775,2.9420020842011755e-15,0.9999999999455463,-2.48865364239262e-15,0.9999999999244438,-3.7372657913874574e-11,-1.140278218333266e-14,5.0156514049542024e-14,1.000000000015972,-1.448287502790328e-14,0.999999999965699,-3.5245863277389564e-15,-9.462521279553563e-12,-8.240294530804313e-12,0.9999999999915264,7.682449578985292e-15,9.36979837883701e-15,3.442555320599488e-15,-4.91235931075717e-15,-1.918559562348225e-11,1.2340473090703933e-12,-3.4785435378556982e-15,1.0626972915944895e-11,7.727213298691105e-12,-3.016785869020868e-16,-7.871439758071607e-11,-6.846599564032968e-11,-8.227343241292691e-12,-6.428025201613716e-11,3.121521971374393e-11,0.9999999999629872,-5.051691126850891e-15,1.0179095689371445e-15,0.9999999999824026,6.197532330381259e-13,1.2376481383661401e-12,-2.8458407739176004e-15
1.2888743616800556e-11,1.0624997124110914e-16,2.1123971707529867e-16,1.1728074231544294e-19,6.05827622676308e-20,1.1875075490917689e-16,2.794579823607733e-19,9.988793036323214e-17,1.2745866833994127e-16,6.105880791976941e-15,7.219631320390281e-13,-3.908045520009699e-20,1.0653355252939703e-16,-8.420174651979096e-20,6.105790580914788e-15,1.8349940980628242e-16,9.246408570811015e-17,8.675859296085776e-20,1.2197697629241603e-19,1.8999250418036386e-16,5.930478477670551e-19,5.547807489552649e-20,1.2187968056272986e-11,9.252322148350596e-17,-4.2454984786785127e-20,6.105717764075957e-15,1.3982492187215083e-16,1.2669797700649239e-19,6.2800127953265525e-19,1.0525567516966088e-16,-3.183950260298301e-20,1.669664478589354e-19,1.2429769368186425e-16,-7.033549659821534e-20,2.4582719937673377e-16,6.679782880725615e-20,-2.929664430827276e-19,4.874394375604082e-17,6.105740219353528e-15,1.1042642958564125e-16,1.5292790980163795e-16,1.479075366018911e-16,2.1949769402229483e-19,1.2186325119101493e-16,2.8280483151672217e-19,2.2912511518394075e-16,-1.1878499008511201e-19,6.10604007964299e-15,2.6028530306383778e-20,-4.218576308380456e-20,1.264408167571666e-16,8.804283850016315e-20,1.1737383504513366e-16,1.3697007239981538e-16,1.1794479831282504e-16,1.5497177755092707e-16,1.6932336337835867e-16,7.473440670435718e-20,1.388662302426544e-19,6.105820684618521e-15,1.192883015936068e-19,1.6979484160693696e-16,1.41432382572919e-16,1.8948898041096872e-19,-9.318338509347159e-20,1.2187947862701638e-11,-1.5179824997112393e-19,7.986574780041904e-20,4.427207980268607e-17,7.273361873108336e-17,6.105678328538042e-15,1.47819694756397e-16,1.218801048915228e-11,-2.694120435977191e-19,6.105999252676514e-15,-1.8158697803187874e-20,6.862309540062311e-19,1.466909682161804e-16,1.5729158934607045e-16,1.152306165405541e-19,2.287911779499574e-16,1.4291802639799625e-16,1.2078699427431308e-16,1.7609099316099707e-16,1.4914589279541376e-16,1.1682890561982879e-16,-1.9996418362415952e-19,1.9503625517403368e-16,1.2187810900971907e-11,1.8523894182854777e-19,1.119870205477623e-16,1.2121340265058064e-19,6.105681764870418e-15,1.2426416791465814e-16,1.2187848457252174e-11,6.358085462254989e-17,6.106013387534984e-15,-4.976208457114296e-19,1.8578706630048874e-16,1.9596731145903677e-19,6.105722324624448e-15,2.8194130703178956e-19,1.2187942215957393e-11,-7.56091668705991e-20,9.253163277790351e-20,1.1816639393408593e-16,6.105905377785806e-15,1.4803272365914574e-16,1.842232725923555e-19,1.2880833089706853e-16,1.780742387673372e-19,1.21236506036507e-16,-9.049793018917133e-20,1.256666094682376e-16,1.3277801848265197e-19,9.101706655178939e-17,2.2378822448555374e-19,2.1584775026063603e-16,2.2464632113711847e-16,-4.541887042860855e-19,1.5603740407015715e-19,5.1789291500086646e-20,6.105532067636608e-15,2.7656697594769626e-19,1.2199087302044822e-16,6.1056719685999306e-15,-3.4147147120793105e-20,2.1548305888823988e-16,1.5070845896069529e-19
8.519530459359835e-13,1.554515419922634e-16,2.4870734114498643e-16,2.1389689382431632e-16,2.097706576217084e-16,2.0065973656007099e-16,1.0768567033231691e-19,1.896107538568469e-16,1.6265454748564111e-16,8.179324911595117e-17,-3.908045520009699e-20,7.219285283683258e-13,-1.3460527937232978e-19,1.1934224576077844e-19,8.159350051990596e-17,1.882932798555193e-19,2.116288867518841e-16,1.517039173163883e-16,2.2097817292959423e-16,2.8818475722574044e-16,-1.2173860469514426e-19,-2.2913147078510763e-19,1.6344635525811378e-13,6.232616858274505e-20,1.6979697333501715e-16,1.6322079327849783e-13,3.882041286063017e-20,2.8712438731247287e-19,2.354129509943515e-16,-4.815580354380215e-19,2.3632662246415145e-16,8.447834442337033e-20,4.614749487745635e-20,1.8088633909633512e-16,2.6126446886623896e-16,-2.1338629335733304e-19,-1.4190914429129144e-19,1.4995633512193585e-16,1.633556971464615e-13,1.2583504773553785e-19,2.7964569011909214e-19,1.9448334933279088e-16,3.410736011493573e-19,-5.480048035148477e-20,1.3912431987968427e-19,-3.6098003662843487e-20,9.446102498122183e-20,1.6334030276312096e-13,2.062194613367454e-16,4.985822780806903e-20,1.2709279821500373e-19,9.953485222294629e-20,1.704710053761095e-16,2.762718287026947e-19,5.904676104109852e-20,2.3397099078974256e-16,2.7837002582644347e-20,2.1305176550031246e-16,3.3822335094605406e-19,1.6318065940047997e-13,2.8351244816653343e-16,4.431147278889235e-19,1.7380324885034482e-16,3.6141498778668245e-20,2.53655844412668e-16,1.633912926612311e-13,2.0590768088845167e-19,1.5878825078016175e-19,1.6681020716947554e-16,1.8727590282782227e-16,8.17311879534055e-17,1.6843198209590415e-16,8.212358623253235e-17,2.1224551043680233e-16,1.6345564055530779e-13,1.5083576748050269e-16,1.7182378897290424e-16,1.4296807157400232e-16,2.1644424984754402e-16,2.172283648691941e-16,2.423995860584817e-16,1.9767814979077288e-19,2.312045155132383e-20,2.2041489336221327e-19,3.830716144821956e-20,5.35074291641076e-21,2.590173460762719e-16,2.362127471917566e-16,8.149690371512808e-17,5.2496333955023403e-20,1.4687926661326723e-16,2.868690451760827e-16,8.11439665617161e-17,-1.8471209272265633e-19,1.6334757079769648e-13,1.4432572794962528e-16,8.156624116821797e-17,2.347508769887178e-16,4.523917328751772e-22,2.865071311083689e-16,8.202546924346378e-17,2.1986246337088547e-16,1.6346974705440397e-13,1.6470501854817808e-16,1.3096461852269833e-19,6.867404534481405e-20,8.18793670541037e-17,1.8415971230744193e-16,1.4589936176990894e-19,1.5917268599797643e-16,1.7593398817685028e-16,1.942819768122218e-16,3.0855019748886656e-19,1.266003767951491e-19,4.130222334118849e-20,1.6653730362167356e-16,1.6042990264456455e-16,3.523138790689316e-16,3.3573226252746855e-16,3.345712596831564e-19,3.429110129161868e-19,1.6465533839616406e-19,1.632033569229303e-13,1.6660094821499183e-16,1.751510393557271e-16,8.17709433894776e-17,2.107627530500061e-16,1.2673128184994192e-19,2.0558230297049448e-16
-4.8499580755078305e-12,1.6639109285493256e-16,8.197493744809815e-20,1.1679654002949666e-19,2.237681755147466e-16,2.2602009429786425e-16,2.2970140470977103e-16,2.2715941535560113e-16,8.635523981031004e-20,-2.7752822630650484e-15,1.0653355252939703e-16,-1.3460527937232978e-19,7.219575966063186e-13,2.3234557172525663e-16,-5.539471344001351e-12,1.9354482797968125e-16,5.593038240544991e-21,6.167413372533533e-20,-2.909266124005199e-19,3.0300036203603163e-16,5.484153357104573e-19,-2.7544763159318177e-19,-2.7752717493338262e-15,1.1890330178478746e-20,1.5906231428319096e-16,-2.775034219354785e-15,-3.0139346189868805e-19,4.3468877962341914e-16,4.1616856531926835e-19,2.435982800766436e-19,2.5579589227140294e-16,3.30347129489027e-20,5.002763485120261e-20,2.1502351059954967e-16,2.0395129803946717e-16,-1.4505421305484572e-19,7.559946717620941e-20,6.423962017986004e-19,-5.539530753343709e-12,1.9801429801146963e-16,2.022489757392378e-16,1.170967830354083e-19,2.1534851737783957e-16,1.490857704625244e-19,1.5124470282951806e-16,2.26468404523827e-16,8.694721342656798e-20,-2.775261633301191e-15,8.26651525663887e-20,1.1841408728703607e-19,7.349737187152294e-19,-6.05813814741155e-21,-1.3014232357380026e-19,1.21887196724242e-19,1.7514079703232233e-16,3.8152453322693973e-20,1.473366235081088e-16,2.151678081602068e-16,3.0597602388599787e-16,-2.775320946190339e-15,2.201730623928611e-16,1.2870086900142942e-19,1.5654958568768476e-16,2.5567558770955725e-16,1.6022999994220194e-19,-2.775174319730294e-15,2.1012135084305674e-16,1.5290434700748564e-19,2.4431306315285237e-16,2.499918836514708e-16,-5.5397221126799224e-12,1.1883873451756887e-19,-2.775116189708977e-15,1.9145247403767776e-16,-5.539475481555861e-12,1.4573401126472593e-16,7.237807689312171e-20,2.482824942788034e-19,8.808575072359834e-21,2.275984704652909e-16,6.979265246748648e-19,5.398696107074717e-20,1.9774514404932205e-16,2.346358482610859e-19,1.329473063571164e-19,7.480314410527297e-20,2.6059521116442906e-16,1.0072037923196681e-19,-2.775436472450937e-15,1.6862360046273065e-19,-1.4174148730926403e-20,3.0186146986811253e-16,-5.539622696223766e-12,1.6139896891043819e-19,-5.539571204575635e-12,1.8645858203112278e-16,-2.7752296510312917e-15,1.3319863946709628e-19,1.993503140466154e-19,1.5023684388817454e-19,-2.7750329146365133e-15,2.253182230859613e-16,-5.539451348263297e-12,1.4644584144276874e-16,2.0352751702773804e-19,8.034006426604887e-20,-5.539412151613273e-12,1.6746680237294668e-16,2.494345007177123e-16,-4.1192338086455875e-20,1.2253883223578072e-19,2.1490683556697854e-16,-6.112267223933391e-20,2.2222778174700083e-16,8.53806688170188e-20,-5.189711818961463e-20,5.3552601698394034e-20,3.863309446953647e-16,3.510873042279068e-16,1.701826405916878e-16,1.9262138168374923e-19,1.9991512513735246e-16,-5.539709401662055e-12,-1.9569274275805907e-19,3.6333794381166343e-20,-5.539538960482279e-12,2.136004246467094e-16,2.594555928550199e-16,3.2481851795780516e-19
