0.9999999999999923,1.744205249143274e-11,1.454859913283232e-11,5.485409522212072e-12,2.4530762950518876e-11,1.572050462540509e-11,1.3901321164445629e-11,0.9999999999632337,4.9471300461172536e-12,1.4803247516508506e-12,0.9999999999722016,0.9999999999870136,-1.2650233376159031e-11,-1.3695794451588582e-11,9.024837098020236e-12,3.676799471787425e-11,-2.993065530246885e-12,-6.270635494536752e-12,1.0277660888314707e-13,1.5998707468649312e-11,-1.3760361694215736e-10,0.9999999999850971,5.2147563181683264e-12,-6.99327372881956e-11,3.184708049908987e-12,1.482232005989318e-11,5.519840070607712e-11,7.77785177659968e-12,-2.801903351975162e-11,0.9999999999691636,1.089397666106254e-11,0.9999999999703729,4.0531259162124684e-11,5.728091446913134e-12,7.631138049407717e-12,1.3476729225688876e-11,9.959050609161854e-12,5.594331790555563e-11,6.246592227035901e-12,0.9999999999849243,-3.4749593941251157e-12,0.9999999999854453,-5.411326308804937e-13,1.4122465195229387e-12,-1.1007845189966426e-11,1.0108617041051853e-11,1.0000000000059517,-4.7634382535478547e-11,-4.2963606193598487e-13,6.727466282003754e-12,1.852833966667867e-12,2.2607784956914567e-11,-1.897131187230954e-11,-8.011529981606146e-12,1.732121302235086e-11,5.506642061127077e-12,8.331748973339255e-12,5.897339300181673e-12,2.051377893329958e-11,1.0585117855862179e-11,1.4454287836071467e-11,3.872803162767134e-12,1.8088464377274975e-11,7.2474703478796e-11,-3.760794978720505e-11,8.555974524976234e-12,1.6828629938053945e-12,9.412636551650873e-12,2.2483156153407377e-11,-7.706369016875733e-12,-2.5798828663407546e-11,2.2438926726782273e-11,-7.537364171063724e-12,-6.166013734897347e-11,0.9999999999672348,4.721819102689915e-12,-5.190900720600478e-11,0.9999999999867814,6.53570581303495e-12,2.0554528637423906e-11,0.9999999999857259,1.670650671540664e-11,-6.241326267088871e-12,6.495478020331484e-12,-1.0462788868665501e-11,1.1055392171666357e-11,-6.221590566618734e-12,3.3143200066356e-11,1.0000000000007268,1.0000000000134606,8.307780553818314e-13,-8.109202926809525e-12,0.9999999999952188,-1.2988866351944106e-11,-7.662443885373748e-12,-2.0769155686476095e-11,8.915729701058842e-12,0.9999999999779781,1.0680102928751406e-11,1.0907596362943155e-11,4.756625853958427e-12,-4.119534549579818e-13,1.1337234498920548e-11,7.181265064874215e-13,-6.483723065766585e-11,2.159133432449345e-11,7.393436677382525e-12,-6.1275767533629886e-12,1.000000000024539,-1.557904737947444e-12,8.140199810850601e-12,7.52320408310432e-12,9.917813220011689e-12,-8.879518279315359e-12,2.6124097914551713e-11,-4.263236406881616e-12,1.0000000000064142,3.4237546082408172e-12,1.0224730633415594e-11,2.846172091296732e-12,2.2336835606849338e-12,2.0518064146615138e-11,0.999999999991915,1.089043845127917e-11,-8.125881074921497e-11,1.3378464656379051e-11,1.8364794431406565e-11,1.109447941559707e-11,0.9999999999322308
1.744205249143274e-11,1.9124238215866637e-12,5.580497687576628e-16,4.4324252541491985e-16,6.584253788704804e-16,5.873269419230499e-16,6.559294716542489e-16,1.350392245612019e-11,4.358826043920403e-16,5.987813111110027e-16,1.3504616961516039e-11,1.350448233799835e-11,4.951594969838295e-16,4.3886399314284183e-16,3.552122969589367e-16,5.652274884717184e-16,6.238479444772831e-16,8.380924041150406e-16,4.446338597757233e-16,5.652463272373525e-16,1.1594775873413842e-15,1.3504454632716621e-11,4.593811115385594e-16,7.005501208911106e-16,4.4326429331928776e-16,7.577386275192966e-16,8.230355971163059e-16,7.549384654873942e-16,7.736300729440576e-16,1.3504468623603141e-11,7.973880765079697e-16,6.765243946952725e-15,6.673546843189984e-16,4.813687767840714e-16,4.0365019939281527e-16,6.287715829448956e-16,3.812321767796327e-16,8.116291324506233e-16,5.29143658072094e-16,1.3504350892787618e-11,6.283344506284819e-16,1.3504329636211475e-11,5.323566666407599e-16,4.96635964465861e-16,4.732600806470669e-16,6.968427571443296e-16,1.3504396710423072e-11,7.278451094408002e-16,5.255074551519463e-16,3.799307053817312e-16,6.186261420993187e-16,4.874340379289983e-16,6.680730183293643e-16,6.713522304390867e-16,5.533663865139637e-16,5.5639658690186e-16,4.574308411220378e-16,5.16884826232703e-16,7.488470508200402e-16,6.507059396190195e-16,5.603564681869323e-16,2.5652889342315537e-19,2.8708451811077026e-19,2.7242763077203355e-19,4.1935514746256035e-19,2.1047947067720285e-19,1.235125261219842e-19,2.0392011075794345e-19,3.1005872700968936e-19,4.906628696780173e-19,7.054670036038926e-19,4.483040411952221e-19,1.79817061314882e-19,3.7053800283656235e-19,6.765259599309927e-15,2.1380288258393848e-19,3.2148080268342136e-19,6.765217055869211e-15,2.962839293201014e-19,6.506129305371136e-19,6.765609840585143e-15,6.544596860860483e-19,2.5505334593134345e-19,-1.3118961057135236e-19,1.458350607390094e-20,7.030613608889656e-19,5.180603344266225e-19,1.807964833098639e-19,6.7650001786051796e-15,6.7652989826172826e-15,4.3333765743070247e-19,2.7261265763743404e-19,6.765135189257154e-15,-7.782607458239465e-20,1.0205708835686132e-19,5.405954264498246e-19,8.272669632216335e-20,6.76593843016167e-15,3.6310259997825777e-19,2.8965053278322504e-19,5.634490667284549e-19,4.014221694714982e-21,3.0405895156330835e-19,1.165269614212993e-19,2.858883278151375e-19,1.5477206021488364e-19,1.9245172990975355e-19,-1.7066155364296844e-19,6.765471392168088e-15,8.322955190959934e-20,1.6442761006903235e-19,3.2480611014750665e-19,1.3924603482798428e-19,2.4630760783836965e-19,1.5964640064574661e-19,5.263400555823445e-20,6.765751418467621e-15,-3.9311856598719063e-20,2.9942677672523415e-19,3.728764233032621e-19,2.223774445331013e-19,2.5665569267898905e-19,6.765606184646699e-15,1.4849607286925082e-19,2.946815432490055e-19,2.2088875690638133e-19,3.3290190422124544e-19,2.8429734797781494e-19,6.765141250768323e-15
1.454859913283232e-11,5.580497687576628e-16,1.9124699002855096e-12,5.410246234949495e-16,6.658798847052129e-16,-4.239762913828552e-19,3.6201610529046003e-19,5.314769348396764e-15,4.1222910992473513e-16,1.3022452450500403e-19,1.0609333617835532e-11,1.0609185116656118e-11,5.968970113854266e-16,2.3502230803399595e-19,5.573492675556374e-19,5.551365064891981e-16,3.1615889431845246e-19,3.471510258118277e-19,8.725117021979857e-19,-3.113199124738963e-19,4.931769188323852e-19,1.060923837222402e-11,-4.5837781627239897e-20,7.393117896357741e-16,4.489172691146676e-19,4.263554671435929e-19,2.220122485685396e-19,3.8807025619415125e-19,9.349569579585136e-16,5.314775777419449e-15,8.289711528746523e-16,5.314511724060099e-15,3.5001948186271063e-19,-5.272186478029433e-20,6.867051224506758e-19,3.4153900223002947e-19,4.1327137911773516e-16,4.195230486652865e-19,2.8719121270530266e-19,5.31476136121642e-15,4.386669373517687e-19,5.314810094073599e-15,6.412264400444057e-16,1.8072072694165336e-19,2.0258069682535956e-19,5.19009226032015e-20,5.31478817093183e-15,1.7104468043653786e-19,2.261526069395429e-19,5.823862761304288e-16,5.690374455024511e-16,6.431089596793945e-16,2.1332902209813054e-19,5.137925429649224e-16,2.517473431825119e-19,2.724017001810661e-19,6.086881705906656e-16,4.037698767798541e-20,7.640437423339062e-16,2.4711965281503567e-19,5.168631907556803e-16,5.612345101259123e-16,7.189008741618319e-16,6.643663742936054e-16,6.449770352970145e-16,4.3833761818678036e-16,5.677966629723623e-16,4.627834288062645e-16,5.075824626018224e-16,7.866760009660221e-16,8.208808175422113e-16,5.5509679370829625e-16,5.156708768381299e-16,7.677258944565984e-16,1.0608869031645862e-11,4.763900479859111e-16,6.550118276402671e-16,1.0609186129078841e-11,5.159224418365443e-16,6.08442448770586e-16,1.0609141763905274e-11,7.235131014752828e-16,5.364803078852194e-16,4.87375509827551e-16,6.333137054685556e-16,5.093753618605691e-16,5.588909489863157e-16,8.370010258252312e-16,1.0609175752227413e-11,1.0609417674519825e-11,4.671770729082115e-16,4.055999437256138e-19,5.3144611354026754e-15,5.193860740674839e-19,1.9207025945585463e-19,4.545889364480523e-19,1.3341283347678137e-19,5.315121228291432e-15,2.8560584089239324e-19,2.8475541557761906e-19,-8.239777685624659e-20,1.6514052351825887e-19,2.3123520399228207e-19,1.4161590744623974e-19,5.314953902545153e-19,2.63698193158535e-19,5.249410683026122e-19,7.30676086327906e-19,5.3150587588345695e-15,1.415134523078729e-19,1.4289935005998837e-19,1.9760028946351822e-19,3.7548257029045724e-19,5.634504056492828e-19,3.007631080971302e-19,3.3996705490103614e-19,5.3149430134576955e-15,2.6513493217392945e-19,5.141593499938062e-20,1.5888068870124256e-21,4.766385511026251e-19,1.1866331826388962e-19,5.3144661690206636e-15,6.726842937573844e-20,5.916951538562986e-19,4.119709281159924e-19,2.886822079627976e-19,4.839739581693423e-19,5.314669219594361e-15
5.485409522212072e-12,4.4324252541491985e-16,5.410246234949495e-16,1.909128617638481e-12,2.1273956692421757e-19,2.1449599519656836e-19,4.634949426984228e-19,1.5391302735734265e-12,3.357179707955631e-16,4.944772160710099e-16,1.5397469531582378e-12,1.5395507659948715e-12,2.826967734080553e-16,2.0405160517379493e-19,2.0254618788441652e-19,4.711081939943199e-16,4.507604678592892e-19,-2.1028426575648827e-19,3.278738925444945e-16,-1.089931553090269e-19,1.1649967646258494e-15,7.711443374780563e-16,-4.4384618538331547e-20,3.8272348092883423e-19,2.424709926446324e-16,7.62251985660094e-16,4.097355985536468e-19,3.868649264317403e-19,3.0848511055089893e-19,7.713170923220798e-16,4.369637217737643e-19,7.710524756012583e-16,5.717927694969945e-16,3.3496061630828574e-16,3.097905941168307e-16,5.25666856427959e-16,2.233955354025616e-16,7.979705966823645e-16,4.221626481135602e-16,7.711449417137244e-16,3.2678006197478453e-19,7.710499173789779e-16,3.4139621292276173e-16,3.0952848216635384e-16,3.2125955579171905e-16,6.206502589099882e-16,1.5394978570734824e-12,3.25121399449375e-19,2.440447032535818e-19,2.244088181756195e-16,5.643044660919698e-16,4.583609736081907e-19,6.105662231989248e-19,-2.6565106767873604e-19,4.683165088917648e-16,5.860731957058356e-16,1.0159524913235682e-19,3.778988585837403e-19,6.662781226419722e-16,1.181450309247899e-19,5.082664467867155e-16,6.645813978776481e-16,2.453686881933213e-19,2.2307651179988615e-19,5.458187635090101e-16,4.859409598924398e-21,1.6940613758663275e-19,6.391661410084906e-20,1.4847294806700316e-19,5.940160433057907e-16,3.470353916035398e-19,8.580511668988596e-20,6.025502154876921e-19,6.318437843449867e-16,7.71240283254487e-16,3.5047734437889097e-16,-1.6353041290828761e-19,7.712221054729201e-16,1.5412379142777924e-19,3.4063179845838963e-19,7.711931898370761e-16,3.4295298863962543e-16,2.1788571569506026e-19,2.3191017010302313e-19,4.572110445915638e-16,5.752071519642248e-16,5.928631025892854e-16,5.454090475687867e-16,7.7128087041405e-16,7.711104741146665e-16,4.49906177665219e-16,5.808433435151443e-16,1.5389931032337922e-12,3.9491154496193934e-16,5.184382957338401e-16,5.791589947502089e-16,3.53186354840828e-16,1.5395451438231886e-12,4.0361639989923865e-16,5.224917988652268e-16,2.616870123095459e-16,3.725056980352531e-16,3.301396910615481e-16,2.506177648275258e-16,6.880103227604171e-16,3.832973874780382e-16,3.469786642122998e-16,3.8164056674712167e-16,7.712418342127323e-16,2.0955347045416606e-19,1.5023080082331917e-19,3.438472135705689e-19,1.1193053601014728e-19,1.5551376202388594e-19,2.9849404411344327e-19,2.8289563046900387e-19,7.717749385524895e-16,4.528523749484406e-19,2.919746835286971e-19,1.6676728010013343e-19,1.375690490780379e-19,2.428338653831943e-19,7.712442617334882e-16,4.972767086063884e-19,1.8119840627070753e-19,3.146092603721049e-19,2.875994769140817e-19,-2.578454575161026e-20,7.708896432646773e-16
2.4530762950518876e-11,6.584253788704804e-16,6.658798847052129e-16,2.1273956692421757e-19,1.9126261206043464e-12,5.652659589178707e-19,2.0009196017584438e-19,2.0586171375157983e-11,3.60858936775836e-19,8.1985805205284665e-16,2.058715215829443e-11,2.0587012174151815e-11,7.599027298862545e-16,1.915625114723321e-19,4.668765696916446e-16,7.274152361411435e-16,1.9289376153607355e-19,1.1078001550242056e-15,4.828090162753126e-19,1.274906056716036e-20,9.219794182292878e-19,2.0587087551675148e-11,2.201417535099705e-19,1.4814281434346772e-19,3.944934969819383e-19,7.449344834626083e-19,1.0226500980253511e-15,1.055875506388121e-15,5.829572547560257e-19,2.058683380421563e-11,5.74297144668823e-19,2.0586559572974847e-11,8.405782997458562e-16,6.913292477139793e-16,1.5323910525820457e-19,2.1435883066881629e-19,2.7962678765400987e-19,2.8358749762810188e-19,7.031108033945309e-16,1.0313371619171405e-14,5.012903267291034e-19,2.058673021967505e-11,7.454059831882375e-16,7.72606399337787e-16,7.128379965274628e-16,9.6692157688399e-16,1.0312962160749534e-14,9.113209685183494e-16,6.442214342889695e-16,-1.564684789150081e-20,1.4172599483618299e-19,6.451321111025448e-16,7.862632706352271e-16,2.0852956929907146e-19,2.811897700598093e-19,5.96471583496039e-16,3.0803447942892163e-19,6.515975371784922e-16,9.869003999310674e-16,1.0329265441010487e-15,6.607759374723537e-16,7.93969882752354e-16,3.305201071573726e-19,3.0592233926658355e-19,4.862197337429603e-19,4.951320803826336e-19,7.148569729989254e-16,3.5964480990996765e-19,3.7650971777665456e-19,9.182590044238517e-16,2.9313419906895614e-19,4.066980857841234e-19,7.510564049840769e-16,9.153529051287788e-16,1.031283618689552e-14,3.493079709788187e-19,5.153934339352105e-19,1.031316962240817e-14,7.157782469530839e-16,7.56365150079296e-16,2.0586993187324688e-11,3.371252469210277e-19,-7.110806223267175e-20,3.364457077841649e-19,8.767701877934873e-16,1.7568313789428672e-19,6.232867044623655e-19,5.875305225159466e-19,1.0313417797957403e-14,2.0587171491745047e-11,3.1081575626600367e-19,1.381289991337058e-15,1.031312222644379e-14,3.267164578074193e-19,2.049796432946561e-19,9.380307212812709e-16,4.4630157738807065e-19,2.058700267100645e-11,5.82530646340489e-16,5.86871124889479e-16,5.541461139395769e-16,6.884517626286199e-16,7.995768398907127e-16,6.459036671451269e-16,9.72958813514744e-16,8.961003263945267e-16,1.8114819236577795e-19,-6.505838203602463e-20,2.058729117726709e-11,7.307894123168417e-16,7.108426892647501e-16,6.537530571646901e-16,3.027718314298291e-19,3.2082308822252805e-19,4.736947115129346e-19,4.774546440145086e-19,1.0313988521654357e-14,9.373477748507712e-20,5.438074119396012e-19,3.9763718009699344e-19,3.325404936885563e-19,3.9000975199633906e-19,1.0313330547288353e-14,4.771434620328097e-19,3.416250649672622e-19,-6.498860600798187e-20,7.572767040539447e-19,6.953856295217115e-19,1.0313251178376965e-14
1.572050462540509e-11,5.873269419230499e-16,-4.239762913828552e-19,2.1449599519656836e-19,5.652659589178707e-19,1.912610085545793e-12,9.40414501074401e-20,5.902868133485695e-15,6.317665192541666e-16,2.886764474195279e-19,5.902832819781495e-15,1.1783732403182818e-11,7.86246077831335e-16,5.619178372805768e-19,1.9544016050860286e-19,6.734794543672458e-16,4.319140623675602e-19,1.4593445550456625e-18,6.665950114690947e-16,6.84958744370702e-19,1.2387279848224188e-15,1.1783887623685563e-11,6.251441951867918e-16,4.249329845042956e-19,3.03299023518197e-19,6.898960506775351e-16,4.104495452792851e-19,7.3293354091265e-19,1.1945021617041174e-15,5.903138315959645e-15,1.0006538894051443e-15,5.903078375644243e-15,2.814873215068048e-19,3.7803046519563277e-19,4.516829288956278e-16,8.10900794977715e-16,6.498009858983741e-19,8.411817262123795e-16,5.433010187952465e-19,5.903098297450929e-15,4.5231407967016e-19,1.1783431560062594e-11,7.448747013387268e-16,5.361273569559565e-19,7.023310004316193e-16,4.1058815068903705e-19,1.1783592066886394e-11,8.092873093222143e-16,4.8416499966882404e-20,5.258191562562606e-16,6.125857281280835e-19,5.816960185346473e-16,6.712637139015219e-19,6.650690852146719e-16,6.789548299560004e-16,4.563935113569625e-16,6.341987526620707e-16,5.862258065237175e-16,8.773618746108289e-16,6.569845377371831e-19,-1.9249362227745472e-19,6.696465130337251e-16,3.314529890777414e-19,6.329578413990418e-19,8.202329600078465e-16,5.386701710264077e-16,4.421010499814098e-19,4.0968892057191543e-19,7.482382591002194e-16,2.6124303775088995e-19,8.872761904372425e-16,3.0398736806750007e-19,7.234230571442263e-16,6.077041826684932e-19,5.903077216305128e-15,5.937335094098953e-16,8.37472023860676e-16,1.178351373966823e-11,6.427581165818621e-16,7.271669577828464e-16,5.903408111894628e-15,1.9802616543580816e-19,4.421835055789148e-19,7.305481935285268e-16,8.417886001390575e-16,5.687280346435227e-16,6.512244665923296e-16,8.989081580958653e-16,1.1783763093608915e-11,1.1783964377216794e-11,2.423314881750473e-19,1.3333696790206584e-15,1.1782877686146063e-11,7.279000613172858e-16,7.070453412735327e-16,4.61613173504544e-19,1.6427165400065563e-19,5.9032181445808885e-15,3.39159014907276e-19,6.649926227832439e-19,5.646546537544222e-16,6.637328927016336e-16,8.184250560236444e-16,6.864210329255817e-16,8.584762297708906e-16,9.029868162017774e-16,6.08225630028456e-20,7.264507438456751e-16,1.1784033692934258e-11,2.7650899447385036e-19,6.423010621056449e-16,1.4372678228082432e-19,6.516885824635042e-16,8.759129396015425e-16,7.896846686320889e-16,7.58411373844535e-16,1.1784723897633848e-11,3.88140418907841e-16,6.862020684356e-16,5.952500791590864e-16,3.276069646721945e-19,3.071245003970559e-19,5.904096633967853e-15,1.5747966069050737e-19,4.693405232468308e-20,1.0020960919093092e-18,3.888640696732496e-19,4.605238918427351e-19,5.902949420966241e-15
1.3901321164445629e-11,6.559294716542489e-16,3.6201610529046003e-19,4.634949426984228e-19,2.0009196017584438e-19,9.40414501074401e-20,1.912595910243462e-12,4.989704743706087e-15,4.994533091398452e-16,5.413182433106534e-19,9.961997183014583e-12,4.990255482680504e-15,5.847145117064363e-16,5.3075085207438e-16,4.813055274174106e-16,6.835616913736269e-16,3.749120398920995e-19,1.0784689970598958e-15,5.076746441422268e-16,4.653683741532502e-19,8.163434379767131e-19,4.99064184969525e-15,2.771803233089824e-19,4.512776741084843e-19,4.2521182250177947e-19,9.535737597182155e-16,4.255462068781204e-19,9.539911008333408e-16,9.460596998672632e-16,9.961739310325758e-12,2.9560036227924114e-19,4.990349000369343e-15,8.456695928154089e-16,5.726417143002322e-16,2.4691532063241214e-19,5.922933430008527e-19,4.356282698901593e-16,1.0103363707282163e-15,3.1281578919709154e-19,4.990647331943892e-15,2.7601181195634867e-19,9.961596068919932e-12,3.2769576750820537e-19,2.881549537435903e-19,5.685685293967638e-16,8.427638168592378e-16,4.990729220754205e-15,9.071740067924594e-16,6.492156111108025e-16,4.808617848133354e-16,4.298811568076332e-19,6.387861178310674e-16,3.2312027198666625e-19,4.702477426151572e-19,6.8283614447341895e-16,7.01194764394003e-16,3.598207411949874e-19,6.055966805726718e-16,4.55859330469069e-19,2.5333376168079017e-19,6.796876573640649e-16,3.13879365286105e-19,3.6532257672703166e-19,8.61286302802346e-16,7.999951169654948e-16,3.7985541034682345e-19,-2.010703515002453e-19,1.1178920358760765e-19,5.641577460137101e-16,3.767931809889995e-19,1.029664328406153e-15,4.683998874616944e-19,7.645246222274121e-19,3.5804022915430743e-19,9.961468405643898e-12,5.413118360807828e-16,4.527827917498494e-19,9.961746521389885e-12,6.918019471832913e-16,1.593210321087161e-19,4.990694824812712e-15,2.7214310801702887e-19,6.136580208234526e-16,6.439149541225799e-19,6.944578091786886e-16,7.110362073428613e-16,7.493243381753282e-16,4.862015227197508e-19,9.961804700868294e-12,9.961830587261274e-12,2.3069951365202197e-19,4.660038823627663e-19,9.960950734137858e-12,3.0672111573075775e-19,7.122653942217666e-16,9.045657698383723e-16,4.338091852056539e-21,9.961752191020209e-12,3.0625417878170113e-19,1.865887390583213e-19,4.220465122163428e-16,5.671093999548827e-21,4.064198109943412e-19,4.3181334149867233e-16,3.3965367835474153e-19,2.8935766990852746e-19,6.631785230073426e-16,5.047903084493758e-19,4.990608317459983e-15,3.6116889807041237e-19,6.565804576754271e-19,5.454172507546934e-16,1.0848335379691613e-19,3.992842566265235e-19,3.3366012714674005e-19,9.786922692632443e-16,9.9627726197845e-12,1.776790039020139e-19,6.744367742501525e-16,5.37688088303843e-16,5.317848293504151e-16,8.216925960493015e-16,9.96167662779622e-12,5.73979212691164e-16,7.450029840915828e-16,6.803063874888618e-16,6.97633913912208e-16,-8.264249172032507e-20,4.9903920765312364e-15
0.9999999999632337,1.350392245612019e-11,5.314769348396764e-15,1.5391302735734265e-12,2.0586171375157983e-11,5.902868133485695e-15,4.989704743706087e-15,0.9999999999411063,1.0058790478683014e-12,-2.4676015630570122e-12,0.9999999999481756,0.999999999962982,-8.311725453936051e-15,-8.834828255386344e-15,2.54401060497863e-15,1.644473527944285e-14,-6.9382888492856294e-12,-1.0200509397122477e-11,-3.841605662106836e-12,1.2054867815913737e-11,-1.415293610411919e-10,0.9999999999610667,6.34232712076238e-16,-3.700647122917977e-14,-7.645422985786153e-13,1.0890408833854584e-11,2.568003310092228e-14,3.843291430295353e-12,-1.6003556537872097e-14,0.9999999999451219,6.964972897834477e-12,0.9999999999463258,1.8332219733667385e-14,8.911574511804703e-16,1.8470373848240144e-15,4.779291281783958e-15,6.0088819272143436e-12,2.605147977456912e-14,1.1554061214072745e-15,0.9999999999608894,-7.408828351866642e-12,0.9999999999614086,-2.2471903581324224e-15,-1.2665894667268911e-15,-1.4953180558937822e-11,3.0902173021624086e-15,0.9999999999819208,-2.583651403408411e-14,-4.378402999546754e-12,1.3917675541028677e-15,-2.0910109206257988e-12,9.35054139774754e-15,-1.1478702942731445e-14,-1.1953014349322445e-11,6.7023203085990686e-15,7.812779716411032e-16,4.387608216043054e-12,1.9542975519664075e-12,1.6575441565155645e-11,3.332290369083193e-15,5.264496853779812e-15,-7.225877779574553e-14,7.0880820252276544e-15,3.433899155511817e-14,-2.081385853035549e-14,2.3089609656519385e-15,-1.133358580382043e-15,2.738260598130475e-15,9.28566031547723e-15,-5.835447505443976e-15,-2.9735497862749596e-11,9.266793723569956e-15,-5.7566749508585225e-15,-3.2860258571450135e-14,0.9999999999431949,3.890427157308625e-16,-5.5846760718951374e-11,0.9999999999627479,1.2995358627106142e-15,1.661154974400427e-11,0.9999999999616915,6.393166095540603e-15,-1.0182952905116076e-11,1.2786271991271565e-15,-1.4403162521433214e-11,3.5588234100804495e-15,-5.0947317800453346e-15,2.921211317434398e-11,0.999999999976692,0.9999999999894296,-1.5651740051142772e-15,-1.2037071659475626e-11,0.9999999999711715,-8.483403954448314e-15,-5.81406646900721e-15,-2.4705547027847875e-11,4.967962772963417e-12,0.9999999999539443,3.3716074563009622e-15,3.488257264782954e-15,4.0151725972020254e-16,-2.1838092367123283e-15,7.392636819193794e-12,-1.6192237731074886e-15,-3.4452832605015573e-14,8.841435500458878e-15,1.7284552407588841e-15,-5.044611615366017e-15,1.0000000000005205,-2.7584259184631014e-15,2.099481256802693e-15,3.5759699625515507e-12,2.99370217580591e-15,-6.424758771262306e-15,1.1112240421960517e-14,-8.197708859891399e-12,0.9999999999823928,-5.345165795765264e-13,6.283846999640401e-12,-5.519802666624777e-16,-1.710642383801264e-12,8.305692578338008e-15,0.9999999999678779,6.944199897472075e-12,-8.519473597833274e-11,4.726226597371764e-15,7.222529524071919e-15,3.581953845057497e-15,0.9999999999081843
4.9471300461172536e-12,4.358826043920403e-16,4.1222910992473513e-16,3.357179707955631e-16,3.60858936775836e-19,6.317665192541666e-16,4.994533091398452e-16,1.0058790478683014e-12,1.912396685757516e-12,5.619565883269089e-16,1.0064488248388092e-12,1.006406411128806e-12,2.3760332855020843e-19,1.6107166887990053e-19,3.315206595619289e-19,5.06270902389423e-16,6.959473910756573e-19,7.01797957986943e-16,8.304624127995358e-19,6.252581197905407e-16,3.177214110141503e-19,5.042279199005474e-16,4.622268685477428e-16,2.8905382867548133e-19,3.2041477347049397e-19,2.383483823874168e-19,5.459840123605473e-19,1.3336871764296293e-19,8.150392791592733e-16,5.039860476868884e-16,7.296120216806634e-16,1.0061331232807363e-12,3.042014596121593e-19,1.3187186953733511e-19,-8.237161566937997e-20,6.184161282999105e-16,3.2437352965174354e-19,2.810096420722903e-19,4.633547470900549e-16,5.040356812287576e-16,6.751328197701176e-16,5.04096385953844e-16,5.105579303638324e-16,5.379985211162736e-16,5.063903854185658e-19,5.629411753923346e-19,5.043607280599273e-16,6.120516636620849e-16,-9.106250511991718e-20,3.3175120355381793e-16,5.03626637536862e-16,-1.231227204386857e-19,3.080847812479005e-19,-1.809585335502748e-19,5.100233540923047e-16,3.8822468784783384e-16,9.880738644681978e-20,5.423238213544152e-21,6.701396419971608e-16,3.0947695945255017e-19,4.597976729138991e-16,5.54338861332864e-16,4.774435689131221e-16,6.935857433011921e-16,1.2917778703319796e-19,4.3741316123080175e-16,4.727257657396995e-16,4.604872736345282e-16,5.337206136766588e-16,5.962499465854882e-16,6.833111065745759e-16,5.572180319046712e-16,5.353117356081445e-16,7.142992752603324e-19,5.039664526843703e-16,-2.6463539045264584e-19,5.999781132497348e-16,1.0062501139914898e-12,5.076194238902269e-16,8.460239443558381e-20,5.041722696272711e-16,6.748656203509767e-20,1.2478141170344643e-19,2.572393899017625e-19,9.670253804739988e-20,-2.3565855544770352e-19,2.8551908307508263e-19,1.2577065780784967e-19,5.041450876121698e-16,1.0064979513479807e-12,4.468555783923638e-16,4.804924666092057e-19,1.0057601456599718e-12,3.8144281272743845e-19,-8.324837273055905e-20,4.23918953760483e-19,5.015749524267303e-16,5.041612410382558e-16,3.9079203339668795e-16,4.0835888488885265e-16,4.170380356038038e-16,2.459780113726764e-19,5.797581823828514e-16,4.62537431956117e-19,3.722597768345123e-19,6.542039635578077e-16,6.087961799962579e-19,5.040065788669341e-16,5.042655665749749e-16,5.46164946929649e-16,5.339341932194586e-16,4.626746821942661e-16,4.628159381568607e-16,6.422955972563053e-16,5.790126383135294e-16,2.0572039464853035e-19,5.044946105953331e-16,3.0090735226463815e-20,5.024227154492996e-16,4.805343435879415e-16,4.903918726496402e-16,5.533688430758277e-16,5.038805021285425e-16,1.5008075167538106e-19,5.701518124451993e-16,1.173618632785524e-19,3.586328020116265e-19,1.7210603390401929e-19,5.040664186787519e-16
1.4803247516508506e-12,5.987813111110027e-16,1.3022452450500403e-19,4.944772160710099e-16,8.1985805205284665e-16,2.886764474195279e-19,5.413182433106534e-19,-2.4676015630570122e-12,5.619565883269089e-16,1.9125603972601645e-12,-1.2357344764950378e-15,-1.235983287999931e-15,-1.0029561365277279e-19,6.003199776189913e-16,3.8881744559089734e-16,-2.0287667024689995e-19,-2.6826955489254035e-19,9.882568300338291e-16,5.645341385216641e-16,7.201404731124605e-16,7.1897453875457e-19,-2.466866770704495e-12,5.777351700858434e-16,-1.9808576355412353e-19,3.025145217260712e-19,8.375371575057068e-16,2.632157081719054e-19,9.404302755928198e-16,3.1703854587344754e-19,-1.2360168034788574e-15,9.54606750877579e-16,-2.467269844772992e-12,7.290987927548852e-16,6.099751922801585e-16,2.3236514430677876e-19,7.817949934160308e-16,2.5921518580231e-19,4.622794233492965e-19,6.351400623030799e-16,-2.4670343635757346e-12,2.8235749963035143e-19,-2.467114684328459e-12,2.5368403069787993e-19,4.250638551658878e-19,6.122235043646788e-16,3.1466011115261514e-19,-1.2358881402897127e-15,8.281270707610726e-16,6.078786585958773e-16,4.8073030132132e-16,6.919923727761809e-16,-1.2543234801036612e-19,4.168983848379466e-19,7.792927010263311e-16,3.719556911751896e-19,1.7417174321199077e-19,2.502792163185392e-19,6.043279882232864e-16,6.285305599872799e-19,1.2212026576455246e-21,1.6359758851425507e-19,1.5306839639524936e-19,6.890836108124639e-16,4.333226092502156e-19,4.159360824956982e-19,3.533149387997339e-19,6.227760931908583e-16,5.749340176118874e-16,6.187938807819585e-16,8.413347665472351e-16,9.505993484676332e-16,6.830494700205546e-16,4.861643763385033e-19,5.934176740977053e-19,-1.2359915292264518e-15,5.525086126218586e-16,7.411799215689323e-16,-2.466997061200426e-12,6.780631036385514e-16,6.461302174586182e-16,-1.2359947173959022e-15,3.394016521809515e-19,6.84570987137074e-16,3.255745143975519e-19,2.583443352109519e-19,1.5715036872553438e-19,7.273806800962523e-16,1.8942143878323676e-19,-2.4668829512631534e-12,-1.2359287396370958e-15,6.283364160116073e-19,8.154417330744647e-19,-1.2362635326360665e-15,6.878469796199813e-16,7.1976871007126845e-16,8.2158586725208415e-16,2.521232352456484e-19,-2.4668971920129855e-12,-2.633511208040005e-20,5.801060407590789e-19,3.870764010925326e-19,6.180278630368159e-16,4.0978952271147114e-19,5.453048852800189e-16,8.901176491925916e-16,7.647648653832545e-16,2.7892905820873956e-19,6.711691270861309e-16,-1.236097184650575e-15,6.71197786488651e-16,2.302753003516988e-19,5.705168988175135e-16,6.589853114914358e-16,-3.667085137981307e-19,3.040639139727195e-19,4.865310893733487e-19,-1.2353980300262766e-15,5.542333637319114e-16,3.655625282764494e-19,3.764180642785116e-19,3.602829114099039e-19,3.350274730152664e-19,-1.2360372858521646e-15,5.225159269831342e-16,7.298309954333464e-16,6.11306165274557e-16,3.63803015609021e-19,6.745239080628058e-16,-2.4675680052356544e-12
0.9999999999722016,1.3504616961516039e-11,1.0609333617835532e-11,1.5397469531582378e-12,2.058715215829443e-11,5.902832819781495e-15,9.961997183014583e-12,0.9999999999481756,1.0064488248388092e-12,-1.2357344764950378e-15,0.999999999959085,0.9999999999719735,-8.311666181611412e-15,-8.835069333369273e-15,2.544429190799317e-15,3.282621473202939e-11,-6.937451100668653e-12,-1.0199296926592337e-11,-1.924383791368656e-15,1.2055679996187908e-11,-1.415273170068245e-10,0.9999999999700587,6.34426498882415e-16,-7.386782865484101e-11,-3.829026392759672e-16,5.456063967296912e-15,2.5681109811322927e-14,1.9261149134485504e-15,-3.194281682353732e-11,0.999999999954114,3.4898528218568914e-15,0.9999999999553164,3.659357661504424e-11,8.912787493802892e-16,1.847242451552587e-15,9.54085989049453e-12,3.010503695589782e-15,2.6051699788684242e-14,1.1557625576932786e-15,0.999999999969881,-7.407934854854433e-12,0.9999999999704002,-2.2471670038653805e-15,-1.2664447262726617e-15,-7.4909810778172e-15,6.170118515465178e-12,0.9999999999909145,-5.15709950135876e-11,-2.1930716159885493e-15,1.3919914874329116e-15,-2.090241168621333e-12,1.8665250825735066e-11,-1.1477884978855815e-14,-5.987294735567971e-15,1.3379341200590703e-11,1.5604553310389921e-12,2.1982648901037575e-15,9.788387716725105e-16,8.304348413778672e-15,3.3320221851316984e-15,1.0509459791959489e-11,-7.131918045291172e-14,1.4149408649372681e-11,6.85454383219738e-11,-4.1545177734363157e-11,4.609669528941634e-12,-2.2612090946140874e-12,2.738591083465091e-15,1.8535777603250048e-11,-1.1647366982456955e-11,-2.973430093390217e-11,1.8498149564786316e-11,-1.1490196306376198e-11,-6.559213408149627e-11,0.9999999999521851,7.771928864823277e-13,-2.7977743603156324e-14,0.9999999999717402,2.5952946568163053e-12,1.6612249178433386e-11,0.9999999999706837,1.2762805679008643e-11,-1.0182239138341817e-11,1.2791961388433146e-15,-7.21519195574361e-15,7.10454299977398e-12,-5.094161190266165e-15,2.921318474398616e-11,0.9999999999856835,0.9999999999984215,-3.1232814264670218e-12,-1.2035748146662548e-11,0.9999999999801644,-1.6932894284488877e-11,-1.1605034999551137e-11,-1.2376927181089375e-14,2.4889295675322053e-15,0.9999999999629353,3.3718031321438915e-15,6.963886584941945e-12,8.031565528936577e-13,-2.1831168247577326e-15,7.393258724889186e-12,-1.619150925230915e-15,-6.877115049897718e-11,8.84194912698621e-15,3.450890823501487e-12,-1.0068585779375781e-11,1.0000000000095102,-5.505283805607809e-12,2.0999310556054914e-15,1.7922515417671253e-15,2.9941910018509253e-15,-1.2823583683305783e-11,1.1113240566556837e-14,-4.106391608607036e-15,0.9999999999913858,-2.674930364672852e-16,3.1482397193151477e-15,-5.51935927440256e-16,-8.569098502049794e-16,8.306096843876712e-15,0.9999999999768697,3.4791059947210515e-15,-8.519388942231746e-11,4.7264564294017994e-15,7.223296334244332e-15,3.582451163695458e-15,0.9999999999171759
0.9999999999870136,1.350448233799835e-11,1.0609185116656118e-11,1.5395507659948715e-12,2.0587012174151815e-11,1.1783732403182818e-11,4.990255482680504e-15,0.999999999962982,1.006406411128806e-12,-1.235983287999931e-15,0.9999999999719735,0.9999999999886962,-8.311618482796578e-15,-8.834899392943414e-15,2.5443477919141375e-15,1.6445274601993156e-14,-3.4755492190365586e-15,-1.01996092350863e-11,-1.9243605010019207e-15,1.2055591881792244e-11,-1.4152747417468605e-10,0.9999999999848644,1.2665064597506883e-12,-7.386803253068356e-11,-3.83011526446625e-16,5.456326648931183e-15,2.5681012141961356e-14,3.844092843151126e-12,-3.194315555944332e-11,0.9999999999689203,3.4893365082637852e-15,0.9999999999701229,3.6593407646998886e-11,1.7791503849865887e-12,1.8471691749428476e-15,4.779920358948073e-15,6.009253318669428e-12,5.200254363056239e-11,1.155322904316096e-15,0.9999999999846868,-3.7105381456012225e-15,0.9999999999852052,-4.484854734086151e-12,-1.266814938764666e-15,-1.4952729630037713e-11,6.170028238700747e-12,1.0000000000057192,-5.157116543698922e-11,-4.377725726242697e-12,1.3918450353717892e-15,-1.047019332518493e-15,9.350472174829557e-15,-2.2911155260812703e-11,-5.987508881062923e-15,6.702638685953088e-15,1.5604152471986018e-12,2.1983041583280613e-15,1.9550310026260054e-12,1.6576368475526834e-11,6.650887665295022e-12,5.264872161225345e-15,-7.132050760511087e-14,7.0883004489673325e-15,6.854533578895854e-11,-2.0813297552459576e-14,2.3091794835209354e-15,-1.1328475835682286e-15,2.738297211370766e-15,9.285375649816983e-15,-5.835497288100605e-15,-1.489591033434891e-14,9.267065092085614e-15,-1.1490277064062215e-11,-6.559232389277194e-11,0.9999999999669914,3.892378706574881e-16,-5.5846178380799216e-11,0.999999999986545,2.5952733533653605e-12,8.322172407128896e-15,0.9999999999854893,1.2762520454517988e-11,-5.100761114171544e-15,1.2792667380407973e-15,-1.4402485405359336e-11,7.104542304876403e-12,-5.094383775504857e-15,1.4634443498615162e-14,1.0000000000004894,1.0000000000132274,-3.1233386270041398e-12,-1.2036161081554814e-11,0.9999999999949687,-8.483779191418175e-15,-5.813899772977868e-15,-2.470476312715802e-11,2.4888548913829975e-15,0.9999999999777421,3.3711082229719273e-15,3.488968431870927e-15,4.0226097072180346e-16,-2.1836472928683262e-15,7.39313611771916e-12,-1.6189994023334257e-15,-6.877128727902437e-11,1.7649631156546757e-11,3.4506619742768443e-12,-1.0068819861413295e-11,1.000000000024316,-2.7580561006264317e-15,2.0997078144110948e-15,1.7916140023237176e-15,2.9943601714555193e-15,-1.2823743948282625e-11,1.1112776460118783e-14,-8.196692462407305e-12,1.000000000006191,-2.6750187291322286e-16,6.284428138234911e-12,-5.513694540301748e-16,-8.566899279104473e-16,8.306168433481024e-15,0.9999999999916751,3.4792251571229356e-15,-4.268051084868172e-14,9.434823578003574e-12,1.4417660744678192e-11,3.582585491795917e-15,0.999999999931982
-1.2650233376159031e-11,4.951594969838295e-16,5.968970113854266e-16,2.826967734080553e-16,7.599027298862545e-16,7.86246077831335e-16,5.847145117064363e-16,-8.311725453936051e-15,2.3760332855020843e-19,-1.0029561365277279e-19,-8.311666181611412e-15,-8.311618482796578e-15,1.912192772631037e-12,4.2017603268993605e-19,-6.931941796045715e-17,3.177535327902942e-19,8.053156803957518e-16,2.7397983683822287e-19,2.6578721726654013e-19,2.3367926391295425e-19,1.763023918891179e-15,-1.6590890404418338e-11,5.073820552738187e-16,6.9960384175834085e-16,-2.824788014827177e-17,-4.532142738144644e-20,2.7506921894829913e-19,1.7836309983746684e-19,3.324396816644337e-19,-1.6590479767920433e-11,3.4214756832518416e-19,-1.6590844404687116e-11,7.301708323332203e-16,3.732180565630756e-16,1.9138379545963128e-16,7.879145044185359e-16,1.4184367402314827e-19,3.9795100235331687e-19,5.228925168718292e-19,-1.6591279815968344e-11,7.934860568843313e-16,-1.659086633000103e-11,3.055525668202791e-16,3.431080271418875e-16,2.128931672163303e-19,6.389024145235738e-19,-8.311476837343388e-15,7.445442684911113e-16,6.807293412879157e-19,-3.2240934370096845e-19,7.556020314566576e-16,1.0865442335264541e-19,1.0778929445279428e-15,1.138350824497249e-15,6.07586300361392e-16,7.696049187146198e-16,1.4654731768795728e-16,4.125546241022889e-19,2.360207302846347e-19,1.5177577910764371e-19,2.4153187219824293e-19,5.526199557425124e-19,3.7336290215352266e-16,5.1558448007758625e-19,7.481892048091748e-16,1.4813722636693202e-19,4.386468603573689e-16,2.9518143077351223e-19,5.797553169854336e-19,6.1010877836840535e-19,9.318357104285094e-16,3.4112562777351146e-19,5.801499544842779e-16,3.3326375372234097e-19,-1.659086520911368e-11,4.688622760167287e-19,3.958831733674478e-19,-8.311828762629944e-15,4.746196395716781e-19,3.0964870711746824e-19,-8.311624111492123e-15,1.2520869426483006e-16,5.853638059727416e-16,4.719930080620747e-16,6.306174969191036e-16,5.03024325325629e-19,8.50017681179937e-16,6.196795925640977e-20,-1.6590616583757082e-11,-8.311688321490558e-15,3.480222063059473e-19,1.9083498150882727e-19,-8.312157059777265e-15,2.736142708405583e-16,7.110205778919341e-16,1.1454245325029908e-19,5.663326374397861e-16,-1.659066632603137e-11,2.7760673746096693e-19,7.887601610536653e-16,-9.72842767348174e-20,3.7445003935773837e-19,5.033055793866835e-19,4.663815278986346e-16,4.852195521726024e-19,2.7564049482202734e-19,1.9814090780785959e-16,3.341858124937718e-16,-8.31159828207577e-15,8.966470909294389e-16,5.79964445345887e-20,2.1366853487187207e-19,2.0884843278173074e-19,6.545205120164938e-16,6.264635893847232e-16,2.5411705757307534e-19,-1.6589702092710507e-11,3.20019129580414e-19,2.6957329249887637e-19,1.95434142735511e-19,4.3351643178345377e-16,3.140001018875468e-19,-8.311522513129777e-15,7.699153644584876e-19,1.5041911083510763e-19,3.4987964402614435e-16,4.767235826923544e-19,5.966691654575222e-16,-8.312010425900704e-15
