1.0000000000000113,0.9999999999720097,-3.0542663137801276e-11,1.355693773913836e-12,-3.303685685796906e-12,-3.552716523446852e-11,-1.8302348808332623e-12,1.2314254905808196e-12,-6.7907593629852845e-12,1.0000000000062812,-1.6079892927717553e-11,-1.1737284943192572e-12,7.616539439790721e-12,-2.0679162267577057e-12,-4.321746408913439e-12,-6.174781818089006e-12,3.4212121877518686e-13,2.0869862629746116e-11,5.197571235924559e-12,1.2469724744001124e-11,6.392698607574725e-11,1.000000000028056,-6.201727669449564e-12,6.468494744731654e-12,1.0000000000442884,3.3366636207016534e-12,-3.6192358301091766e-13,-2.6997206818706932e-11,-3.338376790872296e-12,-5.583933710396519e-12,-1.467457727245039e-11,3.4119580229266785e-11,2.5076394481604546e-12,-3.3969390843360137e-12,-4.160223649373349e-12,1.0997432960393579e-12,-3.820813258584314e-12,1.000000000036893,-1.219914860060977e-11,1.2162801079456435e-12,2.6792035815875947e-12,7.990041791094633e-12,-3.31791182027628e-12,-3.863945417727734e-11,-5.462823095657325e-11,-2.2245991178503495e-11,1.0000000000189155,4.668273589877232e-12,2.5214884579261016e-11,3.998510108726631e-13,-3.07663318459563e-12,-1.5871962885011372e-11,5.744653499034841e-12,7.311624568397541e-12,-3.697179001580224e-12,-5.69060250262752e-12,8.74561304169623e-12,1.5465927522603826e-11,0.9999999999934318,1.3746229246098645e-12,1.2709015304124726e-11,-9.70893315748729e-12,0.9999999999963689,3.4877938672877745e-11,-1.9706281814316818e-11,0.9999999999784072,1.1502737073077852e-11,-9.450253370175322e-13,1.0000000000113403,8.905519113236807e-12,3.990160042043427e-12,-5.27069333982643e-12,-6.219962764333306e-12,3.422665463207905e-12,1.4049290152323696e-11,-4.504112905088302e-12,2.661824854032274e-12,-6.068220870073764e-12,-2.4570637622452556e-11,-1.9759133472069864e-11,1.0000000000096212,0.9999999999999085,3.2060419082538615e-11,-3.690174675669556e-12,0.9999999999917282,5.1499802307057064e-12,1.000000000005731,1.696091891925981e-11,-2.3593302157389632e-11,1.6170740208508768e-12,-1.462778310153077e-12,6.9665893762131276e-12,1.4951685849047327e-11,3.656193204835233e-12,1.1034602233854605e-12,2.232173961136218e-11,-4.9154900791831866e-12,-3.80507117607311e-11,-3.644937312224679e-12,1.000000000027649,-3.020687401239404e-12,2.8706202464641094e-11,-1.1729869914408844e-12,-4.052966470114174e-11,-3.7240146640811496e-13,1.0000000000204832,-6.50914165698612e-11,1.0233429364875223e-11,3.908184723138734e-12,-6.552108475150938e-12,-7.933846679997854e-13,-4.75013223611081e-12,1.5017498365464434e-11,-4.815870912582333e-12,-8.815071187512069e-12,-4.7524172632190854e-12,1.0000000000034397,3.1949290578122773e-12,1.000000000001765,1.5626403721224747e-11,5.776073404732888e-11,-1.7767575048390316e-12,-1.598212733330841e-12,1.0000000000090037,1.0737538921117227e-12,-2.342569496130488e-12,0.9999999999988733,-3.114910000443432e-13,8.90103662068863e-12
0.9999999999720097,0.9999999999283133,-2.846959176720846e-11,3.4404756110004146e-12,-1.243343941368332e-12,-3.3440548911430395e-11,2.4410769540847823e-13,3.2981095390495966e-12,-4.701632398069747e-12,0.9999999999618001,-7.019542993639846e-15,4.484866721745421e-16,4.847727509496039e-15,-1.0755616163417571e-14,-2.2685417428141174e-12,-4.099944692724152e-12,2.4125311472253404e-12,2.2954234961740138e-11,7.303541792586322e-12,1.453389859527168e-11,6.602579029067835e-11,0.9999999999835825,-4.140323192206926e-12,8.53945100996882e-12,0.9999999999998203,5.394812124109499e-12,1.7025165143298094e-12,-2.491533641774659e-11,-1.2769535082183814e-12,-3.5127198945170377e-12,-1.2605102137567652e-11,3.620795321519428e-11,2.287417979656041e-15,-1.3127805335473494e-12,-2.1023276750601175e-12,3.16011016986826e-12,-8.817565224907684e-16,0.9999999999924256,-1.0121348685420364e-11,1.6360982620350085e-15,4.7459391999105795e-12,1.0053126866219408e-11,-1.2513395739996641e-12,-3.653508993387704e-11,-5.2542183332692495e-11,-1.0108142422238778e-14,0.9999999999744383,6.738327012612321e-12,1.3682857408631593e-14,2.4780878032983156e-12,-1.0064404481471994e-12,-1.3802012373667458e-11,7.814728551044938e-12,9.396833805758616e-12,-1.6376699851685054e-12,-3.6342554400479208e-12,5.417295502007328e-15,1.7560937768500646e-11,0.9999999999489643,1.7284278067720377e-15,7.404214272878991e-15,-3.8324961553843075e-15,0.99999999995187,1.8518997497052548e-14,-8.836401063580584e-15,0.9999999999339093,6.7942974809797854e-15,5.571150892442097e-16,0.9999999999668632,5.512147610138334e-15,3.0333600788479594e-15,-1.6141227789709079e-15,-2.083361451959575e-15,2.7483908949123263e-15,8.07813633240069e-15,-1.2266925923425626e-15,2.3652090170013316e-15,-2.0037766030523385e-15,-1.1272448007404905e-14,-8.854951350304989e-15,0.9999999999651388,0.9999999999554247,1.7106353531011163e-14,-8.149766962395407e-16,0.9999999999472303,3.6174055575325714e-15,0.9999999999612443,9.540307445516977e-15,-1.0784295838312898e-14,1.8472264676050034e-15,2.9887553596738836e-16,4.52477600325412e-15,8.532539260039307e-15,2.866475422637982e-15,1.5853573922365621e-15,1.2232889155288147e-14,-1.422360743390163e-15,-1.801695945891845e-14,-7.911071603529174e-16,0.9999999999831831,-4.796597498577569e-16,1.541923808025287e-14,4.4352538272789686e-16,-1.9257096304545127e-14,8.4917662597178e-16,0.9999999999760113,-3.156397102251791e-14,6.182680121229261e-15,2.9972793601543018e-15,-2.246051751057543e-15,6.313877267732026e-16,-1.3474462600464029e-15,8.557800729613673e-15,-1.3793371247210694e-15,-3.3820634652815485e-15,-1.3510138267418058e-15,0.999999999958966,2.635646296248712e-15,0.9999999999572905,8.870335807864765e-15,2.998768525925015e-14,1.418503947488199e-16,2.2923387183366805e-16,0.9999999999645199,1.5681883470041538e-15,-1.3863296706095846e-16,0.9999999999543833,8.820367938510315e-16,5.49523289772517e-15
-3.0542663137801276e-11,-2.846959176720846e-11,7.8658382355417e-13,6.187690208000481e-16,1.7266163589228892e-19,4.205726172099666e-19,4.961929590977704e-16,2.1910348760707504e-19,3.3706996425603998e-19,-1.426262753577485e-14,3.5417996164629806e-16,4.993876147702166e-19,3.074014831181647e-16,3.6535583542561013e-16,-9.56441911292714e-20,3.2784143886036467e-19,-4.162682780686165e-19,6.256562578278245e-16,3.806093033195045e-19,4.678545620381475e-19,2.532629220494968e-19,-1.4262560060280838e-14,4.3035167719669425e-16,5.216834835273957e-19,-2.846910789663562e-11,4.663986248323422e-19,-1.2725880304258243e-19,4.2316871909449986e-16,4.73083824179558e-16,4.034538970437692e-20,2.9819922103709476e-16,4.544086862872021e-16,2.168883202530745e-20,5.248444989656953e-16,2.6694688835835596e-19,2.4508199430565164e-19,4.579249812815694e-16,-1.4262237817756065e-14,4.36319473928712e-16,-2.382361909214012e-19,4.280394665436562e-16,7.479246505957652e-20,1.6737120221585227e-19,4.711766202691475e-16,3.506909071963679e-16,4.3224312742593033e-16,-1.4262454890757902e-14,4.539190648234717e-16,2.4740573905405094e-19,-2.5274577741867067e-19,-2.9011101027420423e-19,3.4657533529435857e-16,5.750158239387773e-16,4.806711798956028e-16,4.0098143911503823e-16,3.7351536290494533e-16,3.7700495599929577e-16,6.728514530419845e-20,-1.4262334783748916e-14,3.495320939797661e-16,5.797341290512702e-16,4.699512765730603e-16,-2.8469679421549853e-11,6.507701634620683e-16,3.0424762587168913e-16,-2.8469627554642735e-11,3.846880795441146e-16,3.3358138991249317e-16,-2.8469400573672724e-11,6.290743834265997e-16,3.8353900100339897e-16,2.941046757097797e-16,2.4406205591347346e-16,3.46444608829983e-16,5.477634775049405e-16,3.507811538154591e-16,3.894138827848677e-16,4.280540118926801e-16,3.1573851717900407e-16,6.700416331987227e-16,-2.8469525985377166e-11,-2.8469459611186627e-11,5.286561536864432e-16,4.568599563069736e-16,-2.8469867139470688e-11,4.2012364150710816e-16,-2.846978470495041e-11,5.044568978125206e-16,3.755653128557201e-16,4.564806768853578e-16,3.9831891189122054e-16,5.737428545660435e-16,3.6848244905637713e-16,4.0215539070732853e-16,3.6017647005005437e-19,2.8655165670498543e-19,7.68334090428824e-19,1.442396410022304e-19,9.090472586122352e-19,-1.4262694942588787e-14,3.6934830919602875e-19,2.1860646550579287e-19,3.061702114918539e-19,2.8669820631017167e-19,2.6087201851810106e-19,-1.4262486066861172e-14,1.6583795854550185e-19,6.5836390086008605e-19,3.6443703337394086e-19,1.6641466134193621e-19,-2.0443095889946202e-19,5.591493132590733e-20,1.1222444094552332e-19,1.954014440358114e-19,1.58168566362266e-19,2.1017485068600537e-19,-1.426256822097004e-14,8.61035206416128e-20,-1.4262227281407713e-14,2.45931447981668e-19,3.7666300699109955e-19,1.8378064428970873e-19,1.493698435226475e-19,-1.426242592488523e-14,1.2155218130476825e-19,-4.0452496786873034e-20,-1.4262460214368006e-14,2.5052156773812366e-19,2.326327889307134e-19
1.355693773913836e-12,3.4404756110004146e-12,6.187690208000481e-16,7.867934163360388e-13,-1.0645689089111519e-19,2.5931858660757307e-19,4.432442149645158e-16,2.8340250533094626e-19,6.060079986785743e-16,1.7235544163801587e-15,3.2841281529427034e-19,4.878746856089273e-16,6.140650617009194e-16,2.3989289963832325e-19,2.3665516612606e-19,5.445130199678142e-16,1.5945792025179982e-19,2.7294196113009436e-19,6.346752281665178e-19,5.380014438058758e-16,8.841055192080755e-16,3.4409152519587778e-12,5.848427414290469e-16,6.408676646764897e-16,3.4405617349284532e-12,6.138701683267297e-20,4.442183531762656e-19,4.977161773450643e-19,6.012253243683171e-16,1.9950379610471732e-19,5.321887806677558e-16,3.911787735616512e-19,3.356345569300242e-16,7.350049675321216e-16,4.484998265401252e-16,6.54006273271661e-16,5.002969635144211e-16,3.4411731487122868e-12,6.788644391375824e-16,5.020259099527976e-16,2.1345881773288266e-19,2.2584400570478604e-19,4.73572601032687e-16,-1.2328707333127327e-19,3.5424836702555877e-16,4.3240708060187147e-19,1.7236179231141043e-15,6.376733107158026e-16,5.885255932571901e-19,2.7595367892218776e-19,4.86353997368251e-16,1.0593113799952195e-19,6.90249594763721e-19,6.285349916306168e-16,1.5811523295852538e-20,6.299251364845926e-20,3.239576503907048e-19,4.505469197819053e-16,3.4409610548787954e-12,5.167834105231906e-16,3.8988653121577456e-19,4.788602124772652e-16,3.4400146058292107e-12,3.0939771444093144e-19,1.0542346134396075e-20,3.4402273503239134e-12,5.151216456056569e-16,4.782153463731171e-16,1.7232878984987273e-15,5.553439230800307e-19,3.681132004458375e-16,4.1841652799251233e-16,3.2357694377732777e-19,5.17671846527135e-16,5.695622532221849e-16,4.643135244929655e-16,2.3174154538860665e-19,5.9936322060818065e-16,4.2428452876233837e-19,6.55610210955362e-16,3.4405647962102397e-12,3.440485518983822e-12,2.8519682799790236e-19,3.740678418923806e-16,1.723445502182908e-15,5.410332151319031e-16,1.7237259666656343e-15,2.9658052231900144e-19,-2.332224828819453e-20,3.0151786559824204e-19,3.020269680742892e-16,2.5201818394772474e-19,6.285463755839088e-16,2.2883631458504823e-19,4.556910501675882e-16,5.0671239574421e-16,5.558420128411584e-16,5.749191664631494e-16,6.675632996780504e-16,3.4408185349609726e-12,4.870405842279897e-16,7.599184654150481e-16,4.388489794566608e-16,5.6873536680298e-16,6.133121130994406e-16,3.440696110363784e-12,5.710871404520777e-16,5.247486582602636e-16,7.440081285495867e-16,4.657858688781272e-16,5.408251754970059e-16,3.8745051187135307e-19,3.181786612590118e-19,2.1440235732690319e-19,2.667642599110115e-19,2.943447781058615e-19,1.7235911366145638e-15,2.939449872965852e-19,1.7239492662807838e-15,4.496846161885693e-19,3.5544771200853285e-19,2.7847341094767967e-19,2.568098665030729e-19,1.723584252003911e-15,1.7818972381314017e-19,3.1708163010446594e-19,1.7235157317166253e-15,3.640345619740812e-19,5.752932374850438e-19
-3.303685685796906e-12,-1.243343941368332e-12,1.7266163589228892e-19,-1.0645689089111519e-19,7.865418336509795e-13,5.164858125910527e-16,2.601411953860319e-19,4.150159498792454e-16,-2.0488643481564255e-20,-1.2430563337600657e-12,3.0121148621461766e-16,3.9901261466938945e-16,1.591383544392471e-16,4.806266675498269e-20,5.996329930494635e-19,3.8119429164896046e-19,4.860626667012275e-20,3.4991472270376407e-19,8.122156717209751e-16,4.31481584673511e-16,3.4479253920666133e-19,-6.230387590867537e-16,3.7482866433639873e-16,3.27021441514917e-16,-6.225893847473102e-16,3.2992307141129034e-16,-1.5709516037099567e-20,3.718625362996792e-16,3.668051067268125e-16,3.204869027407982e-16,2.7651825654897786e-16,2.0842897301306842e-19,4.0084949063881477e-16,6.216759985896853e-20,3.2824603733205677e-16,1.85138797370191e-20,-4.3802113985853987e-20,-1.24279584729789e-12,1.9281202479446677e-19,2.645884634383621e-19,1.8191962363462881e-19,2.558472465819022e-16,3.337295628196984e-16,2.419902061604852e-19,1.7567245463980242e-19,6.770655001300317e-20,-6.230577532651864e-16,3.964840491360911e-16,4.097054369473045e-16,3.3870235792150306e-16,5.684565148080306e-19,3.199954950775589e-16,2.1708746449140035e-19,4.3290646888167684e-19,2.6722900063629436e-16,2.7182155784922055e-16,1.4322889593637615e-19,4.773058036045841e-16,-1.2431226819846042e-12,1.9108413066940693e-19,6.154902585677853e-20,-1.0987370068333938e-19,-6.231259066575078e-16,5.340645272525935e-16,1.224631460998448e-19,-6.235027342771943e-16,3.2924541026005417e-16,3.210940157823922e-16,-6.228193933223509e-16,3.300742946685705e-19,3.350165355361269e-16,2.967164604958846e-16,2.364383757840273e-16,3.6797223451358557e-19,4.033580502365534e-16,2.887674927318438e-16,3.8209524136907964e-16,3.111630859915943e-16,4.294011999988088e-20,2.876048067882096e-19,-6.229564983863927e-16,-6.228817641074756e-16,2.5871671162647143e-19,3.7597371809452723e-16,-6.23242504477606e-16,2.6382730613316757e-19,-1.243580943450653e-12,1.5820346605841951e-19,2.7020285262838954e-16,4.316127881706935e-16,2.1538492378703515e-19,5.175298510590288e-16,3.1595963962465444e-16,2.8185549393801366e-19,4.0935995131177586e-16,2.13685699335518e-19,3.544105174889951e-19,-3.397134718649222e-19,3.0582057554772753e-16,-6.225415603021151e-16,4.4131691915843806e-16,3.9048291641208356e-16,2.3408056096941746e-16,3.29357038610549e-16,3.1591576179624652e-16,-1.2430813029244923e-12,4.365870333463227e-16,3.897890546029731e-16,4.3299256881953044e-16,1.137678882842652e-18,3.541951306536644e-16,3.2671875888348383e-16,2.0627654321746446e-16,2.8767626617203732e-16,2.971032974641213e-16,3.5608793597286637e-16,-1.2431822528764386e-12,7.895817562354008e-20,-6.227378312360618e-16,1.6295819817730584e-19,4.865018704459663e-19,1.3845833071858998e-18,-4.377183848472665e-20,-6.228049305713044e-16,1.683388291817151e-19,1.0033314990564527e-19,-6.228682765002612e-16,-8.942136004929023e-20,-2.9353625181532806e-19
-3.552716523446852e-11,-3.3440548911430395e-11,4.205726172099666e-19,2.5931858660757307e-19,5.164858125910527e-16,7.865873760008881e-13,1.7386288596198874e-19,2.2276629339401494e-19,4.2838990386177256e-19,-3.344027463757625e-11,4.967504788690615e-16,4.27507112295349e-16,5.822040004485287e-16,8.084958183394833e-20,3.5105715808289494e-16,4.852194256856586e-16,2.6928604962929984e-19,5.106298963957067e-19,6.000176517878447e-19,2.017760546210667e-19,2.9881417859108705e-19,-1.675296196161728e-14,4.497863663052616e-16,5.620186139623398e-16,-3.344033407639835e-11,3.2217729082558414e-16,1.1221834476273646e-19,5.327161552587866e-16,4.828014717837187e-19,-9.522474292089399e-20,1.7074310010353803e-19,6.108780462542463e-16,2.6161450226085825e-16,7.835943203665484e-20,1.734380778946917e-19,5.678841901615971e-19,4.621520170722789e-16,-3.343967708254665e-11,-8.207182024985788e-20,1.4800449396464508e-19,4.481979944074603e-16,4.2570875510620447e-19,1.6215644111534433e-19,7.532819510326684e-16,1.1169676730143394e-19,4.81897260097467e-16,-3.3440465982397604e-11,5.581920723043524e-16,1.676463329637994e-19,3.912410587245793e-19,1.7897674616857253e-19,-6.715247163084103e-20,2.360194158341332e-19,4.910029068819549e-16,6.205868031750381e-16,2.0937045485754804e-19,3.2091421086369104e-19,3.631450823371134e-19,-1.6752433131912177e-14,-2.811026100477638e-20,3.165347778052171e-19,4.523983033865241e-16,-3.3440890607598785e-11,6.328323790191293e-16,6.502109175110605e-16,-1.6753300164883885e-14,4.193346793648231e-19,3.4916663261688002e-16,-1.6752656333129223e-14,6.009659823662657e-16,3.5772908122271307e-16,1.3502661157196078e-19,3.8037555744005233e-16,3.059908547782412e-19,5.810029142991708e-16,1.420731741836269e-19,2.8329606805380634e-16,5.990117165435305e-16,5.046315447502548e-19,6.220187038624267e-16,-3.344034494572102e-11,-1.6752797654357132e-14,-2.8385443461410745e-19,1.127320169482525e-20,-3.3440737850582116e-11,7.882235285253818e-20,-1.6753213361237284e-14,2.35822909548009e-19,2.78819383513639e-19,4.51930722353186e-16,2.7637020323910804e-19,4.523219625638132e-16,5.088013629588048e-16,4.0661810981564285e-16,4.170723200865925e-16,4.53471537567818e-19,4.52413463278634e-16,2.1441445456815317e-19,3.89453166134153e-19,-3.344005531126802e-11,4.594423570774195e-16,5.86937204548147e-16,4.270613400186935e-16,6.541001158189128e-19,1.8551585156135623e-19,-1.6752727627845877e-14,4.97790799927107e-16,5.641957291965467e-16,3.68662453419814e-19,4.366493276506476e-16,-5.914338840449961e-20,1.207776830534062e-19,4.0035149973817664e-16,4.795017363491342e-16,1.7801042292704723e-19,3.86516343076548e-16,-3.34403065384056e-11,4.148332570748071e-16,-3.344000223682384e-11,5.253103057110701e-16,7.493763458897449e-16,3.93499218190959e-16,4.01598479346516e-16,-3.3440454530125676e-11,4.405500592461841e-16,6.111374314064657e-19,-1.675273093352643e-14,5.48955051865e-19,-3.16023356753346e-19
-1.8302348808332623e-12,2.4410769540847823e-13,4.961929590977704e-16,4.432442149645158e-16,2.601411953860319e-19,1.7386288596198874e-19,7.866124392359738e-13,3.893082567495438e-16,4.719251939045115e-16,2.4415003014238243e-13,2.438933826691774e-19,1.059850766160343e-19,3.66259387376355e-19,3.6418157459964404e-19,2.471615041790201e-19,4.2652582134555755e-16,4.301112303668882e-16,9.09012188524668e-19,4.365703290767356e-19,1.1677383173933966e-19,3.428488430501591e-19,2.4446379620241317e-13,4.296880595296895e-16,-3.2946602962059006e-19,2.4412390395562717e-13,2.6065479927917596e-16,4.205173898046104e-16,5.046463215911387e-16,4.58933115166946e-16,1.6318500982291692e-19,2.2848254029456856e-19,2.780483166767138e-19,2.283376127936853e-16,5.929899268557969e-16,3.356646510447611e-16,3.051185950065041e-19,3.8857152838611137e-16,1.2243227170542898e-16,1.0239374891378066e-19,3.951024706225506e-16,1.9593187595641948e-19,4.0353900954399637e-16,3.8507065514897904e-16,1.5532687687529e-19,3.232571009124324e-19,4.1877757793207205e-16,2.440571293885154e-13,2.1692660013824554e-19,6.027342182937137e-16,3.8615884534600954e-16,3.8564035105921584e-16,1.0541443095246165e-19,7.083322460546933e-20,2.1798773243138536e-19,9.439339678290353e-20,1.5777421640467682e-19,-1.3167984899696315e-19,7.964321460203743e-20,1.2246180362469878e-16,1.1156147664062206e-19,3.301881964011221e-20,-1.3485014737546292e-19,1.217442911237043e-16,4.790315230837197e-16,2.631544487319534e-20,1.2223096052205066e-16,3.968100499080399e-16,5.80532715716091e-20,2.4422447193961985e-13,4.479875984320118e-16,2.5996199082334992e-19,3.382716353180058e-16,3.8956546544814657e-16,4.0643603295557962e-16,9.844232416070043e-20,3.5190674727302463e-16,2.221642877442438e-16,5.009422791226965e-16,5.630501068892208e-16,5.064883000049178e-16,2.442052554225358e-13,1.2236377085482448e-16,4.1804198856525664e-16,1.7929830831233972e-19,1.2200634566810284e-16,4.2746494487101833e-16,1.2212062266818183e-16,2.3522099375585746e-19,2.1580520047725076e-20,4.1851278135906284e-16,1.8689985447068304e-19,3.7478094913102196e-16,1.6035284983727323e-19,3.5799365715396183e-16,3.3549063790716197e-16,3.5704859671965826e-16,4.155725054635715e-16,4.735319341720188e-16,5.189474923264356e-16,1.2236955523522667e-16,8.253427318970048e-19,2.0282267442605223e-19,3.524368177728474e-16,4.58526687683665e-16,5.028529968136832e-16,1.2231153673451682e-16,6.440562824536486e-19,4.0509853579596784e-16,5.626374937352056e-16,3.496438525466035e-16,3.8102121315064237e-16,3.8861078075753315e-19,4.58739237950623e-16,2.9142622029237436e-19,1.5059373410336616e-19,7.944311243637555e-20,2.4425041154338726e-13,3.948735519557241e-16,2.444604419870926e-13,1.9611343448143597e-19,2.81951738123539e-19,2.2610697686082464e-19,1.70320936719372e-19,2.440660433979181e-13,4.328588807251264e-16,3.8902286327382003e-16,1.2232151595627458e-16,5.365125935249421e-19,1.4812444619647967e-19
1.2314254905808196e-12,3.2981095390495966e-12,2.1910348760707504e-19,2.8340250533094626e-19,4.150159498792454e-16,2.2276629339401494e-19,3.893082567495438e-16,7.866804328283787e-13,4.239291413393887e-16,3.298147532438331e-12,-1.1631569918023707e-20,2.4898418358700806e-19,3.9235015962372353e-16,-1.773398589837653e-19,3.204370178895404e-19,4.560976519829947e-19,3.8836805868904096e-16,3.5448056130167476e-19,6.789708790510294e-16,4.488587149063191e-16,3.407615265836197e-19,1.6523071585356794e-15,2.6346583463558213e-19,4.991559216355227e-20,3.298301936279926e-12,2.5883242169498477e-16,2.1655907571095311e-19,4.258779432225296e-19,5.977527710083029e-19,4.440723538016423e-19,4.011219957887355e-19,5.909172785740611e-16,1.1748472807318277e-19,5.508554506344133e-16,3.3775038331194913e-16,2.7672654582660613e-19,5.653835453369082e-20,1.6522395621113879e-15,2.0235884374694792e-19,4.095771728820751e-16,3.082665715075593e-19,2.075809319654843e-19,4.055270052810245e-16,-3.3988030997575153e-20,3.8799934366649287e-16,2.5428728365620243e-19,1.6520842124130058e-15,4.660605558606955e-16,2.518120967519106e-19,4.167100492946808e-19,4.4081449149123173e-16,1.1296895219298669e-18,4.485905477312208e-16,5.713606796920642e-16,4.631706250409814e-16,3.522695168950605e-16,4.124058259540517e-16,2.275730066016492e-19,1.6524663010945332e-15,4.48629554073414e-16,4.849248520685426e-16,1.6369571503510956e-20,1.6519591646720953e-15,4.980801772852321e-16,4.781259028097009e-19,1.6520302477483761e-15,1.113068440024572e-19,4.2266608980673893e-16,3.2981930042602013e-12,4.0749516402550104e-16,2.2871312296346754e-19,3.403648785279516e-16,3.445961972346778e-21,2.3063390015929837e-19,3.987551363395155e-16,3.6569442990300923e-16,2.6272762747267517e-19,3.5882651854528807e-16,4.708457153766135e-16,4.812813081304391e-19,1.6522353612829989e-15,1.6521032293641201e-15,2.583476669958707e-19,1.5206367297917624e-19,3.297894477013065e-12,4.0010829072489564e-16,3.297951098139834e-12,1.9400676675277908e-19,4.3026704416670476e-16,4.751179270369069e-16,-3.7972344286187376e-20,2.7992820808101823e-19,3.1168997559366796e-19,5.2793269771038595e-20,3.6670818244939894e-16,4.0486379471789426e-16,4.67155225875404e-16,4.712652748510586e-16,4.503317533055431e-16,3.298417227428865e-12,3.7881210279812326e-16,2.725482778520308e-19,3.1952858216621833e-19,-1.5178732029466497e-19,2.1199124798816286e-19,1.6521609831354275e-15,4.823839900845978e-16,3.9009413766096084e-16,1.9413176941581401e-19,3.6313245876104375e-16,3.5324493708294043e-16,3.186046955799776e-16,4.484586295117306e-16,3.6390180941470114e-22,4.166031093234533e-16,4.1886376536597025e-16,1.6525233654766298e-15,2.603072776599974e-19,1.652309602881283e-15,-1.4956189253363786e-19,3.1377694517935504e-19,6.61925247366093e-19,1.571569453800812e-19,3.2980603295795037e-12,6.840109238225891e-19,2.094340797715491e-19,3.298070224813723e-12,1.7141260709960577e-19,-1.496999354703188e-19
-6.7907593629852845e-12,-4.701632398069747e-12,3.3706996425603998e-19,6.060079986785743e-16,-2.0488643481564255e-20,4.2838990386177256e-19,4.719251939045115e-16,4.239291413393887e-16,7.865479063464831e-13,-4.701467457787021e-12,4.403439872190667e-16,1.427392390922172e-19,2.730170037622543e-19,1.824695697423075e-19,1.7541156065223966e-19,4.595204756731654e-16,1.3022922677213202e-19,1.9670471055011605e-19,3.371641449640789e-19,3.6009912229431245e-19,4.840558023489621e-16,-4.701118022192527e-12,1.8370956438231592e-19,1.4615302805430355e-19,-4.701116203531414e-12,2.92248247327569e-16,1.6801590932964805e-19,4.502248052888911e-16,3.951547761063541e-16,4.76807320473227e-16,3.987725078255936e-16,5.573164126859506e-16,4.546645410739562e-16,5.057659742371122e-16,2.1504613117834378e-19,2.566707971783543e-16,3.6425404451877874e-16,-4.700904043719655e-12,9.691819039214039e-20,3.2075811534550394e-19,2.1965079536396943e-19,1.8431200794014007e-19,-7.28067226900801e-20,3.0231431814186705e-19,-2.6413716397172334e-19,6.371781276794146e-20,-2.355211884597365e-15,4.163714553942068e-16,1.086433418504505e-20,2.215033312373009e-19,1.7748989814094784e-19,3.505702657732791e-16,5.113250001675526e-16,6.478809590168221e-20,1.10455613593429e-19,2.826040066009355e-16,3.5523942366770587e-16,-1.061649325416022e-19,-4.701300542678738e-12,3.6508790376385557e-19,5.29353927856226e-16,3.6085209299830096e-16,-2.355577606544544e-15,2.271406684894401e-19,3.171838442629912e-16,-2.3553719582149745e-15,3.9964549924643127e-16,5.131981484408369e-19,-2.355096452030223e-15,4.437016092223046e-16,1.572677529001527e-19,9.849136005964047e-20,2.88171474127295e-16,4.6404696639887746e-20,4.2778342831817453e-19,-1.6481014115470384e-19,1.1086101365584093e-19,1.343134956851173e-19,3.4054255796165224e-16,5.458248095208657e-16,-4.701599267312235e-12,-2.3549388135818405e-15,1.5269971740949766e-19,3.389827799389901e-16,-2.3556122632110777e-15,3.764915290281243e-16,-4.701831542881935e-12,2.8226809813721502e-19,3.439577600833261e-16,5.125310716808795e-16,2.974242779233641e-16,5.142832434631349e-16,6.458136688612235e-19,4.1956870924918104e-16,4.0485954016573615e-16,4.339164624092522e-19,4.687106358835097e-16,3.9785519304519747e-19,-2.1271565510703946e-19,-4.7010858517054135e-12,4.1155746946162643e-16,2.6412432956224173e-19,2.450772962717012e-16,-1.7509731923352585e-19,4.480701038585908e-16,-4.701375089434865e-12,5.160872668520632e-16,-2.4735213130476173e-19,5.108138127814917e-16,3.890174774811288e-16,3.0877599914996795e-16,1.614590881370778e-19,3.9165696059557233e-16,2.6936679237024383e-16,7.47949870321063e-19,4.234195476164377e-16,-2.3552942701523926e-15,4.734348764760021e-16,-4.701185845712468e-12,3.0216519983807756e-19,5.320282120262198e-19,4.44313306993286e-16,2.964989993226084e-16,-4.7016130573436185e-12,4.3653441649803395e-16,-1.455010217504866e-19,-2.3556651770520386e-15,4.0191000691057073e-16,1.0031710219426823e-18
1.0000000000062812,0.9999999999618001,-1.426262753577485e-14,1.7235544163801587e-15,-1.2430563337600657e-12,-3.344027463757625e-11,2.4415003014238243e-13,3.298147532438331e-12,-4.701467457787021e-12,0.9999999999968688,-1.4011284639925763e-11,8.954662992778921e-13,9.676679590807245e-12,-5.697610797771059e-18,-2.2685457785606818e-12,-4.099795496159361e-12,1.2086790685682063e-15,1.1499721359236985e-14,7.303651231318649e-12,7.28113177865693e-15,6.602618242017121e-11,1.0000000000178628,-2.073866394890461e-15,4.2786451144511164e-15,1.0000000000341005,5.394820583406877e-12,1.7027271492669018e-12,-2.491505775016974e-11,-6.397540311702443e-16,-1.759648470417886e-15,-6.314795702000012e-15,1.813973220231824e-14,2.2873816702517344e-15,-1.3125581983548478e-12,-1.0529840945983815e-15,1.5835012277631663e-15,-8.823499561888742e-16,1.0000000000267046,-5.0704680083698845e-15,1.6369375739321176e-15,2.3777046422044283e-15,1.0053319370275238e-11,-6.266940696738576e-16,-3.653476300535888e-11,-2.6321872817646735e-14,-1.0108353217516321e-14,1.000000000008716,6.7384923342317e-12,1.3683184591799022e-14,1.2414616477596504e-15,-5.041260241655964e-16,-6.914237745037931e-15,7.814764358974127e-12,4.7075528043006946e-15,-8.203072603430529e-16,-1.8206611995083374e-15,1.0813799915363189e-11,1.7561112523178332e-11,0.9999999999832428,1.7282561211384155e-15,1.4780377416113127e-11,-7.650315260775986e-12,0.9999999999861495,3.696609201103352e-11,-1.7637985214206326e-11,0.9999999999681888,6.794752158838747e-15,5.571923696726058e-16,1.000000000001142,1.1002721453066835e-11,3.03367239490351e-15,-3.2216378213676823e-12,-2.0831937215553165e-15,2.7486136385332532e-15,1.6124714544252643e-11,-1.2269026900585581e-15,2.3648846588604197e-15,-2.00401569517055e-15,-1.127207229245669e-14,-8.855211665973462e-15,0.9999999999994188,0.9999999999897032,3.414593433462344e-11,-8.145222910410464e-16,0.9999999999815098,3.617880065342508e-15,0.9999999999955241,1.904426885892198e-11,-1.0784605269001092e-14,1.8474418367441e-15,2.9876579175992397e-16,9.031933629394374e-12,1.7032433408820696e-11,5.722030549724037e-12,1.5850969154406021e-15,2.4418594463831096e-11,-2.839710459787965e-12,-1.8017776931466442e-14,-1.5791602313685359e-12,1.000000000017463,-4.797827763186949e-16,1.5419341902817013e-14,4.435838718855435e-16,-3.843849030161284e-11,1.6958391647822972e-12,1.000000000010291,-3.156380383313307e-14,6.182349082912794e-15,5.98320136821306e-12,-4.483190344145042e-12,1.259994570214111e-12,-1.3475465770188374e-15,8.558111706026177e-15,-1.3793472203448747e-15,-6.7503262876580115e-12,-2.6963083896312314e-12,0.9999999999932457,2.6354472606233314e-15,0.9999999999915693,8.870159984581036e-15,5.985807061298262e-11,1.4196223186146663e-16,2.2915473241132856e-16,0.9999999999987996,1.5684118277494578e-15,-1.3865409666802558e-16,0.999999999988663,1.7609393423158403e-12,1.0969615770336166e-11
-1.6079892927717553e-11,-7.019542993639846e-15,3.5417996164629806e-16,3.2841281529427034e-19,3.0121148621461766e-16,4.967504788690615e-16,2.438933826691774e-19,-1.1631569918023707e-20,4.403439872190667e-16,-1.4011284639925763e-11,7.866491525042696e-13,5.299832607097915e-19,2.9790784621549117e-16,3.4626631174410695e-16,3.8621043690033756e-16,4.2951976417137853e-19,3.622554513193747e-19,6.150143093446614e-16,7.1060037111407e-19,4.6157910201833e-16,5.035822654385423e-16,-1.4011084971861794e-11,3.4984645916973334e-19,4.257947144633993e-16,-1.4011151406872279e-11,4.0712509446228527e-19,2.0500912025347927e-19,4.259481924600125e-16,4.440504581636705e-16,1.8219019822609823e-19,2.416269706563741e-19,4.765503289050284e-16,3.9019432537171717e-16,5.210448003228552e-16,3.868487345436211e-16,8.037351738328375e-20,4.2408717589319744e-16,-1.4010874434552288e-11,4.1532230833992495e-16,2.6817764840380645e-16,2.914794275512709e-19,2.88609013055306e-19,5.601672989778088e-20,4.777207044963386e-16,3.9771317844533687e-16,4.2075967844382693e-16,-7.01946079934473e-15,4.409358792866387e-16,5.199334171903439e-16,4.087782026824644e-19,4.103864323243077e-16,3.5405359761497864e-16,3.323253589024027e-19,3.690439692474302e-19,-1.5339277740462763e-19,2.3572375380703193e-19,3.8372985364442463e-16,4.75962240763884e-19,-7.01928097349184e-15,6.825877500186639e-19,5.490290846887719e-16,4.100557694837093e-19,-7.019569878641874e-15,3.168550569682702e-19,3.8850945622866723e-19,-7.0195707444095026e-15,5.266930744637847e-19,3.437102504150499e-16,-7.019401819320984e-15,7.966827725115901e-19,3.6306124151993736e-16,-8.339090663766767e-20,2.5926639692320894e-16,3.655348693714842e-16,7.900058265111676e-19,1.9056763180430246e-19,3.0914683862636316e-19,1.855869348705632e-19,1.479160111283872e-19,3.590139877377979e-19,-7.019778645843145e-15,-1.4011529609983892e-11,9.807917711267844e-21,-8.979570521119199e-20,-7.0195787095553315e-15,5.726680392811529e-20,-1.4011825387261739e-11,5.028233582228546e-16,3.7358895584508175e-16,4.60269449093175e-16,4.707858496580136e-19,5.316680934039458e-16,3.870063251984048e-16,2.2915803086853806e-19,4.3533587843495025e-16,6.367329371386814e-16,2.0897888358237015e-19,2.5811709998227924e-19,4.296991341644138e-16,-1.4011044056470718e-11,4.861972224550894e-16,2.615724897841553e-19,3.0335153521763796e-16,1.1037544885132922e-19,2.459091271242818e-19,-7.019093614999751e-15,-1.7199541157333584e-20,4.939760460291496e-16,6.494627549446783e-19,4.166390156791317e-19,3.744140478332078e-19,3.687196453518188e-16,2.557163318092203e-16,3.571475044652649e-16,1.4011776471475924e-19,3.8942485050794644e-16,-1.401141373646263e-11,4.202498231468891e-16,-1.4011152451287272e-11,2.7607749263172553e-19,6.895208811517463e-16,2.857166545064071e-19,3.46676662252253e-16,-7.0197450143187285e-15,3.6723215214399714e-16,1.6890970738804464e-19,-1.401139896447974e-11,4.314412783114231e-16,4.699420396344949e-16
-1.1737284943192572e-12,4.484866721745421e-16,4.993876147702166e-19,4.878746856089273e-16,3.9901261466938945e-16,4.27507112295349e-16,1.059850766160343e-19,2.4898418358700806e-19,1.427392390922172e-19,8.954662992778921e-13,5.299832607097915e-19,7.866302265733904e-13,3.1213050294137463e-19,2.889002786503394e-16,9.374199104918708e-20,4.208038573470832e-16,2.0332483518263203e-19,3.142925707019231e-19,6.287020722353483e-16,5.1476757531895985e-19,6.119635307349055e-16,4.486697292043132e-16,4.126759966713671e-16,5.041482253525907e-19,8.955064443894901e-13,2.805656953950271e-16,3.8321965372319816e-16,2.795477504599857e-19,2.0745101156663968e-19,4.2580542191355784e-16,1.5113191729832976e-19,5.022015139390034e-16,2.852696152756288e-16,5.472172189808958e-16,8.455863496460946e-21,4.167793866014861e-16,1.8048896280864203e-19,4.487572839336224e-16,2.281182015017663e-19,-1.7084377633737959e-19,5.2635740560853725e-21,2.532546026889802e-19,-3.8064642550991867e-19,5.845564863908926e-16,2.941273577346602e-19,4.000037264088479e-16,4.49477899404666e-16,4.722277816108828e-16,4.146667633222272e-19,4.949454397698816e-19,2.8774956776422953e-19,4.0840768987233986e-16,4.1857323398260764e-16,2.9685015912997397e-19,8.537840044172174e-20,7.585574377571893e-20,1.718747834225192e-19,4.1261325528910996e-19,4.488192117680573e-16,3.9593260898724975e-16,4.569409293971365e-16,1.6982821012544598e-19,8.950221225976287e-13,4.983537313634122e-16,4.52883851459418e-19,4.484284339206588e-16,2.0357760736187054e-19,3.467824214725619e-16,4.485752416058111e-16,5.291908041090628e-19,2.2879305067061483e-19,3.1889043783238364e-16,5.3666742530141787e-20,1.6107040900040727e-19,4.2048006428868503e-16,3.3186640456052284e-16,2.7133869952932957e-16,4.3246214573656183e-16,4.397885390320589e-16,2.356543318839943e-19,4.483394160743146e-16,8.953630030288955e-13,-3.725027943853837e-19,2.9857753089385914e-16,4.482282519501346e-16,3.9536345258085957e-16,8.951874714830851e-13,5.019263234853146e-16,4.2700056996845634e-16,2.4287576712482106e-19,2.553955383839269e-19,4.203004589796799e-16,4.4006443579838476e-16,2.576475636359412e-19,1.807264360745075e-19,4.491951978069453e-16,2.931811293598734e-19,4.3541924529583524e-16,7.734988611954334e-20,4.486459322869317e-16,1.1787503909836101e-19,5.377533937839552e-16,3.1385090639670816e-16,2.696812580527221e-19,4.3793193754108836e-16,8.955344842023957e-13,4.363667809596147e-16,4.078311285868692e-16,2.6490151528709245e-19,3.6671384801484656e-16,2.1551851055093711e-19,1.079169591006494e-19,3.727162482064947e-16,3.536075611194288e-16,1.6088735164735483e-19,5.821266469107913e-20,8.954882310553049e-13,4.705076226340301e-19,8.956922997118058e-13,4.2769051361189527e-16,6.249126610509315e-16,3.611173569015288e-16,3.252599811539331e-16,8.953350914525282e-13,3.9010412448761e-16,3.642360165333256e-16,4.48351992832015e-16,4.374505383987902e-19,3.150040295743651e-19
7.616539439790721e-12,4.847727509496039e-15,3.074014831181647e-16,6.140650617009194e-16,1.591383544392471e-16,5.822040004485287e-16,3.66259387376355e-19,3.9235015962372353e-16,2.730170037622543e-19,9.676679590807245e-12,2.9790784621549117e-16,3.1213050294137463e-19,7.864121964737566e-13,3.3913856746383397e-16,3.499069581305676e-19,5.232314882207318e-19,2.7714607497973135e-16,5.524180994046106e-16,8.51930784478564e-16,-3.132834798974224e-20,1.2554014340261575e-19,9.67685403393372e-12,4.541531808883954e-19,6.219235032272065e-19,9.676998540351807e-12,-1.266977428543292e-19,2.9362421890779487e-16,3.514272162288788e-16,3.2065460359826867e-16,3.4087702496225875e-16,4.740199509922515e-19,2.3673604923042673e-19,1.435985961088017e-19,4.3168398761414607e-16,3.039769822320635e-16,2.142121613767121e-20,3.6143209415679965e-16,4.847644841170616e-15,1.5778039764419017e-16,2.063436502933753e-16,-2.8877930543536035e-19,2.2333903313227105e-16,1.5394704654362462e-19,2.886548853965536e-16,-4.3917743079061204e-20,9.50806206053844e-20,4.84775980795872e-15,3.5049335416261304e-16,3.5293651178808405e-16,2.876741248904732e-19,7.043450862395795e-19,2.8183694409636256e-16,5.165987000064764e-16,1.46303162740346e-19,1.8590919430118406e-16,2.0663720725526303e-16,2.8271665521024533e-16,5.099974450854761e-16,4.847625557208202e-15,7.199468411751447e-20,5.175833199763612e-16,2.6171835393558237e-19,4.8476309057546765e-15,5.060779128480992e-16,2.878358139514446e-19,4.847631500964486e-15,3.2359430446962274e-16,4.721433845850854e-20,9.676523459971755e-12,5.045787191677435e-16,4.1657851055662095e-19,2.3601575498053534e-19,2.13683603537619e-16,1.8663117595711283e-19,3.429961698317073e-16,3.0963885540136943e-19,6.996050458968291e-19,5.345640022783823e-21,1.2287686051444046e-16,5.876468333284215e-16,9.676352154412133e-12,4.8474460082801415e-15,3.67402961673438e-16,-1.2879314606827142e-19,9.676084545873867e-12,2.807752580779024e-19,9.676170654973445e-12,2.4723300000927845e-19,9.25596830664822e-21,1.144690540371372e-19,3.604557039154333e-16,5.26584417174733e-16,3.1889939147419543e-16,3.01683824859522e-19,2.7775242175113355e-19,2.366245455959378e-19,2.6332691545054364e-20,2.539762587573492e-19,2.255086320078287e-16,4.8477271356557344e-15,6.716481838860478e-20,3.906157028936359e-16,1.822392093541242e-16,5.186051320752124e-19,3.1263070114919973e-16,4.847674581343167e-15,2.862632577690988e-19,3.225692099522788e-19,3.9465371082105095e-16,3.5976641601137287e-19,2.747832300157585e-16,2.986078224869198e-16,2.2118970453547778e-16,2.2342480227193244e-16,3.3881724627234216e-19,5.4632747550475e-20,4.8477362505595265e-15,4.2204291437750017e-16,9.676775840117478e-12,3.1107472355366286e-16,1.5101703679835372e-19,4.240175911749448e-16,2.8594560731186106e-16,9.676460224227735e-12,3.112105455155892e-16,-2.748391488742684e-20,4.847963727667274e-15,-9.775681257599547e-20,3.767821203704244e-16
