0.9999999999999987,-3.5107513965764704e-13,2.5947638578334096e-11,0.9999999999962567,-1.715459463046053e-11,4.718252355281719e-12,1.722476345884704e-12,-3.4589410210567254e-11,-1.3067991633143362e-11,3.2106683898477853e-11,2.8777860857382798e-11,0.9999999999911919,-1.1354174089660598e-11,-2.179088439250166e-12,-1.5107362821943282e-11,1.0178326058100968e-12,4.308639452356108e-12,1.0000000000045883,-1.5945140817597694e-12,9.814450015126326e-13,-9.864625477727629e-12,5.288542679612877e-12,-1.1374027117760707e-11,-1.2377299908682604e-11,0.9999999999918506,-1.2487374943833833e-11,-3.4239405411765403e-12,2.0804563764709076e-11,6.07706367822561e-12,2.131568326427301e-11,0.9999999999917061,1.7425141923954294e-12,0.9999999999866028,1.1880545030193808e-12,-1.0348071358520723e-10,-4.459379248438011e-11,-3.1858948039168446e-12,0.9999999999940093,2.004144270155607e-11,1.2057549548873781e-11,1.0000000000090503,2.3670648772541385e-11,-1.5507143972926417e-11,3.2156148631766897e-12,3.3493205899746046e-12,-1.6417310800036427e-11,1.2511758490103079e-11,-1.5810079874734223e-11,0.999999999975663,3.617260039435079e-12,3.7570405530589254e-12,8.889245217739796e-12,-2.786506637432617e-11,1.500251397598943e-11,1.779639264832994e-11,2.0807133915972945e-11,-7.071872962454095e-12,0.9999999999907924,-2.3657737179875673e-11,-8.145196775451275e-12,7.882465826519247e-12,-4.253607112387505e-13,-9.022202674848624e-12,7.31748451945466e-12,7.1503725789651075e-12,6.041383110069574e-12,7.38188200543141e-13,7.893684663488224e-12,1.8455085249766423e-11,9.881186678042761e-12,1.7110992548960837e-11,1.0000000000132692,0.9999999999942648,1.2279689761118608e-11,1.0158764909753388e-10,1.8172270839068922e-11,1.0000000000086822,4.543595633122234e-11,-3.276265364244023e-12,-1.1279427028316657e-11,-2.3719173527538495e-11,3.450187598836698e-11,6.824834599041765e-13,0.9999999999890837,3.7942365644044854e-12,1.8548928984098812e-11,7.837244858580417e-12,2.964216980512532e-11,1.2321535778024694e-11,3.9261983498833156e-14,-1.1475932382126596e-11,1.3907527120248715e-11,-3.8387244908849914e-11,-4.89458905612657e-11,-2.2095491850983373e-11,-1.0586099640323342e-12,-5.881841604351077e-11,2.9391660290783853e-12,0.9999999999956238,-1.8636132143656037e-11,-7.894959679046227e-12,5.825135045111635e-11,9.424936035765299e-12,-9.293583283688192e-12,-7.897972655990144e-12,4.362043386993688e-11,0.9999999999811002,-3.115393549888893e-12,0.999999999967688,0.9999999999924843,1.2839148752207712e-11,8.241835661549888e-12,5.753231899184105e-12,3.7968954575771266e-12,-1.2323592953522723e-12,0.9999999999972705,6.0235103328955515e-12,2.2240787144075218e-11,4.948106505415476e-13,1.0000000000023248,2.146878623443848e-12,7.196332771756592e-12,-3.1464357351276615e-11,1.913509061189775e-11,1.8090585572968574e-12,2.0335849993887028e-11,1.2778982066736758e-11,-6.369673241790323e-12,-4.3362652016892804e-11
-3.5107513965764704e-13,1.6000362569637246e-12,2.390184623004162e-16,-2.794102629401491e-12,2.2964853784674008e-16,3.309555078655144e-16,2.3024954872887e-16,5.083510352251746e-16,2.9644729022502313e-16,3.8351538191567767e-16,3.779229814227344e-16,-2.793964953692185e-12,2.780786835554571e-16,2.7555657098489566e-16,4.4209898211453363e-16,3.089593609617631e-16,2.599073675528339e-16,-2.7938305817033472e-12,2.938183588403479e-16,3.0582192908963283e-16,3.0882590519896603e-16,3.2053492124501613e-16,3.354177678672743e-16,1.8487976593728447e-16,-2.7938968136919037e-12,2.8565637730464846e-16,3.384389107467812e-16,2.096309427555006e-16,1.3965749220985703e-16,3.265298628735671e-16,-2.7940531251378524e-12,3.306321392760685e-16,-1.3999202237273035e-15,1.7315460630177878e-16,5.395223886806179e-16,1.9994877580655367e-16,3.2849522260032017e-16,-2.794200787749117e-12,3.271955241794726e-16,1.6084793308810322e-16,-2.79407082874961e-12,3.429050430933607e-16,3.27983087791907e-16,4.895705416490595e-16,2.4981624049052295e-16,1.9179026828647264e-16,4.892824610683481e-16,2.826336483085462e-16,-2.794022512964763e-12,2.8860334473221627e-16,3.037602566102448e-16,3.3712592108354104e-16,2.2665597758028733e-19,1.6368083740677503e-19,-9.59972781045597e-20,4.726422667542488e-19,2.312270387002422e-19,-1.3996919062594225e-15,8.668843618060985e-20,-3.0825718554710726e-19,8.673297875844876e-20,1.211281613806245e-19,2.0186917361149154e-19,1.970908038592303e-19,-2.938359212457826e-19,1.7382683999219618e-19,3.0708441534096894e-19,9.249023660257266e-20,1.5004975135289633e-19,1.2526151643581841e-19,9.977054370018486e-19,-1.399785002823993e-15,-1.3999641530692661e-15,1.8075124498312246e-19,1.7269727506433907e-19,2.5423822756723274e-20,-1.3996587294243043e-15,1.0926410156533919e-20,2.374160160073336e-19,1.3621950371878676e-19,-9.608635188397558e-21,-1.4079423423975663e-19,1.2894881313356234e-19,-1.3997248686321029e-15,1.2046894662214959e-19,3.465678901683237e-19,1.5969909482847343e-19,-9.092219269312695e-20,-7.948168526739623e-21,1.0321389526553594e-19,4.648128358090429e-19,3.3286283680478694e-19,2.5498605064623573e-19,3.5083749156878737e-19,2.943122953423852e-21,2.888445849982085e-20,2.8586775373408143e-19,-4.992976188331974e-20,-1.3999066107740557e-15,3.4932716718872686e-19,3.349990349585821e-19,1.7474618445921696e-19,6.279041758613184e-19,7.933307381036655e-19,3.6333044708047644e-19,3.580325388350235e-19,-1.3996341830975527e-15,2.2757545954054008e-19,-1.4001135985684519e-15,-1.4001663905827165e-15,2.050287967260267e-19,2.485412353514199e-19,-5.300306629469853e-20,4.6034025014030165e-19,1.5959573738338343e-19,-1.3996472546380433e-15,5.585403766245628e-20,1.6372901766736093e-21,4.737748062528641e-19,-1.3998601521505183e-15,3.6073971951412556e-19,-5.44717226532636e-19,3.396431796493064e-20,1.8265093317173859e-19,2.2414983608218115e-19,1.3519750782011003e-19,4.0745287138715533e-19,3.1397338194013022e-19,4.48207180952619e-19
2.5947638578334096e-11,2.390184623004162e-16,1.6000900289699773e-12,1.1774885219681026e-14,1.5635866551713464e-20,3.4883883347943025e-16,3.8259716334682163e-16,7.338365614309899e-21,2.5626234243821564e-16,3.073462369766122e-16,4.284069920205835e-16,1.1774868944338059e-14,3.805762517872784e-16,3.791126476647412e-16,-2.3676561078686325e-19,6.283043896374159e-19,1.2335935772290805e-19,2.3504115233169717e-11,3.882453191600307e-16,3.500034967318276e-16,3.6920202157665566e-16,4.579224295379615e-16,2.3820214521191113e-19,-3.8744994407544303e-19,2.35038450697567e-11,4.1513776867337043e-16,-2.6993367355144546e-21,2.405535901913439e-20,2.6215499225971766e-20,1.2119207290209e-19,2.3503793311478758e-11,2.8941784800837077e-19,2.3503628781901712e-11,2.2856382359430963e-16,4.0954406925471153e-16,3.2889608425710937e-16,1.1024529222175714e-16,1.1774476718289388e-14,2.841504704439438e-19,3.485036819876322e-16,1.1775030562609812e-14,2.453901205475197e-16,-9.477358198068118e-20,2.8579304074609414e-16,2.314090313923309e-16,1.7869337667761883e-19,2.565890651436606e-19,2.9907270461554e-19,1.1775000891684856e-14,9.027255825651678e-20,2.2510225264374987e-16,4.362167962222395e-16,2.3144175654488513e-16,3.455171025389715e-16,4.14424598860232e-16,5.988899842666433e-16,3.10758076500303e-16,2.3503897097510713e-11,3.106060658119182e-16,4.528166980139553e-16,4.802291001734406e-16,1.9844570264589286e-16,2.1588370742086585e-16,3.4703270043470653e-16,2.773519193241621e-16,3.930246758525164e-16,2.1360694613932466e-16,4.02956779301122e-16,2.7403902480040304e-16,3.6698059528857103e-16,4.0758597098459423e-16,2.3503902009736604e-11,2.3503527950330975e-11,3.643104391871866e-16,5.162885983073827e-16,3.361247300471271e-16,2.3504049450646803e-11,4.850673630924249e-16,2.149191845807489e-16,2.3539893687391545e-16,3.0711069102634023e-16,3.383237599131974e-16,7.263137150772136e-17,1.1774787553052339e-14,3.0271242607688906e-16,3.5771593017266017e-16,3.6754541547159753e-16,1.0106966609795466e-16,3.7369002589219247e-16,3.466864088689889e-16,1.2195516650097963e-18,3.8096596174923525e-19,2.428778214755681e-19,-2.073926919238777e-19,3.5091981707607205e-19,-4.962390071858372e-20,3.747928672398279e-19,-1.285743146293655e-19,1.1775000244165404e-14,3.036546779754001e-19,1.536962091123689e-19,2.911112386710229e-19,2.8207358648677046e-19,6.353561902127996e-20,-4.564887470191293e-19,2.7310675945503557e-19,1.1775146437065863e-14,-1.3524326476408175e-19,1.1774571601163114e-14,1.1774663973578446e-14,6.190844686671501e-21,4.529943441027435e-20,2.0895685997272659e-19,9.785962869293323e-20,4.0519434846592517e-19,1.17748920100849e-14,5.096967798423229e-19,-8.353259784543094e-20,3.9463568012951147e-19,1.1774503733753216e-14,2.3451163603591084e-19,-2.383885159442879e-19,2.2913207417424415e-19,2.695990815826812e-19,8.206873506168288e-20,-8.261415141607133e-20,2.2884536185672166e-19,1.5725441834196012e-19,-6.200815758628711e-19
0.9999999999962567,-2.794102629401491e-12,1.1774885219681026e-14,0.9999999999974378,-1.9597793022586556e-11,2.2769197596593315e-12,-7.188260987845391e-13,-3.7036381128230515e-11,-7.770344577346553e-15,1.4865353361185722e-14,2.633566484811002e-11,0.9999999999907588,-6.9098348996522666e-15,-2.3164948017575543e-15,-8.791063995066386e-15,-7.118258744535063e-16,9.367533020451401e-16,1.000000000004163,-2.0218489394628758e-15,-7.324123460650318e-16,-6.163784895541686e-15,2.843913067982642e-12,-1.3818085800389423e-11,-1.482026271593611e-11,0.9999999999914295,-7.475981351049315e-15,-2.9381355062042905e-15,1.8361312704658504e-11,1.8211673087832563e-15,9.455280184818306e-15,0.999999999991273,-3.47368481786608e-16,0.9999999999861738,-1.2503361012023889e-12,-5.306199484835229e-14,-2.3562069060217485e-14,-2.8185024948996793e-15,0.9999999999935834,8.81635301230354e-15,9.611996080779698e-12,1.0000000000086138,2.1224967922128743e-11,-1.7943508631135015e-11,7.729282526458483e-13,9.0453705499556e-13,-1.8857373456491892e-11,1.0071935930641083e-11,-9.144337137298203e-15,0.9999999999752286,1.1773566986108704e-12,6.566335504023095e-16,3.229827448874465e-15,-1.5182572495492823e-14,6.294302212826992e-15,7.69300394874361e-15,1.8370888598113045e-11,-4.7650716932798356e-15,0.9999999999903659,-2.6098844736757116e-11,-5.301885470738685e-15,5.440163329237899e-12,-1.4358783616633896e-15,-5.7433491843108644e-15,2.442062163897044e-15,2.3566566597764097e-15,1.7987733617170974e-15,-8.505668629617132e-16,2.7330274309931114e-15,1.6014221435194605e-11,3.7268873223165916e-15,7.346640804232911e-15,1.0000000000128466,0.9999999999938375,4.931071720906387e-15,4.967224239188732e-14,7.881972915014844e-15,1.0000000000082567,4.300011471472858e-11,-2.863284020755629e-15,-6.872544278794584e-15,-2.6158630582187245e-11,3.2062999917893274e-11,-8.813435292339729e-16,0.9999999999886475,1.351760021078383e-12,8.066861617348474e-15,2.7046375591066455e-15,1.3627792072913318e-14,4.948756513577087e-15,-1.2061831734839192e-15,-1.3924476577278638e-11,1.1467249807635114e-11,-4.082534485677684e-11,-5.138795752752757e-11,-2.454125288126782e-11,-1.7542465768249099e-15,-6.125884471335227e-11,2.4778884237917135e-16,0.9999999999951926,-2.107805668818853e-11,-1.0340753861887521e-11,5.581834286127685e-11,6.9859789027322925e-12,-1.1740300656639015e-11,-5.181460802986621e-15,2.0628883757271635e-14,0.9999999999806763,-2.782915182292805e-15,0.9999999999672542,0.9999999999920482,5.210863003662248e-15,2.9047752995732017e-15,1.6568269382049313e-15,6.79946795421706e-16,-1.8416773301581974e-15,0.9999999999968473,1.794984704971243e-15,9.917968790831257e-15,-9.748494779783546e-16,1.0000000000018956,-1.447738976754672e-16,2.384087286146576e-15,-1.6985473440174505e-14,8.364988522233566e-15,-3.1666291518941287e-16,8.966438633722777e-15,5.179205477605729e-15,-4.414616199520115e-15,-2.2947087890784136e-14
-1.715459463046053e-11,2.2964853784674008e-16,1.5635866551713464e-20,-1.9597793022586556e-11,1.6002511418317427e-12,4.783295719097727e-16,5.714734253149116e-16,1.655733793899392e-19,2.2560838581369747e-19,4.58733954091509e-19,4.655368351918583e-16,-1.959806531535052e-11,2.9673481186180025e-16,6.61366199505787e-16,3.184541315621935e-16,3.4463018970469177e-19,1.6678307031117324e-16,-9.818127719173465e-15,3.975913138098226e-16,5.741765403024569e-16,4.2566293644063517e-19,6.352885282892722e-16,1.3492843754669375e-19,1.3714227299784768e-19,-9.818080250909536e-15,5.01222668098662e-16,3.5063029321566734e-19,2.93962623580387e-16,2.4381527506467816e-16,1.3704042243456008e-19,-9.818570147360919e-15,4.0532180884650487e-16,-9.818179425452259e-15,-1.8422943776009188e-18,3.3125593546203886e-19,2.29613801461823e-16,4.199360912318012e-20,-1.959809688447411e-11,4.6643754226735504e-20,1.5163099599791677e-19,-9.81864215962862e-15,2.207360262304235e-19,-5.974719731201485e-20,-1.2526138701331356e-19,2.8049730248989367e-16,2.3988129958898906e-19,2.8728759363999203e-19,3.2039351098636764e-19,-1.959741721861882e-11,3.410841226551981e-16,1.7076186977232116e-16,2.2256424086261763e-19,7.510705239131266e-20,2.0879459057583082e-19,4.2224944145297587e-19,1.0360529257756466e-18,4.178285228981566e-16,-9.818448346535119e-15,2.9974127369563726e-16,2.9025391031614663e-19,7.056000444402958e-16,-9.384998802288682e-20,2.706486420678427e-16,-4.1382150398901905e-20,1.0815228458682945e-19,7.100992570951406e-16,1.516403308332936e-16,5.227599980830068e-16,2.274179945753326e-19,5.127692033784006e-16,5.44772356079456e-16,-9.817903256068696e-15,-9.818590829287617e-15,4.816201837755906e-16,2.711373462699893e-19,1.6030219250481548e-19,-1.9597614158079225e-11,3.6032085625673445e-19,2.1072056434425856e-19,-2.6033820498929204e-20,-1.7468632667227798e-21,5.098840260967349e-16,-1.3306623141810472e-19,-9.818336399349932e-15,2.6501719600043875e-16,5.341145182088773e-16,-2.3977500056148166e-19,8.778785114408125e-17,4.20854545108792e-16,5.799946156557539e-16,9.988384284109975e-20,4.159048587317075e-19,3.0647292793949403e-16,1.427527206968765e-16,9.209990338373758e-16,-5.068454876915396e-17,-1.647562638332506e-19,3.39637281916962e-16,-9.81817562055751e-15,5.072282878582504e-16,4.248360772270569e-16,3.266528540257047e-19,7.598478304000097e-16,2.6951899150160124e-16,1.1103424133002987e-19,4.885431639254231e-16,-1.959792790911974e-11,3.2052913732765027e-16,-1.9598302454817147e-11,-1.9597814966163428e-11,2.5859117936720326e-16,3.807574246974125e-16,5.21614421903452e-16,1.715525348966801e-17,1.9662852027013797e-16,-1.9597544513886682e-11,3.390637097092412e-19,3.429593355853722e-19,1.5667923496279373e-19,-9.818362712565092e-15,3.879111374546457e-19,5.265563169931348e-19,-2.0094483596912845e-19,3.6196548900679166e-19,2.8585640290629664e-19,6.009644174991157e-19,3.1597173325374395e-19,4.1051516321446333e-20,3.923302293497369e-21
4.718252355281719e-12,3.309555078655144e-16,3.4883883347943025e-16,2.2769197596593315e-12,4.783295719097727e-16,1.6000537499298358e-12,6.460370943261278e-20,4.303546775415696e-16,7.615800579645528e-20,2.0464355892898756e-19,1.1916588692058618e-19,1.1407134030314386e-15,5.147722855388252e-16,2.437471186051121e-16,3.5615522358570155e-16,3.643584518224445e-16,1.4825731886574425e-19,1.1410943234318818e-15,3.631367655691884e-19,-2.0817528925331422e-21,3.7330983759657307e-16,8.523853156351527e-20,1.288810340049391e-19,4.3456265295036885e-16,2.277025721841512e-12,-1.2026255105523127e-19,4.550834781140689e-19,4.334930696456384e-19,2.2154545569057968e-16,3.083486700512608e-16,2.2772184666878997e-12,2.7341369941012723e-19,2.277001345826848e-12,4.345851297990419e-16,5.5930242876927295e-16,4.545227375139481e-20,2.6682967036478457e-16,1.1405725523039973e-15,4.810659090403642e-19,3.3478525066456766e-19,1.1407528249504472e-15,2.352563102417474e-16,6.607253344101582e-20,2.253636435724994e-19,2.766080331170912e-16,2.5513884291056875e-19,3.1588347008162076e-16,4.10683931674105e-19,1.1406859593475394e-15,-6.841013258450973e-20,1.3052357639998468e-19,5.341329838092805e-16,4.277616333151687e-16,3.351578201175142e-20,4.1861582137484744e-16,5.897277456681475e-16,3.1841126498396847e-16,2.2772641698073046e-12,3.9870619233758293e-16,3.5257118828210546e-16,3.500096949256328e-16,2.33155723076356e-19,2.2496293466565175e-19,4.895426033032186e-19,2.8523290547228626e-16,4.064288113626973e-20,3.634394576957886e-16,3.930246651579567e-16,3.431532216272793e-16,3.2230396340562697e-16,3.575154409213491e-16,2.277205479696888e-12,2.2767761091847608e-12,1.5567861702019742e-19,5.238297418532913e-16,4.2462615640048105e-16,1.1408312115199626e-15,5.471134514021714e-16,1.605564158085763e-19,3.4851766022182327e-16,2.7628474386357356e-19,3.3800475704329204e-16,1.888863361441484e-19,2.2768985256316543e-12,3.9403360671317757e-16,-7.387702255042044e-20,3.8148821044968655e-16,2.7398604388001277e-16,1.579032027208055e-19,-2.1431367381205049e-19,2.4750199641837853e-16,-4.5970669042565764e-20,3.814306666955455e-19,2.936382219367374e-19,-1.9749496460726632e-19,3.1285388581984623e-19,4.970561639231055e-16,3.4227179183967945e-16,1.1411055770158113e-15,4.136327161193589e-16,2.1534931044620366e-19,3.5913633497155657e-19,2.4477146188374034e-19,3.013210083477757e-19,3.7036288707826833e-19,4.2007626898086246e-16,1.1406674537389752e-15,6.535266400075539e-21,1.1405399610619028e-15,1.1407648525120543e-15,1.2181384037651971e-19,3.2948817141561547e-16,1.6950376818415015e-19,2.3447733006764273e-19,3.0626049976396056e-19,1.1407367432046461e-15,3.731202524125799e-16,3.1676587879827195e-16,3.201957847624523e-16,2.2769155313184415e-12,2.8394965014942325e-16,3.732339184357576e-16,-6.21718912559022e-20,1.5437339579834757e-19,-5.802424532427986e-20,1.7282202884318034e-19,1.6105801391328235e-19,2.323165191431696e-19,8.52427573798453e-20
1.722476345884704e-12,2.3024954872887e-16,3.8259716334682163e-16,-7.188260987845391e-13,5.714734253149116e-16,6.460370943261278e-20,1.6001293204872123e-12,3.474324273971944e-20,6.785672810056488e-20,2.4203849686920454e-16,-1.0368607590108257e-19,-3.6039747016292094e-16,4.889520975633646e-16,2.0795426288362008e-19,1.6943072073241968e-20,3.6446825782347567e-16,2.0706122541658151e-19,-3.6002055552223586e-16,4.3049487603858777e-16,2.487227759887159e-16,2.1519089512709186e-19,3.977637649603701e-16,2.674782660724658e-16,4.879944815012404e-16,-3.600596957598041e-16,4.2891690381775624e-16,3.755920351566135e-16,2.612886624245324e-19,1.569249600603448e-19,1.2628412043391545e-19,-3.6008643070925015e-16,4.1784105569099734e-16,-3.602117024802279e-16,4.3485776904868594e-20,3.9407539440022957e-16,4.2810701539939363e-16,1.0121182743435823e-16,-3.5994434413557583e-16,3.7380316718474973e-19,2.717708923744192e-19,-3.600256970121074e-16,1.3723645253976962e-16,9.849115712019717e-20,1.2650942924122224e-16,2.2506635974911427e-16,2.95865992826577e-19,-5.450372790253499e-19,3.1227723125782503e-16,-3.604847505746112e-16,1.3905537288528029e-19,2.4761677585245745e-16,3.1333459678995703e-19,2.534439827765835e-16,3.432724814760541e-16,4.477310038879391e-16,6.406063433721558e-16,-6.241973256842298e-20,-7.185828719424235e-13,2.9839520308608017e-16,5.015470309221884e-16,4.595561326699877e-16,1.9837922608574568e-19,-1.8342668174437805e-19,4.291273517289977e-16,1.7597361076838925e-19,2.6920971787845404e-16,2.9547340110419077e-16,3.7272859931935814e-19,-5.112032989289624e-20,1.1343861669697775e-19,2.0033077205828588e-19,-7.185337351352387e-13,-7.189895600434217e-13,2.065787782673749e-19,5.763277497163846e-16,3.563728082268269e-16,-3.599976959042526e-16,5.528707797646182e-16,1.5221026060912027e-16,-1.1952910329858774e-20,2.5983551115772104e-20,3.0815610988577104e-16,-9.013461125409593e-21,-3.6028852572587337e-16,-2.83893636504664e-21,3.046399771462458e-16,3.4715084946189374e-16,5.0465419269689845e-17,4.3797129179805713e-16,2.341589843063641e-16,2.042354668276537e-16,4.3459099055577844e-16,4.463842530845943e-16,4.1258783716008483e-16,3.1732192122345747e-19,1.81716068679899e-16,3.6723669631371707e-16,-5.76793988936502e-20,-7.186450829899483e-13,3.9705419579438367e-16,2.8119387354547995e-16,1.094902231130438e-19,4.0720436395970664e-16,-1.4030530104959989e-19,1.8334699185740898e-16,2.1775926779451546e-20,-7.186758822488859e-13,3.590549252945664e-16,-3.604763077280175e-16,-7.188006665575981e-13,5.770864952308906e-16,2.5987493921223754e-19,2.3168938325775553e-19,3.729746884260351e-16,4.721019310594968e-19,-3.599606638488414e-16,1.7133368184941038e-19,3.944031271556207e-16,1.595989378559211e-19,-3.6031233016007394e-16,2.6643994060980774e-19,3.931527895314046e-16,1.6523443418329875e-16,3.128238995068498e-16,3.547803433820252e-16,2.7878048358876213e-16,2.0997539181642819e-19,1.7726611056073675e-19,2.397215356315515e-19
-3.4589410210567254e-11,5.083510352251746e-16,7.338365614309899e-21,-3.7036381128230515e-11,1.655733793899392e-19,4.303546775415696e-16,3.474324273971944e-20,1.6003113251168268e-12,4.3812992702648806e-16,4.503131624890573e-16,2.526472836950144e-19,-3.7035854994652426e-11,6.418079549609573e-16,8.396266897773807e-20,2.1220324352683635e-19,3.9980517757899886e-16,2.5754238955266244e-19,-1.8553803524102844e-14,4.462028160759272e-19,8.920588995904712e-20,4.301450401781386e-16,3.2911013574165474e-16,5.195754689127127e-16,-1.4591398127541115e-19,-3.703618930524936e-11,4.1701892980428466e-16,5.654361784155411e-16,4.15758464966218e-16,1.641862676251264e-19,3.591337546969591e-16,-3.703589360788973e-11,3.9268759255214435e-19,-3.703601081643023e-11,6.0489856119867175e-19,8.772987880566503e-16,5.037358975849288e-16,5.732854609310892e-16,-1.8554333403241385e-14,1.7723485656430466e-19,3.809506793461659e-19,-1.8554177543579112e-14,3.5746424786902723e-16,-4.462811029292556e-20,5.5185585254134885e-16,5.055998095446834e-19,9.44665227476676e-20,5.170471006181646e-19,1.8944011773956544e-19,-3.703634952494994e-11,4.580316744813059e-16,2.863581881927771e-19,6.403357351933554e-16,7.648027506040761e-16,2.7382051608900343e-19,4.173658427025357e-16,3.254998011334059e-19,4.0743008610326357e-16,-1.855417251623234e-14,5.805505434922229e-16,1.4356238713950555e-16,1.7090208955512068e-16,5.510920747268288e-16,2.1169727366654347e-19,-4.1352040316591965e-20,2.3958973386588757e-16,2.1711621914556546e-19,5.51600218938664e-16,1.1032400894215562e-19,4.101333354868688e-16,2.402552195451168e-16,3.1118740335772536e-16,-1.8554158898114385e-14,-1.8554911462562545e-14,3.84205760896693e-16,-5.17724864698415e-20,1.742950270168376e-19,-3.703588287680056e-11,2.8350365487449286e-19,2.4001348742529956e-19,5.120612779663084e-16,2.68513550725739e-19,4.0758934008917304e-16,3.072604486140271e-19,-3.703624479519644e-11,3.0254316037546063e-19,3.7391076912777775e-16,-2.4867034253802655e-19,3.794610774814522e-19,3.2724824778680183e-16,-2.1882737531905178e-20,2.6634018530081556e-16,3.3906824590815127e-19,9.059593206056442e-16,8.139829345323466e-16,7.997353627448694e-20,4.04297570149383e-16,7.939667899402457e-16,1.9385933316646548e-19,-3.703610209589593e-11,2.4796482302018137e-19,4.376121951846194e-16,4.720423247949547e-19,1.2796041466652952e-19,3.5711477598065184e-19,3.2966286065412286e-19,4.730257319915322e-16,-3.703606059004103e-11,4.3484389167027266e-20,-1.855418776779549e-14,-3.7036489724988113e-11,4.643325610930288e-19,3.4967291839746276e-19,1.414493813561159e-19,6.915758969615162e-16,2.8757666460742937e-19,-1.8554297727216326e-14,3.9317239847108777e-16,2.2310471482370774e-16,4.458749847515354e-16,-3.703613445243078e-11,5.388038631828407e-16,8.280383477378202e-19,3.3235825437863117e-19,1.7680864107078946e-19,3.368878680974805e-16,4.484104928067968e-16,2.124409727761022e-16,5.722838702971928e-16,9.664369979693822e-19
-1.3067991633143362e-11,2.9644729022502313e-16,2.5626234243821564e-16,-7.770344577346553e-15,2.2560838581369747e-19,7.615800579645528e-20,6.785672810056488e-20,4.3812992702648806e-16,1.5999888177912935e-12,1.13238460776973e-19,-3.442840781499676e-19,-7.770105492481936e-15,6.502729488571759e-19,1.8852164231121118e-19,2.7142142842087883e-19,-4.9223515236246725e-20,2.462258492809226e-16,-1.5509946314283704e-11,3.8027925841623884e-16,1.7583801920540188e-16,2.964145001353424e-16,3.4522297816393927e-19,3.2253879753632624e-16,3.59646922710196e-16,-1.551016163420042e-11,3.1116692390560325e-16,3.9001876048043833e-16,3.1231633790882986e-16,1.9369551073516572e-16,2.7790053716780006e-16,-1.550999263677915e-11,3.8994534465355744e-16,-1.5510122009564505e-11,3.822724124358824e-16,5.762658572518858e-16,3.868809220219768e-19,3.0463738053390775e-16,-7.770071253237781e-15,1.1756945669926662e-19,2.4309645477507477e-19,-1.5510055945683195e-11,4.7930934268343056e-20,8.693052139331824e-20,2.917737224638613e-16,1.7051727726771832e-19,1.5906922239324108e-19,2.911592041059658e-16,8.057547478047599e-20,-1.551019771723424e-11,3.029457161541577e-16,2.390515443596122e-19,3.4723443763670517e-19,4.283365786504546e-19,1.4926348580686505e-19,1.2616790215772625e-19,2.7409179783048604e-19,2.875681681213734e-16,-7.770177439325348e-15,3.785024426645371e-19,2.466357787474438e-16,7.081550555443222e-20,1.2638957809975543e-19,1.4859106893635655e-19,3.0737964485936527e-16,2.6063435171837984e-20,4.9745254896622974e-20,3.5288923893676577e-16,1.5934245757975432e-19,1.1796557684678092e-19,2.403739440943581e-16,2.642571322833574e-16,-7.770060172728528e-15,-7.770323033276589e-15,2.722748166738537e-16,9.079522295890575e-20,5.462117196571586e-19,-1.550988880236311e-11,4.772874926071455e-16,3.166850652059901e-16,5.1975467200882525e-21,3.7328800587232985e-16,3.0557704610275494e-16,3.48060422776492e-20,-7.769954070029773e-15,3.4351798010427447e-16,2.6845070416889074e-19,-4.6731888165361614e-20,3.397940244541568e-16,3.7972981839165594e-19,1.920405586304881e-16,3.633964098069616e-19,2.9015968451758367e-16,5.867333210633527e-16,3.829369061116879e-19,3.30353778992825e-19,2.3837133476153373e-16,2.8852665662981643e-19,1.4943692052091047e-19,-1.5510087500043216e-11,1.7633060213005836e-19,4.254868413522342e-19,1.7785476079869387e-19,1.53927643200017e-19,2.724919155400492e-19,3.261255931053995e-19,2.7566409744474383e-19,-1.5510087115866066e-11,2.549414725912764e-16,-7.770480696459654e-15,-7.770109785563123e-15,6.872923656800851e-16,3.078581999672067e-16,2.9187540908163965e-16,1.772938030258007e-19,1.7360863418365525e-19,-1.551017724896695e-11,8.606775987939966e-20,2.504763285505421e-16,8.936213280477115e-20,-7.7703509341763e-15,2.9637324095396297e-16,2.8187665756610207e-16,2.2494938288707213e-19,3.1081725435938735e-16,1.276148304927351e-19,3.323002726136998e-16,2.290213191221233e-19,3.624427129506775e-16,5.089033393039564e-16
3.2106683898477853e-11,3.8351538191567767e-16,3.073462369766122e-16,1.4865353361185722e-14,4.58733954091509e-19,2.0464355892898756e-19,2.4203849686920454e-16,4.503131624890573e-16,1.13238460776973e-19,1.5999743566546632e-12,1.8621378419904761e-19,1.4865605319677914e-14,6.004459915371894e-16,-7.927824625087213e-19,9.969508911547209e-19,3.046614377576387e-16,2.6816725573481e-16,2.967331699617722e-11,4.779998799284446e-16,8.075303090853639e-20,2.748384057116229e-19,3.0545458425642555e-16,1.6629049571143335e-19,1.36257322612812e-19,1.4865525083988795e-14,4.0562137206213735e-16,6.179423442441921e-20,3.8103384489708737e-16,2.1659252361409351e-16,2.4400219140852305e-16,2.967345970424396e-11,4.867973286787595e-16,1.4865722526318874e-14,6.049317150004322e-16,5.864871653974314e-16,9.074607343194568e-20,9.43288480277606e-20,1.4865580145757386e-14,3.7620078722843245e-16,3.7163375371355496e-19,2.9673298920042154e-11,1.71972628488545e-16,5.111469225446948e-16,2.773412328159376e-16,2.7309845371176517e-16,-3.483152059137153e-20,3.078626993365555e-16,-4.482462855661218e-19,1.486542104149302e-14,7.455875814277578e-21,4.3157778782152645e-16,6.12427492147553e-16,5.344977605626797e-16,5.741477138766302e-20,2.9607029418968603e-19,5.426689034375011e-16,4.699776039183022e-20,1.4865924217380126e-14,-9.277188633373799e-20,2.686273173530651e-16,1.6269758334203642e-19,1.4174821789161622e-19,3.041017927790654e-16,7.030788666290518e-20,6.893763047735397e-19,9.16556419529819e-17,3.5224627407570703e-19,7.445430110015893e-20,3.8911986744312064e-16,1.4063233116073312e-19,3.061548829113352e-16,1.486569716224367e-14,2.9672846297914656e-11,3.3100979574822827e-16,5.045934739165e-16,4.587598633009781e-16,2.967352200062028e-11,2.488816595921649e-19,3.1174797742001533e-16,5.31177624225611e-19,-1.9539962698983266e-19,4.5061381026071085e-20,5.083864162392428e-16,1.4865454422731016e-14,-7.01827056466419e-20,3.096307681965419e-19,2.6681866983180813e-19,3.6609478494144727e-19,3.8934548688483703e-19,1.4512224935213623e-19,9.662803522257948e-17,2.61183437446362e-19,6.661402803287454e-16,2.4725553526241727e-19,2.513122760677977e-16,3.520624038021882e-16,5.858855349138194e-16,-6.351630534414209e-20,1.486547447067451e-14,3.8303653642726946e-16,2.2928971609862253e-19,4.913938898563358e-16,2.6594354426112945e-16,5.055555263430692e-16,2.4650472114811684e-16,4.03919407796181e-16,1.4865502046666322e-14,-6.961936271863553e-20,2.967273857465018e-11,2.967293842456428e-11,2.9331136580231566e-19,3.1603226616301967e-16,3.6371848760417657e-16,6.064781613560741e-16,3.8981818409428303e-16,2.967305690895808e-11,3.89061396668818e-16,1.9468906556268904e-19,3.23329018067655e-16,2.9673052753792325e-11,2.274200214397891e-19,3.441767733397641e-16,3.391191733938517e-16,1.5844027873699835e-19,-5.584643559497466e-19,3.2986827634995467e-19,2.1234146258197283e-16,4.499969637251264e-16,6.513849645420216e-16
2.8777860857382798e-11,3.779229814227344e-16,4.284069920205835e-16,2.633566484811002e-11,4.655368351918583e-16,1.1916588692058618e-19,-1.0368607590108257e-19,2.526472836950144e-19,-3.442840781499676e-19,1.8621378419904761e-19,1.6001533160301747e-12,2.6335747746834915e-11,2.1523076891294962e-19,-2.2616943632334697e-20,2.419751041188207e-19,2.549558634534949e-19,2.8158123341162113e-16,1.3193543339289547e-14,-2.313260869078522e-19,4.637403413663963e-16,4.791714022481079e-16,5.457572165286447e-16,-3.292962373765658e-20,1.152039077130196e-19,2.6335910408925244e-11,4.686472256954168e-16,4.594020035613643e-16,3.335711342452273e-16,5.056955797192326e-19,4.60315939064111e-16,2.6335696961527924e-11,1.198062450811408e-18,2.6335715360706838e-11,2.380157874294921e-16,-1.8287630084101194e-19,2.46739056434389e-19,2.1242408074158276e-19,2.6335516633647914e-11,4.753857865174657e-19,3.170067617856542e-16,2.6335793954542194e-11,4.923001161075895e-19,3.705752782665314e-16,6.91648336697653e-19,3.3486783138357673e-16,3.693978547370361e-19,5.635810366649334e-16,3.94412837481301e-16,1.3193718269106607e-14,3.9790543299918913e-16,1.571874801382204e-19,4.742677139138129e-19,3.202479074019031e-19,4.080856113546951e-16,4.492075065728988e-16,3.3788182498105937e-19,1.079502655252294e-19,1.319357788394358e-14,4.35525305279973e-19,3.803638773753807e-16,4.674049444526315e-16,1.183121597250002e-19,4.7118964189e-16,3.164867816182087e-16,1.096337698930385e-19,4.167612597525845e-19,3.1129895611986925e-16,5.296992574510953e-16,2.2443241716912555e-19,2.0054550816760145e-19,2.833201822868128e-19,2.6335815472617508e-11,1.3192985394044997e-14,5.874293369216711e-19,3.8241043671552453e-19,4.649169432177527e-16,1.3193749058122795e-14,5.417458798371177e-16,4.755328359491698e-16,-1.5323691557539422e-19,-1.7163776436369047e-19,4.72563427596239e-16,-5.267596844013149e-19,2.6335478601110413e-11,3.744537573758021e-16,8.941832645365844e-19,2.7665715722832663e-19,3.976778914342577e-16,3.549747995124235e-16,4.954626066887815e-16,5.875538926937867e-16,6.543538765414515e-16,2.3296981817722907e-19,1.759562483717201e-19,2.870013361380321e-19,1.4526251931973148e-16,4.895014561032723e-16,3.888766944261243e-16,1.3193502917424398e-14,5.076757255888388e-16,2.7502561612375914e-19,4.780217611084586e-19,6.204089360898535e-16,4.4403005832624757e-16,2.3304983059425043e-19,2.472874952591151e-19,1.319346528026466e-14,3.115736953729595e-16,2.6335143964411783e-11,1.3193384360829552e-14,5.592148820241065e-16,4.3916519404524334e-16,3.808995245688296e-16,2.6160169012242775e-16,2.233580049800072e-19,2.633579175755597e-11,3.560822143827392e-19,3.345839045383731e-16,4.153122857272257e-16,1.3193608371379026e-14,3.442147056362872e-16,1.7538245652380578e-19,4.977243428189833e-16,5.514681140085986e-16,4.54158762146433e-19,4.3831259336332503e-16,4.782770906334451e-16,1.021985307310075e-19,1.6346424721988995e-19
0.9999999999911919,-2.793964953692185e-12,1.1774868944338059e-14,0.9999999999907588,-1.959806531535052e-11,1.1407134030314386e-15,-3.6039747016292094e-16,-3.7035854994652426e-11,-7.770105492481936e-15,1.4865605319677914e-14,2.6335747746834915e-11,0.9999999999872901,-1.3792507254252148e-11,-2.316284383024028e-15,-8.791145927890961e-15,-7.118792714040333e-16,9.367079117105813e-16,0.999999999999092,-4.035781003211363e-12,-7.318022956654727e-16,-6.16327593455877e-15,2.844037853333469e-12,-1.3817862584860893e-11,-7.42485430458722e-15,0.9999999999863591,-7.475986121155159e-15,-5.864443395123748e-12,1.8361257883903964e-11,1.8210696688336643e-15,1.8874171783906134e-11,0.9999999999862018,-6.929239900734948e-13,0.9999999999811009,-6.26724118991702e-16,-1.0591713039729474e-10,-2.3562077000040025e-14,-2.8182195959008393e-15,0.9999999999885109,1.7598678155176345e-11,4.8151683566975245e-15,1.0000000000035425,1.0633323137418878e-14,-1.7943410493146675e-11,7.7355148806706e-13,4.530317626712848e-16,-1.8857589708541284e-11,1.0072534496254589e-11,-9.144237629037091e-15,0.9999999999701578,1.1774536154565096e-12,6.566323462580384e-16,6.4473949116306995e-12,-3.030554079297261e-11,6.2944678472590676e-15,7.69296240055835e-15,9.203834732599456e-15,-4.764741740696688e-15,0.9999999999852961,-1.3074685695406943e-14,-1.0584105034753375e-11,2.7255049657586216e-15,-1.435847404914616e-15,-5.7430604646643845e-15,4.874376133208683e-12,2.356629699258481e-15,1.799222852144063e-15,-1.6980136017891161e-12,5.4551902843371934e-12,8.022631906935094e-15,7.439683815487727e-12,1.466479860929841e-11,1.0000000000077756,0.9999999999887663,4.931200995639537e-15,9.915130720629957e-11,1.5733485159002863e-11,1.000000000003186,2.1542404414586646e-14,-5.714682910637817e-12,-6.872321649483551e-15,-2.6158474507337126e-11,3.2063295561933187e-11,-8.813531376461196e-16,0.9999999999835768,1.3517131742441531e-12,8.067157649948978e-15,5.398971266829447e-12,2.7202950059509067e-11,4.948353332940134e-15,-2.4070397096275116e-12,-1.3923871795939766e-11,1.14675260705618e-11,-4.0825158879573166e-11,-2.57443230055987e-14,-1.2293112098252675e-14,-1.7542576097703678e-15,-6.125866934067058e-11,2.4754227424285205e-16,0.9999999999901208,-1.0559553199681721e-14,-5.180229815936291e-15,2.7963510556699782e-14,6.986296160445794e-12,-1.1740219824497457e-11,-5.181272386862566e-15,2.06287570811229e-14,0.9999999999756072,-5.555089199234136e-12,0.9999999999621821,0.9999999999869779,5.211140005539346e-15,2.904273012622565e-15,1.6568522095153082e-15,1.3560657886890066e-12,-1.841881787069439e-15,0.9999999999917769,1.7947426848031385e-15,9.91718993075682e-15,-9.746881925286818e-16,0.9999999999968251,-1.4475992331396391e-16,4.758978180973565e-12,-3.390458108191968e-11,8.365205602696387e-15,-3.1653141091574137e-16,8.966383570804878e-15,5.179339868620186e-15,-8.810425871493668e-12,-4.5804617381398985e-11
-1.1354174089660598e-11,2.780786835554571e-16,3.805762517872784e-16,-6.9098348996522666e-15,2.9673481186180025e-16,5.147722855388252e-16,4.889520975633646e-16,6.418079549609573e-16,6.502729488571759e-19,6.004459915371894e-16,2.1523076891294962e-19,-1.3792507254252148e-11,1.599824182571157e-12,6.51714493158751e-16,5.763409508420392e-16,1.6088831725637573e-19,2.921685594831561e-16,-6.909789567828945e-15,3.019401539391195e-16,5.821431685613143e-16,6.111613019398276e-20,5.425212427952376e-16,2.6418484069560563e-19,3.443740943110874e-19,-6.9093982872574976e-15,2.5736086290970082e-20,1.7671272782806434e-19,2.232162806410976e-16,1.9618175311399433e-16,3.071017477249751e-19,-6.9099800221886925e-15,2.175245185287613e-19,-6.9090867385012166e-15,-1.6326212383468198e-16,1.3910400960444524e-19,5.954019803026278e-17,3.094993613827689e-16,-1.3792713041494825e-11,3.8534880442772614e-16,1.7748340534484095e-20,-6.9086380208790985e-15,2.9116835587685193e-19,2.2650148214896224e-19,6.937350125153083e-16,3.3466404553281777e-16,9.011753150825113e-20,9.567609409261177e-20,2.4285665081002454e-16,-1.3792084458895676e-11,3.336271282318865e-16,1.2668861148063032e-19,-2.3861901655176878e-20,3.0604626708864113e-16,3.651525043232064e-19,1.5887515513850269e-19,5.815780374312407e-16,3.6630858967713366e-21,-1.3792302316453447e-11,3.294988695171545e-19,3.161750180012604e-16,2.5567427485857673e-19,1.1204893390149954e-16,1.5911377636469568e-19,1.9550741816964962e-16,1.8007063657142588e-19,1.083477887920374e-18,1.810585704820836e-16,1.3158946038100326e-19,1.2699513160342625e-19,1.6631896797747523e-19,-2.8230589824980394e-20,-6.909592219043386e-15,-1.3792399162538016e-11,2.295260094483173e-19,4.1339655546977446e-16,3.671740741147483e-16,-1.3792347076563003e-11,3.9077196176631846e-16,5.470953252666849e-16,2.054104986301172e-16,3.7226175664159693e-19,1.821801567041898e-19,-8.045296535642629e-17,-1.3792578432504108e-11,1.9893669441151212e-16,5.849874097922408e-16,4.693660484797774e-20,1.54010000669803e-19,2.2418277588521013e-16,6.357701798747522e-16,4.426635080151444e-19,3.6118798356321356e-19,4.206829359255593e-16,3.642613534883668e-19,8.309696302781995e-16,1.4217500790332855e-19,4.7125061808609945e-20,2.953447097213711e-16,-1.3792598545299749e-11,4.891373488834909e-16,3.0386947754101023e-19,6.105322023570941e-16,3.1674211616671664e-19,2.974211924343038e-16,2.8631543449680195e-19,4.0472230572633716e-19,-6.9099103239639695e-15,4.737477524389166e-20,-1.3792878806087089e-11,-1.3792420586520095e-11,2.8449430878454213e-16,4.806608820163905e-16,2.6784761586461895e-16,-2.9197960964364106e-17,3.4328510684334823e-16,-1.379215827235456e-11,-8.607381177847019e-20,3.0159845784175376e-16,2.1940956483689077e-19,-1.3792364003177136e-11,1.0831890267862317e-19,3.7386543744327625e-16,1.3885910058836078e-18,6.530388607346516e-16,1.5755982690486774e-19,5.542584835392991e-16,2.9018654146540435e-19,2.6953081871170516e-16,1.5523512700291308e-16
