1.000000004196051,2.151709471299159e-07,4.550871672093674e-08,1.3172893407218867e-07,5.567266949714925e-07,8.778038319001176e-08,4.2155036731690284e-07,1.4351787388183736e-07,1.0719039368864185e-07,2.937016669765918e-07,2.8121926796492497e-07,-3.056115541932224e-08,3.543537892980799e-08,2.2940749865370016e-07,1.8594624239127244e-07,-6.701629344749044e-08,4.593193839800094e-08,5.0932819321557876e-08,4.653821206830769e-08,1.0000012494405492,5.937155296248058e-08,1.554388419570942e-07,2.651638049232725e-07,3.70198947547765e-07,2.683456521241291e-07,2.7038971330948937e-07,1.000001234328048,2.3187197465137155e-07,7.666413624186232e-08,2.755278066703359e-07,8.702256793132109e-08,-3.324977060931841e-08,1.0243730284028098e-08,1.8151902359604643e-08,2.905075856936815e-08,2.3985293794634823e-07,1.0000012540759884,-6.020123849557178e-08,1.0084107779355083e-07,7.704492613028068e-08,1.1955470422409921e-07,3.0745869010540233e-07,1.2676715637641972e-07,1.0000012258651152,2.772406273987352e-07,1.2138890761882566e-07,1.0000012668755944,1.3022619214895142e-08,-4.897021324808614e-08,2.36767852130949e-08,4.0654653100497654e-08,9.208666041500822e-08,1.8579224614549908e-07,1.6597601279912857e-07,-3.7334921094515266e-08,1.0320056951109587e-07,-1.699054236632414e-08,1.2427448660507577e-07,1.000001186183922,8.06866833712033e-08,1.4212823820307168e-07,5.906760412605033e-08,3.483135538368563e-07,7.145984642218609e-08,-2.8941126793553078e-08,1.8471233983111908e-07,1.6426082341557264e-07,2.219106521556614e-07,1.7414056788254177e-07,1.1993496564521716e-07,1.3161290340985454e-07,2.3097320493675365e-07,1.3882594304781724e-07,1.0000012307255206,2.1570055900368043e-07,1.283552937693957e-07,1.6476290835716612e-07,2.0112241187304409e-07,1.0000011864590796,1.5935783912550237e-07,1.3895448371291348e-07,1.0000011552279606,2.1663618580415065e-07,2.989609048740554e-07,1.2357527678990993e-07,1.0000012040995179,3.06134999779501e-07,3.268072308550084e-07,2.1944995190114028e-07,1.887897729400289e-07,1.0000012298660865,2.0517696176870172e-07,8.357420170390584e-08,1.5072235112679919e-07,1.5799264901921545e-07,1.5464522037076614e-07,2.3299602838510626e-07,1.523445725566915e-07,8.411013956924811e-08,8.703343816145978e-08,1.7428548285485343e-08,3.718153409980726e-07,1.1867281450347953e-07,7.372276449808666e-08,1.7730198627645941e-07,2.7974184044917782e-08,1.1877904537416742e-07,3.188497370092494e-07,1.0000011888151052,4.4848225093372175e-07,1.0000012224229888,1.0000012051275426,3.112500044233288e-07,1.0000011948963106,1.0000012182370859,3.048588457224727e-07,1.0333654097541009e-07,2.814348779863473e-07,2.6761791824882453e-07,4.0007483574983925e-08,2.3773254725691986e-08,1.7493449500338225e-07,1.726150022760228e-07,2.072826197210382e-07,6.253386969003666e-08,1.000001278002757,1.7857841780501098e-07,1.000001298063514,5.8558688845332557e-08
2.151709471299159e-07,8.722043121020677e-07,-6.439056949978602e-09,-5.9936164592622126e-09,-1.6147603851669903e-08,-4.9579745728142904e-09,-8.245972074761417e-09,-7.118993928466509e-09,-9.198859024961834e-09,-8.11746073476015e-09,-1.2411468342355487e-08,-8.299506585937193e-09,-5.840355011863613e-09,-7.433211922342501e-09,-7.3480162709651185e-09,-9.31697135272525e-09,-6.683823344191657e-09,-5.44947912646411e-09,-6.842403129390313e-09,-1.6064769038650215e-07,-8.209554171385226e-09,-9.064938762414543e-09,-8.312445879044241e-09,-8.236009438464135e-09,-7.319518973323522e-09,-7.307009309067537e-09,-1.668992284994548e-07,-1.1138254603719052e-08,-5.403894841169367e-09,-8.09209782557355e-09,-8.025896998904608e-09,-5.930826605967201e-09,-9.3074760247838e-09,-1.0689564627969523e-08,-9.312550826107457e-09,-4.999570618013182e-09,-1.58963470119966e-07,-9.372647540385936e-09,-6.112023785010086e-09,-6.5541393792454926e-09,-6.6926195925240875e-09,-6.634506611217959e-09,-6.630645656803633e-09,-1.578399696124722e-07,-8.262918902545436e-09,-5.471232716126466e-09,-1.5338029361318318e-07,-6.1628598722872446e-09,-5.950387449243418e-09,-5.948883898542812e-09,-5.958375257602505e-09,-6.546145135628061e-09,-6.680327985237051e-09,-7.359839504906185e-09,-9.263691453584454e-09,-5.984554517821293e-09,-8.110386919914496e-09,-7.316426981831098e-09,-7.954828039956045e-11,-4.082790847243628e-12,-2.7226005624779057e-12,-3.306473395129662e-12,-3.702908853590662e-12,-4.847496780469951e-12,-5.357648663342091e-12,-4.036782307232276e-12,-3.6449087794695894e-12,-2.6283871579928567e-12,-3.0106685841723216e-12,-3.344026200321059e-12,-4.0442305100912035e-12,-3.667474507721307e-12,-4.1749019840064e-12,-7.958755014598871e-11,-3.0513191056892564e-12,-3.0543164361712137e-12,-4.156550162344686e-12,-3.003053398479122e-12,-7.953822894313278e-11,-3.0763285969077602e-12,-4.847711838916992e-12,-8.016779846460702e-11,-3.3471492142182984e-12,-2.6105552645332126e-12,-3.301151869222819e-12,-7.896524251096012e-11,-3.721528011146179e-12,-4.761200500962951e-12,-4.232416480959535e-12,-3.0040490620656593e-12,-7.92964119683253e-11,-3.369449993001647e-12,-2.764116726218289e-12,-3.2791490175296855e-12,-5.549264590308073e-12,-3.2810466832645325e-12,-3.262828991181308e-12,-3.966727291297501e-12,-4.009350574294305e-12,-3.072268468065441e-12,-5.244302372711906e-12,-4.208492616640678e-12,-2.816850634828677e-12,-5.430148683392301e-12,-3.2385910025365162e-12,-3.2887257940297987e-12,-3.684062510109542e-12,-4.177775273054321e-12,-8.051227677240868e-11,-3.694186148726999e-12,-8.060860509854605e-11,-7.734098641982629e-11,-3.643724937029939e-12,-7.889123548271609e-11,-7.902730264229107e-11,-3.5937676886546272e-12,-3.0310473505551196e-12,-5.51633905232859e-12,-5.475815822643787e-12,-2.7021315820754845e-12,-4.748020012758198e-12,-3.3705282079204066e-12,-3.3034267203482746e-12,-3.650891181038453e-12,-4.12605337344774e-12,-7.992048323153368e-11,-3.634647462188342e-12,-7.81395059728389e-11,-3.337770441223016e-12
4.550871672093674e-08,-6.439056949978602e-09,8.703759873702651e-07,-3.4584129414793653e-12,-1.8464215849357968e-08,-5.727359847756562e-09,-9.475157727046072e-09,-4.11265595099736e-12,-1.0584520140185515e-08,-4.6791874899455936e-12,-1.4285975758263722e-08,-4.774323603062952e-12,-6.739938819536178e-09,-4.277704284249151e-12,-8.447873067309587e-09,-1.0707878905052798e-08,-7.68340547563576e-09,-6.281810904263522e-09,-3.929835961039588e-12,-1.6150866576099046e-10,-9.43851202424965e-09,-1.0443947079008684e-08,-9.546083737639956e-09,-4.743149640298081e-12,-4.2172762273200855e-12,-8.406937502490094e-09,-1.6499812580610164e-10,-1.2751281955953243e-08,-3.1243080151273967e-12,-9.315216916883745e-09,-9.241480857852692e-09,-3.4258798343002084e-12,-5.359068987021571e-12,-1.2284885954240422e-08,-5.359777520895017e-12,-5.771008714666067e-09,-3.2047410344088654e-07,-5.391353638619804e-12,-7.026304282574116e-09,-3.780698433881632e-12,-3.8538631619004565e-12,-3.823436597160831e-12,-7.629562116742356e-09,-3.192225962775383e-07,-9.489992561150219e-09,-3.1591846938568e-12,-1.574593959803336e-10,-3.546244280495326e-12,-6.856811758185567e-09,-3.434366777912764e-12,-6.862690892141019e-09,-3.77648546500376e-12,-3.8457840659084184e-12,-8.462593824284627e-09,-1.0652589016700442e-08,-3.4537493818504452e-12,-9.335523476678144e-09,-8.417202208539945e-09,-3.2024713722717706e-07,-9.376502903143743e-09,-6.2689436443663235e-09,-7.59273837125063e-09,-8.491722416240912e-09,-1.1081433516935828e-08,-1.2286391819957943e-08,-9.279539304147282e-09,-8.371952099106756e-09,-6.027019893723654e-09,-6.916667319040312e-09,-7.672527367431375e-09,-9.29479657124295e-09,-8.421494130422894e-09,-9.56819683289231e-09,-3.2035082127541006e-07,-7.000578231235802e-09,-7.009428553209526e-09,-9.526575908594602e-09,-6.900849195194828e-09,-3.2022726460288383e-07,-7.053727637693724e-09,-1.1074031375817966e-08,-3.216230259286078e-07,-7.681469629449213e-09,-5.991105231961753e-09,-7.584851228541634e-09,-3.189416601512155e-07,-4.275017682647132e-12,-5.46077104568945e-12,-4.851648997241208e-12,-3.4604349377524816e-12,-1.6017369332452248e-10,-3.870272598388599e-12,-3.1823387933839102e-12,-3.775814289155437e-12,-6.356670581531468e-12,-3.7801880348092e-12,-3.7603568583034185e-12,-4.5770572498240265e-12,-4.619901462452289e-12,-3.530486742174208e-12,-6.039945906796595e-12,-4.829585260448886e-12,-3.2368826657066026e-12,-6.233957625872967e-12,-3.7358709117369974e-12,-3.786474123284807e-12,-4.235880656517219e-12,-4.7974340970829056e-12,-1.6151763862324608e-10,-4.245589957715955e-12,-1.616227369327159e-10,-1.5799992443162197e-10,-4.1937969490321365e-12,-1.5971598637372903e-10,-1.5986757494545322e-10,-4.142620789895209e-12,-3.4864706744126026e-12,-6.3231461490824014e-12,-6.2809596163340485e-12,-3.118880923635409e-12,-5.446407031900952e-12,-3.872156777254989e-12,-3.801743750251419e-12,-4.201069757012971e-12,-4.741351585548517e-12,-1.608628697688184e-10,-4.184473903490769e-12,-1.588832494377266e-10,-3.838014884220216e-12
1.3172893407218867e-07,-5.9936164592622126e-09,-3.4584129414793653e-12,8.713837267361124e-07,-1.72374306358546e-08,-2.6645422464954914e-12,-4.420609403655389e-12,-7.630226145275084e-09,-4.9344820234322716e-12,-8.691180254524675e-09,-6.658798208989428e-12,-8.877179907700168e-09,-3.137426292992503e-12,-7.952230675601155e-09,-3.940191360767512e-12,-4.995009265283485e-12,-7.153174846994195e-09,-5.8397956343195175e-09,-7.313079895948241e-09,-2.402528473780907e-07,-4.402104613721883e-12,-9.711832843717492e-09,-4.454898191647988e-12,-4.415990185853827e-12,-7.83516940029218e-09,-7.823531197203983e-09,-1.2367899626261875e-10,-5.960351209478541e-12,-5.793997130907131e-09,-4.3418134781218285e-12,-4.3068160624986374e-12,-3.184535177496744e-12,-4.989833509050942e-12,-5.730693134259924e-12,-4.991564484971709e-12,-5.360935858586731e-09,-1.1948482423696228e-10,-1.002463506870319e-08,-3.2772765203294486e-12,-3.5169724332786965e-12,-7.162024003173625e-09,-3.558469608206675e-12,-3.556943318447531e-12,-1.188913463903643e-10,-8.83930520782763e-09,-5.862468582172192e-09,-2.3259676494296561e-07,-6.592658416698812e-09,-3.194194333581992e-12,-6.373865174842505e-09,-3.197764659813732e-12,-7.011497597318306e-09,-7.1479979637805816e-09,-3.946745384308703e-12,-4.96782908701204e-12,-6.4109922569084655e-09,-8.685275378135782e-09,-3.924562671855118e-12,-2.3825547554305237e-07,-4.371359361060436e-12,-5.825525683664705e-09,-7.065926659676281e-09,-3.962011038798063e-12,-5.1786322993160604e-12,-1.144136557902328e-08,-8.630861412039875e-09,-3.9028978339949056e-12,-5.612557789642523e-09,-3.224074574467898e-12,-3.5787992382135067e-12,-8.64594229294229e-09,-3.926534787507556e-12,-4.46558138741455e-12,-2.383454707426358e-07,-6.517746560299181e-09,-3.2691248632190062e-12,-4.44603230750512e-12,-3.216268283611668e-12,-2.3823540460243003e-07,-6.569148709819472e-09,-1.033338202028388e-08,-1.200285449445354e-10,-3.582535498867219e-12,-2.7940376032190153e-12,-3.5353161960100193e-12,-1.1875895776671844e-10,-7.946955903856034e-09,-1.0159374805552285e-08,-9.02869153989305e-09,-6.4234957416602905e-09,-2.3772877286439195e-07,-7.194876734524356e-09,-5.908632986024548e-09,-7.010468828393761e-09,-1.1833517499481886e-08,-7.01637649397e-09,-6.978521592830678e-09,-8.488708172893467e-09,-8.574193820291454e-09,-6.561563973887809e-09,-1.1212377494167878e-08,-8.982399855437364e-09,-6.0158347225537066e-09,-1.1591768761803517e-08,-6.929965511376608e-09,-7.030392087243481e-09,-7.87045752033566e-09,-8.919739123825023e-09,-1.2038905589335536e-10,-3.953221435494379e-12,-1.2048964303922668e-10,-1.1705214915733566e-10,-3.901973936671333e-12,-1.1868179257410245e-10,-1.1882525270345879e-10,-3.8512737296287106e-12,-3.2448441757132273e-12,-5.8954559302713176e-12,-5.854060303241821e-12,-2.897499952777448e-12,-5.0760661061535145e-12,-3.606105048313769e-12,-3.5373368974573003e-12,-3.909197739469529e-12,-4.414937125902766e-12,-1.1976710289353434e-10,-3.892696006825394e-12,-1.1789130919730862e-10,-3.572610648948403e-12
5.567266949714925e-07,-1.6147603851669903e-08,-1.8464215849357968e-08,-1.72374306358546e-08,8.30808865317941e-07,-1.4187170519491397e-08,-1.1925162180256592e-11,-2.0427340186095452e-08,-2.6490332349088715e-08,-1.1713082248795872e-11,-1.7899050727201533e-11,-1.2019498981162408e-11,-1.6738181253154046e-08,-1.0757327295274073e-11,-1.0618137905603065e-11,-1.3470164747030683e-11,-9.661082308839528e-12,-7.840581637537413e-12,-9.93803457385421e-12,3.2289539201287117e-07,-1.1862011888371593e-11,-2.6046546461937834e-08,-1.2033074472382965e-11,-1.1902776536145961e-11,-1.0570739808386165e-11,-2.104713456724517e-08,1.5223989754660332e-10,-1.621147100764911e-11,-7.760510728889543e-12,-2.328511421254184e-08,-1.1565521054052335e-11,-8.529924272950023e-12,-1.345751002833023e-11,-3.085241833864292e-08,-2.6892880511124598e-08,-1.4325250971444177e-08,1.6430242145546804e-10,-2.709440230266694e-08,-8.834235428718571e-12,-9.447507957471066e-12,-1.9313271247475293e-08,-1.911825482958692e-08,-9.56800077601405e-12,3.313896966975779e-07,-2.3871893004946116e-08,-1.5717821968293563e-08,1.728520784288611e-10,-8.922505952428802e-12,-8.566556237908077e-12,-1.7093499562917427e-08,-1.713510382618912e-08,-1.8831132435829217e-08,-1.928670482677379e-08,-2.1222745072440586e-08,-1.3380389797311108e-11,-1.720571301562235e-08,-1.1694110510497481e-11,-1.0559902998319493e-11,3.2863625904346374e-07,-2.3469282289788696e-08,-1.5585496923889947e-08,-1.901434233987134e-08,-1.0690809324581721e-11,-1.4071689787607824e-11,-1.5469664174417852e-11,-2.3167603949444295e-08,-1.0495206736305904e-11,-7.592060317758472e-12,-1.7299109268312886e-08,-1.9256869336332437e-08,-1.1631852428911837e-11,-1.05647028280917e-11,-1.2066960297127194e-11,3.28470093352147e-07,-1.757312532140175e-08,-8.809301642301655e-12,-1.2012000639337253e-11,-1.724776328108877e-08,3.287079058432737e-07,-1.7736341358647733e-08,-1.4088232676097816e-11,3.2487137093265423e-07,-9.652452368128947e-12,-1.502813609457739e-08,-1.8963430637184105e-08,3.321324764214063e-07,-1.0748176925060008e-11,-2.751990803851576e-08,-1.2267387931498084e-11,-8.635702354298805e-12,3.3019652666574416e-07,-9.73349946292547e-12,-1.587802518400316e-08,-9.432655267057016e-12,-1.6105456088910723e-11,-1.8819620528449354e-08,-1.870394530738758e-08,-2.2689516156812134e-08,-1.1517395655247666e-11,-8.869772508109353e-12,-3.009773307469594e-08,-1.2173869831460082e-11,-1.6233826266651672e-08,-3.133875723341336e-08,-1.853682387934363e-08,-1.8886366330518244e-08,-1.0623666098138344e-11,-2.409679582246292e-08,3.2273042670750236e-07,-2.1277632376521063e-08,3.221277757153175e-07,3.420940641907918e-07,-2.0933589998917537e-08,3.325976835915468e-07,3.317724294606095e-07,-2.05914378091939e-08,-1.7436641350861975e-08,-3.19180501542992e-08,-3.1646074881368554e-08,-1.5453696236378788e-08,-2.743724885578308e-08,-9.734245376029419e-12,-9.510860951127278e-12,-1.0513384559560348e-11,-1.1909304479296561e-11,1.6349218023731294e-10,-1.0457263966610804e-11,1.6892334438642475e-10,-9.624601366657033e-12
8.778038319001176e-08,-4.9579745728142904e-09,-5.727359847756562e-09,-2.6645422464954914e-12,-1.4187170519491397e-08,8.733861928117166e-07,-7.294997617665454e-09,-6.328721432890704e-09,-4.085000374208425e-12,-7.194491956165052e-09,-1.100514546530113e-08,-7.333761156432736e-09,-2.603813701850709e-12,-3.2926946249512897e-12,-6.50483418402818e-09,-8.244309781431786e-09,-2.9637037506334537e-12,-2.4255724672232836e-12,-6.03178492250496e-09,-1.4968504268095558e-10,-7.2679803255701e-09,-8.049590881164632e-09,-3.681309058184581e-12,-3.6524217678700154e-12,-3.247902519283596e-12,-6.475591441082778e-09,-1.5233605159032547e-10,-9.801455426910324e-09,-4.8082243793621964e-09,-7.1772080172250904e-09,-7.121111540988641e-09,-5.270623996212987e-09,-8.235356660018636e-09,-9.457381658863824e-09,-8.23537869573331e-09,-2.229411658993045e-12,-1.4896612296270682e-10,-4.149070388635719e-12,-2.7102760293757416e-12,-5.813897874138148e-09,-5.922057850813606e-09,-5.877530169161752e-09,-2.944220015470862e-12,-2.9635388001773075e-07,-7.30462479819052e-09,-2.4345016942200908e-12,-1.466110971886555e-10,-2.7290572980726184e-12,-5.283742607476412e-09,-5.2825620310005045e-09,-2.6489913450220178e-12,-5.807459859143577e-09,-5.90892783919746e-09,-6.5164370663201285e-09,-8.20360068743807e-09,-2.6612218466195573e-12,-3.6035327902278487e-12,-3.2481403974487675e-12,-2.971341894377645e-07,-3.6186053326450223e-12,-4.833005016432244e-09,-5.847514486823346e-09,-3.2752774817101827e-12,-4.268354257382197e-12,-9.457921396148267e-09,-3.5825577229020966e-12,-6.449190439511191e-09,-2.324020253137854e-12,-5.327991474476278e-09,-5.90718931922838e-09,-3.5883757260417436e-12,-6.486827703776664e-09,-7.363812870655952e-09,-1.489229927444587e-10,-2.700270057351061e-12,-5.3968805804853836e-09,-3.673602381401699e-12,-2.663557472489805e-12,-1.4887357365462654e-10,-5.428979798630318e-09,-8.511858113860986e-09,-1.4940409179033226e-10,-2.9634442419319624e-12,-2.3111011311063393e-12,-5.8432180097236435e-09,-1.4838225604372026e-10,-3.2908183586382316e-12,-8.3846601637163e-09,-3.731521399992557e-12,-2.6666066871925043e-12,-1.4867165380270238e-10,-5.945942467916947e-09,-4.89280377298676e-09,-5.806827036121338e-09,-9.754567891139312e-09,-2.913237271992977e-12,-5.785380084426087e-09,-3.5300092093197395e-12,-3.560974888021949e-12,-2.7175487404346635e-12,-4.654140393116269e-12,-3.716531523354543e-12,-4.972760183891565e-09,-9.574718307579867e-09,-5.749546063431998e-09,-2.917176615410627e-12,-3.2618068886614973e-12,-3.692493827570624e-12,-1.4968907630881794e-10,-6.524613530614393e-09,-1.49768245753948e-10,-1.470216486500375e-10,-6.449017589265637e-09,-2.96018481214514e-07,-1.484368757955602e-10,-6.374527549841231e-09,-5.358883842412465e-09,-4.862789828570555e-12,-9.644183254993223e-09,-2.4049998774127258e-12,-4.18994118208161e-12,-5.949006959218354e-09,-5.845551722700208e-09,-6.459307687862882e-09,-7.2859539332978785e-09,-2.97757706935965e-07,-3.224105453148185e-12,-1.476907059323572e-10,-2.9553369893361092e-12
4.2155036731690284e-07,-8.245972074761417e-09,-9.475157727046072e-09,-4.420609403655389e-12,-1.1925162180256592e-11,-7.294997617665454e-09,8.656618095756973e-07,-1.047599659860977e-08,-1.3542131874566514e-08,-1.1950133062339218e-08,-9.154203585298393e-12,-6.124504100424155e-12,-4.305689114188833e-12,-1.094721353061688e-08,-1.0819928485947588e-08,-1.3719764253193139e-08,-4.931348143560743e-12,-8.021219849506247e-09,-5.051411296353099e-12,3.97158689402569e-11,-1.2088217163384576e-08,-6.684149571695517e-12,-6.1334403942092046e-12,-1.2126771084900685e-08,-5.399267750319552e-12,-5.389624376080629e-12,7.003261209810751e-08,-8.224226025345355e-12,-7.952505253811017e-09,-1.1911539852638202e-08,-5.918753956831788e-12,-8.729164045551401e-09,-6.8668675276741966e-12,-7.886934881343664e-12,-1.371429557772735e-08,-7.35747656634907e-09,8.17920108998467e-08,-1.3804984931105151e-08,-9.000640960325644e-09,-9.648246151031295e-09,-9.855791946131997e-09,-9.768190226230262e-09,-4.8909511670322265e-12,8.345717818311506e-08,-6.096873986950325e-12,-4.035046911909944e-12,9.007321443808302e-08,-4.5481107554581615e-12,-8.759231012759369e-09,-4.387164868499493e-12,-8.771572965822823e-09,-9.636630296000716e-09,-4.929103574003613e-12,-5.429514008874302e-12,-6.833641658194289e-12,-4.413668400607097e-12,-5.981486500316132e-12,-5.3967153973637635e-12,4.1121381563950724e-11,-6.010717482533171e-12,-4.0068547047535835e-12,-9.717218283579426e-09,-1.0883785205903078e-08,-7.1434235586845906e-12,-7.890202162987251e-12,-1.185953812783787e-08,-1.0710119670290614e-08,-3.871441061543393e-12,-8.846988448943633e-09,-4.924416855731264e-12,-5.952753563425317e-12,-5.399325073583606e-12,-6.149051385306818e-12,4.1065564243927386e-11,-4.493487847032651e-12,-4.497801123419647e-12,-6.1217110080135985e-12,-8.824081906825759e-09,8.213381295180348e-08,-9.043873698374478e-09,-1.4260039859572382e-08,4.0202845939659335e-11,-4.9285985882499194e-12,-3.844318512896945e-12,-4.859793369142366e-12,4.198424637307683e-11,-5.480659927823452e-12,-1.3999843759733028e-08,-6.235673005658432e-12,-8.825716022585728e-09,8.285064888684396e-08,-9.904944815181074e-09,-4.069728821335658e-12,-9.63447610233241e-09,-1.632200789002885e-08,-9.639101954369196e-09,-9.584511583249357e-09,-1.1648756893026185e-08,-5.900649577921568e-12,-9.031522800839336e-09,-1.540751919548615e-08,-1.2372382603633824e-08,-8.281185076046142e-09,-7.998528902747027e-12,-9.51185951735944e-09,-4.841407522912364e-12,-1.0827269477505382e-08,-6.152909948716205e-12,3.9690697326335705e-11,-1.0857482033044031e-08,3.9547417687270046e-11,8.863718845827711e-08,-1.0705911264862067e-08,8.404542613221487e-08,4.189271347613534e-11,-1.0555616645974462e-08,-4.463169093802014e-12,-1.6222706424667795e-08,-1.6101035510322962e-08,-7.936540809160418e-09,-1.3960964871685924e-08,-9.908088434064555e-09,-9.706780367462996e-09,-5.374744508221823e-12,-1.2127498354664969e-08,8.100102290366767e-08,-1.0678854045659017e-08,4.3209959382325885e-11,-4.914903764363098e-12
1.4351787388183736e-07,-7.118993928466509e-09,-4.11265595099736e-12,-7.630226145275084e-09,-2.0427340186095452e-08,-6.328721432890704e-09,-1.047599659860977e-08,8.687320677351221e-07,-5.862248121050389e-12,-5.1726653526138065e-12,-1.5792273326396845e-08,-5.279319688765249e-12,-3.731528563033646e-12,-4.729868293280566e-12,-9.339754837717964e-09,-5.93150796553653e-12,-4.255992742461348e-12,-3.4785076649601916e-12,-8.675311518408455e-09,-1.081473471124985e-10,-5.228080570462789e-12,-1.1543563158757467e-08,-5.288378563612643e-12,-1.0466808846776358e-08,-4.6622892512743096e-12,-4.656096083176772e-12,-1.120207232204063e-10,-1.4105216687456153e-08,-6.891589844870609e-09,-5.158858833359193e-12,-1.0215220943474631e-08,-7.557522166214998e-09,-1.1826684559759798e-08,-1.3582979770728452e-08,-1.1828832324290442e-08,-6.377680282235815e-09,-2.1375634507620798e-07,-1.1899379686688629e-08,-7.768281896003863e-09,-8.341363305835728e-09,-8.50472138433927e-09,-8.436627091688567e-09,-4.225608773145698e-12,-1.0640363618066922e-10,-1.0493227759788227e-08,-6.9697301931707875e-09,-2.0687426492775954e-07,-7.826838479701624e-09,-7.578862148940154e-09,-3.79601690573453e-12,-3.8005008221499685e-12,-4.174439899544478e-12,-4.252138188283172e-12,-4.687403464318758e-12,-1.1777060605259785e-08,-7.61984758839275e-09,-1.0319693204598154e-08,-4.6618531255166205e-12,-2.1350355323078596e-07,-1.0365531155429543e-08,-3.4710764356555833e-12,-8.393638421153503e-09,-9.388808707073631e-09,-1.2257402694402854e-08,-6.806193669690633e-12,-1.0256941221449857e-08,-9.254623403861779e-09,-6.664456576536664e-09,-3.830630033734903e-12,-8.482797245231403e-09,-5.1473771290106355e-12,-4.664248417076799e-12,-5.300738574828448e-12,-2.136162021326004e-07,-7.739982846220174e-09,-3.882552991397727e-12,-1.0534037432638675e-08,-7.62818270644681e-09,-2.1348116292174857e-07,-3.907618874825615e-12,-1.2250167636520763e-08,-2.1503110860970298e-07,-4.254768936162323e-12,-6.623889439888152e-09,-4.200623599782204e-12,-1.0624763907426863e-10,-9.434636759805284e-09,-1.2053863779234992e-08,-1.0710048511581847e-08,-3.82484779128229e-12,-1.0666514866748832e-10,-8.541532992072357e-09,-3.5179325737279796e-12,-8.330403218459722e-09,-7.031168837284827e-12,-4.1781850653388725e-12,-8.295394792678238e-09,-1.0095683664139479e-08,-5.1062648416998925e-12,-3.903590913576468e-12,-6.6762969313317125e-12,-5.340700428606036e-12,-7.143739555485371e-09,-1.37593493267384e-08,-8.240281106626967e-09,-4.1855640462578354e-12,-9.347220040174203e-09,-1.058796920972595e-08,-1.0815851563134299e-10,-9.368942690739062e-09,-2.161030597022206e-07,-1.0425159330149404e-10,-4.635829453671807e-12,-1.0615802438603079e-10,-1.0632629588338877e-10,-9.138405384781022e-09,-3.854397689394817e-12,-6.993454970761134e-12,-1.3864369595959156e-08,-6.879367590928538e-09,-6.023281606629998e-12,-4.281435244375695e-12,-8.38827951513785e-09,-4.644035576902205e-12,-5.2423276863440064e-12,-2.1441771526838253e-07,-9.232278767237235e-09,-1.0523296329041544e-10,-4.2432146034760665e-12
1.0719039368864185e-07,-9.198859024961834e-09,-1.0584520140185515e-08,-4.9344820234322716e-12,-2.6490332349088715e-08,-4.085000374208425e-12,-1.3542131874566514e-08,-5.862248121050389e-12,8.626918346151429e-07,-1.3335264268476843e-08,-1.0217160596114803e-11,-6.828124957097573e-12,-9.601308868639366e-09,-6.115799046581174e-12,-1.2069427562380978e-08,-1.530299084113561e-08,-5.500322085949307e-12,-4.487591929808395e-12,-5.627441864570135e-12,-1.1256851163569874e-10,-1.3484916032520046e-08,-1.4896863544132336e-08,-1.3650241880438026e-08,-6.7772582756933506e-12,-1.2023120772046477e-08,-6.013892703372237e-12,-2.3487598637355542e-07,-1.8278225592725726e-08,-8.884423820778214e-09,-6.661070579324132e-12,-1.3187507122156903e-08,-4.884060659180969e-12,-7.65907672673791e-12,-1.7558013673642095e-08,-7.66250926073894e-12,-4.118751291108412e-12,-2.2192942194108759e-07,-7.711033710556417e-12,-5.029787107351515e-12,-1.0768943201176068e-08,-1.0992427000874016e-08,-5.460343425232055e-12,-1.0893273421001876e-08,-2.2009690273049916e-07,-6.79823758684458e-12,-8.99285360788557e-09,-2.1283015756165163e-07,-1.0121313792555241e-08,-4.89960075391344e-12,-9.776947304408013e-09,-9.79142211800652e-09,-1.0756365793899073e-08,-1.0971572226679455e-08,-1.2089416484804347e-08,-1.5217082538892187e-08,-4.927304783149781e-12,-1.332543115832445e-08,-6.021626626105097e-12,-2.2159036782281868e-07,-1.3388072002853613e-08,-8.933728099612985e-09,-5.43187790849728e-12,-1.213766803853634e-08,-1.5879166786011485e-08,-8.799418079732857e-12,-6.633175904003604e-12,-5.988037554807161e-12,-4.317285402210584e-12,-9.873027253257444e-09,-5.492645472146585e-12,-6.645048331948429e-12,-1.2025189910531901e-08,-1.3683569838329927e-08,-1.110874934969641e-10,-1.0003515578150114e-08,-1.0013858437157778e-08,-1.3623522520264615e-08,-4.934307220249087e-12,-1.1100490437482673e-10,-5.052470086403806e-12,-1.5876846577938492e-08,-2.236067658951349e-07,-1.0973834231625442e-08,-4.288576966834906e-12,-1.0825915214556954e-08,-1.1006846568128951e-10,-1.2198545029747449e-08,-7.816274699279959e-12,-6.947322083109231e-12,-4.936465525331343e-12,-2.207727998894023e-07,-1.1044413062378397e-08,-4.542201530006086e-12,-1.0754063200844484e-08,-1.817912720525879e-08,-1.0762003140770018e-08,-1.070274874515736e-08,-1.3015519943448077e-08,-1.3151446062213799e-08,-5.0461619271859555e-12,-1.7201233965496197e-08,-6.9097342961517e-12,-9.235120985775101e-09,-8.916999718522913e-12,-5.323189003124691e-12,-1.0785951902645627e-08,-6.051362264174375e-12,-1.3692821195735123e-08,-2.2472429241175115e-07,-6.067077797608448e-12,-1.1274746185218381e-10,-1.0742336616318776e-10,-1.1948389362565495e-08,-1.0994839063498644e-10,-2.1989277354884878e-07,-5.906246281675026e-12,-4.979359424959588e-12,-9.055136197433211e-12,-8.989934222307296e-12,-4.442617517809268e-12,-7.795254560659127e-12,-5.535488648581517e-12,-1.0832654878793146e-08,-5.99780694597455e-12,-6.7766794606758004e-12,-2.228006747278593e-07,-5.971891102771458e-12,-1.0872375552268724e-10,-5.4828400936618915e-12
2.937016669765918e-07,-8.11746073476015e-09,-4.6791874899455936e-12,-8.691180254524675e-09,-1.1713082248795872e-11,-7.194491956165052e-09,-1.1950133062339218e-08,-5.1726653526138065e-12,-1.3335264268476843e-08,8.660372732642049e-07,-1.7994503423306033e-08,-6.025517374033406e-12,-4.244596042284718e-12,-1.0772028568200396e-08,-1.0650507350375048e-08,-1.3503625662644771e-08,-4.853814916614067e-12,-7.903892839222092e-09,-9.91259318015015e-09,-5.149344306541341e-08,-1.1899370327176996e-08,-1.314441744173241e-08,-1.2045526452497216e-08,-5.980368267784215e-12,-1.0609443682120647e-08,-1.0592233165847573e-08,-3.032005012004148e-11,-8.081732522598798e-12,-7.83960631612534e-09,-5.877632753444467e-12,-1.1636422672705766e-08,-4.309744132687415e-12,-6.758543541727718e-12,-1.5493516767299656e-08,-6.761585440380951e-12,-7.25398204029079e-09,-4.906516342531312e-08,-1.3581737521552308e-08,-8.85922971523256e-09,-4.760938357805215e-12,-4.859945781443165e-12,-9.617291231301199e-09,-9.612539721039973e-09,-2.3780421837587667e-11,-5.999055487320684e-12,-3.975720209772746e-12,-4.102803754461838e-08,-8.931874500249276e-09,-4.3235708893543835e-12,-8.627334742440914e-09,-4.328843610158137e-12,-4.755402183237698e-12,-9.681994189814862e-09,-1.0668051025049919e-08,-1.3427732182794968e-08,-8.678327012726718e-09,-5.890960610630554e-12,-5.3136441365901404e-12,-2.4441154481513896e-11,-1.1813651106353963e-08,-7.883060758391624e-09,-9.567400718629066e-09,-5.366207041672646e-12,-7.020910794073813e-12,-7.764831641048505e-12,-5.852991441863249e-12,-1.0546538256830503e-08,-7.60411571904541e-09,-8.712344618945412e-09,-4.846969549142566e-12,-1.1703293783424497e-08,-5.316326238744452e-12,-1.2075126520320848e-08,-2.4499621349426692e-11,-8.827620084938213e-09,-8.836890980145023e-09,-1.2021955373039081e-08,-4.3541519491634424e-12,-2.4427009646092412e-11,-8.899305526798015e-09,-7.020002952384385e-12,-2.5333488693734216e-11,-4.851635178819898e-12,-7.553406872351594e-09,-4.786129816173491e-12,-4.708694329022312e-08,-1.0764535743654882e-08,-6.897699224520884e-12,-1.2237039333453545e-08,-8.694360922653487e-09,-4.804307921696993e-08,-9.74626649978127e-09,-8.000259164975608e-09,-9.489514071936544e-09,-8.037767118835297e-12,-9.496371603487235e-09,-4.7314704962237486e-12,-5.753547356033326e-12,-1.1604357472046922e-08,-8.88821141443868e-09,-7.604183470253189e-12,-6.097500038218891e-12,-4.0830872706208854e-12,-7.868807166543968e-12,-9.375403826515266e-09,-4.768409569148239e-12,-1.0658255177990882e-08,-1.2083199178217921e-08,-5.1533826283896924e-08,-5.3538362107703584e-12,-2.5966323812925346e-11,-4.2423631213692425e-08,-1.054329767762179e-08,-2.349409038300018e-11,-2.369011835315129e-11,-1.0401924289771879e-08,-4.394045612277933e-12,-7.991025820327706e-12,-7.933320604042725e-12,-7.824522511870423e-09,-6.8790520825532465e-12,-9.749993721900326e-09,-4.78908919428444e-12,-1.0563746206538613e-08,-1.1935730351850027e-08,-4.983456576066817e-08,-1.0517868730358855e-08,-4.4716082923296314e-08,-4.838272026689861e-12
2.8121926796492497e-07,-1.2411468342355487e-08,-1.4285975758263722e-08,-6.658798208989428e-12,-1.7899050727201533e-11,-1.100514546530113e-08,-9.154203585298393e-12,-1.5792273326396845e-08,-1.0217160596114803e-11,-1.7994503423306033e-08,8.502855742063741e-07,-9.212177127201664e-12,-6.4925703134949475e-12,-1.6469393593436653e-08,-1.6285290245060584e-08,-2.064789733179437e-08,-7.421349385047784e-12,-1.2087899358150936e-08,-1.515133225616697e-08,-1.1121329682101104e-08,-1.8195262145138473e-08,-2.010434280114492e-08,-9.226751760306144e-12,-9.144435081266146e-12,-1.6223355444357074e-08,-8.115122835818398e-12,-2.4841777672536123e-08,-2.465343201446018e-08,-6.0074376616558945e-12,-1.7941566198205607e-08,-1.7796494102142847e-08,-1.3156402068046602e-08,-2.0626479627731236e-08,-2.3690390844899103e-08,-2.0634973595960606e-08,-5.558588069119107e-12,-7.419696968602586e-09,-2.076458302404105e-08,-1.354573870511463e-08,-7.280876731522391e-12,-1.4831546678664753e-08,-7.367852909452895e-12,-7.364453830322383e-12,-4.953933120267726e-09,-1.8307134931013444e-08,-1.213558441611266e-08,2.407104480977445e-12,-6.841200405498812e-12,-1.3197483051904166e-08,-6.6103278358809524e-12,-6.619890483485674e-12,-1.4515252359350858e-08,-1.4802933366427286e-08,-1.631248029248485e-08,-2.0533110902250295e-08,-6.649241644409439e-12,-1.7982078157235077e-08,-8.125560989293291e-12,-6.9646311302047305e-09,-9.051141049645917e-12,-1.205693182027851e-08,-1.4629772943437545e-08,-1.6376594628368746e-08,-2.1418586830797812e-08,-1.1872467500826783e-11,-1.7867352062725443e-08,-1.6128332791019006e-08,-1.1625400341559339e-08,-6.674734400797389e-12,-1.4792298291911575e-08,-1.7898971789291768e-08,-8.129662718500568e-12,-1.8461221548840375e-08,-7.1466140728364264e-09,-1.3497098057054726e-08,-6.7693216409143005e-12,-1.8380253254762938e-08,-6.658426120623333e-12,-6.922020051417403e-09,-6.816469317000209e-12,-2.1414101451939364e-08,-4.85655073642758e-12,-7.418376237768412e-12,-1.1549104870845065e-08,-7.319188965349062e-12,-2.2150029185129817e-12,-8.2457068609715e-12,-2.1045910143794116e-08,-9.37157540336534e-12,-1.3296888693940587e-08,-5.865904141425552e-09,-7.465472978464098e-12,-1.2233420177635186e-08,-7.2709176877317145e-12,-2.4521131735383857e-08,-1.4523804973539262e-08,-1.4444435912002785e-08,-1.756772802025005e-08,-1.7748801407308887e-08,-1.3588988913849726e-08,-2.321371651946751e-08,-9.321659708278793e-12,-1.2459440738475766e-08,-2.4011931857763758e-08,-7.184794776276977e-12,-1.4555245695321122e-08,-1.6297572412759923e-08,-1.847389491886878e-08,-5.6089440822870355e-12,-8.186025377486886e-12,-1.1598306198983225e-08,2.6942621330469536e-09,-1.6123683207702578e-08,-4.083212376292071e-09,-2.3522982681032853e-12,-7.971185454051494e-12,-6.718741237584019e-12,-2.4380241044490162e-08,-1.2127597792732997e-11,-1.1968221754467456e-08,-1.0515951421471034e-11,-1.4906603377273277e-08,-1.4617700486026735e-08,-1.6154517606011637e-08,-9.143360427165128e-12,-8.592260268443748e-09,-1.608539576764102e-08,-4.0674646817147066e-13,-1.4766182524386034e-08
-3.056115541932224e-08,-8.299506585937193e-09,-4.774323603062952e-12,-8.877179907700168e-09,-1.2019498981162408e-11,-7.333761156432736e-09,-6.124504100424155e-12,-5.279319688765249e-12,-6.828124957097573e-12,-6.025517374033406e-12,-9.212177127201664e-12,8.654959494522665e-07,-8.642218252175503e-09,-1.1021629320937495e-08,-5.45657491460083e-12,-6.919585397029193e-12,-4.963752906949094e-12,-4.042247283449754e-12,-5.0880339779085184e-12,-3.71318313680934e-07,-6.096164209376395e-12,-1.3422487534707722e-08,-1.2326058422114159e-08,-1.2207381111898378e-08,-5.434490149243186e-12,-1.082642069629457e-08,-1.9073817723774764e-10,-8.286874900879036e-12,-4.006489192236049e-12,-6.005351793925298e-12,-5.955493266816108e-12,-4.398840050720568e-12,-1.3797502497000864e-08,-1.5847332042649127e-08,-1.380724236049594e-08,-3.706443932142585e-12,-3.6879214582743065e-07,-6.9642129682141325e-12,-9.059824202175478e-09,-9.70815325095418e-09,-9.921136879134375e-09,-9.83125752509221e-09,-4.9220478623925e-12,-1.8391913475298874e-10,-6.1386170243953066e-12,-8.101342556666467e-09,-1.805544038232637e-10,-4.5789034419489176e-12,-8.811223461971483e-09,-4.413317702760988e-12,-8.824916054812497e-09,-4.857811167004635e-12,-9.904150833587332e-09,-5.465092590128031e-12,-1.3728820380793279e-08,-8.86298239596283e-09,-1.2013916903011316e-08,-5.4313476472464e-12,-1.8460603161551289e-10,-6.049089438698515e-12,-8.042961043371992e-09,-9.77922916008635e-09,-1.0957348282000208e-08,-7.197036653045007e-12,-1.5854818634059563e-08,-5.978442018582705e-12,-5.400003399347768e-12,-3.897464294954965e-12,-4.460189648671115e-12,-4.956928661448401e-12,-5.989766934459137e-12,-1.0846054419946713e-08,-1.2357828427097188e-08,-1.8466022570319736e-10,-4.52316662197978e-12,-4.527112013986481e-12,-6.163830547676395e-12,-4.44840266957169e-12,-3.684429505421979e-07,-9.104774950355175e-09,-1.4369491405982816e-08,-3.7033392096855755e-07,-4.960878082296792e-12,-7.723266551749143e-09,-4.890193088103793e-12,-1.837324652716239e-10,-5.51787904426369e-12,-7.064428478634341e-12,-1.2536979908531854e-08,-8.879479709753049e-09,-3.6771470190401006e-07,-9.97219570164296e-09,-4.094783363769397e-12,-9.694152754058625e-09,-8.238670321950128e-12,-9.6974011802739e-09,-4.830700968435839e-12,-1.1715284131113218e-08,-5.936226784037503e-12,-9.091571122881718e-09,-7.766975946048461e-12,-6.242346443924192e-12,-4.176494360938888e-12,-1.6075591833985288e-08,-9.566539907299106e-09,-9.723240034057601e-09,-5.460173692149935e-12,-6.195276615622239e-12,-1.860588213042227e-10,-5.476109360368799e-12,-1.862048266739093e-10,-3.6184405549141644e-07,-5.3976863265577015e-12,-3.665068325002885e-07,-1.8382463579874443e-10,-5.319940836252933e-12,-8.965496924414844e-09,-1.6341419857014766e-08,-8.124550837114669e-12,-7.980492999473593e-09,-7.044447527449047e-12,-4.997534424169917e-12,-4.89394986937961e-12,-5.408992513280092e-12,-1.2208683083567568e-08,-3.6959387830007063e-07,-5.3836512480680756e-12,-3.642464227117186e-07,-9.873871375617624e-09
3.543537892980799e-08,-5.840355011863613e-09,-6.739938819536178e-09,-3.137426292992503e-12,-1.6738181253154046e-08,-2.603813701850709e-12,-4.305689114188833e-12,-3.731528563033646e-12,-9.601308868639366e-09,-4.244596042284718e-12,-6.4925703134949475e-12,-8.642218252175503e-09,8.716881704613604e-07,-7.743721916599112e-09,-3.838992482008569e-12,-4.865733429535496e-12,-6.968949639341256e-09,-5.699192027123601e-09,-7.1122611671151965e-09,-3.3987407364769363e-07,-8.561002083072823e-09,-9.475152792957247e-09,-4.33754592879912e-12,-4.302201660369388e-12,-3.825401810571059e-12,-7.626182633023322e-09,-1.734396145739249e-10,-1.1560464385566744e-08,-5.6583581473486216e-09,-8.450468173623142e-09,-4.2003135795443824e-12,-3.108237029465122e-12,-4.8605740702890256e-12,-1.1141909214878382e-08,-4.861020851579229e-12,-5.2362868311831616e-09,-1.6943122464890332e-10,-9.75899702173108e-09,-6.372990869003451e-09,-6.845766898973031e-09,-3.4954550939128632e-12,-3.4682018442618485e-12,-3.467413288535047e-12,-1.6886442243740999e-10,-4.312111779821921e-12,-5.72063175196569e-09,-1.6662574659732445e-10,-3.2160888428050817e-12,-3.1165885567715244e-12,-3.1157466371718205e-12,-6.225735530340319e-09,-6.838120575115639e-09,-6.962036196519175e-09,-7.675935163974909e-09,-4.840941574852387e-12,-3.1332215742642406e-12,-4.2428790644787344e-12,-7.635389272658905e-09,-3.3796479300184443e-07,-8.505476552829543e-09,-2.8496840772297534e-12,-3.4506254105981203e-12,-3.858737877500814e-12,-1.0047040101727884e-08,-5.582774446694027e-12,-4.217711775294969e-12,-3.804917706063852e-12,-5.465859269695482e-09,-3.143524758811348e-12,-6.959085235973742e-09,-8.432198706999999e-09,-3.827332474161735e-12,-4.347494307134259e-12,-1.69376533389958e-10,-3.1811779737476974e-12,-3.185303558914582e-12,-8.639810071244608e-09,-6.2601952933311695e-09,-1.6931984068510032e-10,-3.2050553047965298e-12,-1.0039732896209114e-08,-3.392083099572905e-07,-6.967420281629747e-09,-2.7224304397072365e-12,-3.4472422320850615e-12,-3.367837929201772e-07,-7.73894389285382e-09,-9.883759558754633e-09,-4.3992601743295e-12,-3.1393929607349974e-12,-1.690788365219957e-10,-7.006140486252266e-09,-2.8867481481926626e-12,-3.425416254611801e-12,-1.1503396880093056e-08,-3.4295429561270306e-12,-3.411712166852665e-12,-8.289686619231987e-09,-4.191408356579026e-12,-6.391132813774103e-09,-1.0936627543780724e-08,-4.379798107779719e-12,-5.859449303230235e-09,-1.1283946403786527e-08,-6.7661913640347956e-09,-6.856067528876742e-09,-7.668824029479843e-09,-4.3509440902389e-12,-1.7029260041977924e-10,-3.85086351411307e-12,-1.7038739936892617e-10,-3.3354511074821916e-07,-7.59363753896926e-09,-3.366389579350584e-07,-1.6880146500305223e-10,-7.502195176712116e-09,-3.1624652422328823e-12,-5.733373491067632e-12,-5.695556317208452e-12,-2.830025414974989e-12,-4.9387813186440965e-12,-7.00958115415186e-09,-6.883547817478631e-09,-3.8109334595549646e-12,-4.3003038095508785e-12,-1.6970117722183466e-10,-7.576853653701922e-09,-1.6791218323086217e-10,-3.4812186742318303e-12
