1.0000000000000042,5.1749295558989325e-12,-7.856725126005958e-12,-4.662807553953414e-11,-7.388358891415556e-12,-1.2031908879400692e-11,-1.0154251859024045e-11,2.010824663487187e-11,-5.356918760239351e-11,1.813396277291992e-11,1.6536810998082776e-11,3.9318451963562525e-12,-4.8100626582349136e-11,3.044195434247238e-11,9.689415352242313e-12,1.9402030352083083e-11,-1.9412305906869784e-13,-1.2146357518010058e-10,-1.566716122113882e-11,4.2020801531099257e-13,5.533768537825357e-12,-9.41530938996919e-12,1.640346467695455e-11,-1.2521682867867817e-11,1.0000000000044778,-5.149806236570908e-11,0.9999999999873722,9.973079274331312e-12,1.0000000000261302,4.250018412813771e-11,0.9999999999887719,-1.2040685364336894e-11,-1.7410141034132356e-11,-3.6914176279453066e-13,2.2822790080126955e-13,-7.318364267376814e-12,-1.2433479368376388e-10,3.017346794649832e-11,-5.729715522929894e-11,2.8424228575828456e-11,6.41772827799828e-12,1.0036227848121492e-12,-2.163276981753751e-11,6.089628143610233e-12,-1.8190163915905738e-11,1.4452690863524867e-10,4.1544873559482466e-11,-1.5819263213680266e-11,6.921123389718763e-11,1.8072251627642324e-11,-6.655086311305023e-13,1.8595379393870224e-11,0.9999999999997792,3.327130955226792e-11,-5.078195683419198e-12,0.9999999999665853,-3.5882303844653003e-12,2.7808324701012278e-12,-2.148753582697539e-11,-1.527306614566735e-11,1.2923783989833865e-11,8.11956560514943e-11,8.032963970303213e-12,1.8069867321535324e-11,-5.139747935255444e-12,1.1640138787772405e-11,8.444894631693e-12,-4.5089319348937945e-11,1.0118822467819614e-11,3.488542078664305e-11,1.1310304294446378e-11,5.8082517454633173e-11,-3.9555314949081767e-11,1.934425722484304e-12,2.938757273772855e-11,-5.955932952848207e-12,9.113735554815397e-12,2.0241451816491862e-11,8.600797886818022e-12,-1.3522512863057062e-11,1.0000000000028781,-1.229293534952556e-11,0.9999999999268918,-1.6696335006045235e-11,-2.3637749355378005e-12,-1.5935231851984575e-11,6.532356457811022e-12,9.622522555395743e-12,-1.2179682894143446e-11,1.3500887120750281e-12,1.0000000000611091,5.691314026999438e-12,-1.3004660956282388e-10,1.3518350298158681e-11,3.767129860945733e-11,9.326161930836985e-13,0.9999999999834992,1.0000000000398004,-2.735405618291548e-11,-1.0474491313200534e-11,-2.5975002729364804e-12,8.286225747852586e-12,1.0000000000459013,3.505940502044104e-12,8.747352961679143e-12,-6.343688075856845e-12,-1.3045023304528913e-11,0.9999999999691994,-5.7879475575511884e-12,1.000000000044247,1.00000000002385,1.0000000000182336,1.0000000000040863,-1.5695115042835133e-12,8.523215892689994e-11,3.031830778852846e-11,1.3642750540818482e-11,-2.5505722962168436e-12,0.9999999999653001,-3.5732025108743394e-11,1.6338160747833916e-11,-1.7652484607840943e-11,1.0000000000012732,-1.3008405380265379e-12,1.3460047286270187e-11,1.0000000000403506,1.2051772870172357e-11,-4.36742069180373e-11,4.2654135056558344e-11
5.1749295558989325e-12,7.192333808045776e-13,3.8552089800280923e-16,5.574996806423373e-16,3.848535978809495e-16,3.972443670223952e-16,5.030760493313026e-16,4.726947207963685e-16,7.259879288326144e-16,4.982849765675586e-16,5.057369645440793e-16,2.5830178802029163e-16,6.788869979763605e-16,4.521551014374863e-16,4.237534027129516e-16,6.005793790539804e-16,4.888016102369079e-16,6.722923217460951e-16,6.314201143449558e-16,4.902875298566156e-16,6.768681282813897e-16,4.961829855818718e-16,5.048004752812541e-16,4.751689539446007e-16,4.293581839800997e-12,5.234893444784579e-16,4.293923803655775e-12,4.407492531898964e-16,4.293883535771866e-12,4.513198393273285e-16,4.293417697572478e-12,5.024556369410305e-16,3.8705452756964323e-16,3.808692403059421e-16,3.4670386322247795e-16,3.6428289405277694e-16,7.858445810746849e-16,5.636521173785983e-16,5.799251453709584e-16,4.922132173008621e-16,3.956526716928381e-16,4.1552199903686225e-16,4.743922239865764e-16,4.601849721402811e-16,4.3596586749407005e-16,6.969814577055711e-16,6.934005258861575e-16,4.199732050174238e-16,6.070299527734412e-16,4.821472103020719e-16,3.9836542894897807e-16,6.301683886518769e-16,4.293450941434524e-12,4.729163419938086e-16,4.897198618431058e-16,4.2937788947514535e-12,4.0182970480873265e-16,4.152638133780339e-16,4.887773367822437e-16,3.615635991527457e-16,4.443342938546659e-16,8.856416262583994e-16,4.28358449910045e-16,4.834227762329793e-16,5.893728291441986e-16,4.090634485404316e-16,2.8029501526606493e-19,1.6012128977382618e-19,2.0842892353606936e-19,1.7758770850917186e-19,3.297583526400035e-19,2.936586073720611e-19,4.1644256382967795e-19,4.1684226078150056e-19,2.0624069647164642e-19,-2.144720343306487e-19,2.7978273847574013e-19,6.092684637005885e-19,1.0206560497116301e-19,1.90548657150774e-19,2.1512368014049893e-15,4.667076012566751e-19,2.1506809630675514e-15,1.5353030597349986e-20,1.0770436707927693e-19,2.6118427859145158e-19,-7.620306685216278e-20,1.33397118025377e-19,-1.4729174427548662e-19,3.4534956664574994e-19,2.150611784242806e-15,4.3065740992135147e-19,4.528295096798896e-19,-1.4224776533169193e-19,3.6182580889580723e-19,1.9659970979785995e-19,2.150891926492815e-15,2.1509932157487892e-15,2.445051154786146e-19,-1.1513522702214102e-19,2.0836057871042627e-19,-1.791454137071855e-19,2.151139944157966e-15,1.3279365672206105e-19,4.2044636299420867e-19,2.7747498152140235e-19,7.988776979769652e-19,2.1508568535379337e-15,7.18097245901315e-19,2.1509271645093626e-15,2.1510160016738985e-15,2.1508587048491476e-15,2.1510598664770118e-15,3.875414268114331e-19,4.421119983684949e-19,2.683989299561495e-19,-2.620507269057834e-19,2.6035073767380123e-20,2.15064957128621e-15,3.0778103897425176e-19,1.8506941275994902e-19,2.598253807372451e-19,2.150931083421695e-15,8.336419980175203e-20,3.3624407914955565e-19,2.150359737001559e-15,-8.558074229908505e-20,2.9707071107552517e-19,3.5812697856907194e-19
-7.856725126005958e-12,3.8552089800280923e-16,7.193522756981773e-13,5.064399289790462e-16,3.2655815060788075e-16,4.0207077954525285e-16,5.261775303611251e-16,1.5343550492251575e-19,5.916979950928624e-16,4.593643811498556e-16,3.3255189862921115e-19,3.5069476354466235e-19,2.5131981995722074e-19,4.212901236522565e-16,3.9511334381951015e-16,3.123740024470085e-20,3.869828667528726e-16,5.054740575059372e-16,4.8087727741331505e-20,4.267980530127566e-16,5.279142024124286e-16,2.2931961022640913e-19,4.028427331323304e-16,8.298154848821307e-20,-4.383784720656034e-15,3.054609240531114e-19,-4.383869083574045e-15,4.231974432136441e-16,-8.75006222613049e-12,3.6879790215065997e-19,-8.750524890143684e-12,-8.442800975578985e-20,4.0006147198397553e-16,3.6508599219487305e-16,3.4215347636496352e-19,1.809137913166736e-19,7.608636140886455e-16,5.342979054957597e-16,4.43222735512935e-16,4.0761042493077486e-19,2.4591770089562634e-19,1.0946074054176974e-19,4.650117580114523e-16,4.2979595763365857e-16,2.3072112011501827e-19,6.823573435269125e-19,7.272494754034439e-16,4.321604271807649e-19,5.38270639022957e-16,4.3389828150488127e-20,3.8982083190903347e-16,1.1055588824524893e-19,-4.383568634523621e-15,5.639912475224299e-19,3.6684236145036306e-16,-4.383923328751189e-15,3.7803771699033136e-16,3.3059624940970305e-16,3.9966810755943997e-16,4.2434996428719297e-16,4.235548020149318e-16,3.102229077721912e-19,3.480335592566458e-16,1.9807956096114691e-19,-7.19650489004249e-20,4.557679785983165e-16,4.226896406306282e-16,3.7081383650222087e-16,4.066780023520424e-16,4.555482593550526e-16,4.341246167362948e-16,6.390177924917013e-16,4.460326309601696e-16,3.551157580493946e-16,4.7148623742743395e-16,3.8272703278318874e-16,3.4031424757218573e-16,8.262009811953744e-16,3.705720981769363e-16,4.903123968732861e-16,-8.750050831939312e-12,3.4207477716796325e-16,-4.383875623845072e-15,3.537713583098655e-16,4.3033174484388986e-16,3.196657376011037e-16,4.605120015969842e-16,3.9098584781274526e-16,3.2030456704458036e-16,3.0109299810306565e-16,-8.750169481795789e-12,4.0502952061590343e-16,6.438462539397587e-16,3.6704557679694056e-16,4.2838413254917287e-16,1.754677330882451e-19,-4.383782630053343e-15,-4.383696126839989e-15,5.739471745809778e-19,3.1595542749628122e-19,1.9571069656266924e-19,5.376105933356934e-19,-4.383725004906337e-15,1.4726039807387578e-19,-2.0207469553964214e-19,2.1502779201311896e-19,4.371421810444701e-19,-4.383863096550961e-15,2.2589756045658667e-19,-4.383664566903284e-15,-4.383740765163225e-15,-4.383691241868625e-15,-4.383411405726571e-15,-9.377635421594769e-20,2.7417839866705755e-19,1.7348136624487404e-19,4.669158885453165e-19,-5.212668632744148e-19,-4.383959730205449e-15,2.9295662177872746e-19,2.6831462700720456e-19,7.122125810561996e-19,-4.383732228363596e-15,8.642968153804093e-20,-2.132992087180806e-19,-4.3838339232847294e-15,2.1027700218345808e-19,3.2491372940915417e-19,5.414462350747603e-19
-4.662807553953414e-11,5.574996806423373e-16,5.064399289790462e-16,7.195804755181673e-13,5.57256250863797e-16,6.408199166550323e-16,7.841022448404028e-16,3.776522285532975e-19,1.073449921576621e-15,4.098340704795989e-19,7.124639393357826e-16,4.626975230915647e-16,9.921696057578427e-16,2.1642328743655899e-19,6.329405169714634e-16,3.641587288648794e-19,7.257026979358151e-16,9.973962719051877e-16,8.916668026083983e-16,7.343467934905608e-16,9.62572616419104e-16,4.347239763308641e-19,7.728139554014615e-16,4.354519372320375e-19,-2.3793401416591826e-14,6.555073767930353e-19,-4.7493599281334775e-11,6.918938645891734e-16,-2.3793163289803516e-14,6.89940120122633e-16,-2.3793597263832808e-14,7.211744224591001e-16,6.2576515275240965e-16,5.877261995250108e-16,5.884928197332536e-16,5.660006905243572e-16,6.272410313309643e-19,6.60414221340422e-19,8.379640002200288e-16,2.6096832474586663e-19,6.520306037815332e-16,6.51303206819086e-16,7.765650431199269e-16,4.861006363782006e-19,3.820109107257945e-19,1.182255086068926e-15,1.1102817140053508e-15,6.682483113261896e-16,5.472606935567069e-19,7.36049026343806e-16,2.5380914395484215e-19,9.606694382344894e-16,-4.749432950930581e-11,1.2454233967401394e-20,2.1908085278682616e-19,-4.749382520713162e-11,6.3841506790353e-16,3.620637510810396e-19,2.136815689243522e-19,3.6581205435117176e-19,7.123622280867404e-16,1.2792968357211463e-15,2.4127296752640593e-19,3.161350403559902e-19,9.45883933976039e-16,4.731947628043524e-19,3.68811889107842e-19,3.118416787962584e-19,3.780533999593553e-19,1.6504823196772384e-19,8.034236873951068e-16,3.448081462545856e-19,7.654995547319661e-16,4.0709510067019613e-19,3.0083422708752827e-19,6.946844455519165e-16,2.282698999436463e-19,7.756650048624071e-19,3.3951624883848216e-19,6.794063006346652e-19,-2.3793270792810896e-14,3.0029041365560553e-19,-4.749456269065978e-11,5.547828620160381e-16,4.60973499362368e-19,3.425559094623489e-19,8.691712441991689e-19,6.98575859027841e-16,6.013267483071753e-16,5.241924636068807e-16,-2.3793148595539825e-14,7.022525964341347e-16,1.2624454161742294e-15,6.609997716983846e-16,3.4354270936629287e-19,5.569714548116399e-16,-4.7494040857408475e-11,-4.7493974676316435e-11,8.492981508749306e-16,5.537922758080156e-16,6.084775714657431e-16,7.819503340017691e-16,-4.749353578992681e-11,5.528101955992072e-16,6.683126134048389e-16,5.999301243564443e-16,9.930964208148229e-16,-2.3793578046804738e-14,6.67030118822341e-16,-4.749413869419686e-11,-4.7493497470414155e-11,-4.7494246600319626e-11,-4.74937293501945e-11,4.834256635295795e-16,1.0975080171005951e-15,2.3884915415931726e-19,3.312888105480987e-19,2.4951771679479594e-19,-2.379450616877071e-14,8.818690450386128e-20,4.060122121441196e-19,2.965010485009428e-19,-2.3793317742981015e-14,3.6122460946860963e-19,4.2148474620636734e-19,-2.3793399369630132e-14,5.424654553175021e-19,4.1977126768397175e-19,9.20908132352189e-19
-7.388358891415556e-12,3.848535978809495e-16,3.2655815060788075e-16,5.57256250863797e-16,7.194026385957391e-13,4.0934674292871566e-19,4.777507123966749e-16,4.666924417230079e-16,6.892728896697783e-16,5.30213137050843e-16,4.547798261640611e-16,3.0787222767676884e-16,6.347261527210213e-16,4.095069648666897e-19,1.0345900172189901e-19,6.233891875706798e-16,4.764053111781787e-19,6.689749566571744e-16,6.534991525265408e-19,4.665684611760955e-16,2.5960440590887574e-19,2.155617302637944e-22,1.4643044258577296e-19,4.438812938923938e-16,-4.145113798066479e-15,1.0424607788725655e-19,-4.144882748040981e-15,2.8669879060010066e-19,-4.1446444501229844e-15,1.5660903547575918e-20,-4.145075282464123e-15,2.327166607056092e-19,4.291292266852745e-20,3.765790487753233e-16,4.0907889659966973e-16,3.5561185697909215e-16,3.220659108009241e-19,5.795572197462904e-16,6.289423989717295e-20,2.4587712724503504e-19,2.5355210022630207e-19,4.283408126542452e-16,5.005634133293563e-19,5.943680935303274e-19,4.39962695954459e-16,7.857823854851916e-16,3.9836162839943327e-19,2.3301178526251423e-19,5.900313657450497e-16,1.7936303171031435e-19,3.962151995546184e-16,7.520250666346204e-19,-4.145275417407765e-15,5.010851270799435e-16,2.916285643502982e-19,-4.14470723873818e-15,1.6509942074174715e-19,3.969768812907104e-16,1.8663513492835992e-19,4.0593526562701737e-16,3.260241817467355e-19,3.553393832861771e-19,4.052882779702252e-16,4.0040514866973593e-19,6.006263180922101e-16,4.743805134427227e-16,7.67141154765695e-19,4.738225705980952e-16,2.4896550686328596e-19,5.258008460180344e-19,3.0754251830324895e-19,7.419641507616646e-19,4.674332619783021e-16,4.461693001121181e-16,5.633829435179301e-19,6.630054862753339e-20,3.850541056798281e-16,9.126255401125204e-16,7.89912654255732e-20,4.758476104456043e-16,-4.1449116567046506e-15,4.369447247155859e-16,-8.273920038748641e-12,1.0038585726193719e-19,4.2744658596799667e-16,4.1511698188168212e-16,-7.784599924284403e-20,2.9258106171802905e-19,3.90525776903785e-16,3.3658489321042954e-16,-8.273503148384003e-12,1.8345398677497859e-19,8.202572551307278e-16,2.472731662196376e-19,4.788575708861612e-16,4.184793039598889e-19,-8.273635282999058e-12,-4.14520801496985e-15,-1.1501269629099179e-19,7.942143269637993e-20,8.690856169986023e-19,2.342247300390888e-19,-4.144788264252023e-15,2.0060950123829308e-19,4.2396812531443143e-16,3.7660159336970333e-16,6.423962688033629e-16,-4.145168159606984e-15,3.544949085043206e-21,-8.27368745159487e-12,-4.14484264543322e-15,-8.273757858852374e-12,-4.1448850704500715e-15,1.3119908162370314e-19,7.290124851413621e-16,5.853538507919242e-16,4.782318306091199e-16,4.0054578860601577e-16,-8.27390927233125e-12,4.979658256404211e-16,4.0189623061991453e-16,5.300011573228681e-16,-4.145363915387878e-15,1.83685542684215e-19,3.5485826221960213e-19,-4.14501023368933e-15,2.1450508983784795e-19,5.081875086371282e-19,3.1528380568128025e-19
-1.2031908879400692e-11,3.972443670223952e-16,4.0207077954525285e-16,6.408199166550323e-16,4.0934674292871566e-19,7.193180888999826e-13,6.054732862010695e-16,2.656731038131677e-19,8.249794790914338e-16,6.02461728698106e-16,2.1668567371502276e-19,3.4606764750366594e-16,4.1697084744401265e-19,2.315202414770917e-19,2.223988945602584e-19,7.206251169108345e-16,4.2249036225798268e-19,7.411633335065366e-16,6.715683514918873e-16,5.471271898682954e-16,5.786526581424975e-19,2.3828548776163273e-19,1.5003018121849127e-19,3.7398270199089317e-19,-1.2910332886993358e-11,-2.657351462735002e-19,-1.290990599361339e-11,-2.2674259404493096e-19,-1.2909986442367306e-11,5.088775379409611e-16,-6.46791671887362e-15,7.553694760417814e-19,1.9802118221515897e-19,4.71015796405545e-16,1.8178382647936635e-19,4.562135812905221e-16,9.415075907745662e-16,1.9839591597870306e-19,6.436198361986716e-16,3.6191223227596323e-19,4.800108466337031e-16,2.27883478583138e-19,2.647899460686224e-19,5.440668695379728e-16,4.927039978227214e-16,9.049622324847874e-16,8.701056158639905e-16,2.9693831051371484e-19,6.98456341093686e-16,5.915421326620581e-16,2.527792395103801e-19,7.473061400967376e-16,-6.468049851465497e-15,5.557594863750192e-16,7.400433052518711e-19,-6.467717770191609e-15,4.736939955214823e-16,4.71199267464197e-19,5.612858583399401e-16,1.1837557382771762e-19,5.216459360724126e-16,5.126024633707054e-19,4.899541767189509e-16,9.135867222254256e-20,5.623671047327169e-19,5.373482083837065e-16,1.502811255489581e-19,5.386734100907992e-16,2.8750744142820942e-19,5.222332056400432e-16,3.674304080420345e-19,8.154151493748614e-16,4.770795456848108e-19,3.071239300130957e-19,3.800634512765284e-19,5.453081841870505e-16,4.769233681676866e-16,1.1609871365745497e-15,4.731640984038798e-19,-1.7954408581904176e-19,-6.467602608565404e-15,5.181120480124099e-16,-6.468147150955855e-15,2.894826850605112e-19,2.6700313394264597e-19,5.158966216182312e-16,2.7927546814442023e-19,4.161815953494866e-19,4.705505443067753e-16,4.47533430461175e-19,-1.2910109571272099e-11,5.4018676807512e-16,9.378414941787536e-16,5.247799832200427e-16,5.381181211283871e-16,1.746949831224935e-19,-6.46778995325075e-15,-6.467755219732002e-15,2.668733911692617e-19,4.179353320679205e-16,4.226923803768562e-20,5.796397791844198e-16,-1.2909858622881454e-11,3.583103939707385e-19,5.031257605539966e-16,5.037355923209791e-16,4.41399317888377e-19,-1.2910482684696722e-11,7.5397122716238e-19,-6.467685686033231e-15,-1.2909838955167914e-11,-6.467836994861279e-15,-6.46755783442417e-15,3.6929544676001685e-16,8.127138800587453e-16,2.141093785824718e-19,4.935325351110792e-19,9.736304013877745e-20,-1.2910617966162718e-11,2.3062757276427953e-19,4.974835772800069e-16,6.5062941402456335e-19,-6.46770161655668e-15,4.0025406518037635e-16,4.4852606844665715e-19,-6.467778950369981e-15,1.2699717612922473e-19,4.606572138831811e-19,3.05614253261344e-19
-1.0154251859024045e-11,5.030760493313026e-16,5.261775303611251e-16,7.841022448404028e-16,4.777507123966749e-16,6.054732862010695e-16,7.193712933700177e-13,3.6989071373320167e-19,1.0239813661969066e-15,2.3642293431571647e-19,6.812155002353786e-16,4.3201396659551513e-16,9.364643301752141e-16,2.50963390099121e-19,6.220020280922965e-16,9.030321758251868e-16,2.5208775940163873e-19,9.611563461654843e-16,8.248078967343863e-16,6.605934618979364e-16,9.508854544647078e-16,7.614957199068172e-16,7.786788646818428e-16,6.950469105353379e-16,-1.1025276599092588e-11,7.527550295470276e-16,-1.1024759198194488e-11,6.102561776596804e-16,-1.1024866352008339e-11,6.103002616268998e-16,-1.1025604424693387e-11,4.305352782726911e-19,6.302983300087774e-16,2.502046168414191e-19,1.1495516743288897e-19,-7.112774640195822e-20,2.894922142083287e-19,8.347908256967842e-16,7.501300271939127e-19,7.28401616358557e-16,4.119619737061843e-19,2.55435738100248e-19,9.302835071050134e-19,6.765410516129129e-16,4.738114529118191e-19,1.1283842718865591e-15,4.598459869020363e-19,4.402172270825301e-19,8.446843646918494e-16,7.090251619615519e-16,5.474061127802528e-16,9.595832225519097e-16,-5.5235365890160306e-15,6.719742514242048e-16,3.0558857656734826e-19,-1.102497836065058e-11,5.889217358880715e-16,6.182626606446791e-16,8.914403985662583e-20,2.8481548641826635e-19,6.532699090047407e-16,3.726994942704847e-19,6.119850338487071e-16,7.185111849673006e-16,6.377094756432298e-19,6.930455171277544e-16,4.048058083854564e-19,6.812562828243807e-16,3.2489061950550084e-19,6.377921995319323e-16,7.525541559474687e-16,7.0661251924879525e-19,2.7204341165180167e-19,5.230961782184497e-19,6.786011200335922e-16,7.103098236468313e-16,5.898333027421835e-16,1.3833615250555863e-15,6.844015181597882e-16,6.801161222229392e-16,-5.523162385317743e-15,9.208955473968203e-20,-5.523624038905338e-15,4.870167616679444e-16,3.430085316708398e-19,4.5616697806281915e-19,4.86036920896315e-19,7.412060579473482e-19,5.244462204737217e-19,5.3786762271482e-16,-1.1025011524549621e-11,6.637390008097621e-16,1.1692310435766106e-15,6.493252848861641e-16,2.725535261008321e-19,5.25956024049279e-16,-5.523438513711043e-15,-5.523173301662315e-15,4.496909658773768e-19,-3.137990624395149e-19,6.077217248230919e-16,7.237684465295658e-16,-5.523756305294161e-15,5.719047373371822e-19,1.675694911079541e-19,6.225576610473349e-16,5.505343935083319e-19,-5.523684720040984e-15,1.3334679811730007e-19,-1.1025319584106911e-11,-1.1024693175459042e-11,-5.523596884809882e-15,-1.1024916396943634e-11,4.480647822753334e-16,6.82519520885029e-19,5.870124410830107e-19,3.317088285095803e-19,2.9746245837456875e-19,-5.5234987832377575e-15,5.018748204142651e-19,2.419586874994637e-19,4.641124719895526e-19,-5.523316303696103e-15,1.0983528692066263e-19,7.218134626990069e-16,-1.1025374488146085e-11,6.383899138932111e-16,2.568519691595357e-19,5.860243728852779e-19
2.010824663487187e-11,4.726947207963685e-16,1.5343550492251575e-19,3.776522285532975e-19,4.666924417230079e-16,2.656731038131677e-19,3.6989071373320167e-19,7.195201097730218e-13,6.196619926142875e-19,6.756691244727336e-16,6.105698171819299e-16,-2.084202599074165e-19,3.6674227757280497e-19,6.062097612851329e-16,2.3243068564657747e-19,7.948047547274287e-16,6.259800266739415e-16,5.866215423266738e-19,4.333969060771227e-19,6.315547230327574e-16,3.019481159247359e-19,6.476030935178693e-16,2.6724622791827205e-19,2.294190265142189e-19,9.635871550877026e-15,6.127446788858347e-16,1.9235336364651786e-11,2.6554838678731847e-19,1.9235297469613972e-11,3.6347587101689074e-19,1.923470818297133e-11,6.19050580397678e-16,2.6541686485802488e-20,4.522175343899961e-19,5.236224689672811e-16,4.478200915368723e-16,1.0254955004573236e-15,7.456218674634971e-16,3.042065439037262e-19,3.9524054272287227e-19,5.424719377171224e-16,5.544740595775344e-16,6.546261201314525e-16,6.061239168417215e-16,5.838475220105407e-16,4.660119881307849e-19,2.8960128659212155e-19,8.817916723586493e-20,6.010087149722765e-19,2.9748664296354243e-19,5.274936872310399e-16,4.829788849720445e-19,1.9234734188595387e-11,1.0453410866031843e-19,5.901302658404494e-16,9.636675106681192e-15,1.8728504898300997e-19,4.763581754739454e-19,6.464789912317749e-16,2.0379499180491556e-19,3.6884422818644216e-19,7.291902865948615e-19,5.252369861345605e-16,6.493522801647766e-16,5.91737157404924e-19,2.764311000204207e-19,4.381759579476968e-19,6.228773249405226e-16,1.1167559730669165e-19,5.40717318965718e-16,6.951020251699675e-16,8.577853632064602e-16,6.141279808637679e-16,4.566413967668834e-19,6.521822063232404e-16,5.842763111502396e-16,5.068352379385848e-19,1.204393858751077e-15,3.857193091083122e-19,6.062643669774892e-16,1.9235375230279776e-11,5.854067425856185e-16,1.9234601034264562e-11,4.608272461076253e-16,5.468910624385417e-16,5.601982495320674e-16,7.049412179907572e-16,5.868515359497149e-16,5.082130533396697e-16,1.288263147120532e-19,9.636412018828661e-15,5.874941821748699e-16,1.0872690173417961e-15,5.569567684901765e-16,6.127569407119268e-16,4.3806944309335035e-16,9.636192611251483e-15,9.636268479082777e-15,6.914248311580202e-16,7.551705914005452e-19,5.266196981949621e-16,6.619149549663253e-16,9.636602020478416e-15,2.4656047642266555e-19,5.606948466991175e-16,1.5922429350714246e-19,2.5331107546688407e-20,9.636037827093067e-15,5.692117043152333e-16,1.9234938461727987e-11,9.636456809542275e-15,9.63598471818679e-15,1.9235250325948027e-11,2.8239298984890155e-19,9.294075579935803e-16,7.546208017941471e-16,1.4541882397277123e-19,5.009181116163182e-16,9.636441248167833e-15,6.527128013267126e-16,3.798280071275561e-19,1.441426882713843e-19,1.9235022640142208e-11,4.95232341589449e-19,6.343822132738442e-16,9.636196834819478e-15,5.496138537400301e-16,7.826072122779421e-16,5.99201526054101e-19
-5.356918760239351e-11,7.259879288326144e-16,5.916979950928624e-16,1.073449921576621e-15,6.892728896697783e-16,8.249794790914338e-16,1.0239813661969066e-15,6.196619926142875e-19,7.212798548087212e-13,6.29208917738582e-19,3.098351671806799e-19,6.245699879283377e-19,7.517916653372045e-19,4.714418605530566e-19,8.305066885335819e-16,1.211532767305784e-15,1.5190191911253178e-19,1.2047412691010945e-15,5.351461874184059e-19,4.302268882578376e-19,6.467869673910656e-19,5.36971774564543e-19,9.019093605321468e-19,2.4478616889963677e-19,-5.442209067382644e-11,9.416269747389206e-16,-5.442131336366514e-11,8.728003304246345e-16,-2.7263545264163006e-14,6.270343053530063e-19,-5.442249035775063e-11,8.750079453328351e-16,8.3310931531278e-16,7.703337532960769e-16,7.220730420619898e-16,2.3207411610997663e-19,6.8477119286811855e-19,3.7625388942361056e-19,4.90931655506755e-19,1.0656932245123613e-15,1.1242498001525545e-19,-6.224966245898012e-20,9.995160945735128e-16,9.025354277811888e-16,8.242452025618514e-16,1.104729509103076e-18,1.4530154354929347e-15,4.1397273424755767e-19,6.724590462359416e-19,3.9306668068837005e-19,3.3182763380543744e-19,1.2192377741069464e-15,-5.442224684448064e-11,9.673769262597203e-16,8.898431035831781e-16,-5.4421643460399264e-11,8.078124916486156e-16,4.0459819888908347e-19,9.100102544410876e-16,6.300078764839192e-19,8.871226704360552e-16,9.118111529928176e-19,7.941275533715117e-16,9.102503603668567e-16,1.2567930076827922e-15,9.236952341004326e-16,4.2884884970170956e-19,8.729489180916184e-16,4.858834394784759e-19,3.7838737520512088e-19,9.765111298964505e-16,9.859581278095017e-19,9.903838985956907e-16,8.75010152268971e-16,9.712101634653585e-16,3.583685696599775e-19,7.565817763309269e-16,1.8749434485787742e-15,3.3414652531849874e-19,5.19403587446001e-19,-5.4421361237239595e-11,8.127529284564789e-16,-2.726428094803733e-14,4.463685823415184e-19,5.123712862366745e-19,7.928251595676608e-16,1.0682967342691776e-15,8.81712312178174e-16,6.942018779964456e-19,6.671943359233062e-16,-5.442166808432635e-11,4.880926102361127e-19,1.5234880446852553e-15,8.194517668354594e-16,2.1002083254477554e-19,4.0898705016591603e-19,-2.7263776440975512e-14,-5.442187223824439e-11,1.1221992484384724e-15,2.5024963614752506e-19,3.070387002028984e-19,9.90883344716058e-16,-2.726346734763338e-14,6.23115500162534e-19,8.456293096545972e-16,3.3875815718027283e-19,6.034743738849555e-19,-5.4422301034263516e-11,8.295633631426588e-16,-5.4422093061033836e-11,-5.442118620548906e-11,-2.7263763840040645e-14,-5.4421529163587266e-11,6.093061191014217e-19,6.254652406264382e-19,5.915881183366722e-19,3.885355321378818e-19,8.515998505878984e-16,-2.7263605523759534e-14,9.888653103047085e-16,5.357894791164142e-19,4.842103775260492e-19,-5.442183125547127e-11,6.626644389410783e-16,6.033888117030708e-19,-2.7264174966325776e-14,3.640288529484583e-19,7.730163872875152e-19,7.479219817792491e-19
1.813396277291992e-11,4.982849765675586e-16,4.593643811498556e-16,4.098340704795989e-19,5.30213137050843e-16,6.02461728698106e-16,2.3642293431571647e-19,6.756691244727336e-16,6.29208917738582e-19,7.193952711866044e-13,1.8976960968090588e-19,4.3691147095187405e-16,9.081078254423367e-16,3.6469831121183995e-19,6.370690364020507e-16,8.761196523175612e-16,6.554204642863079e-16,8.68653357434455e-16,8.6308027808010035e-19,4.141901164260478e-19,9.264352495237548e-16,7.580189525862258e-19,6.782710711635674e-16,4.39329094046449e-19,1.7261975292309023e-11,2.330472412213741e-19,1.7262501715458177e-11,6.407607591946089e-16,1.7262406628131117e-11,6.338587240299918e-16,8.64727978489478e-15,6.613020304270757e-16,3.3375560836671177e-19,5.769672721886239e-16,5.10878344654134e-16,5.6674689171877355e-16,5.2705961654695475e-19,8.234577615051658e-16,5.366906819968725e-19,7.256508467784885e-19,1.1985128869633126e-19,5.945839990367564e-16,7.048563673052385e-16,6.681746254731306e-16,3.8918566553792917e-19,6.881566989980408e-19,1.0875010781997267e-15,5.96530739298481e-16,8.581666738084072e-16,5.990073432101172e-19,5.858606139759679e-16,4.466763335206634e-19,8.647572672769753e-15,6.983189406806647e-16,6.636094510017055e-16,8.647884034221121e-15,3.2825012541588835e-19,5.691977593579619e-16,6.618534077538018e-16,5.889733328845357e-16,6.390444762416152e-16,1.1387679666465893e-15,5.887708771434635e-16,2.643208312311405e-19,5.890656972335211e-19,9.354540099129874e-20,6.43273359575377e-16,4.766638220171862e-19,6.643974139135563e-16,6.55266451321809e-16,7.21536403351997e-16,1.328033835632857e-19,1.3549892963710145e-18,3.29537405692203e-20,7.085527160717456e-16,6.410197335190814e-16,2.7484794134839367e-19,1.4253974449687525e-15,6.190767996451869e-16,7.216258768533391e-16,1.7262501586366897e-11,1.8459238463081723e-19,1.7261563304621973e-11,5.289735215824369e-16,5.44954167665127e-19,6.095130054696779e-16,7.961945760786209e-16,-1.5657701055936297e-19,1.98680569138105e-19,3.130469504869705e-19,1.7262250809411907e-11,5.106950691197639e-19,-3.14897711326149e-20,6.371819102559948e-16,6.548043872677228e-16,5.53257787482064e-16,8.647984640095179e-15,8.647785635401557e-15,3.532151492925552e-19,5.075657546608154e-16,5.400488030916955e-16,3.676015767775215e-19,1.7262511902109646e-11,5.220930614506308e-16,6.385260368569856e-16,6.19980570737894e-16,2.083371896173176e-19,1.7261806687025316e-11,1.4007963694435743e-19,8.647923306041923e-15,1.7262592872807637e-11,1.726189894297475e-11,8.647804809909157e-15,1.6221434565842035e-19,4.462416437280385e-19,6.060185896029393e-19,7.065953991147755e-16,6.316227189182018e-16,8.6476206429511e-15,7.4726832008278e-16,4.2097893177524107e-19,7.412999623300987e-16,8.647674318369504e-15,4.883348513388738e-16,7.307495266593416e-16,8.647645782435516e-15,4.401831411914956e-19,8.79291507988255e-16,4.683566036736431e-19
1.6536810998082776e-11,5.057369645440793e-16,3.3255189862921115e-19,7.124639393357826e-16,4.547798261640611e-16,2.1668567371502276e-19,6.812155002353786e-16,6.105698171819299e-16,3.098351671806799e-19,1.8976960968090588e-19,7.193133859981082e-13,3.990975220248009e-19,1.2308906076669414e-19,5.926915933723828e-16,2.034867829833681e-19,1.019527884119311e-19,5.218221873012427e-19,7.782010361444028e-16,3.6852604625986546e-19,5.979881979975745e-16,7.625717667133182e-16,2.3390134493356766e-19,7.521561481352461e-19,5.214103051794911e-16,7.848362633366976e-15,5.83373832361154e-16,1.5666177326838763e-11,2.9324983964948704e-19,1.566610214065833e-11,5.707217747780958e-16,7.847803153936752e-15,5.660798070720197e-16,2.75343858327842e-19,2.6609439978716262e-19,4.945270317504139e-16,4.841765435599411e-16,1.0487416249838797e-15,3.1726853812582156e-19,3.770533225244571e-19,2.7836343692576847e-19,5.720560979122119e-16,2.4090285306850675e-19,3.823309985526724e-19,5.955121902273599e-16,3.7298965954886373e-19,4.676870798701908e-19,9.560713306863752e-16,6.463390859085145e-19,5.756339744418485e-19,6.266221471692707e-16,5.2398203337413e-16,7.79887270405806e-16,7.848035277880982e-15,1.1281518670756858e-19,5.476893232378875e-16,1.5665974059764673e-11,1.1841584454768607e-19,4.821843834192687e-16,5.916621998556041e-16,5.003485162247686e-19,2.1981264814979785e-19,9.926884963275628e-16,5.051665097888915e-16,6.000176785088501e-16,3.6445116996818577e-19,2.9719527716702672e-19,5.93467283359355e-16,2.7526279532409116e-19,2.311118482130821e-19,5.959279708701666e-16,6.255485348886856e-20,8.824792626621613e-16,2.9682778877513224e-19,3.3143568366527124e-19,6.523262817223518e-16,2.995353465451571e-19,4.861993946126618e-16,9.678134397907893e-19,5.504818571981594e-16,6.508616404017292e-16,1.5666142264883047e-11,5.186291686392546e-16,7.848050072828071e-15,2.75092821786651e-19,5.764921310991039e-16,4.93533431547454e-16,3.555044882462092e-19,5.66532007243705e-16,-2.3872777549144533e-20,4.227334945651697e-16,1.5665948336590176e-11,5.715720289588293e-16,9.841829672773346e-16,5.27082877452757e-19,5.977796889077318e-16,1.9384016908403772e-19,7.848182710910166e-15,7.848314972564176e-15,9.937461076621184e-20,1.4833833181989983e-19,4.87961749823476e-16,6.610310600774047e-16,1.566614924488312e-11,3.8950464294001036e-19,5.051699332911535e-19,5.169452226137917e-16,8.141336518443156e-16,7.84815694582618e-15,5.455365559834689e-16,1.566569316286106e-11,1.566626506317216e-11,7.848053146101823e-15,7.848272708064794e-15,2.7621780081684143e-19,9.242064918509088e-16,7.165930180098777e-16,3.744608191872869e-19,5.698569776407544e-16,1.5665416265416447e-11,3.774447677659345e-19,2.8171738286873067e-19,6.628674088155674e-16,7.848271189045467e-15,1.3791965077022494e-19,3.3321870783508834e-19,7.848163464026021e-15,5.284218182821367e-16,7.966941987154303e-16,-1.4402637126210024e-19
3.9318451963562525e-12,2.5830178802029163e-16,3.5069476354466235e-19,4.626975230915647e-16,3.0787222767676884e-16,3.4606764750366594e-16,4.3201396659551513e-16,-2.084202599074165e-19,6.245699879283377e-19,4.3691147095187405e-16,3.990975220248009e-19,7.193824791095074e-13,5.613213015500646e-16,3.7576956786245538e-16,2.4991405300629083e-19,2.294962072947905e-19,2.0333617641725644e-19,5.496146136434735e-16,2.2655095376184283e-19,-3.271175247910293e-20,-2.0649198469235941e-19,4.2879702260110503e-16,4.2307133330043936e-16,1.8750883935491323e-19,1.524878326117734e-15,4.501369205032678e-16,3.0444504205104415e-12,3.6230348131558186e-16,1.5249356192867215e-15,3.646961726082865e-16,1.5248538084709985e-15,4.127134187514107e-16,1.7134488082791672e-19,1.2354671517933573e-19,3.02651599498554e-16,3.2533086069030925e-16,3.3564564906571655e-19,4.811687365297024e-16,2.6050662782668846e-19,2.0344557131309417e-19,3.347622842308206e-16,3.477607829798882e-16,4.1237158319335035e-16,2.462109258081191e-19,3.605390387265028e-16,6.076909095815849e-16,6.223791485595887e-16,1.9593824335921948e-19,4.978454323912213e-16,4.2622119013056687e-16,7.798750811172037e-20,5.450813270773941e-16,1.5248270920103798e-15,2.891429342667428e-19,3.629750352782855e-19,1.5250136539044781e-15,3.32971651378194e-16,1.321059387124857e-19,2.095650435726511e-19,9.368784812254106e-20,3.705228198567167e-16,3.5683080218899375e-19,3.6102541608404596e-16,2.0602632779909224e-19,2.618616269620614e-19,-1.0655362515414044e-19,2.5085869037505417e-19,6.964016181584898e-19,2.477593388159759e-19,2.2782097620134007e-19,4.453089467937427e-16,5.795389931993132e-16,1.024178595969165e-19,4.3086161182106826e-16,3.9904465900498264e-16,4.003037871753996e-16,3.6108190621462565e-16,8.619106831840726e-16,2.3039722678976085e-19,3.9701851421952386e-16,1.52508159217579e-15,3.976644638099436e-16,1.5248338056970076e-15,-1.6644315385353935e-19,2.4066197347444793e-19,4.469392191183101e-19,5.028627371207795e-16,1.9479754598162267e-19,2.8166440017652663e-19,3.170784601815104e-16,1.5252601575434639e-15,-4.913160323739006e-20,6.979852938983847e-16,4.030450569781244e-16,3.86131911622365e-16,3.0183937506421964e-16,1.5249961423740517e-15,1.5250105463603577e-15,-7.936290094192718e-21,3.081028601051364e-16,3.355823591660194e-16,4.0794115949608706e-16,1.525306983588144e-15,1.1869409661511472e-19,1.1860442444702428e-19,3.593324888206264e-16,4.753872469591817e-19,3.044053858058076e-12,3.720407213956887e-16,1.5249070030648275e-15,1.5250737778554704e-15,3.0441237189655348e-12,1.5248766148443675e-15,2.668055448795216e-16,2.629681565753522e-19,4.940891247861263e-16,4.4740162481185e-16,3.346382713589452e-16,1.5249638510663076e-15,4.6040298986863415e-16,2.596071085544e-19,3.1891380299882684e-19,1.5249695882064305e-15,2.9222205960880034e-16,9.33725040397635e-20,1.5250887424289561e-15,2.2221021482289983e-19,5.1153302636099e-16,4.578538139677653e-16
-4.8100626582349136e-11,6.788869979763605e-16,2.5131981995722074e-19,9.921696057578427e-16,6.347261527210213e-16,4.1697084744401265e-19,9.364643301752141e-16,3.6674227757280497e-19,7.517916653372045e-19,9.081078254423367e-16,1.2308906076669414e-19,5.613213015500646e-16,7.212685009053533e-13,5.035770277069209e-19,3.8987329337467977e-19,4.576412690889522e-19,6.686400836793889e-19,1.1062637331796181e-15,9.833562233302625e-16,3.2893296672041306e-19,1.0915594244158947e-15,3.5375490309071743e-19,3.6992205885793225e-19,7.53240288569972e-16,-2.453145193317248e-14,8.379123768343645e-16,-4.896701695769524e-11,8.061798464319432e-16,-4.896712211597974e-11,7.93928916598725e-16,-4.8968037874402626e-11,5.79604768717246e-19,7.458874218679954e-16,6.889091777920367e-16,1.477130186936398e-19,6.744758705563461e-16,1.4585758158003273e-15,9.783998016929264e-19,9.436288350938631e-16,9.658520783159495e-16,3.7469616318314656e-19,4.379826671977784e-19,9.068333645224261e-16,8.281004201926693e-16,7.683369091097604e-16,7.699468251719822e-19,9.086279900530165e-19,7.670043895504325e-16,1.0702983290776531e-15,7.180977555325377e-19,4.0269869818636506e-19,1.1003938356844234e-15,-2.4531642229480863e-14,8.945632114047052e-16,7.892905129084823e-16,-4.896730080192219e-11,3.8537567484194833e-19,5.016720135211315e-19,6.65927547983722e-19,1.0774431293979535e-18,6.861679100591541e-19,6.946497419489241e-19,3.355873723751446e-19,8.40358112230548e-16,5.857862835921661e-19,7.87617935196855e-19,8.224928988679613e-16,6.186060319250335e-19,3.328110965281001e-19,4.892126300932409e-19,9.019983613920647e-16,1.2332774619135806e-15,8.797007146736239e-16,3.79278965333629e-19,9.005780550902631e-16,5.163477186812981e-19,1.6895884953516883e-19,1.6866216692394983e-15,3.908745427499817e-19,8.955753403024417e-16,-2.453107912367288e-14,7.423938623352072e-16,-4.8968154623561536e-11,3.025173765674414e-19,4.486988708082249e-19,4.2655968975516294e-19,9.593041766641735e-16,7.982321651668575e-16,1.483187850778508e-19,5.978350332757063e-16,-2.4531445281863737e-14,2.4084634342599537e-19,1.4035237200174994e-15,7.424982291511584e-16,4.673546560765431e-19,4.0605901932722587e-19,-4.8967552095649165e-11,-2.4531556094235432e-14,6.3651598821721735e-19,6.7148354063521305e-19,6.877513985248432e-16,6.586184026115761e-19,-4.8967016658732076e-11,3.3187043928235425e-19,3.9271293830081436e-19,4.01869633037414e-19,1.144711218272285e-15,-4.896789136684115e-11,7.623017987790662e-16,-2.4531751003200728e-14,-4.8966897419800454e-11,-4.896779874862229e-11,-2.4531383001701508e-14,1.8008771557845976e-19,1.2800137238250349e-15,1.0071426518737623e-15,8.426892685415671e-16,2.938693302459194e-19,-2.453159606939643e-14,4.641946789497064e-19,3.8877980447527025e-19,9.281195543914233e-16,-4.8967473188997886e-11,-1.2600894126028383e-19,8.954100001627206e-16,-4.896773466606166e-11,7.502123892210791e-16,1.1092597972061953e-15,1.028866071792447e-15
