1.0000000000000069,2.8809326302298716e-11,-1.3950808325502092e-12,-6.7350996912643266e-12,1.6773900398909e-11,-4.704530875285323e-12,-7.744172182116696e-12,1.1256828452528207e-12,-6.984969439681369e-11,1.3918149609176256e-12,1.0000000000203502,1.2938964274896509e-11,0.9999999999425376,6.101869068664506e-12,-1.6509103312547152e-12,2.5702071354044546e-11,1.0000000000332343,-9.447079908012292e-12,1.627393060895602e-11,-1.0309891837766958e-14,-1.5326213537440245e-11,3.141103392076643e-12,-9.319432614399098e-11,1.0000000000254188,1.000000000033691,-1.1200236238437548e-11,2.1170910393734163e-12,3.1615586082535275e-11,-1.9502586005710335e-12,-1.8500035242749646e-11,3.6965854876834284e-12,-2.458652889135512e-11,3.891239717551814e-12,1.4787465442191047e-11,-2.8546015204654815e-11,-6.3824150047188365e-12,1.5212200893707213e-10,2.9153000729985085e-11,-6.619944983110512e-12,-7.899116566629838e-11,-5.590905436591658e-13,1.0885622619328197e-11,-2.4777583484178596e-11,1.0000000000319558,5.646520260089243e-12,0.9999999999999915,-2.2179287972003044e-12,-1.6744709670022302e-11,2.250549722535268e-11,2.5514967736268425e-11,-4.529780493777082e-13,-4.3660146467369e-11,-1.533704250502972e-11,-7.727105260901324e-12,-1.0383025791986094e-11,-1.862988943218301e-11,1.0000000000414266,1.0000000000222389,1.0499142617990707e-11,-4.68539786108247e-12,-8.68014319414311e-12,4.938520203340085e-11,7.870320060508178e-12,0.9999999999642124,9.466507231683207e-12,-4.450411606037777e-12,-5.388240512799736e-12,1.8313215711263703e-11,-4.531714352243213e-14,-2.1887019230084914e-11,-9.56593494884929e-13,-3.582677393440432e-11,1.5551085763575446e-10,-3.895706256623137e-12,-2.0594354140497357e-11,8.731785221171174e-12,-3.3618678282523413e-12,-2.0610840191685417e-11,1.0000000000081373,1.1218419619483717e-11,-6.148574643653888e-11,-1.1357269455566574e-11,2.3106006737262105e-11,4.908444576206956e-12,-9.160131057273319e-11,6.284614175941647e-11,1.000000000025557,2.259889881190163e-11,-5.626780018899682e-12,-2.3312247906421192e-12,-1.960036673863761e-11,-1.4124654505762357e-11,-1.9332940480661158e-11,1.0000000000285105,-9.268011515183304e-12,-2.6179521450154845e-11,5.6670435867328776e-11,-1.4749227577481505e-11,2.7860933984476438e-11,-1.6741882916344895e-11,-1.2418031209399607e-12,-5.627560768874058e-12,-6.375439426541805e-12,1.825774786455023e-12,-7.293399980013447e-12,-1.6760305935798856e-11,-1.9744372855642454e-11,1.8360653852869644e-11,1.0992829666964675e-11,-9.769452217592343e-13,7.98494411282179e-12,1.000000000021686,1.67625325867424e-11,9.020082607643098e-12,1.0000000000262668,1.0000000000200118,0.9999999999593718,-4.5869125000945666e-11,0.9999999999377491,0.9999999999843243,2.7495342689929493e-12,-5.939655000461925e-12,-6.368300157950239e-12,-4.675802007184634e-11,1.3024425372092026e-11,7.039059281120696e-11,2.421629777242037e-11,-4.665875515225738e-12,1.0000000000145581
2.8809326302298716e-11,-7.992135138230636e-14,-9.668121939704801e-17,-2.807632550262345e-17,-1.1325514510277268e-16,-4.022059446509055e-17,-2.0882110599694712e-17,-5.8740309205641674e-18,-5.3955116387579083e-17,7.4552545375591e-18,2.935115342669948e-11,4.918069405365779e-19,2.935129801524494e-11,1.8323214567099172e-17,-2.170838728957232e-18,-8.815905979025501e-17,2.935141953511802e-11,1.5886022861178686e-17,-1.0522481641677932e-16,-4.3977604664093845e-17,-1.640835946039239e-17,1.0690743205010557e-17,1.243779336228057e-17,2.935137312383369e-11,2.9351603172481946e-11,-8.591461643115759e-17,4.625436572833919e-18,-4.5850891810033816e-18,1.0439224919174803e-16,-2.1176879254015522e-17,-4.953109799467319e-17,-1.0999620549609075e-17,-2.4634565393307586e-17,-1.3893314386191483e-16,-4.4109603784650124e-17,-3.217496713394738e-17,-2.1134127175973072e-17,-2.806618237932085e-17,-4.214065723343531e-18,-7.276075918014944e-17,-3.048623665976399e-19,6.005924936317624e-17,-1.9464229159823838e-18,2.9351201577155995e-11,-2.8446004218152965e-17,2.9351203929889455e-11,1.2312231167837136e-17,-2.976690335760568e-18,5.552343448606808e-17,1.982358034965976e-17,-3.1182184000569307e-17,4.1847000721091846e-17,3.0832379312762033e-17,-2.9117816217378905e-17,6.646076258202514e-17,-7.012313486926336e-17,2.935146959143837e-11,2.9351342061559486e-11,3.9015783015331255e-17,-2.284321026374005e-17,4.1905833576206785e-17,3.593154149573585e-17,6.543303167144541e-17,2.935126390776115e-11,1.3316283246520311e-17,2.1698095704759672e-17,9.827236788630965e-18,1.8169073682880533e-17,1.4691272347885385e-17,-1.1097528425939919e-18,2.826995727131004e-17,3.3092027471931285e-19,-2.9458613363161404e-19,-2.0707325387562428e-19,-2.3275627112032242e-19,-1.3856566142816658e-19,-6.476881976521913e-20,1.1958548215951345e-20,1.470429822291655e-14,3.3453612764146106e-20,4.614845434173939e-19,-6.179344920149689e-19,5.556295187094508e-20,5.870464218251098e-20,1.7054718481839092e-20,-1.239486355426646e-20,1.470418756231657e-14,-1.789166239146118e-19,-3.550414297292927e-20,-1.7614415116529472e-20,-4.373820417750796e-20,-4.718500615334138e-21,8.364148886599804e-20,1.47043680915875e-14,1.4477426557553378e-19,-2.7025325435248328e-20,-5.44457112336949e-19,4.955394807212384e-19,4.181527538334588e-20,-3.0016401620119203e-19,9.874115376639586e-20,-2.6536376284991128e-20,-1.1106923345129735e-19,1.359679114083529e-20,-1.2931719644514643e-19,5.615062426620106e-19,-3.5575399384850815e-19,-1.2021360076353734e-19,4.660933084965658e-19,2.7418469388687757e-19,3.3733420942292965e-19,1.4704542806956657e-14,2.6426545488587163e-19,5.372003377426874e-19,1.4704277128020822e-14,1.4704279156467477e-14,1.4704280685364947e-14,1.3379779125831763e-19,1.470392077812614e-14,1.4704568664097616e-14,1.2275025697746824e-19,-4.82468314216337e-19,-3.367178496892106e-19,2.310033972038623e-19,4.78014597605991e-20,6.340325914925348e-20,1.0866110504436742e-19,7.434937124649145e-20,1.4704207630315858e-14
-1.3950808325502092e-12,-9.668121939704801e-17,-7.061163433308767e-14,1.8640978284608217e-21,-7.135235628809635e-17,-1.17542214973087e-19,-1.448848701447741e-17,-1.4985896918773788e-20,-7.501605794101481e-17,-9.73997930382707e-18,-8.554173873542722e-13,-7.382023374800443e-20,-8.553420877002206e-13,-1.3578786482464533e-19,1.104365602784693e-19,-3.52879030766877e-17,-8.551747489747053e-13,-5.515509007663548e-17,-8.459189415620633e-20,1.3167519260822348e-19,-8.992256711412863e-17,-4.490164369951259e-17,3.1378743278240325e-18,-8.552247089769083e-13,-8.550002287937229e-13,-6.512670924616245e-17,-8.432652046359146e-20,-1.4006829744093805e-16,-2.1567612263457993e-17,-1.2221562712827564e-16,-1.9346620361617615e-17,2.2109261402477987e-22,-4.3551702540320886e-20,-1.6138916649399882e-16,5.935247970388205e-20,8.936812754935581e-20,-9.007837537007057e-17,-1.0944727201794881e-16,-2.5779115172046318e-20,-9.160674337545324e-17,6.260274883785847e-20,-6.519064328581329e-17,-1.9858815435120263e-19,-4.284321477911384e-16,1.6112886484632149e-19,-8.553511058162418e-13,5.0903440989242506e-20,-2.8144588478332983e-19,-4.8614474410202135e-20,-2.1907739262938054e-18,2.7181558114399686e-20,3.5340811196665368e-19,-9.274432555987802e-17,-6.114780518965815e-17,-7.161075019791541e-17,-1.1195982843662592e-16,-8.551074715214707e-13,-8.551763742420597e-13,2.487957246562885e-19,-6.397671091097328e-17,-1.6321375330700427e-18,-7.879460673198863e-17,-3.742406727836286e-17,-8.553434406501733e-13,-8.625368995237114e-17,-3.671372069402769e-20,3.1707251409864986e-19,-5.494178022820693e-20,-6.185992338802134e-20,-1.1805475866165428e-16,1.04682593976045e-19,-1.2280753937408013e-16,2.2222888468810072e-17,-6.20118849329453e-17,-9.844436961317383e-17,-5.424624880420566e-17,-9.15749401654072e-17,-7.468720978473887e-17,-8.552836904045569e-13,-1.1540114448595662e-16,-1.4514926800898446e-16,-1.0238938888236004e-16,-2.764531983281167e-18,-5.0399225635682256e-17,-1.2506427479138625e-16,-9.538941056652264e-17,-8.550650348221114e-13,-1.1775297653959374e-16,-3.2132190203600905e-17,-1.0576599300997178e-16,-3.6684261742951435e-17,-3.7170103867438978e-19,-2.0414413903487375e-20,-4.284169601240984e-16,-8.924707994408512e-20,-2.4472264965818213e-20,-4.1367198171540413e-19,-2.007207615553624e-19,-9.612862537272232e-20,-7.9008010096199e-20,5.542670587247632e-20,1.147603174336992e-19,1.6593608349138075e-19,-5.2157749938737956e-20,-3.7956922179451327e-19,-3.5147896438550583e-19,-5.570088471122923e-19,6.338653754700535e-19,-3.9168372420895917e-19,-8.794029577842236e-20,6.244523502451386e-19,-4.282295922399816e-16,1.0451826639177489e-19,8.303022512952551e-20,-4.2887273799392505e-16,-4.284560692855674e-16,-4.284526631232627e-16,4.701423138552887e-21,-4.2866594975249993e-16,-4.2836667087898585e-16,2.7005318976582593e-20,-7.868137912069858e-20,7.377429628636378e-20,-1.2029325217804546e-19,-1.0040659550944451e-19,-4.0648946265251656e-20,-3.382181885587987e-20,3.504467540711654e-20,-4.284832473413023e-16
-6.7350996912643266e-12,-2.807632550262345e-17,1.8640978284608217e-21,-7.047219234531943e-14,1.252939053631745e-19,1.7158659440508344e-19,3.0410906009066005e-17,-2.4731434002057967e-18,-5.333627585500134e-19,-2.4459530027005453e-20,-3.1010710300281485e-15,-3.943787001462857e-17,-6.190253253675768e-12,7.360300596595983e-17,2.5820435975385875e-19,3.76783094853302e-20,-6.19007649713078e-12,2.1262719438604927e-17,-5.597092323200002e-20,-5.879647413847508e-21,1.922154568807301e-20,2.1324817764134952e-17,1.0964361142223755e-19,-3.1006674356811585e-15,-3.1008806840871604e-15,3.755176481224344e-17,-1.9800536065530663e-17,-5.1031843224560485e-17,-9.922537027884513e-18,-4.676491032161914e-17,2.4417241106046266e-17,-2.363018132914248e-19,-1.954176064232885e-17,-5.782392346888475e-17,-1.7380706294082887e-20,-5.384143188862968e-19,-3.342546125104048e-17,-1.715625485411484e-17,-4.385636009920564e-17,1.4097069672361252e-17,2.4426295218831983e-17,2.0685910867857455e-17,-3.519587798100116e-17,-6.190277451628877e-12,1.2917859482414587e-20,-3.1010887855315383e-15,-4.637338976022594e-19,1.9799405994709382e-18,5.1737943190190185e-20,2.0533839584893912e-19,4.4221068924249075e-17,-5.069796943936413e-20,4.47361242459999e-19,5.390370496807807e-20,-2.49750139662659e-19,1.4115480117661016e-19,-6.190008775667706e-12,-3.1011625472801934e-15,1.9802675965112518e-17,3.206829123038287e-17,4.560693189590894e-17,-4.836982774246579e-20,1.563849329397902e-17,-6.190338431725813e-12,4.127779092615557e-17,6.693137237078219e-18,2.097420268994235e-17,-4.638361837241318e-18,1.7899115410458092e-19,7.37688109390226e-17,1.6547328882921397e-19,7.116707824048654e-20,6.187521765492607e-17,2.66955524246687e-17,-1.2920238546673141e-20,3.7552016012586427e-17,2.080082538836365e-17,4.771131692394512e-20,-6.190268590759223e-12,-4.070019979257741e-20,-4.227193457175074e-17,6.930335160323114e-18,2.7170188546529538e-17,-1.5550611072580112e-17,-1.5349393796809271e-19,1.0849365179599268e-19,-6.189993918025475e-12,-2.6476704421099483e-19,1.2162213402934412e-19,-2.6620734451464893e-17,-2.7748293548695503e-21,7.106281511450305e-17,1.1124711592567874e-17,-6.1900964489401466e-12,-2.609644850087413e-17,6.777285325077476e-17,1.0511028835720204e-17,5.733233380408996e-17,5.1179804657195944e-17,1.7093063724437086e-17,-1.3577172603651413e-18,-5.830151735977314e-17,8.536924750584099e-17,8.055505747825238e-18,3.7745710937667046e-17,1.3059537494254318e-17,1.4302666230473385e-17,-3.675085801759294e-17,-2.328767270600761e-19,1.474208664748685e-19,-2.885382103875384e-19,-3.101037786972822e-15,1.7828623758934239e-19,4.1198424266567695e-21,-3.101059301680003e-15,-3.1010058522071968e-15,-3.1012314735411546e-15,2.994150490604203e-19,-3.1017960999738153e-15,-3.1010218464408e-15,1.0489689178062137e-19,-2.8750421851620657e-19,-2.6270628201263857e-19,1.8116977652494301e-19,-2.7400530860411456e-19,-2.2995121641935274e-19,7.022284707804765e-21,1.0242406777497122e-19,-3.101173849600777e-15
1.6773900398909e-11,-1.1325514510277268e-16,-7.135235628809635e-17,1.252939053631745e-19,-7.011815077235682e-14,1.1581940364839305e-16,1.9042214283695728e-16,-3.0276161945478947e-20,-1.9758807556648292e-20,2.034467672177052e-16,8.67328849160247e-15,-2.790514102050006e-16,8.67360829128083e-15,1.5102116859684677e-16,-1.2818907722372038e-17,1.2890482810109e-16,1.7313489217146544e-11,2.2187247981682314e-19,2.453919003334523e-19,-9.410820305782892e-17,1.317456596880182e-19,3.2770805912331624e-17,4.703848954554344e-16,1.73132848117345e-11,1.7313705011525572e-11,2.0715480620292364e-16,-2.953930454541935e-19,-2.5533931519842775e-16,-7.466157623011131e-20,-2.1290826385008087e-16,1.8896988796986134e-16,6.46575545886768e-19,-2.250825235215047e-16,-3.2357291060176583e-17,1.6280675501634537e-20,-8.917721075679163e-20,-1.8135757200646162e-16,-9.493063726768626e-20,-1.9190176398871091e-16,1.317260878712476e-16,-1.4930596795793105e-20,-8.75945867255424e-19,-1.7665762698423587e-16,1.7313293733335948e-11,1.0491463133041777e-19,8.673372561293662e-15,-7.499940174793948e-20,1.7288777463599777e-17,-2.6873683468750986e-19,2.0633431154306437e-16,8.924441801167201e-17,1.2216455589060272e-19,-7.985453380691737e-21,-2.2284434286543604e-17,-1.3894303977941254e-16,-8.449487193729709e-17,1.731363000429144e-11,1.73135652616155e-11,1.6131990047201372e-19,5.872589697826681e-20,7.53676312203746e-20,-3.7520376658058386e-17,-5.1680776221331524e-20,8.672945307983087e-15,-1.0682935443724841e-17,2.350374087382001e-19,2.6486874025086946e-19,-9.207790196153018e-20,1.7703491148639432e-16,1.1612281302321253e-20,-3.54355246892269e-19,-8.659217406949147e-20,5.064668637646882e-16,1.9674399285862634e-19,2.8088352799700305e-17,-1.1253823322178225e-20,1.1514232443671036e-17,-2.5902393857925455e-16,8.673379294187281e-15,3.4532179347773114e-20,-9.47524469581597e-20,-2.4807334028596743e-19,2.824848435929368e-20,-2.006128298381514e-19,7.321835018511e-17,-4.3580242132565515e-20,8.673777180300426e-15,1.9153469416755215e-20,7.096940078054231e-17,9.078829023380812e-20,6.129378277118299e-17,-1.9784545513771456e-19,5.915573251807586e-17,8.673617775693952e-15,-6.273342857335839e-17,-6.79686650920869e-21,4.873163866299937e-18,1.8163190850464235e-16,3.2414305708472665e-19,4.898599496314496e-20,-5.809518128474779e-20,1.901731485013824e-19,1.5432820945401313e-19,-4.098180620437383e-17,1.1322382805542914e-16,-2.5279342568529976e-17,-1.2386221524873823e-19,-2.1523751424387357e-16,-1.3819833222126015e-16,1.5456686841295398e-17,-1.177973162078799e-16,1.731365391971209e-11,-8.256028659910538e-17,-1.2635505632487493e-16,1.731362969001638e-11,1.731356510793831e-11,1.7313105408557977e-11,1.3219949208328832e-16,8.673343782742245e-15,8.673782680516002e-15,-2.2364472803785577e-20,1.2928356496496467e-19,-5.3018321602139075e-20,-1.3457369830446596e-19,9.612354484203514e-20,-1.5802436683496566e-19,-4.0528731073990836e-20,1.0334287793795433e-19,8.673376631239296e-15
-4.704530875285323e-12,-4.022059446509055e-17,-1.17542214973087e-19,1.7158659440508344e-19,1.1581940364839305e-16,-7.986714362575577e-14,1.8720611252580163e-19,-3.8449272016879194e-17,-2.686425273661998e-20,6.071192152647869e-17,-2.0884316812357052e-15,-2.3182571119170994e-19,-4.16857756127185e-12,4.8025291381809534e-17,-7.346245578207993e-20,-2.2354772558586665e-17,-2.0879997749877502e-15,3.9662773589148093e-19,-2.6622424723796442e-17,-4.1050774444523987e-17,-5.167022837880518e-17,-2.718891070363924e-20,1.4378885324462617e-16,-2.0880449623879713e-15,-2.0884032284240843e-15,5.488274369620811e-17,-8.860177104502406e-20,-7.85646324856437e-20,-4.919476842384568e-19,-9.871377169168632e-17,6.267375208016044e-20,1.0414156477795373e-17,-6.607782007023901e-17,3.1449031245490586e-20,-2.4702835589564572e-17,2.5411802556907324e-19,-2.6654558976447403e-20,-5.162140199829806e-17,-4.636621289212729e-19,-5.495723053928562e-20,-2.0271511599844808e-20,3.2648680255277964e-19,1.9103959887535151e-19,-4.1685738637749354e-12,1.1358547157196993e-21,-4.168670982088501e-12,-1.292191035361867e-19,-9.104251191913902e-20,1.0197306908051635e-20,6.529729908088143e-17,2.2395360551534045e-17,-7.659760908802131e-20,-7.139033274097426e-20,-3.6022526254734157e-17,-2.806576240817784e-17,1.1000609790363355e-20,-4.168250033028601e-12,-4.1683940218091295e-12,-2.2173970564520354e-19,-3.080678771672105e-22,2.881522410884328e-17,-3.8278513752115147e-19,-2.537619090833157e-17,-4.168657725472219e-12,-1.4096093813017266e-18,1.156449391235751e-19,-1.9516217812253294e-17,-8.135069388392247e-20,3.303361234017839e-17,3.146087750540758e-17,2.0711713396986672e-17,-3.5639512350218195e-20,2.2485414649781207e-19,5.024135014791365e-20,-1.098620577274256e-19,3.1935444404678933e-17,9.232210040551951e-20,-8.009863728403691e-17,-4.16855740026539e-12,-8.671686673359793e-20,1.037687171080021e-18,-2.5647631947451577e-17,-4.781931855379619e-20,-3.9764798978884636e-17,-2.7128559390466114e-19,-8.320503612382977e-20,-2.0880574062315495e-15,-1.6262572871376983e-20,3.6843687700993574e-18,1.078896236786821e-19,2.4376904121399643e-18,7.77752224785756e-17,-2.2847354978171547e-18,-4.168374165803968e-12,-4.547390728290359e-17,-8.588386144284227e-20,4.905625767316051e-19,5.0753492400151803e-17,-2.19708828231567e-19,1.8506648707100937e-17,1.4182709147375943e-19,-8.728104372352475e-17,3.125411833894958e-20,-1.286907206724639e-17,1.593311962119701e-19,-1.4378588291688738e-17,2.9478184337752183e-20,-1.1398424942624302e-19,-7.231951811746893e-17,-4.398333434008644e-20,6.806117792638231e-20,-2.0882803183296936e-15,-1.2157373735238153e-19,1.475930586349055e-19,-2.0882218205745624e-15,-2.0882068461285565e-15,-4.168551630296516e-12,9.915840684023457e-18,-4.168634233886227e-12,-2.0883062378610144e-15,2.0407825861391127e-18,2.5488796907529274e-17,6.204568482612124e-17,-3.640110582910841e-17,-7.451965999764292e-17,-2.837433435864094e-17,4.831575067624608e-20,1.3275396481010596e-19,-2.087997215622284e-15
-7.744172182116696e-12,-2.0882110599694712e-17,-1.448848701447741e-17,3.0410906009066005e-17,1.9042214283695728e-16,1.8720611252580163e-19,-7.051385481316731e-14,6.8266219364386346e-18,-8.830059119377738e-20,5.922356386250193e-17,-7.2028207811064725e-12,-4.754375104067004e-17,-7.2027681933377236e-12,7.057653364765333e-17,4.90267766188516e-17,-4.9224300588533485e-17,-3.608140833097478e-15,-1.3510976656183497e-20,2.437691900110771e-19,4.578187591829306e-19,-2.6166653787856495e-17,-1.044803164901604e-17,7.073811663533945e-20,-3.609297192680319e-15,-7.2024429102459646e-12,1.0519890577380179e-16,-5.810233785871042e-17,5.85234392315329e-19,-1.4173497005615147e-16,-7.287027280790497e-17,4.1899182212635845e-17,2.187542270185214e-21,2.6075577892356264e-17,-1.4885116103586425e-17,-1.4434693791068636e-19,-7.716132201161949e-20,-6.510232872428955e-19,2.054093709608279e-19,1.89368111353847e-19,-5.551417597349675e-19,1.4149904985474188e-17,-1.6977426170351918e-17,-5.2006028292738335e-17,-3.608230980676327e-15,-2.057203834893105e-17,-3.6082238682057534e-15,-3.8747962177017325e-17,-9.363620170377977e-18,-8.725876044694086e-17,5.622032563128814e-17,1.3719414466098332e-19,-8.431823683335514e-17,-2.172856850284708e-17,-5.508861198492298e-17,-1.6047984246833056e-17,1.4939629970803645e-21,-7.202453452112054e-12,-3.608368598680782e-15,-1.8059876263351685e-20,7.802940255486304e-17,6.61206077551103e-18,1.3684862956933655e-19,8.718183040015838e-20,-7.202898979448067e-12,4.9764953693476405e-17,-7.404049034769943e-17,-3.851300034495648e-17,1.2232743047185076e-19,-1.156009856398096e-17,1.1630959474173664e-16,4.259660807432501e-21,4.738630429290475e-19,6.42856462284913e-17,4.5107539939464146e-17,5.580793734400962e-17,3.7596499208929043e-19,2.5750389722953572e-17,3.77262411891456e-22,-7.202822900647408e-12,-5.175328059504466e-19,9.408823098607044e-20,-1.965156728679821e-19,-3.29074194743193e-17,-4.700283056028967e-17,-4.823663143642246e-20,4.771843599080109e-17,-3.608401024093027e-15,-2.886686977691546e-17,-3.743948784372938e-20,9.113308619660215e-20,-4.730760846434068e-18,8.054260678584747e-17,-2.436448093837653e-19,-3.6083666578627255e-15,-3.7913889867125383e-17,3.058390281197816e-19,1.5801296195515154e-20,6.370094314384476e-17,4.812447549292258e-19,4.1497432131647517e-17,-6.681293891843775e-17,1.91471635126826e-19,1.4335371104722912e-16,-1.7885324279622455e-19,-2.936542076578459e-20,-6.148862003709695e-17,-7.323780825620965e-20,-6.220948109810785e-17,-6.365847586215895e-18,-6.139196909210794e-18,-2.9923622552712128e-21,-3.608210084492429e-15,-8.196203713149526e-17,-1.583657680949369e-20,-7.202582079718127e-12,-3.608327290102968e-15,-3.6080748349935726e-15,-6.051437537698919e-17,-7.2027603936890826e-12,-3.608202340094398e-15,1.4233978375495897e-19,3.8097639644225604e-17,6.595558866846323e-17,-1.8217026688441122e-17,-6.964160128335908e-20,2.184807700358999e-17,-9.616237251711161e-17,-5.15222935932738e-20,-3.608400970031916e-15
1.1256828452528207e-12,-5.8740309205641674e-18,-1.4985896918773788e-20,-2.4731434002057967e-18,-3.0276161945478947e-20,-3.8449272016879194e-17,6.8266219364386346e-18,-8.148847384290313e-14,-4.33064950831689e-17,-2.293310482299898e-19,1.6699760517286712e-12,2.474582344952891e-17,1.670096732887579e-12,2.5089209121076998e-17,8.087399568226846e-18,-7.068790464563002e-20,1.6701831281972302e-12,-1.9469235965336714e-19,1.679756996168401e-19,-4.743903033685463e-20,4.483745322827451e-20,-9.40473512513029e-20,4.01623211479866e-17,1.6701559836559666e-12,8.366718098729407e-16,-7.882317843651209e-17,9.926665558086921e-20,-1.8451965344422758e-20,-2.3290938264960146e-19,-2.650616403067168e-17,-3.1513543918096394e-17,5.371234737120223e-18,-1.0903745845991586e-19,-1.3642343091752435e-16,-4.2737827236275703e-17,-2.0645749036753477e-17,2.88778606195722e-20,-2.0463819530907335e-17,-6.125224087907634e-20,-7.41223003775988e-20,1.5521900153972041e-19,-1.6948870112510074e-19,-2.5156712823445486e-21,1.6700141579014393e-12,1.1093721347504369e-19,1.6699998330074378e-12,2.2442934469069028e-17,-5.021875981714183e-20,3.5227343748027806e-19,1.7743646813803701e-19,2.781701160705477e-19,3.927874588981384e-20,3.918161141588269e-17,-8.858465419395458e-18,7.847763120804978e-17,-7.01847906500669e-17,8.367304967978053e-16,8.368055387885325e-16,5.638371544458516e-17,-2.3690067571919243e-19,5.209543737465499e-17,5.2261581771519515e-17,1.0040571893533621e-16,8.366275630820362e-16,1.8460967032999973e-19,-5.674937345614521e-19,2.7766990629519654e-17,3.188749473231156e-17,4.305803432998464e-17,1.81610026714558e-19,-2.154737146532834e-19,1.3581705903896828e-17,3.1940945553911134e-19,-6.2814664579582884e-18,-4.573030219453388e-17,-1.4697514923492807e-17,-1.3183976805399616e-21,8.206601429732321e-17,8.366275053991864e-16,3.236790567601928e-17,-3.6777020596000437e-19,-1.363806545562612e-17,-1.348706126357231e-19,1.0019533943129402e-20,-7.595927545695764e-17,3.3381171507583516e-20,8.36170887678057e-16,4.202965820946645e-17,1.4958558641796228e-17,-4.0492987621490654e-17,9.61036324251163e-20,5.3975183440174e-19,-4.007448944822188e-17,1.670176063038538e-12,-8.668631433756383e-19,-6.508846820194878e-17,3.448834357582296e-19,7.04159985505146e-18,-2.364189483638461e-17,-5.866149761720753e-17,5.069260284393181e-17,-3.071491089281805e-19,-2.551876007724109e-19,9.604901644967961e-20,4.1194996543464235e-17,-1.2682314527218534e-18,2.2059795152412694e-19,2.2908622367766603e-17,-1.358848122465847e-20,1.402068659045591e-17,4.0719391685065507e-20,8.363471344817339e-16,-4.154372756646831e-20,-4.772101227262333e-20,8.364413310317378e-16,8.366060752747802e-16,8.368534876321441e-16,7.596304396292993e-17,1.6700334542411132e-12,8.36564264342932e-16,3.7297658840144115e-17,3.49529930461238e-17,1.1103729386446755e-19,-1.1522253687782446e-17,-2.7861135144013745e-19,-1.1667068679207551e-19,-1.332540552762454e-16,9.29326439170322e-20,8.367125217429348e-16
-6.984969439681369e-11,-5.3955116387579083e-17,-7.501605794101481e-17,-5.333627585500134e-19,-1.9758807556648292e-20,-2.686425273661998e-20,-8.830059119377738e-20,-4.33064950831689e-17,-7.99896985062735e-14,2.2136344284204475e-20,-3.472199991604364e-14,-1.2243163623773031e-19,-6.930796572453134e-11,7.325872367060956e-19,-7.390886411937641e-20,-1.5039845741223737e-16,-3.472093884650703e-14,-3.314387223336498e-17,-8.476950758303066e-17,-3.595667203333349e-17,-7.086198193541035e-17,-5.714117197422019e-17,-1.697998021206731e-17,-3.472145056433427e-14,-3.4721418882446585e-14,1.1554523840120123e-19,-9.494613066724709e-17,-8.45603918151229e-17,-1.2876581599437498e-16,2.0802161821524817e-19,-1.8416312603376262e-17,4.018638982562654e-21,2.0462316407198547e-19,-2.474726349211601e-19,9.975476942894122e-20,4.79972945911386e-17,-1.405523984736882e-20,3.295342074583655e-19,-2.918575758400171e-19,-8.384649924058873e-17,6.592663166375456e-20,-9.546800733503936e-20,-1.732782269955102e-19,-3.472194491005676e-14,-5.548360503224746e-17,-6.930807383779747e-11,9.687154677242774e-21,-6.804928003410278e-17,-1.8771539039591975e-19,-6.187779109921821e-19,4.4507646312998624e-18,-1.0685280775296223e-16,-3.723682145112195e-17,-2.9242761319567245e-19,-4.1035436358665176e-17,1.1702827030124643e-20,-6.930772223829285e-11,-6.930790516559403e-11,-6.250513888488835e-17,1.9839217913296152e-17,-3.7796603260592864e-17,-1.7460240113020591e-19,-1.0095630653489496e-16,-6.930803041936813e-11,8.588281021346335e-20,2.4752833548611013e-19,1.9683542114673547e-20,-7.868973298325405e-17,7.850502213085264e-21,1.9875282175338314e-17,1.3498615984086366e-19,-1.2126350897508778e-16,-1.1540260534827187e-16,1.1710129115437346e-19,-1.1184602245232007e-18,1.3764238243570398e-19,4.741703934901392e-20,5.363162877930806e-20,-3.472167024406403e-14,-1.3119980169199404e-16,-9.81188601520265e-20,-2.286629834334098e-19,-8.648347606390936e-17,-4.950652048151368e-20,-1.1258385781515436e-16,-1.4444498336845884e-19,-6.930779099134021e-11,-7.023249839282158e-17,5.9672229389300155e-21,-5.348524293125143e-17,-8.381785337732812e-21,-2.3738420209034067e-20,-3.7438955683901637e-19,-6.930787997084083e-11,-1.459340717937227e-20,1.5783178026344197e-17,1.0028849368456218e-19,-1.624701335805309e-17,-4.2736750856967414e-17,-5.474376513271376e-20,-9.143130092008293e-17,-7.904921715853533e-20,2.7344343619946975e-17,-7.32278774634534e-21,-4.8766379852458347e-17,-7.326546060258172e-17,-4.482616694941205e-17,-6.790884183490832e-17,-1.940269014308982e-21,4.656958772071689e-21,-9.187231416149579e-17,-3.47214230797839e-14,1.4025324370010579e-19,1.9342037246960733e-19,-6.930785799731163e-11,-6.930774698683497e-11,-6.930792898576792e-11,-2.020852228340986e-19,-3.472190783007123e-14,-6.930784273768241e-11,-2.3654882968039233e-20,-5.0585751924831984e-20,7.834480664965872e-18,-2.872128600302974e-20,1.2186661694819604e-20,-3.2765648658969154e-19,-1.3014323736577593e-19,-4.365576492309966e-17,-3.472167370406436e-14
1.3918149609176256e-12,7.4552545375591e-18,-9.73997930382707e-18,-2.4459530027005453e-20,2.034467672177052e-16,6.071192152647869e-17,5.922356386250193e-17,-2.293310482299898e-19,2.2136344284204475e-20,-8.138666136083909e-14,9.705963084384064e-16,-1.3482981041523465e-17,9.701078930586532e-16,1.062679991437822e-16,7.422930066513611e-17,7.985224403964937e-21,9.705871708622484e-16,4.566787773874075e-17,2.884766058508058e-17,-1.6446014909957664e-19,2.694801398465089e-18,4.226312122589053e-17,-2.1698079160549192e-20,1.9371260012842027e-12,9.705255775379267e-16,1.0930509337227595e-16,-1.7137588169696088e-20,-2.5635164240083764e-17,-1.5342180331119143e-19,-2.1919464914625855e-19,9.213852452538275e-20,6.148661558305439e-17,7.324954360280829e-19,-3.631360824870862e-20,-3.0209030595499025e-18,1.3453090986809015e-16,4.770013818715302e-19,1.1378780480837405e-19,5.015561084206561e-19,8.614950530862231e-20,3.0153748273188826e-19,3.8895700078841747e-17,-2.0547700643878095e-17,9.707772587507735e-16,-1.9159462432085416e-17,1.936892640351319e-12,1.4142689403021085e-19,3.626607166578746e-20,-2.9359180339676706e-17,3.277976510000677e-19,8.514549807190779e-17,1.0579506523500659e-19,1.855570293250026e-18,-2.8803721021382e-19,2.8852596448122985e-19,-4.250187427679446e-19,9.708198207325186e-16,9.704740216587172e-16,-2.903154977424646e-19,8.507851957446675e-17,6.418540843805795e-17,6.705271347065255e-17,1.6995073059056394e-17,9.70165469048582e-16,7.076718040204734e-17,1.1487251746118434e-18,-2.9019799563621793e-19,-1.7897945059332853e-19,6.730108917607672e-17,1.3580458597255623e-16,6.160413794986174e-17,-9.061450698329077e-21,1.549420747298532e-16,3.600197383316897e-19,3.50263745057714e-20,-1.4314283601730744e-19,5.698710712133732e-17,-3.333650170025491e-17,1.9370173923804717e-12,3.433634051280826e-19,-6.854352056612452e-18,3.765529172712132e-17,4.2547310999379326e-20,-7.028639420185011e-19,3.5904928908683803e-19,8.381010781067818e-17,9.704836275732259e-16,1.2822253371437876e-20,3.624799662950205e-17,1.899089925088444e-19,4.084860037371268e-17,2.4072760693298484e-19,-9.787605113030259e-20,9.703064128370521e-16,-2.9497995488920595e-18,8.133976102398143e-20,5.2454486005739764e-20,1.0939189343129696e-16,-9.010660473296502e-20,6.29244884193186e-17,2.1987350897840876e-19,-5.231656994820453e-17,-5.964755789606074e-20,-3.1254578509381125e-20,6.206185382503006e-17,1.5590514365845104e-17,-2.6389028222041177e-20,-2.958217878201963e-17,3.8571895012062573e-20,1.3657187460311777e-20,-7.806426220105771e-18,9.699491832094787e-16,-6.888184861631897e-18,2.991859354708705e-17,9.704082116518206e-16,1.937348353956962e-12,1.9370622417413802e-12,4.1698875423986073e-17,1.9370019265975582e-12,1.9371838234742357e-12,6.820667803417167e-17,9.688915227784765e-17,4.1069245557191437e-19,5.107214637087575e-20,9.915269049800938e-18,-6.06195902338316e-20,1.7079709282142052e-19,3.735658768347893e-17,9.707556217598012e-16
1.0000000000203502,2.935115342669948e-11,-8.554173873542722e-13,-3.1010710300281485e-15,8.67328849160247e-15,-2.0884316812357052e-15,-7.2028207811064725e-12,1.6699760517286712e-12,-3.472199991604364e-14,9.705963084384064e-16,1.0000000000307285,6.7532275826238815e-15,0.9999999999530028,3.3313136746107056e-15,-5.555361450793287e-16,1.3141204770191973e-14,1.000000000043691,-4.459955528275314e-15,1.682078978145e-11,2.688935916115632e-16,-1.479049398909508e-11,1.84572755419677e-15,-9.266848644209304e-11,1.0000000000358797,1.0000000000441447,-5.3371737599147305e-15,2.6568908646595175e-12,3.2151050147430254e-11,-7.052086372761581e-16,-8.998290550932705e-15,2.1232281113446737e-15,-2.4049967955768628e-11,2.2217486021350928e-15,7.674993611912545e-15,-1.4029427452962346e-14,-2.922381125456331e-15,7.647739993624288e-14,2.9689699384700995e-11,-6.079895577372988e-12,-3.9304747013949936e-14,-9.075133069305894e-18,5.726042548589263e-15,-1.2140144050746515e-14,1.0000000000424194,6.191367061373526e-12,1.000000000010454,-8.372046632382166e-16,-1.6205022180882167e-11,1.1547657710670722e-14,1.3051627334609736e-14,4.887223998076731e-17,-2.1602055010451792e-14,-7.413162693071438e-15,-7.184753336314644e-12,-4.930473667747935e-15,-1.8088261431321627e-11,1.0000000000518838,1.0000000000327025,1.1040967167557237e-11,-2.073632794235195e-15,-4.078134196705542e-15,4.9924410880201914e-11,4.209532517751546e-15,0.9999999999746783,5.013274236953349e-15,-1.9557798102297148e-15,-2.4283084953707947e-15,1.8847508113315195e-11,2.5136802630120865e-16,-1.0694624245209606e-14,-4.131071035498285e-13,-3.528823519699632e-11,1.5603894147599937e-10,-1.6782426861718524e-15,-1.004493239576792e-14,9.271164774419147e-12,-2.8257145896076496e-12,-2.0069731860604452e-11,1.000000000018599,1.1751114866701208e-11,-3.053466755694069e-14,-5.4187378706235075e-15,1.1846166663169468e-14,2.730550060620571e-15,-4.562189282818282e-14,3.174872991450633e-14,1.000000000036018,1.1590564051558851e-14,-2.547398516630396e-15,-1.78898258100542e-12,-1.9059862857835837e-11,-6.8052774517918065e-15,-9.41309143425115e-15,1.0000000000389695,-4.369792933074458e-15,-2.5644397637979733e-11,2.86628349507388e-14,-1.4209074178112729e-11,1.4228856133761783e-14,-8.11833047234312e-15,-3.511817034835272e-16,-5.083453074875091e-12,-5.834029381443287e-12,1.1877153796357162e-15,-3.3840985752457363e-15,-8.124517489145613e-15,-9.622567422216277e-15,1.8903993164131942e-11,5.774681431784364e-15,-2.1875098506411792e-16,4.275420723448488e-15,1.0000000000321416,8.668796222657977e-15,9.556860201276137e-12,1.000000000036727,1.0000000000304792,0.9999999999698367,-2.271052451497246e-14,0.9999999999482124,0.9999999999947888,1.6506127119126886e-15,-2.7061342053605904e-15,-2.920887797736305e-15,-4.622063442759725e-11,1.3569434957179729e-11,3.5530989416577255e-14,2.47541690749528e-11,-2.0647945662387685e-15,1.0000000000250207
1.2938964274896509e-11,4.918069405365779e-19,-7.382023374800443e-20,-3.943787001462857e-17,-2.790514102050006e-16,-2.3182571119170994e-19,-4.754375104067004e-17,2.474582344952891e-17,-1.2243163623773031e-19,-1.3482981041523465e-17,6.7532275826238815e-15,-7.041936381811414e-14,1.3480440768414421e-11,2.1251401312127306e-19,2.9598312597548794e-17,-1.1863348395405066e-19,6.753311295988027e-15,4.7946627637038234e-17,-1.1807898996356486e-19,-5.887832453724767e-17,8.605004409468538e-20,-4.8181967125985643e-20,5.513597436096707e-20,6.753415292986504e-15,6.7540207411381905e-15,-1.8687089514312274e-16,6.661281349020321e-19,3.0868834597576565e-20,2.519316912673309e-16,2.2047321574894583e-17,-1.1697664296886366e-16,-2.1192623366407003e-17,1.4017013759709296e-17,-2.2048135599999086e-16,-8.663743570295034e-17,-7.472296758886234e-21,-5.55662055193513e-17,-1.7072149124543218e-17,4.0906257789399235e-17,1.0675825497892796e-19,9.422249813286418e-18,1.4890354615374952e-16,4.73077024056819e-19,1.348026194079129e-11,-1.7745774724021257e-17,6.7533570303229e-15,5.481490266753315e-17,5.673220857802035e-20,1.765712655158105e-16,2.678735371320698e-19,-6.079174728650634e-17,-9.997336244878198e-20,9.999368018125454e-17,-1.8678805447802874e-19,1.555602707869266e-16,-1.0285953678619923e-16,6.753028373771584e-15,1.3480350964059442e-11,8.841986720405993e-17,-5.057846999740621e-17,5.18722061620874e-17,-1.8946386688069404e-20,1.6613345335988937e-16,1.3480447766334906e-11,2.6118709104731535e-19,7.931983474657093e-17,5.0567301419835313e-20,1.1092132268610281e-16,2.1080459056336364e-17,-1.3822038128605965e-18,6.085718056105654e-17,5.739312527990466e-17,-3.108509597201435e-19,-1.3070040225227567e-19,-4.801126220845004e-20,-6.020797317376329e-17,-1.1763343313411348e-18,1.2477046307695054e-19,6.7531624417614994e-15,6.278233305833124e-20,-3.1796367677889607e-18,4.979974652217413e-18,4.615890369803991e-19,7.57012392200909e-17,-1.3910199893911485e-16,-3.6382227889802666e-19,1.3480649969472654e-11,1.0762123754274454e-16,-3.4628534002297515e-19,3.983250364411057e-19,-2.5984967440817826e-17,-1.8049463820225812e-19,-8.399342868763954e-17,6.753282639046131e-15,-3.292606780206646e-17,3.823118620936555e-20,-4.875465073303427e-20,-4.145385678161943e-17,-7.388347172957638e-17,-1.3047837334288917e-16,1.0951992353603874e-16,-4.2582784301380454e-17,-1.8393961372236545e-16,-8.991910333334375e-18,1.7211474249884676e-17,1.2776082215235914e-16,1.758015125875629e-19,8.043836215066974e-17,3.178587605211973e-18,2.0891396224209928e-17,1.3076707056379617e-19,1.3480435791952912e-11,1.3354363680357472e-16,4.2879187341706003e-19,1.348036820132779e-11,1.3480635369217995e-11,6.753482603654928e-15,-4.38782481837384e-19,1.3480378214693489e-11,1.348046662936096e-11,-4.81890027725748e-19,5.055581970052456e-19,-1.117726225814552e-19,-9.60800480759863e-18,-1.2520181070183757e-19,-3.891552670463164e-17,-2.053451195692607e-16,-5.918089860470142e-17,6.753192820069497e-15
0.9999999999425376,2.935129801524494e-11,-8.553420877002206e-13,-6.190253253675768e-12,8.67360829128083e-15,-4.16857756127185e-12,-7.2027681933377236e-12,1.670096732887579e-12,-6.930796572453134e-11,9.701078930586532e-16,0.9999999999530028,1.3480440768414421e-11,0.9999999998751107,6.649569823775633e-12,-1.1087794412199156e-12,2.6230434672134665e-11,0.9999999999658763,-4.4607246586900866e-15,1.682080515681156e-11,2.6912295620523967e-16,-7.409917045221766e-15,3.684043312357012e-12,-4.6424665108519454e-14,0.9999999999580634,0.9999999999663305,-5.3369684675784076e-15,1.3311963370850934e-15,3.2151247063710054e-11,-7.048799151647983e-16,-1.79612819768678e-11,2.1234129437299633e-15,-1.2048096089126201e-14,2.2221013327449233e-15,7.675895568870606e-15,-2.800527397768114e-11,-5.8332378371365844e-12,7.647736058901761e-14,2.968982656690943e-11,-6.079731817818809e-12,-7.845671534542546e-11,-9.114736270919586e-18,1.1429782612796697e-11,-2.423271096863435e-11,0.999999999964605,3.101803245421065e-15,0.9999999999326412,-8.369270280328281e-16,-8.118232991586663e-15,1.1547504113209896e-14,1.3052074810438055e-14,9.7766436581655e-14,-4.3119932590092136e-11,-7.41337464465693e-15,-7.184668373338594e-12,-9.8415606881702e-12,-9.061937429858079e-15,0.9999999999740687,0.9999999999548878,5.531073211647392e-15,-4.139077131481984e-12,-8.139685872497578e-12,2.5010909767239464e-14,8.402096749134856e-12,0.9999999998968622,1.0007003478945966e-11,-1.955606732528033e-15,-4.8470598933734316e-12,9.44214243680693e-15,2.510689174791027e-16,-2.1347473237958218e-11,-2.0676201053961445e-16,-3.528808956587071e-11,7.817277095386168e-14,-1.6784649192793528e-15,-1.0044840998198605e-14,4.644764408720082e-15,-1.4154243531550899e-15,-2.0069525833847784e-11,0.9999999999407833,5.887460073393594e-15,-6.094981592294067e-11,-5.418475539777518e-15,1.1846479404532349e-14,2.730496325460106e-15,-9.10656317711359e-11,3.1748046558531976e-14,0.9999999999582031,1.1590683333688562e-14,-2.547209498497982e-15,-1.7888676981446053e-12,-1.905977816632186e-11,-1.3584773813894422e-11,-9.413157951881027e-15,0.9999999999611546,-4.3695487233351e-15,-1.2847444748980275e-14,2.866288522012766e-14,-7.118490343879685e-15,2.8402794503979628e-11,-1.620510205879737e-11,-3.506864742869931e-16,-2.5464582095549968e-15,-2.922768586038409e-15,1.187769072978036e-15,-3.3839639887108817e-15,-1.6217160562605988e-11,-1.9207412268116876e-11,1.8904167496067466e-11,5.77473108927565e-15,-4.366080148292853e-13,8.534322309802451e-12,0.9999999999543294,8.669103785247485e-15,9.557058015680268e-12,0.9999999999589132,0.9999999999526644,0.9999999998920223,-4.533257873558617e-11,0.9999999998703993,0.9999999999169756,1.6516191080342546e-15,-2.7060045122638523e-15,-5.8303819030946676e-12,-4.6220501061849537e-11,1.3569596355756257e-11,7.09241656875416e-11,1.2401054456933108e-14,-4.121518830097943e-12,0.9999999999472081
