1.0000000062688266,1.000013718162666,-1.9644107615979403e-07,-1.75769287379176e-07,-1.934881106430012e-07,-2.134503324277392e-07,-1.874908539754522e-07,-1.9393479180737566e-07,-2.0487652106252805e-07,-1.7581896070871674e-07,-1.8717206984539792e-07,-1.8359401473187013e-07,-1.920390685653387e-07,-2.0452676613079667e-07,-1.877583741824072e-07,-1.952025590279282e-07,1.000013345941127,-1.8519925700520713e-07,-1.822837408655316e-07,1.0000138325808388,-1.9360676060226644e-07,-1.8824033460123102e-07,1.0000135860794,1.0000126897072927,-1.9705380874501366e-07,-1.885378652353777e-07,1.000013637143691,-1.8909016565832396e-07,-1.7895348746931776e-07,-1.7479723688628436e-07,-2.1111700575556338e-07,1.0000133332920325,-1.9830895344013682e-07,-2.1170257454291582e-07,1.0000130104130727,1.0000135485287553,-2.112734156657903e-07,-1.8170275212974085e-07,-1.8404266906692152e-07,-2.1035062100078602e-07,-1.8319381028221723e-07,-1.7509346541198164e-07,1.0000138739959112,1.0000136607242063,1.0000133736862478,1.000013636631421,-1.800069736872457e-07,-2.0318245490547608e-07,-1.9776139532345562e-07,1.0000135062283841,-1.9650317607816671e-07,1.0000137602088963,-1.8983480842392257e-07,-1.8532028920183923e-07,-1.9399900000128565e-07,-1.8161080145379773e-07,-2.0161626480207665e-07,-1.963011564325282e-07,-1.9054368298681212e-07,1.0000136607123766,-2.2131445504674402e-07,-2.203580802941655e-07,-1.7717905744109267e-07,1.000013180661872,1.0000128938229491,-1.895956582075485e-07,-1.899613258058685e-07,-2.079245896391199e-07,-2.0147542102715001e-07,-1.729471770599693e-07,-1.8205580152575596e-07,-1.9378004871405105e-07,-2.784910032869236e-07,-1.9010957490536484e-07,-1.9826993794621796e-07,-1.7957543975920754e-07,-1.8366250441334207e-07,1.0000138325808345,-1.8208929777059572e-07,-1.7592459083109952e-07,-1.775955502409684e-07,-1.9487274920492675e-07,-1.946652187445867e-07,-2.103473133072489e-07,-1.809165036285567e-07,-1.8408988704723772e-07,-1.795977516122597e-07,-1.8545782245895631e-07,1.0000134956312503,-1.8340334425247047e-07,-1.9081601622375838e-07,-1.7976438445567478e-07,-2.0280019917356104e-07,-1.73362965272765e-07,-1.9291758722787417e-07,-1.920106447208751e-07,-2.2265322099531134e-07,-1.7913912538647236e-07,-1.881366761169741e-07,-1.846889412088139e-07,-1.957022591768145e-07,-1.9934267415702516e-07,-1.8700181310791828e-07,-1.8016520475173073e-07,-1.684981175992813e-07,-1.902942300175562e-07,-2.1748297561942125e-07,-1.7627965773782678e-07,-1.8620239290596474e-07,-1.8585786672192866e-07,1.0000133252012193,-1.8782912718435536e-07,-1.7474796178128902e-07,-1.960804432384372e-07,-1.8090633952026196e-07,-1.8132106937009172e-07,-1.8128716127281912e-07,-1.8823258513658188e-07,-1.6925101469574252e-07,-1.7913949669374082e-07,-1.7590278577409457e-07,-2.041601572187601e-07,-1.8847869214517409e-07,-2.1089507166864728e-07,1.000013333138965,-1.7837193193727064e-07,-1.7868677826017467e-07,-1.900141125025271e-07,-1.7694655108774305e-07
1.000013718162666,1.0000169623146815,-7.520042262728442e-08,-5.447315459294068e-08,-7.309719620502756e-08,-9.31161085242513e-08,-6.664057646557869e-08,-7.32273337256347e-08,-8.38727758050842e-08,-5.536380348167506e-08,-6.686330472253048e-08,-6.251165734283133e-08,-7.024377147004947e-08,-8.334494108057595e-08,-6.712182774879265e-08,-7.467595636539377e-08,1.0000174024271242,-6.50038782318727e-08,-6.204057049405351e-08,1.0000178881383701,-7.400077604953213e-08,-6.754189985557258e-08,1.000017642273326,1.00001674596082,-7.666673879399825e-08,-6.82661941369164e-08,1.0000176937183514,-6.894410798465301e-08,-5.836421708400029e-08,-5.42060000704817e-08,-9.04529640178336e-08,1.0000173891383628,-7.651014219634643e-08,-9.109521873632865e-08,1.0000170664853818,1.000017604918017,-9.036796513374081e-08,-6.212662012125193e-08,-6.382065381037491e-08,-9.046206389706402e-08,-6.25709405384964e-08,-5.441939232479814e-08,1.0000179306935602,1.0000177171587166,1.0000174298588889,1.0000176926968283,-5.894668445992579e-08,-8.157225474442054e-08,-7.724172201828982e-08,1.0000175625982595,-7.696392265596824e-08,1.0000178157355881,-6.94408269916214e-08,-6.470695375316792e-08,-7.352762894404811e-08,-6.160676581333055e-08,-8.046572189692256e-08,-7.551702226440568e-08,-7.022562488369905e-08,1.0000177169940654,-1.0080027839936525e-07,-1.0034264795107752e-07,-5.581154625603729e-08,1.0000172364351625,1.0000169494163447,-6.908182463909286e-08,-6.995191296136718e-08,-8.82338449195148e-08,-4.001232516388979e-11,-2.684742781622272e-11,-3.095367152892049e-11,-3.705515482540588e-11,-7.962083746084276e-11,-3.5000464524853374e-11,-3.891076411809477e-11,-2.941293881432053e-11,-3.1750371855283745e-11,1.0000178887406659,-3.1210967122810365e-11,-2.7271676100350225e-11,-2.850244742560882e-11,-3.710996774671742e-11,-3.7437033638719034e-11,-4.5156372158018156e-11,-2.973679731618702e-11,-3.207245060819879e-11,-2.985512907662482e-11,-3.2210470419633925e-11,1.0000175516549508,-3.115662529611294e-11,-3.526923805752389e-11,-2.9361949904627947e-11,-4.1204494089160377e-11,-2.6182912635491077e-11,-3.615129389423887e-11,-3.59049380738411e-11,-5.0513488010102634e-11,-2.8890569747922136e-11,-3.35761808444008e-11,-3.2064149870592855e-11,-3.771596173509609e-11,-3.976312160028848e-11,-3.339026042321482e-11,-2.953510274694596e-11,-2.4361460910733926e-11,-3.4831222822551204e-11,-4.888205623804444e-11,-2.7775853723192252e-11,-3.279338853411399e-11,-3.2487024414578506e-11,1.0000173812174649,-3.4131961389120556e-11,-2.7311642782831726e-11,-3.7756619235549115e-11,-3.023468843051839e-11,-3.060841420580434e-11,-3.032968128527016e-11,-3.372232036305064e-11,-2.4728672898589248e-11,-2.97207011061133e-11,-2.738603531890441e-11,-4.216379989075144e-11,-3.3959856233566174e-11,-4.566176545993935e-11,1.0000173888276112,-2.9176009102893054e-11,-2.930008665302301e-11,-3.474173873184573e-11,-2.8303978993284015e-11
-1.9644107615979403e-07,-7.520042262728442e-08,-8.12730950686163e-07,-1.1621907947381695e-13,4.832951022134013e-10,-4.503731021523538e-13,-2.5241216960970595e-10,-6.739019196862164e-10,-4.543997749340058e-13,-9.491413178536185e-10,9.794618104902342e-10,-3.1009332002973346e-11,-2.341391731947403e-13,3.127765401351238e-13,5.665758986372175e-13,1.8047969757765717e-10,-7.64779857217941e-08,-1.9133750201484685e-11,-2.570123809854337e-13,-3.789159222545368e-11,7.365236826714548e-13,-5.0531184173456145e-14,-3.8285978888587176e-11,-7.527553479405323e-08,-9.248649770051334e-14,1.8595527026107139e-13,-7.638402241987815e-08,2.4020075479325064e-13,-1.160790708409682e-09,-5.68066745024405e-13,6.266370077714904e-10,-3.780819406784861e-11,-5.155544166624315e-13,-1.0214364309153071e-13,-7.556431907462579e-08,-7.584554943403683e-08,4.164580031988542e-10,6.562850547101621e-10,-2.383927712978692e-13,8.74125574730018e-13,5.140815110166573e-10,-6.632946938158304e-10,-3.8161685810150583e-11,-3.758945272479242e-11,-7.640248218123885e-08,-3.82181376180672e-11,-2.296464591816609e-13,-7.961822169680915e-13,-1.792396335032148e-14,-7.574170985191819e-08,5.23395359355587e-13,-7.563357072405073e-08,4.810923537473105e-10,2.1111998064411747e-13,-8.250621415736268e-10,-2.0620753483713264e-13,-8.562065710769219e-10,9.206364965236797e-10,2.8797648492878567e-10,-3.760196090027483e-11,-3.35140472894854e-14,-5.061705955292884e-10,-5.718637447442142e-13,-3.8417281299623535e-11,-7.487201658071262e-08,4.469387792822165e-13,-5.96357637454839e-10,7.598980448223489e-10,1.7462147883006753e-10,5.499181220060303e-10,8.549815531659465e-10,8.620565077443915e-10,-6.127941379024352e-11,5.080215842700503e-10,7.259384835201614e-10,-1.5717820092958623e-09,2.1984682474881667e-10,-3.810299222597717e-11,-1.1628842321461476e-09,-9.407660536562038e-11,-2.1266661311513692e-09,1.0760652969353415e-09,2.7617103136270564e-10,-1.4477892833821313e-09,3.292357475931356e-10,4.268846339286863e-10,1.3190159787329646e-09,-4.758588652182583e-10,-7.578006002002027e-08,1.5864524803475545e-09,2.45244019599067e-10,-7.658039265927308e-10,-4.522990221498509e-10,-1.1813269510352227e-09,-8.40471984955406e-10,-6.385137200942503e-10,3.5753560048668824e-10,-2.0467965689010635e-09,2.2175964737153955e-13,-3.088275711738125e-13,2.610130968846167e-13,3.629485222276535e-14,-4.225130031632646e-14,-4.68100587864186e-13,1.2815158151542405e-13,3.813061790168906e-13,4.710659646320876e-13,-4.752660055654831e-13,1.6552734542202644e-13,-6.474861498671558e-13,-3.8242077159223704e-11,1.0366080929859094e-12,3.4516998703217905e-13,2.3137007629342214e-13,-3.1952718433885793e-14,4.3130074683993006e-13,-1.5862413388705555e-13,-2.727093944938828e-13,4.872203570239939e-13,4.930949740129794e-13,-1.016483606652226e-13,1.4818364291186103e-13,-8.12041437136803e-13,3.834646421465862e-13,-3.782216436250529e-11,4.049677776476673e-13,4.2447335828552263e-14,1.8296635746768256e-13,-4.4571385340117193e-13
-1.75769287379176e-07,-5.447315459294068e-08,-1.1621907947381695e-13,-8.116916614934847e-07,1.413111508367389e-13,-7.384451396181479e-13,5.597215469128784e-11,-3.598389800408302e-13,-1.0786201797965826e-09,-9.568999199441628e-10,5.93786430444464e-13,1.5370245367283461e-10,1.7225859760455459e-10,6.798498810740652e-10,6.350015561502199e-13,2.226274321049115e-10,-2.7970096074833927e-11,1.1803457798150514e-10,-1.5239910434523075e-13,-2.762728348250651e-11,4.054696518454523e-13,4.408061256085077e-14,-2.7783383288582246e-11,-5.462206289715308e-08,-3.5634438092435216e-10,3.627957266512204e-11,-2.7734731918952445e-11,3.380550365600566e-14,-1.2666913771025233e-09,-4.435121568567907e-13,4.107781829652702e-10,-2.738817278200826e-11,2.6688492880939743e-14,-3.6619249856389077e-13,-5.4988570289932686e-08,-2.762421849833407e-11,6.399230630102107e-10,3.803746077166843e-13,-6.736593228980238e-10,1.379276680665108e-09,2.152760485934256e-13,-1.0362684275514126e-09,-5.510578531161489e-08,-2.7110754643400664e-11,-2.7913153434596753e-11,-2.7872900590280612e-11,-3.193402145771796e-10,-1.1894037283331265e-09,1.4189330876364777e-14,-2.7610875783936227e-11,9.077259386518271e-14,-5.515629385456429e-08,9.849073665063534e-10,2.6995901098903985e-10,-6.555509999575825e-10,-4.62914698333187e-13,-4.15576215409565e-10,1.4441987854413003e-09,2.737042187778e-13,-5.397913453130679e-08,6.522009664385404e-14,-5.257502427334532e-13,-3.7276656533128255e-13,-2.8157518612773855e-11,-2.727153425425773e-11,4.2577349711942143e-13,-9.256983544440537e-10,3.1901413570896236e-13,3.6449307839420337e-13,1.7467513396434194e-14,1.1420894135864721e-09,4.156504961288639e-13,-4.44586545494412e-10,6.437495199631522e-10,5.085948651990821e-10,-6.791592810825115e-13,3.8641494190955185e-11,-2.7811874670177323e-11,-6.49715746486267e-13,2.826590260827303e-10,-2.3140513969115854e-09,3.9020264463839627e-13,-5.754970637631345e-14,-7.409417893069729e-13,4.965200158311318e-10,2.4255166843034626e-10,4.9245917636235e-13,-2.9251828954420107e-10,-2.7532289425212527e-11,1.0717807456733796e-12,1.3720755428120218e-13,-3.7950217965026606e-13,-9.229758297877802e-10,-5.512697088841131e-13,-7.008337845772143e-10,-3.0667961006571615e-13,3.3565472305076337e-13,-2.1249558162514607e-09,8.448204605123297e-10,-1.1202625847974607e-09,7.963497281984306e-10,-8.992099661359461e-11,-4.621734267231793e-10,-8.210034849421843e-10,3.4694313688445976e-10,1.6573820566053496e-09,4.624869221209291e-10,-6.864215176179117e-10,4.334260563396689e-10,-1.1381151983698678e-09,-5.5503211003984326e-08,1.760817298299884e-09,7.611515247781888e-10,3.060821343346193e-13,-1.29616919134644e-13,3.706353780993498e-13,-2.1222602087866266e-13,6.824953832204094e-15,3.72452271509685e-13,9.029164703599187e-14,-6.78509574573617e-14,-1.0663072194526013e-13,-7.935127255140831e-13,1.7853075210226264e-13,-2.7561359871700923e-11,3.036993391895284e-13,-1.0718039496787707e-13,2.111877381477664e-13,-4.1812988071181535e-13
-1.934881106430012e-07,-7.309719620502756e-08,4.832951022134013e-10,1.413111508367389e-13,-8.121961844499531e-07,5.156690940831366e-10,1.1245291605851379e-10,1.9002400193809078e-13,4.018572567816547e-13,1.1028125615625238e-13,-3.3392517071135404e-13,3.347379821927232e-10,7.550160271721713e-10,1.5559764068224686e-13,-1.9009897440055468e-13,-1.0799482413965338e-10,-3.626817721183423e-11,-4.0198055350747566e-10,-2.5861513895807213e-10,-7.33482421482852e-08,-3.9739699061598097e-13,1.0633968724577671e-14,-7.289880590436068e-08,-7.297515904878318e-08,4.2252971150833876e-11,-5.6105466459640424e-14,-7.262428634310019e-08,-1.9809911084889494e-10,4.7439562404703e-10,1.0409337865645897e-13,6.058949718593581e-11,-7.33763878848222e-08,3.052693297592598e-13,4.99502662908272e-10,-7.298583647635511e-08,-3.643090540824615e-11,6.652033756964163e-15,-5.632906672284251e-13,9.562055473133246e-12,-4.2632874394973836e-13,-3.630941909204252e-11,5.879237679301901e-10,-3.637987744459095e-11,-3.661672943247081e-11,-3.642998571828989e-11,-7.282236261629144e-08,2.4190098748314627e-13,5.619656098480818e-13,-6.241048330994928e-11,-7.271243720402723e-08,-2.8519083963359233e-13,-3.6755081828190996e-11,-3.2832457809020573e-13,1.6822585523698836e-14,3.279025319750113e-14,3.132299528498382e-11,2.3268344080945354e-13,-4.695467902971446e-10,-2.408151140812056e-13,-7.333391047430447e-08,-7.75649417878865e-14,4.686243021097989e-14,7.730977186817263e-10,-3.648315633471777e-11,-7.351356808464492e-08,-1.4021118285597294e-13,-4.034935306115704e-11,-8.916677178948946e-10,4.543578145674836e-10,-8.277379616665913e-10,-7.21638793922312e-10,-8.83366829234921e-10,-2.7920931547428575e-13,-5.228719984155175e-10,-1.2475405250082447e-14,6.047999331907075e-10,-1.6537908806025953e-10,-3.6437977280920495e-11,-1.9722218338465332e-10,2.827287633078082e-13,9.336529688699687e-10,9.499534845831184e-11,-3.307789185473579e-10,1.8156313038457622e-10,3.24225662794724e-13,-4.144106293510474e-10,-6.395666291051539e-10,2.7262494173080374e-13,-3.6642970149931285e-11,-1.650487543398546e-13,-1.077266580069535e-13,7.566756979058138e-10,4.877249775305978e-10,3.9336527612773053e-13,3.3840487049749296e-10,-5.939612186761953e-16,7.608698327032316e-10,7.485829318001484e-13,5.544228662819804e-11,6.791595869572263e-10,-4.801637546931621e-10,-2.0285951040758318e-13,6.56486443486467e-14,7.802103450906023e-10,-7.359079283024232e-10,-7.07352979348816e-10,-4.988705213447015e-10,3.518716656704834e-10,-5.978868577013168e-15,6.894006896462311e-10,-3.6562258437539704e-11,-1.1592213338048133e-09,-5.450331931304781e-10,-1.1196575724290744e-10,1.6654390248888984e-10,-4.636662404386047e-10,3.466814706077241e-10,8.058090012176544e-11,-7.081550432331519e-10,-3.5623456621804205e-10,6.086279542117118e-10,-9.965556872131505e-14,3.015626289630403e-13,-3.1711121127819324e-13,-3.6707107528682426e-11,-2.3329185611049685e-13,-5.527929332847349e-14,-2.783665111184458e-14,7.515075367041339e-14
-2.134503324277392e-07,-9.31161085242513e-08,-4.503731021523538e-13,-7.384451396181479e-13,5.156690940831366e-10,-8.099890640269176e-07,-4.1120294547241313e-13,2.0823214425107388e-13,5.958460465519651e-13,9.895919464129489e-11,-5.688025501469484e-13,-1.9350006666149502e-10,-1.1492832364635832e-09,2.6271923345509855e-10,-3.058799485491402e-13,-2.0610130350283782e-10,-9.235625000847015e-08,-8.212036793878099e-10,-4.808798549225365e-13,-9.27537462910064e-08,1.3327690696350536e-09,-5.435793733097254e-10,-4.698955068539147e-11,-9.278635288566713e-08,5.139858979552923e-10,4.596635762584351e-13,-9.367339898694864e-08,5.357880736876097e-13,3.0834731012151057e-13,-3.4549635252816597e-13,3.969192557883819e-13,-4.692167603418594e-11,-2.679758544810324e-09,2.0212174115702184e-09,-9.26178965172341e-08,-9.276132588539915e-08,-2.851762169021816e-13,-6.84185015934144e-13,5.088766430376734e-10,4.5758542690827394e-10,2.906351374763423e-10,1.5910626234752411e-09,-4.6975407560814116e-11,-9.363315335198981e-08,-9.279175092006529e-08,-4.648084824251928e-11,2.4878014199816017e-11,-2.501124480863323e-10,-1.289193464117974e-13,-4.634633746688361e-11,1.0458511198671232e-12,-9.273979709338358e-08,-1.0377885678464095e-12,2.7230865756185616e-13,-5.580325394412234e-10,1.4570379539957304e-09,-4.689472371223335e-13,-9.340497039886916e-13,-6.043183141972397e-13,-4.727280505544471e-11,-7.455563978841374e-10,7.997701547712139e-13,-2.677474340738299e-13,-4.6265247127543555e-11,-9.264730503098189e-08,-1.2502316583329738e-14,8.199991961636308e-10,-2.2474843622278543e-13,-1.10680300257046e-09,3.629317267878068e-13,-1.449708547894287e-09,-3.4440481012713465e-13,5.244391675154943e-10,-8.580211430172758e-10,3.624639141983187e-13,-2.521281230945073e-10,1.955400219117294e-13,-4.625868231906317e-11,-1.7546698942768206e-15,-2.6207616358755205e-13,5.88942772834015e-13,1.1374178802865309e-09,4.195750795434385e-13,4.6199878248677906e-11,2.409536988466203e-10,8.677351367519324e-14,2.6247759974987347e-13,-2.153196396486216e-14,-9.353532516730339e-08,-1.6957818344403165e-09,-2.6784821809458e-10,3.2114890935472456e-13,1.8049108108206213e-09,3.9219698155472193e-10,-1.8906699360863692e-10,-1.810391699993952e-10,-2.914731146268809e-14,7.28873697313294e-13,-5.216035046989492e-13,2.074558550012841e-09,-6.101042813373129e-13,3.109119557330483e-14,6.12412141015993e-13,1.6680688594900625e-13,-9.910767013701989e-10,-1.6145134382669908e-12,5.118390724598428e-13,-2.7506363505607243e-13,-2.58977895672771e-10,6.147593593725602e-11,-9.348362157840278e-08,2.1997798973206584e-11,-3.342418834080732e-13,-2.3854320265207185e-13,3.6597994257154353e-13,7.795788535046366e-12,6.216085292958445e-10,-1.627119296987611e-09,4.2655092476544365e-14,1.0654370468438335e-12,2.031257082069618e-13,1.3201287047016459e-09,2.5843607917117154e-10,6.537443541091728e-10,-4.6405751294349294e-11,1.1676654456679594e-13,3.8456834286840677e-13,-8.162391466972343e-14,-7.379567820866985e-14
-1.874908539754522e-07,-6.664057646557869e-08,-2.5241216960970595e-10,5.597215469128784e-11,1.1245291605851379e-10,-4.1120294547241313e-13,-8.120384599424218e-07,-2.1255077876163885e-13,-4.0219194438086526e-13,-3.79720161212267e-10,7.550267475230768e-10,-1.227887733548858e-10,-1.3558044923762036e-13,-3.415269198366371e-12,5.852737278696169e-10,6.620623987279297e-14,-3.378220146191093e-11,3.0631183529008956e-10,6.396277099645536e-14,-3.342188538234806e-11,5.391596405694189e-10,2.629665351364651e-14,-3.3544621324711895e-11,-6.676959891669039e-08,-7.798355099309156e-14,1.2377031907690585e-12,-3.3609394547303464e-11,4.4122880101362687e-11,-3.186362262039931e-13,-1.4807705208450241e-13,9.313262348418316e-15,-6.650400555981702e-08,-5.5773071687235433e-14,-3.0595091966562573e-13,-3.350235681593748e-11,-6.704574385277355e-08,2.0584126757217613e-10,9.02128581604439e-10,-1.1148604825751328e-13,3.942131466902759e-13,1.1238594329762657e-10,-3.5435659882884485e-13,-3.357339813435728e-11,-6.651035096104126e-08,-6.719827325394466e-08,-6.712219393372643e-08,-3.439727760668477e-10,-8.95634941039268e-10,5.985461184800623e-11,-6.706109271420526e-08,9.842995101629069e-14,-6.670714550184837e-08,3.8331311901415586e-13,6.9340497312416055e-15,-8.432622010394304e-14,-3.7116956263423284e-10,-2.885929678802506e-10,3.8746874750732227e-13,2.459811857011668e-13,-3.320990268870513e-11,1.7240909216736585e-10,-4.4805646953100797e-10,-2.857054561149789e-13,-3.3718000884330214e-11,-3.3286820506040867e-11,1.891181101852122e-13,-2.8625463692421167e-10,6.776469285276866e-10,3.4333449931541577e-11,1.9844413633806734e-13,3.989019801606763e-13,7.423874460782895e-10,1.3910973450605526e-10,5.136083045038437e-10,4.773231510792251e-14,-3.330497167206095e-13,3.4759427660018454e-14,-3.365036411829332e-11,-2.4068024644676634e-10,-1.861299328379801e-10,-1.2012927856831838e-09,7.284347092467707e-11,8.329845651741276e-11,-4.945204095939416e-10,-1.151354809280232e-13,2.723999783287155e-10,5.637036419539286e-10,-3.6442285931972665e-10,-3.342216406268281e-11,8.71683713872209e-10,2.073452610503009e-10,-6.52269564018005e-10,-3.2044445071241803e-13,-7.404150006795384e-10,-1.7686346898540505e-13,-1.4921221210296815e-10,-2.2190840505064616e-10,-1.4698491076605771e-09,2.7305079389248217e-10,-4.0787020971297843e-13,2.7969535848711845e-13,1.8689867723638594e-10,-1.4211608195051423e-13,-6.588952278220311e-10,2.793978628759936e-13,1.0575071831640008e-09,1.5686659126670436e-13,-3.2963917796767284e-10,7.073079788911843e-14,-6.750230147165951e-10,-3.353998525860199e-11,5.435842780413044e-13,2.7182975796437637e-13,1.2919003345970897e-13,-2.1180705861469147e-10,4.435057586377941e-10,-3.4358012413771576e-10,8.141518712469702e-11,5.688514513323134e-10,4.006066138578703e-14,-3.9009093405432077e-10,-2.4454041375116904e-14,-7.619466997346718e-10,3.834154507990505e-10,-6.672855119523584e-08,3.9221474183682223e-10,-2.7687913678548376e-14,7.720159976793413e-14,-1.4605243211796786e-13
-1.9393479180737566e-07,-7.32273337256347e-08,-6.739019196862164e-10,-3.598389800408302e-13,1.9002400193809078e-13,2.0823214425107388e-13,-2.1255077876163885e-13,-8.121851731022562e-07,-2.1349726434763633e-15,-1.4722309355733277e-13,5.761677694683463e-15,-8.582998853932658e-14,-7.81424124610714e-10,1.0234095642962811e-13,1.871852763554016e-10,-4.919323476380377e-13,-7.348187092540341e-08,-2.2382403860250647e-10,-4.587244055961678e-10,-3.664480905677797e-11,5.784950250492686e-13,-2.4795610276882584e-10,-7.390040277070354e-08,-7.315131929648608e-08,6.864325705670482e-14,4.965643779127802e-10,-3.702811019315221e-11,3.055410377903678e-13,-1.094552811689155e-13,-6.535805548006164e-10,2.3905979685159916e-13,-7.344683347563078e-08,-1.5072255010394798e-09,6.044311683549217e-10,-3.665460588198429e-11,-7.337308283510104e-08,-5.291027308196161e-14,-2.7331213820574876e-14,5.880980298355941e-11,4.540012381926955e-13,1.3664985452349528e-13,2.793998402903216e-10,-7.388971005249631e-08,-3.676308250866268e-11,-3.684544009978118e-11,-3.68130116866512e-11,-1.2430257564936334e-13,-8.494787505484566e-10,-4.769260586258089e-14,-3.669502923504943e-11,1.2691579188869133e-09,-3.6639353599606996e-11,-2.521631597409258e-13,3.269406164216145e-10,-2.382326387035629e-13,2.2229482614405598e-13,-3.686339557179763e-13,-3.423263400030618e-10,-2.6524124301492397e-10,-3.687834477864174e-11,-2.7184389926716395e-10,2.278332050081101e-13,-7.408606209550368e-10,-3.678609175249567e-11,-7.284053459352354e-08,3.217154446748765e-10,1.5867010152034735e-10,2.751033179776897e-10,-5.005817605929586e-10,6.575615172548778e-10,-6.700174527356194e-14,2.0899357351468753e-10,3.317234636872514e-10,-2.6977932655756315e-14,5.011147646602992e-10,-7.117941180105832e-10,2.5963727660860444e-10,-7.326473231857957e-08,-2.884344603673681e-10,-1.8945809213972254e-13,-3.9810322776540256e-10,3.678620165372362e-13,2.4753187930230286e-13,-2.2520578714144558e-13,2.310888584337844e-11,1.4978426639479802e-13,7.538857896776879e-10,-2.956134905421686e-10,-3.684592332193121e-11,-5.957856189875327e-14,2.1744465383002055e-11,-8.343123253457343e-14,2.256782186522688e-13,-3.922022225830454e-10,-4.0576023222738924e-10,-1.2838286274714453e-13,-5.777764984563146e-14,-4.100437436264563e-10,-2.939414827436257e-10,4.5908071010548134e-10,-1.0129516828764733e-13,7.51103385264016e-14,2.1093368415743362e-13,-3.423709047397573e-10,-1.243383358031858e-10,-4.3083457082982393e-13,4.0214479358121626e-13,-2.9149931107138e-13,-2.4628482343452777e-12,-5.294445130996221e-10,-7.373092451944231e-08,9.09182190850616e-10,7.930094769142377e-11,-1.1822954966896164e-14,2.2493512195652338e-10,3.729364330572373e-10,6.225779836095726e-11,-4.093627640600133e-13,2.499153324190396e-13,6.071941916260056e-13,-5.708024974948622e-11,6.550004094813576e-10,-5.250681891405302e-10,6.422008688198697e-10,-7.307826413504341e-08,4.4650795663393703e-10,3.541144292278552e-10,5.6589519616651937e-11,-1.778723365412499e-13
-2.0487652106252805e-07,-8.38727758050842e-08,-4.543997749340058e-13,-1.0786201797965826e-09,4.018572567816547e-13,5.958460465519651e-13,-4.0219194438086526e-13,-2.1349726434763633e-15,-8.112040461862918e-07,-7.776701312714828e-10,-5.531235969255269e-10,2.2828607288620117e-10,-2.5844385433494134e-13,1.3348575501153627e-09,1.9794669786471937e-13,-4.061051979688449e-14,-8.392395179770703e-08,-5.841336995253552e-13,-8.434354608105944e-13,-4.2291995158296815e-11,1.804777523497266e-09,-5.190730758855344e-10,-8.561216173418706e-08,-4.1857642079009365e-11,1.1790056718501155e-13,5.111884252404425e-13,-8.51284059086603e-08,5.8160301986998e-13,-3.0865661845696683e-10,-8.166574653408447e-13,1.4410122673823896e-09,-4.256600186892262e-11,-2.5634037095274605e-09,9.826495167603622e-13,-4.197032376673952e-11,-4.2028315786255114e-11,6.639794786161323e-11,-8.455422104111147e-13,-7.805330092225523e-14,1.3745399765203812e-09,7.938545210960762e-10,1.1881681368964273e-09,-4.2555638159371424e-11,-8.406984787499473e-08,-4.237105009586285e-11,-8.456112773536338e-08,7.516786361172623e-11,-3.4576574862358405e-13,-3.216724268999917e-10,-8.356505554008667e-08,2.168248482884299e-09,-8.442925179554028e-08,-9.342839580944294e-13,4.852413091411063e-13,-6.697770586726116e-13,3.4565353247905823e-13,-5.87767297479595e-13,-4.752523062342493e-13,-6.011524960133373e-13,-4.2569006397414346e-11,-4.288068170346283e-13,3.8267661686777663e-13,-8.138747942357258e-10,-4.243240735021928e-11,-8.36335270896132e-08,6.933381695736828e-10,-1.1778352580275574e-10,-2.7907694726241846e-13,-4.666268200120877e-14,9.565813996187125e-14,-5.089836101526622e-13,-3.0667514766402073e-13,-3.5606199786470296e-10,-7.181170550210086e-10,7.008623886833613e-13,-1.3143685627383982e-09,1.8095775908346224e-13,-8.383063107953395e-08,-1.6316379946670147e-09,1.8105154679501682e-10,-2.2427450328785364e-13,2.2886652780037727e-09,5.72332211958172e-10,-1.4601469405484009e-09,6.942703729216793e-13,6.391651538795875e-14,5.927606772940026e-13,3.886407500563062e-14,-4.2556783999514637e-11,7.504426596111543e-14,-9.296565694640052e-14,2.668265191650515e-13,7.42411024866258e-13,-6.065593338155187e-14,-7.266202601191948e-10,-4.522970159247706e-13,1.326877994629823e-09,2.8239027610465743e-13,-1.0992173440023993e-13,8.697348949619803e-13,-9.311479319550258e-10,-3.6924640458372575e-10,1.0196013067743134e-09,1.2029768694710971e-10,-6.951328305536475e-13,-1.251306718476864e-12,6.499293530141788e-13,-1.1202554929878272e-09,1.7544218950777767e-10,-6.311694485944816e-10,-8.53671080791831e-08,5.188771017198934e-13,-1.9090956725476464e-13,3.729714306898982e-11,3.5232244220411894e-13,2.269849633926917e-13,2.712680699511427e-13,-1.8208976103830178e-09,3.420411852315736e-10,2.3920181862449083e-09,4.1761971024342966e-13,5.699667536462161e-13,-9.76616654459964e-10,3.178521220938904e-13,-8.406232722515368e-08,2.8277230023286637e-13,2.8271685617921313e-13,2.3774765405426195e-10,-4.94450528025303e-13
-1.7581896070871674e-07,-5.536380348167506e-08,-9.491413178536185e-10,-9.568999199441628e-10,1.1028125615625238e-13,9.895919464129489e-11,-3.79720161212267e-10,-1.4722309355733277e-13,-7.776701312714828e-10,-8.119918176968087e-07,2.418391362711686e-13,-3.6717108767576716e-13,-8.485738552293155e-13,-4.306422068332531e-13,-9.976971347499446e-16,5.976172336213055e-11,-2.8002428195063683e-11,5.523311810275479e-10,2.3135246829117217e-13,-2.730803274474557e-11,1.3283199765246155e-09,-1.7623238922278667e-10,-2.7745286171578847e-11,-2.778577654153849e-11,9.04672486123622e-14,3.51629851025483e-10,-2.8014969583150963e-11,2.626183755270318e-13,-8.769545005925333e-14,-8.569909631686518e-11,-8.596728535917746e-14,-2.7474816940672695e-11,-8.169991045876943e-13,-2.332734198012058e-10,-5.523910091695893e-08,-2.7898666818769792e-11,-2.1512263768383416e-13,7.524797190698285e-13,1.9655059648657746e-13,5.069787242646415e-13,-4.344395618586688e-14,-1.641282770207821e-13,-5.607088209336355e-08,-5.56362162762961e-08,-5.542195260893029e-08,-2.7685660840493618e-11,-7.458629735053796e-10,-1.5726006384376493e-09,2.92610264036934e-14,-2.78903192126971e-11,6.717659472540676e-13,-5.446783103677142e-08,3.9460841423876023e-10,-9.712993637038953e-11,9.360110265939559e-11,3.186747018657339e-13,-8.32644792986947e-10,-6.81467839616635e-14,2.1441707749963307e-13,-2.7740904682043216e-11,9.76130395277482e-11,6.038450855289596e-10,-5.927260726531142e-13,-5.491384172029216e-08,-2.731366689153373e-11,1.1310568909892067e-10,3.3071015003544805e-13,1.2849718873573212e-09,-6.960731808989029e-13,8.301106125687877e-13,5.516668808813868e-10,1.1358141277019244e-09,6.740767930168284e-13,5.209263311219782e-10,-3.529115269915732e-14,-2.641937641138791e-13,1.7968069584418215e-13,-2.7758909731882036e-11,4.946426143411015e-13,-6.417855492024048e-13,-4.36146327659609e-10,-3.5160268004909917e-10,4.1029793488054927e-13,3.7471906245534536e-10,-7.039453170841588e-13,6.890859131779358e-10,4.095932030951949e-13,-8.851179278723346e-10,-2.7613538504748184e-11,-7.004925832591436e-10,2.246471834032174e-10,-4.716865845699195e-13,-7.873688776309072e-14,-8.742753812034905e-10,-1.65795310695972e-13,2.6300654345356555e-10,-1.752461590457279e-09,-1.5257189322993495e-09,-3.447597156734874e-13,-3.739667719597671e-10,1.5312768183936023e-13,8.107241355215597e-10,1.8832639415954697e-10,-5.053819231998683e-13,5.199384693023988e-13,-2.9449631727766925e-11,8.895577908457114e-10,-4.2559180813277235e-10,-1.1507543133129176e-13,-3.681234019390059e-13,-2.7629320581402002e-11,1.3303263310567175e-09,2.7029568415030637e-13,-1.6517945361695652e-10,-6.076654132416656e-11,2.5801960050341565e-13,-1.6921740406226682e-13,-2.2054140049827516e-13,9.837968705367432e-10,4.759029817715385e-13,-5.023471663815327e-13,7.031223647213675e-10,-1.6238176842716555e-13,5.645950609676265e-13,-2.7400901889516533e-11,6.216567072266626e-10,4.419405087525993e-10,-1.2572050377364028e-10,4.6313358260844515e-14
-1.8717206984539792e-07,-6.686330472253048e-08,9.794618104902342e-10,5.93786430444464e-13,-3.3392517071135404e-13,-5.688025501469484e-13,7.550267475230768e-10,5.761677694683463e-15,-5.531235969255269e-10,2.418391362711686e-13,-8.116320225840308e-07,3.203446228614953e-14,9.47624240833229e-10,-7.072189346253607e-10,-1.6475779178589148e-10,3.552546826836229e-14,-6.681489574333912e-08,7.605886369582855e-10,1.1472249434150786e-09,-3.345214432406041e-11,-1.7364088616334589e-09,4.727937600230377e-10,-3.2865067960559125e-11,-3.361635496346415e-11,-1.4112757723957357e-13,-9.069287519736944e-10,-3.296703919134133e-11,-1.067097227171684e-09,7.585873551164323e-14,1.2072234082991603e-09,-5.178668208139256e-13,-6.61862397236025e-08,1.2652823454943076e-12,-1.5550440564530228e-09,-6.703599926757535e-08,-3.3477172719091616e-11,1.5355278916924969e-10,9.519972843600358e-10,-3.7907628111593044e-14,-6.187450242959062e-13,-2.7480548145875606e-13,-4.773200307755561e-13,-3.3001288069949407e-11,-3.3356611041811024e-11,-6.643408928532369e-08,-3.3307998325872494e-11,1.3410813816713566e-10,8.911440131843106e-10,2.3832556871687873e-10,-3.3607446171770264e-11,-1.051276151910434e-12,-6.678007159128473e-08,7.307345465084379e-13,-7.010534682210226e-10,4.74790990427552e-13,-4.232852785952544e-13,5.671049512787493e-13,4.779468282731647e-13,4.3827465644977176e-13,-3.303362913892107e-11,3.2977315121751234e-13,-4.546499490310427e-13,9.195571896428766e-10,-6.655029356204304e-08,-6.730702224644841e-08,-4.82797231937757e-10,-2.1701944235761013e-10,5.77469427813755e-14,2.930907560002927e-13,-6.568600165365783e-10,7.603153897451453e-10,2.267295332083129e-10,-9.29855148200593e-14,4.782942456723e-10,-5.112671154590049e-13,5.215623349110714e-13,-3.902522249345338e-10,-6.700194839379494e-08,8.305413541774466e-10,2.848264871032659e-10,1.1073640418701983e-13,-8.030171356105948e-13,-7.158604436156282e-10,8.635322205825432e-10,-6.00181819661941e-10,-1.4274709200038637e-13,-5.360694079592434e-13,8.929014837058532e-14,-3.3138736946688063e-11,3.435755122533564e-10,5.4198701546999944e-14,-1.0809017921089425e-13,-6.128801673266292e-13,2.384280198703467e-10,5.932259761228638e-10,5.589378860342651e-10,-2.13844250117655e-13,-1.0874527472893958e-13,4.81659145030076e-10,-1.3790590008248156e-09,7.297611119119793e-10,3.030250756708442e-11,-4.575422553487037e-13,1.220463658013605e-10,4.0657946453764747e-13,2.1642364099319784e-09,-6.220943563688011e-13,4.678169683782308e-13,-1.748444796777186e-11,2.968110173194521e-13,-6.587141032410895e-08,-5.124010377930023e-13,1.1065280401373998e-13,4.59388359767717e-14,-5.642132199383496e-10,-2.1556447091006047e-13,-3.7048667634209295e-10,1.5698027796960145e-09,-4.869998276587969e-10,-2.1539621738332164e-09,-3.623024864835313e-10,-5.692266191380857e-13,6.86470608294252e-10,-8.055393729797995e-10,-3.355660238265323e-11,-5.660636848775301e-10,-6.047087064878732e-10,-9.99127669139527e-11,3.267407646769789e-13
-1.8359401473187013e-07,-6.251165734283133e-08,-3.1009332002973346e-11,1.5370245367283461e-10,3.347379821927232e-10,-1.9350006666149502e-10,-1.227887733548858e-10,-8.582998853932658e-14,2.2828607288620117e-10,-3.6717108767576716e-13,3.203446228614953e-14,-8.115750123189522e-07,6.222255484053099e-10,1.1897337245925097e-09,6.856401707604444e-10,1.7388923111615245e-14,-6.28630019836541e-08,-6.534524307033667e-10,-9.927212478339147e-10,-6.338714053204775e-08,2.2848135460226357e-13,-8.85406699467662e-11,-3.1860844422843016e-11,-3.126283330239213e-11,-6.857337730136056e-14,2.5917510486163154e-10,-3.162560663732181e-11,1.2559254538208534e-13,-2.869683355613743e-13,-9.713621358683983e-10,8.132280290448497e-10,-6.325427086969548e-08,-1.296286715258348e-13,2.84337576025819e-13,-6.274498658207776e-08,-3.1388273333931675e-11,2.4264990834585573e-13,-5.070483744732815e-13,-2.59031923139032e-13,3.33730209047491e-13,5.295442285184086e-10,1.7851169525973155e-10,-3.150270240044193e-11,-3.122008743366279e-11,-3.1702856740451215e-11,-3.1718190495432716e-11,2.2741833230150006e-10,-6.911702505844907e-11,-7.028984544502526e-14,-6.2521953646762e-08,3.3053834403724216e-10,-6.341360934781008e-08,-4.951890539226471e-10,5.35936153551304e-10,-4.2086343624800373e-13,-1.9949804415292124e-13,-1.3223528197258897e-13,2.919764511755446e-10,-2.1668695150752918e-13,-3.1427198421110295e-11,-3.2470847918103366e-10,-2.0407021322533145e-13,-1.045963610887516e-10,-6.375987229078515e-08,-3.1449793850428e-11,2.890571061766938e-13,-3.6395462668628586e-13,-5.233220893919492e-10,4.4333874726504044e-13,-3.240191656516074e-13,-1.662721193446182e-10,-1.994147780378221e-13,-9.233213332956456e-10,-2.4408630687530485e-10,7.926542772783211e-10,-8.479076817692041e-10,-7.598652773221102e-16,-3.1516570258945545e-11,-8.120327385601264e-13,3.7994435173008746e-13,-4.754968167167997e-13,1.3795644651941813e-09,-9.387751669391494e-14,-6.80095354718803e-13,6.891216755004563e-13,-1.547576780637864e-10,2.563764406793916e-13,3.014546173720501e-10,-3.16838469688968e-11,6.333776865910146e-13,-2.912642129296146e-14,1.5562905272771715e-13,2.653405748439117e-10,-1.1893348869874616e-10,-4.309416299025111e-10,-7.268592013493487e-10,7.912024021728548e-13,1.0837209411706366e-11,5.728167234145445e-10,3.78901214789136e-10,-1.682121254738612e-10,-2.7188177427908803e-13,6.167268206135407e-14,7.626470595569547e-14,-4.310589779188336e-13,-2.7389994303812716e-10,3.0693472108210256e-10,-5.372668816805264e-10,1.763816040083727e-13,-1.9882385068983065e-13,-6.362294486187412e-08,2.7614168517547646e-13,-7.104786278621945e-11,1.720425671560708e-13,9.755760016902045e-14,1.293176627396992e-13,9.289422614803458e-14,-5.130239165259163e-10,7.778172099572704e-12,5.916198878279447e-10,3.586731711932421e-13,4.489489878119025e-11,-4.514702775069694e-13,-5.155634011345296e-14,-3.161645859305526e-11,1.985531840699377e-10,-6.442389897146751e-11,3.253156808770395e-10,-3.893159308073086e-13
-1.920390685653387e-07,-7.024377147004947e-08,-2.341391731947403e-13,1.7225859760455459e-10,7.550160271721713e-10,-1.1492832364635832e-09,-1.3558044923762036e-13,-7.81424124610714e-10,-2.5844385433494134e-13,-8.485738552293155e-13,9.47624240833229e-10,6.222255484053099e-10,-8.114829355351532e-07,2.0055373275395616e-09,1.8227266772958648e-09,1.0233527637288188e-13,-3.59485916666258e-11,-7.854340283434513e-10,-7.978818132756746e-13,-3.594863561185733e-11,7.945679190301128e-13,-1.3792837805657173e-10,-7.252905934277403e-08,-7.019386971643471e-08,-1.8637780095935445e-13,5.298955141719515e-10,-7.189834681342576e-08,5.862899187568259e-10,-8.510620338908307e-13,-1.0355713917108063e-12,7.324353602716799e-13,-3.575195459523382e-11,-4.281596916997072e-13,1.9102889256007788e-13,-3.550786533478666e-11,-3.5549029675407056e-11,5.054906314450286e-13,-3.417825984117424e-13,-5.465967216114557e-13,2.1589506309614788e-09,5.289874512502811e-13,-4.3502154905142607e-10,-7.140812243501347e-08,-6.981086922136711e-08,-3.617200433682764e-11,-7.215602005513985e-08,-5.607879426416198e-11,-1.2808938535295124e-09,-9.252573819137981e-14,-3.5435206216447744e-11,5.111351266567997e-13,-7.179164254354154e-08,-6.960675549081833e-11,9.677082877057612e-10,-8.379027838579309e-13,-4.921870377209131e-13,-4.53595977832874e-13,6.384280830100281e-13,-1.1166155916915434e-13,-7.029650904823463e-08,-4.0009854805111786e-10,-1.0807280681061792e-09,-4.789502886580524e-13,-7.308775588945098e-08,-7.038673549357446e-08,1.438843911193602e-09,-7.456436437991001e-13,-2.8564550583196374e-14,1.401571860720241e-09,-2.4922543350442157e-13,2.9229719961901393e-13,2.0896950115136738e-10,-6.544559427083852e-13,1.5647235525605316e-10,1.5179563560705353e-09,-2.2849366300575782e-09,1.2678951015626075e-10,-3.5819376915343694e-11,-1.506557081360648e-12,9.71694146109843e-10,-2.985883888819727e-09,1.2579641734010874e-12,-5.91905829049831e-14,-1.4459032932752527e-12,2.024660609321573e-09,5.3562806760402484e-14,8.140621133516085e-13,3.4123242012432006e-11,-3.587092836785439e-11,1.5215265629553267e-12,1.3873764814093055e-10,-2.448265858465833e-10,-9.107367429807505e-14,-1.0988600953790642e-09,-5.947017355135918e-13,-1.4199173424169359e-09,1.17374916987381e-12,-1.6988527598010141e-09,1.1922493325780232e-09,-1.861761600468968e-10,3.018571718166113e-10,-6.598598283283139e-10,-2.718438780315485e-11,-2.753571519873591e-13,-8.282954595176807e-10,2.755989028182531e-13,5.096100829957517e-13,-6.875283804439117e-13,3.702070409610699e-13,-1.5134833681614862e-09,-3.6334212738898095e-11,2.3009044740882794e-09,2.513604880453812e-13,8.500778580154734e-10,6.603632689238328e-14,4.985539802978771e-13,-3.1461606895016005e-14,-9.223451285865781e-10,3.735568098764191e-13,6.568763021735505e-13,3.7032812433584493e-13,7.5925354268516e-14,-1.224249476999797e-12,1.9293172454074137e-13,-3.5720178076874715e-11,4.280161342176986e-13,-9.690797412522329e-11,7.209072808212663e-10,-8.422227409207081e-13
