1.0000000025486162,2.1114075329687991e-07,-6.940601177682268e-08,-1.9809212341985652e-07,3.036903923757832e-08,-1.7320165576090307e-07,-4.251267237191944e-08,-7.825352889111016e-08,-2.0642315968825592e-07,-6.281795448166595e-08,-1.6307905278428449e-07,-2.660449522037733e-08,-1.3227049650144808e-10,1.0000010229916132,1.0000010580752052,-2.0913526621809887e-07,1.0000010265994768,1.0000010216316215,-7.75288671975041e-08,1.0000010551989484,1.1431288545664837e-07,3.755487458130509e-08,-2.5688297676896946e-09,-2.0711895987618936e-07,-1.8123386551509374e-07,-6.426098008952883e-08,1.0000010486055206,-3.863569696755407e-10,-2.0545378737456859e-07,-5.2581053606363166e-08,3.306590150807973e-08,-9.081720272950756e-09,2.2437101908189418e-08,-1.8341748904001556e-07,1.0000010611033556,1.644290061592771e-07,-2.817878865208655e-08,2.1738483641572147e-08,-1.980624586157836e-07,-2.626370070882155e-07,1.0000010388164815,-1.8710235060425754e-08,1.000001070273104,1.0000010515299749,-1.4703123885434983e-07,-5.78123969969756e-08,-1.89493720007206e-07,-7.745525464915498e-09,1.0000010256462195,-2.9665073329731297e-07,1.3138542373455826e-08,9.877359410918074e-09,-8.582569525268276e-08,-2.9030643915804508e-08,1.3060952397775956e-07,-1.5775951387516736e-08,-1.229552088901618e-07,4.9927575703819815e-08,1.1870505863314104e-08,-6.42534895332871e-08,-7.801558413850525e-08,1.000001067799656,-9.189006068789588e-09,-1.3388953216615302e-08,-3.654555874406477e-08,-9.039934867015502e-08,4.80924720195971e-08,-4.634427845492544e-08,-4.651187027906132e-09,-7.774383752679044e-08,-1.5949438169007413e-09,1.0000010215571964,1.9711151357960715e-07,-3.2882958500748055e-08,-1.3678217475843553e-07,1.3274378100224007e-08,-2.71752174548713e-08,3.393848647944259e-08,7.202891492740987e-08,-1.7714511533890996e-07,-1.5730349438052976e-08,-5.331720925887879e-08,1.2902140472624085e-07,-1.363345889044556e-07,2.778977551297563e-09,-1.1087961945890014e-07,5.5157832747798845e-08,-2.7231671237816815e-08,-6.487970092460661e-08,-3.499195364833876e-07,-2.8674359207910466e-07,6.995685539539713e-09,-6.525194631073659e-08,9.313941703375056e-08,-1.0661721867886607e-07,-2.3818802136877652e-08,-3.7922963068978925e-09,-1.2452753702798624e-07,1.0692204404479072e-08,-1.1821599091044351e-07,5.711400598229445e-08,5.0719719284255694e-08,7.75263093738746e-08,1.4168026271115493e-08,-2.8967416965401574e-08,1.0000009816980044,1.000001027283797,-2.303806217340408e-07,1.000001005821696,4.333811604358972e-08,1.000001017902315,-2.3336829825095738e-08,1.9394644753885215e-08,5.6738596542722735e-08,-1.1991394731525202e-07,-1.3501634957970407e-07,1.0000009824006049,-7.258567305691719e-09,-1.0462286394341937e-07,-8.865498838814924e-08,-4.942302343642755e-09,-1.0533908185877083e-07,1.9905891583480027e-07,-4.706067292003126e-08,-2.709884627656144e-08,6.702980345837838e-08,-1.0426463468472772e-07,9.273819409411936e-08,1.4649061271312654e-08
2.1114075329687991e-07,4.185770966685354e-07,-1.3011801129635349e-08,-1.9409274748586083e-08,-1.4665449250745473e-08,-1.6622639019901e-08,-1.1264907264626897e-08,-1.0903783252143289e-08,-1.0446597023842695e-08,-1.7566012469930223e-08,-1.6893207591989895e-08,-1.4528735641670493e-08,-1.3217501770672225e-08,1.5979906330409788e-07,1.6584905140471548e-07,-1.6570717855131756e-08,1.7577708726658639e-07,1.6641792649048615e-07,-1.9551056773991747e-08,1.7531259360411148e-07,-1.491013250685329e-08,-1.4464627447568258e-08,-1.3223936488591356e-08,-1.7006352973013292e-08,-1.6738070208403516e-08,-1.4844928497234171e-08,1.7099610843486248e-07,-1.4240237554879336e-08,-1.674205110617756e-08,-1.1983222206085899e-08,-1.2076608834258703e-08,-2.0083331754114288e-08,-1.3148573753774934e-08,-1.704496746076793e-08,1.6199698874853257e-07,-1.4924453728935644e-08,-1.1763608570900217e-08,-1.5411176841212813e-08,-1.6691789684041366e-08,-1.6854209411877434e-08,1.6769333927290364e-07,-1.1976903651881633e-08,1.5867119919196095e-07,1.638969710397847e-07,-1.7296391377890217e-08,-1.7194973178694743e-08,-1.6855250854898222e-08,-1.2194541159672418e-08,1.6967477213058388e-07,-1.9664359640084324e-08,-1.3446731944410316e-08,-1.3140941882556254e-08,-1.0992256406351762e-08,-1.3352563869655551e-08,-1.520958027484045e-08,-1.4494514868113107e-08,-1.2701106656639378e-08,-1.325250516481641e-08,-1.353517088312844e-08,-1.3182081055347046e-08,-9.861612607749638e-09,1.621260226728749e-07,-1.3056157274799168e-08,-5.693430949279686e-12,-1.0077351964553668e-11,-5.5582457298501566e-12,-6.505770114789854e-12,-5.046630068031554e-12,-7.392806711493157e-12,-6.108100229468595e-12,-7.382066442150988e-12,8.543733234052882e-11,-1.1764294839215173e-11,-9.79171347043514e-12,-5.8742358432196335e-12,-6.60752581320728e-12,-4.980442241842039e-12,-6.214511935220849e-12,-7.43294524762063e-12,-7.567892269210781e-12,-7.245694518560409e-12,-5.540562326353655e-12,-6.8030712324241955e-12,-8.387905757258238e-12,-4.645516130231545e-12,-5.4908062179095366e-12,-7.493966492705311e-12,-4.976856785252658e-12,-6.008052742731631e-12,-9.462589043795618e-12,-8.603030611106418e-12,-5.647094305530657e-12,-9.778962091203318e-12,-6.5367296177640275e-12,-4.8359716142423996e-12,-5.446259071664348e-12,-6.096600701816755e-12,-9.964676007827707e-12,-5.09894689017639e-12,-5.879818012189768e-12,-6.375414853674367e-12,-7.383350928824107e-12,-7.514486179561519e-12,-7.612901311037316e-12,-5.998065341118236e-12,9.013622283374632e-11,8.850091802377682e-11,-8.225287090999096e-12,8.554780538425668e-11,-4.6613514079309145e-12,8.726354891683405e-11,-5.540258157373111e-12,-4.3931439472823e-12,-6.740892534152513e-12,-7.416713414687863e-12,-8.545675375878103e-12,9.137553586318455e-11,-6.605976366608048e-12,-5.3724224666407115e-12,-9.967026234633257e-12,-4.610245878048645e-12,-5.36343277123716e-12,-1.1725177728374333e-11,-5.637511789722772e-12,-7.408888240967186e-12,-7.444456840767548e-12,-5.9908486088154775e-12,-7.585453669657854e-12,-6.824874348504709e-12
-6.940601177682268e-08,-1.3011801129635349e-08,4.3438909092079607e-07,-1.0910224100763137e-08,-4.136957928872102e-12,-9.353321151319378e-09,-6.329321850054458e-09,-6.1363150650380276e-09,-5.894242695374548e-09,-4.939211445309e-12,-4.761374627966112e-12,-4.099470186846069e-12,-3.727590352953135e-12,-1.9414680145308527e-07,-9.560096732434205e-11,-9.327640765465207e-09,-1.8533837333750607e-07,-1.9050061851445143e-07,-1.0990572391608225e-08,-1.8559715725218302e-07,-8.386525117943127e-09,-8.151746592658376e-09,-7.442683702607477e-09,-4.788090180002203e-12,-4.71892248686175e-12,-8.352730587408156e-09,-9.418245599727683e-11,-8.029241182980226e-09,-4.720451145076412e-12,-3.379042706859571e-12,-3.4034162752259265e-12,-1.1272978966731154e-08,-3.707951196778536e-12,-4.799208140787531e-12,-1.9293311270665757e-07,-8.394443594924151e-09,-3.32059962906634e-12,-8.654099848237312e-09,-4.705520735918914e-12,-9.476336502452059e-09,-9.508969052660893e-11,-3.3770437455629443e-12,-1.947642808402646e-07,-9.613952284016746e-11,-4.867870777179625e-12,-4.839993312254798e-12,-9.480059411463743e-09,-3.43462572978342e-12,-1.8870202577726692e-07,-1.1048523049058714e-08,-3.7884747275835846e-12,-3.70518386426195e-12,-3.098175233486442e-12,-3.762973516117072e-12,-4.281720101155884e-12,-8.162969866776953e-09,-3.5886752885692304e-12,-3.735795833134201e-12,-3.812578234377872e-12,-3.71766466164204e-12,-2.784553745589127e-12,-9.663285982391397e-11,-3.682511706915385e-12,-6.382278478762252e-09,-1.1290235964301237e-08,-6.237780357003505e-09,-7.314182246139898e-09,-5.667269436274747e-09,-8.305598748658762e-09,-6.854052138518647e-09,-8.293128385567544e-09,-1.8821304591927432e-07,-1.3179954010118133e-08,-1.0986686448123577e-08,-6.604884368532371e-09,-7.421913416302659e-09,-5.598545294919443e-09,-6.9677686236273444e-09,-8.345934999500939e-09,-8.488557657675428e-09,-8.145766387540798e-09,-6.2215687042677904e-09,-7.632327477523921e-09,-9.41906582204097e-09,-5.220315682548776e-09,-6.164531237653929e-09,-8.411246422793348e-09,-5.594659253679876e-09,-6.749046473001173e-09,-1.0634074009631808e-08,-9.646048823825855e-09,-6.3313560153561266e-09,-1.0972360553861763e-08,-7.349351437254648e-09,-5.4447341827076766e-09,-6.119756729663759e-09,-6.842591555858532e-09,-5.597021992366597e-12,-2.868033605965399e-12,-3.312402977586692e-12,-3.5958342251738586e-12,-4.155484953665199e-12,-4.225420254037379e-12,-4.2789450071840874e-12,-3.375963675025125e-12,-9.171284607037238e-11,-9.261178109827767e-11,-4.632748168366485e-12,-9.424388798919573e-11,-2.623692927377119e-12,-9.329751449427607e-11,-3.115918994636354e-12,-2.4710592492406334e-12,-3.789869221979055e-12,-4.173350424215861e-12,-4.801775438050748e-12,-9.103112586411234e-11,-3.717957880387652e-12,-3.0265747997926903e-12,-5.59732068026448e-12,-2.596111410027924e-12,-3.0223323874618353e-12,-6.586224151433257e-12,-3.167992480159243e-12,-4.168342937591119e-12,-4.187332290302284e-12,-3.371696316785354e-12,-4.263013175215875e-12,-3.833963161910326e-12
-1.9809212341985652e-07,-1.9409274748586083e-08,-1.0910224100763137e-08,4.2544334443406853e-07,-1.2297491909677608e-08,-1.3939168292993743e-08,-9.447332497305446e-09,-9.143305123085566e-09,-8.758115914050077e-09,-1.473314934118235e-08,-7.097481163675316e-12,-6.103566260047145e-12,-1.108345653085003e-08,-1.3849971258278343e-10,-1.3595427713425766e-10,-6.9616342391866396e-12,-2.630294957953977e-07,-1.3571467935398502e-10,-8.214627650848265e-12,-2.634193096248682e-07,-1.2503630660493686e-08,-6.076377457648674e-12,-1.108899442700336e-08,-1.4262206920977607e-08,-1.4035942308466695e-08,-6.2368442560185814e-12,-2.670440106006433e-07,-5.981851702908016e-12,-7.033780885301467e-12,-1.0048475367541242e-08,-1.012730307595834e-08,-8.439239173822364e-12,-1.102571652503036e-08,-7.161765436180038e-12,-1.375750458178203e-10,-6.270488605331321e-12,-9.863577982313887e-09,-6.475740789474479e-12,-1.3997116004091704e-08,-7.081300846026085e-12,-2.6981855585673546e-07,-5.031770358502599e-12,-2.773950648615123e-07,-1.367756834178129e-10,-1.450601992307547e-08,-7.225028950326962e-12,-1.4134674719883808e-08,-5.123628474349643e-12,-1.3434453061168157e-10,-8.262455069649933e-12,-5.6496711230808525e-12,-5.5208378977073224e-12,-4.6181809791261475e-12,-1.1197273441047012e-08,-1.2755747916926456e-08,-1.2153798105190281e-08,-1.0648831600287509e-08,-1.111315560999206e-08,-1.1350905695593291e-08,-1.1053705373135845e-08,-8.268494917062207e-09,-2.744928096079637e-07,-5.485066848064191e-12,-4.774978307316316e-12,-1.6870023722241865e-08,-9.303475280986858e-09,-5.455103074869542e-12,-8.44676310841028e-09,-1.2373505440354744e-08,-5.122321762829174e-12,-6.19025432260809e-12,-2.674169662068883e-07,-9.867003747116223e-12,-1.6390140079908074e-08,-9.831011862008145e-09,-5.540789729046775e-12,-4.176108810137324e-12,-5.211937169178213e-12,-6.233191387907573e-12,-6.346740339367e-12,-1.2126581578196196e-08,-9.27360239791998e-09,-5.70533361286864e-12,-7.033891525168185e-12,-7.775068697288948e-09,-9.190310096314404e-09,-6.284503765200426e-12,-8.329390876919148e-09,-1.0055751829841149e-08,-1.5837118315490874e-08,-1.4400903562168327e-08,-9.4529656284143e-09,-8.2009256840061e-12,-1.0940076816803797e-08,-8.092565202024029e-09,-9.11530396861694e-09,-5.112640788600255e-12,-1.6680544092696324e-08,-8.534581211884685e-09,-9.840354396288245e-09,-1.066908197428646e-08,-1.2357775436222532e-08,-1.2578111560889954e-08,-1.2743245613088809e-08,-1.0039028205984733e-08,-2.5954046164635357e-07,-2.62281907288485e-07,-1.3766026892588079e-08,-2.6723085736053225e-07,-7.801742224819837e-09,-2.643551931022182e-07,-9.273278100464742e-09,-7.353181439502456e-09,-1.1283331195170578e-08,-1.2413717101393113e-08,-1.4304739405532508e-08,-1.2898795217148805e-10,-5.53945083840865e-12,-4.50466076570739e-12,-8.359257844932272e-12,-3.8657217324628025e-12,-4.497035578538024e-12,-9.833783078841728e-12,-4.727851872142339e-12,-6.2129123096307045e-12,-6.242879974818922e-12,-5.02357559516971e-12,-6.361548059130305e-12,-5.723789215271234e-12
3.036903923757832e-08,-1.4665449250745473e-08,-4.136957928872102e-12,-1.2297491909677608e-08,4.3241743153176723e-07,-1.0539557532087046e-08,-7.135098612562552e-09,-6.914200036193086e-09,-6.636417313957205e-09,-1.1117196924231619e-08,-1.0709440782932366e-08,-9.217499648239722e-09,-8.382581249711025e-09,-8.250661977828419e-08,-3.944753105739004e-11,-1.05093855773785e-08,-7.252120419737986e-08,-3.927121014670659e-11,-1.2387876984719056e-08,-3.648612516729358e-11,-9.450960391070842e-09,-9.181160458562344e-09,-8.385893060034013e-09,-5.397352839862086e-12,-5.317274822418613e-12,-9.412020092399868e-09,-3.783844762676193e-11,-9.041912907712905e-09,-5.31887479980501e-12,-7.599203082301737e-09,-7.655302690352652e-09,-1.271166919717539e-08,-8.33861644459796e-09,-5.4098246217031185e-12,-8.113143915589582e-08,-9.459839171924036e-09,-3.7402439581189345e-12,-9.757238559563341e-09,-5.302296779357196e-12,-1.068049398604941e-08,-7.756877072593422e-08,-3.805058323537685e-12,-8.320804725380879e-08,-7.994329600774788e-08,-1.0953799394752519e-08,-5.456288482329906e-12,-5.352608527309945e-12,-3.871191182790913e-12,-3.825018989516186e-11,-6.240136465277026e-12,-8.5219735298943e-09,-4.1747939459684955e-12,-3.4913489058309236e-12,-4.2405138904328435e-12,-4.826670246643255e-12,-4.607115787483434e-12,-4.041061685069972e-12,-4.2095326218102074e-12,-8.576840775756614e-09,-4.188607140267795e-12,-3.1363357105179822e-12,-8.10566499020908e-08,-8.281028343995944e-09,-7.195808001074141e-09,-6.378402301660272e-12,-3.5223130584460253e-12,-8.238996385365159e-09,-3.1996300156182865e-12,-4.688394188914619e-12,-7.725171154584376e-09,-4.681408415449893e-12,-3.7973293264081986e-11,-7.44602855935912e-12,-1.2383425795700463e-08,-7.439963522251143e-09,-8.362578560984198e-09,-3.1598906771173975e-12,-7.855189706809247e-09,-9.404926609336876e-09,-9.568624073557385e-09,-4.597249876074358e-12,-3.5125519547032503e-12,-8.602721098771999e-09,-1.0613984132751176e-08,-2.9467618727197613e-12,-6.94712625142192e-09,-4.7493165882043e-12,-6.302541303716485e-09,-3.8098626299643365e-12,-6.0023492636466805e-12,-5.448326494740519e-12,-3.576194590126897e-12,-1.2367263804600829e-08,-4.147605068692723e-12,-3.071657787713065e-12,-6.894808539046136e-09,-7.711744222428239e-09,-1.2594651560176762e-08,-3.2321591319965203e-12,-7.4472347460129704e-09,-4.048923864108431e-12,-4.682067819048859e-12,-9.505062762176943e-09,-9.626756160411186e-09,-3.803749658164295e-12,-3.50394368548078e-11,-3.605930689310631e-11,-1.041651735708363e-08,-3.790810241935097e-11,-5.9006209315118385e-09,-7.35108790440185e-08,-3.511590143546612e-12,-5.558523660682759e-09,-8.52572503322653e-09,-9.386159946434892e-09,-1.0804054181110725e-08,-6.83825997860284e-08,-8.361251098256806e-09,-6.804720510817767e-09,-1.2596189493145662e-08,-5.837838278427989e-09,-6.794544155831584e-09,-7.425194867374763e-12,-3.571158119116606e-12,-4.697055975336818e-12,-4.718797091957865e-12,-3.798996007694724e-12,-4.805287869518262e-12,-4.322178281364896e-12
-1.7320165576090307e-07,-1.6622639019901e-08,-9.353321151319378e-09,-1.3939168292993743e-08,-1.0539557532087046e-08,4.2977712405838023e-07,-4.052377106126901e-12,-7.834234335954252e-09,-3.76436621249489e-12,-1.2607097728423294e-08,-1.213630042604868e-08,-1.0442277065456038e-08,-9.497750605345916e-09,-2.7173648280773524e-07,-2.6742575932678634e-07,-5.9657885571110126e-12,-2.603541745515353e-07,-1.3377898008956387e-10,-1.4041399724490889e-08,-2.6068659150174453e-07,-1.0710903019980054e-08,-1.0399201111891523e-08,-9.501944717969286e-09,-6.1183626330909885e-12,-6.025245015179694e-12,-1.0665509591005678e-08,-2.63762443250578e-07,-1.0239954680922556e-08,-1.2029449229708748e-08,-4.313837616915662e-12,-4.346500484924206e-12,-1.4414780298193578e-08,-4.733606157387858e-12,-1.2240140859047629e-08,-1.3535564410768305e-10,-1.0721060883332881e-08,-4.236633770498863e-12,-1.1063159511232715e-08,-1.1992524878573216e-08,-6.064924590580646e-12,-1.3332159997712608e-10,-4.311437790814588e-12,-2.725376236442396e-07,-1.3467726540352446e-10,-1.241843148093922e-08,-1.2346286354657338e-08,-6.066159771000064e-12,-4.387779603948613e-12,-2.647010142390344e-07,-7.074115393599931e-12,-4.8390280646710926e-12,-9.441923807500978e-09,-3.9562637836755e-12,-4.805654252907909e-12,-5.471736337709166e-12,-1.0417633967501702e-08,-4.5760695263927044e-12,-4.77016747418115e-12,-9.721342137262986e-09,-4.745781984601882e-12,-7.0896994651381475e-09,-2.700817487312351e-07,-4.700622385715003e-12,-4.087329044318064e-12,-1.4436766048683995e-08,-7.96793234337196e-09,-4.676097369137681e-12,-3.625607940209275e-12,-5.312246437107433e-12,-4.386759301070995e-12,-5.304473407006197e-12,-1.323009343899237e-10,-8.443704990999377e-12,-1.4036317877058721e-08,-4.222282837287397e-12,-9.47582518044901e-09,-3.579503872109602e-12,-8.90557382065792e-09,-5.3398922670478324e-12,-1.0846804113087228e-08,-1.0394991190271575e-08,-3.980376344353202e-12,-4.88559200730754e-12,-6.026112273813209e-12,-6.663354947789269e-09,-7.8725583114147e-09,-1.0743912454083148e-08,-3.576968851716698e-12,-4.316856956124326e-12,-1.3573307044364094e-08,-1.232862161445217e-08,-8.092258594387535e-09,-7.023183209901652e-12,-9.378086172714111e-09,-3.477877052732142e-12,-3.913695642040095e-12,-4.378942089963897e-12,-1.4279301109675692e-08,-7.3108919952178526e-09,-4.226382978861422e-12,-9.151556386054389e-09,-5.305286970549514e-12,-1.0773092682133027e-08,-1.0912364807906235e-08,-4.3098533601190355e-12,-1.2895534018840963e-10,-2.5971765721167033e-07,-1.1800311074259636e-08,-1.3222488243598883e-10,-3.349462172953301e-12,-1.310023260437286e-10,-3.97964500272972e-12,-6.2990980522564905e-09,-4.841500568517982e-12,-1.0636084765639987e-08,-6.136277424767266e-12,-2.5563489073276897e-07,-4.746605429526088e-12,-7.70778472615402e-09,-7.155215039657484e-12,-3.3132967806130455e-12,-3.85562918134466e-12,-1.6802561055239794e-08,-8.079818485092604e-09,-1.0624183750052274e-08,-1.0674096202721993e-08,-4.304478712307567e-12,-5.447211963587113e-12,-4.900076512643233e-12
-4.251267237191944e-08,-1.1264907264626897e-08,-6.329321850054458e-09,-9.447332497305446e-09,-7.135098612562552e-09,-4.052377106126901e-12,4.362357632386237e-07,-2.6581760724108468e-12,-5.079139822725652e-09,-4.2859147102389226e-12,-8.220732633857108e-09,-7.068016151892327e-09,-3.2221059473394798e-12,-8.998342421409789e-11,-8.849949558202548e-11,-4.0392713650911065e-12,-8.606375566669444e-11,-8.835934053917018e-11,-4.76775654721215e-12,-8.617734770502575e-11,-7.256454394334684e-09,-3.5248015076755617e-12,-3.2237286978810687e-12,-8.278453781202397e-09,-4.080511677548452e-12,-7.223745977768406e-09,-8.723600223886719e-11,-6.925146858829138e-09,-8.146270019203493e-09,-5.8307314127160025e-09,-5.8771921909219545e-09,-4.8999174932550115e-12,-6.397669392415363e-09,-4.156968763436867e-12,-8.944452577274725e-11,-7.2635994633403126e-09,-5.72208297727525e-09,-7.504020479029596e-09,-8.122118923984475e-09,-8.20306475547117e-09,-1.7573369291146979e-07,-5.827852565433862e-09,-1.8015093786488776e-07,-1.7759186277204032e-07,-4.218819475954437e-12,-4.194004117564394e-12,-8.202831567908175e-09,-5.935774267362142e-09,-8.756079193587133e-11,-4.796064694408087e-12,-6.544727711771538e-09,-6.394322907736037e-09,-5.349196669256652e-09,-6.498310728556587e-09,-3.7097184429192055e-12,-7.051332066601204e-09,-6.176214026376265e-09,-3.2311106774347047e-12,-3.3006957951656736e-12,-3.21335337148397e-12,-2.4029148153834214e-12,-1.7845680137676776e-07,-6.352327756984888e-09,-2.7719756308735764e-12,-9.795045369799519e-09,-2.7053197475384182e-12,-3.1649212236945556e-12,-2.4556875366748653e-12,-3.5970834898806184e-12,-5.934139942474244e-09,-7.169326323695798e-09,-8.734592082638361e-11,-5.728998365197058e-12,-4.76603639170854e-12,-2.8574685385386746e-12,-3.2152759726688105e-12,-4.835791467855657e-09,-3.0256343255357376e-12,-7.2198687823589125e-09,-7.353139638613539e-09,-7.035315380038306e-09,-2.6962098326105764e-12,-3.3116804633466393e-12,-4.081774270540558e-12,-4.510819776304717e-09,-5.333479425036287e-09,-3.6474085353176524e-12,-2.4210734987835924e-12,-2.9234393606630245e-12,-9.188270693361988e-09,-4.1882689267074305e-12,-2.7493317575123814e-12,-9.500450804583e-09,-3.1799415484906336e-12,-2.3513511435197713e-12,-2.6498059143919984e-12,-2.9673155493851525e-12,-4.851517779080317e-12,-2.481414989023872e-12,-2.8601922972136133e-12,-3.100230007820537e-12,-3.5926216966082278e-12,-7.300249009196864e-09,-3.705806530952191e-12,-2.918507913929891e-12,-1.6973958646379473e-07,-1.7133909378545793e-07,-4.001176777094597e-12,-8.729057710306411e-11,-4.5265774917048185e-09,-8.64506446576015e-11,-5.3817232913867686e-09,-2.137692194768167e-12,-3.2810703264312297e-12,-3.608987673503163e-12,-4.160118981160723e-12,-8.443715446866745e-11,-6.4158416478345455e-09,-2.613317192641221e-12,-4.8528414554939206e-12,-2.2426927885700886e-12,-5.207037745508252e-09,-1.1394194887446003e-08,-2.7443376194772085e-12,-3.6054119290400208e-12,-7.231420672975899e-09,-2.9150527043419738e-12,-3.692630135301185e-12,-3.322789135591214e-12
-7.825352889111016e-08,-1.0903783252143289e-08,-6.1363150650380276e-09,-9.143305123085566e-09,-6.914200036193086e-09,-7.834234335954252e-09,-2.6581760724108468e-12,4.365802522897659e-07,-4.929944339756694e-09,-8.269052237662588e-09,-3.988588081533769e-12,-6.850602792647612e-09,-6.230911782496618e-09,-1.0925415643718576e-10,-1.0783859519320138e-10,-7.81119047199698e-09,-2.106003810773958e-07,-1.0770636718926131e-10,-4.6145019708688444e-12,-2.1081831327316034e-07,-3.520240150544299e-12,-3.4181136730642346e-12,-6.233344937507086e-09,-4.013263369180663e-12,-3.952450977616117e-12,-6.996514784110289e-09,-1.0663580309180944e-10,-3.3658328571760596e-12,-3.953544252281637e-12,-5.6485575135378375e-09,-2.8512633896838643e-12,-4.7369542024303406e-12,-6.1981692702754646e-09,-4.022473676207781e-12,-2.1703335588305313e-07,-7.033103644718383e-09,-2.7795008806156566e-12,-7.256802522910193e-09,-3.941348888107052e-12,-3.978320847302738e-12,-2.143724135285332e-07,-2.82843870409105e-12,-1.0951716924085569e-10,-1.0829498099254339e-10,-4.080945442460035e-12,-4.057350761754259e-12,-3.979210336401548e-12,-5.7451205619286375e-09,-1.0694390031203267e-10,-9.261420084459314e-09,-6.3360186925083946e-09,-3.1033183285156674e-12,-2.595339233951955e-12,-3.152572816950921e-12,-3.5891907753080683e-12,-6.834318542914452e-09,-5.992584984821334e-09,-3.1293875884319725e-12,-3.194902338999338e-12,-3.1133180011758675e-12,-2.3302775838528834e-12,-1.0871089135319446e-10,-6.155051136397391e-09,-5.3510630947061455e-09,-4.744245863373308e-12,-5.226958546796647e-09,-6.123382299174721e-09,-2.378307849102981e-12,-6.955742107596806e-09,-2.8776872311814513e-12,-6.945477810890946e-09,-1.0673748153128691e-10,-1.1054394280703649e-08,-4.61287476712118e-12,-5.529034377398998e-09,-3.1145243891473977e-12,-4.6870298720181355e-09,-2.9267157376636725e-12,-6.991627356356713e-09,-7.114984214345377e-09,-3.416599694800949e-12,-2.6111136529056466e-12,-3.204907140723711e-12,-7.890123775558498e-09,-4.370953759554021e-09,-5.1644156722510204e-09,-3.5310623532511767e-12,-2.3466295919226446e-12,-2.8319945036622966e-12,-8.903883759012053e-09,-4.05147537517715e-12,-2.6593751432060534e-12,-9.19515784289564e-09,-6.152659070648936e-09,-2.281800112455927e-12,-2.5675013898622458e-12,-5.733566969415937e-09,-4.6926061834169e-12,-2.4027240867209946e-12,-5.53449237473123e-09,-6.004421662132835e-09,-3.4803255131096525e-12,-3.5406705815716495e-12,-3.5862610900378143e-12,-5.643369122932346e-09,-1.045449326911342e-10,-2.1018306864601835e-07,-3.878353909801531e-12,-2.1293815886586512e-07,-2.1971236453685636e-12,-1.0588657666320287e-10,-2.610581762897769e-12,-4.131576892155589e-09,-3.1759013965143132e-12,-6.977127397976814e-09,-8.033786805017743e-09,-1.0396692497699848e-10,-6.2153054239825496e-09,-5.056813865909215e-09,-9.367521371915168e-09,-2.173505171219791e-12,-2.5296320880417233e-12,-1.1021388665692912e-08,-2.6553813750299485e-12,-3.491751671097937e-12,-3.5081364380968056e-12,-5.636431291242035e-09,-3.5731782686962296e-12,-3.2142741079749486e-12
-2.0642315968825592e-07,-1.0446597023842695e-08,-5.894242695374548e-09,-8.758115914050077e-09,-6.636417313957205e-09,-3.76436621249489e-12,-5.079139822725652e-09,-4.929944339756694e-09,4.369755710588621e-07,-7.90501383441592e-09,-3.824333728117588e-12,-6.577511735861897e-09,-5.9786959399013655e-09,-3.496051944020425e-07,-1.7383337513726858e-10,-3.755078119217428e-12,-1.7166363454207676e-10,-1.7371194161758914e-10,-4.420363112615167e-12,-1.7176709177204696e-10,-3.3745456578481676e-12,-3.284532803239072e-12,-2.995994336865357e-12,-3.842853488245596e-12,-3.79095450106497e-12,-3.3616840574792073e-12,-3.447246481974209e-07,-3.2362665523630235e-12,-7.569547660250172e-09,-5.418974705777458e-09,-5.455855926136135e-09,-9.040277649599557e-09,-5.946902339640849e-09,-7.688303718186332e-09,-1.7467546130734924e-10,-3.377754156124078e-12,-2.669999670057897e-12,-6.9422865710294414e-09,-7.5447521020316e-09,-7.608413184034654e-09,-1.7342750172029147e-10,-5.415601304967038e-09,-1.7540113681507205e-10,-3.478126252962741e-07,-7.79576720919625e-09,-7.751970958736768e-09,-3.814276276953113e-12,-2.7573690052796097e-12,-1.7299763515080418e-10,-8.866207002461363e-09,-3.0421541259720005e-12,-2.9768841241973607e-12,-4.9667497710228395e-09,-6.032366676026405e-09,-3.4362409067304645e-12,-6.561702991077536e-09,-5.763392249518157e-09,-5.990008940211347e-09,-3.0609800602291313e-12,-5.962698653434022e-09,-4.469528195557152e-09,-1.746523455198814e-10,-5.906755639389046e-09,-2.565145614376326e-12,-9.054252583013663e-09,-5.008214179411571e-09,-5.8802267528605095e-09,-2.280607407693798e-12,-6.673728836260226e-09,-2.7568823474501612e-12,-6.663537884309459e-09,-1.7280227071310007e-10,-1.0569569614430341e-08,-8.819939244781807e-09,-2.6604113924373918e-12,-2.987520361920359e-12,-2.2545462203798737e-12,-5.590813282736138e-09,-3.358480805899397e-12,-6.812887843790011e-09,-3.2808013341237273e-12,-2.503665187181428e-12,-6.126867029288788e-09,-7.565798254797804e-09,-2.101670603235481e-12,-4.950701436748392e-09,-3.383923602514852e-12,-2.2530772359605752e-12,-2.7167356479062143e-12,-8.546177095872373e-09,-3.8776811129463665e-12,-5.079826824874605e-09,-8.808461594780274e-09,-2.960296588792697e-12,-4.381244272062601e-09,-2.463893768105311e-12,-2.7527141884275957e-12,-8.96319385879138e-09,-2.3032708877028348e-12,-5.3156953629905406e-09,-2.8935685163882967e-12,-3.338853568288103e-12,-3.3928653219942603e-12,-6.855689110650859e-09,-2.7125570010572465e-12,-1.7075606496495666e-10,-1.714663036667681e-10,-3.724130212320407e-12,-3.448216689355321e-07,-2.1079935640934534e-12,-3.4332567281855174e-07,-4.994329325558585e-09,-1.9843777778885583e-12,-6.0732997730608984e-09,-3.3526145080455144e-12,-7.691600764738068e-09,-3.3974519794477515e-07,-2.9873343596995514e-12,-2.4333278948459156e-12,-4.490172470422736e-12,-2.086492148248566e-12,-4.851125136762862e-09,-5.284467252181132e-12,-2.5424957253939897e-12,-6.683189009804346e-09,-6.712467203190303e-09,-5.407143949274061e-09,-6.829668856563098e-09,-3.0764367717022602e-12
-6.281795448166595e-08,-1.7566012469930223e-08,-4.939211445309e-12,-1.473314934118235e-08,-1.1117196924231619e-08,-1.2607097728423294e-08,-4.2859147102389226e-12,-8.269052237662588e-09,-7.90501383441592e-09,4.283682497798776e-07,-6.420319643160014e-12,-5.516698487093942e-12,-5.021040653459874e-12,-1.5429309907991034e-07,-1.4962841114327361e-07,-6.294547327859237e-12,-7.112775716770895e-11,-7.474323047440012e-11,-7.435147907113993e-12,-1.4232367959718215e-07,-1.1312430637078037e-08,-1.0956410706494641e-08,-5.0240222390986985e-12,-6.4691577392178726e-12,-1.269411008812132e-08,-1.1259458281675515e-08,-7.297287861269302e-11,-1.0781851561427963e-08,-6.3609608734750595e-12,-9.08687282381762e-09,-9.162129100596938e-09,-1.5263548772636824e-08,-9.969876310813624e-09,-6.483580287737604e-12,-1.5260006129428332e-07,-5.673255733936109e-12,-8.912462843517903e-09,-1.1708714570024918e-08,-6.342652954972548e-12,-1.2790950057595652e-08,-7.425494353426202e-11,-4.550513906502005e-12,-1.5516800380382957e-07,-1.5113557165089473e-07,-6.581659781281204e-12,-6.5424304176706804e-12,-1.2788327916751318e-08,-4.637535637395886e-12,-7.348635173125408e-11,-7.481343155978412e-12,-5.11240005142684e-12,-4.992840153793534e-12,-8.338682881732405e-09,-1.0130275262123294e-08,-5.786501931229959e-12,-5.503750881503643e-12,-9.614789840954948e-09,-5.0362599712211956e-12,-5.146887662442185e-12,-5.007402355288669e-12,-7.469476527272234e-09,-1.524921652420321e-07,-9.898354876773358e-09,-8.632618169152267e-09,-7.658925204439003e-12,-4.218414904338592e-12,-4.930184294777222e-12,-3.827971809229268e-12,-5.6055894051881945e-12,-9.2535687214405e-09,-5.597628793966725e-12,-1.460038089628323e-07,-8.94123265482997e-12,-1.4834787330292607e-08,-8.884217211508546e-09,-1.0001858936918605e-08,-7.534045189485645e-09,-4.720156431978931e-12,-5.638709907365549e-12,-5.746032914934022e-12,-1.0959606796499806e-08,-4.202891007386956e-12,-5.1646486447341366e-12,-6.36254924956564e-12,-3.5217143360999976e-12,-4.1658211837529716e-12,-5.686850204292573e-12,-7.528493576969091e-09,-4.556093134965036e-12,-7.172821707898319e-12,-1.3041317610805423e-08,-4.289304103060282e-12,-1.4815433482487432e-08,-4.953452045695034e-12,-3.66023990880894e-12,-8.241436254451878e-09,-4.626634497009214e-12,-7.568961666969846e-12,-7.721486881150254e-09,-4.455173752800249e-12,-4.8259361300722636e-12,-5.598860160240078e-12,-5.702769847340763e-12,-5.779424092336175e-12,-9.078111761252515e-09,-1.3876215023108665e-07,-7.078562953246019e-11,-6.2331700662236915e-12,-7.305887478086554e-11,-3.5344514156714975e-12,-1.4318252557049569e-07,-8.390514584795882e-09,-3.3328637583571606e-12,-1.0211856738458694e-08,-5.62505522567721e-12,-1.295182772629137e-08,-6.85636690550156e-11,-9.998582116505558e-09,-8.124965580454796e-09,-7.57189480304727e-12,-6.9746346778663225e-09,-8.109548731025723e-09,-1.7775996594811608e-08,-4.280557361221019e-12,-5.6198715644422415e-12,-5.648079174803186e-12,-4.542998636710208e-12,-5.759221808801305e-12,-5.183559119552374e-12
-1.6307905278428449e-07,-1.6893207591989895e-08,-4.761374627966112e-12,-7.097481163675316e-12,-1.0709440782932366e-08,-1.213630042604868e-08,-8.220732633857108e-09,-3.988588081533769e-12,-3.824333728117588e-12,-6.420319643160014e-12,4.2938712579351715e-07,-1.0610382560443704e-08,-4.835354199767793e-12,-2.5967565854802114e-07,-2.5528591762807733e-07,-6.062106042331399e-12,-1.24290896766334e-10,-1.2769327902701521e-10,-7.149492976915692e-12,-1.2446029885728208e-10,-1.0884712235660339e-08,-5.293571448627646e-12,-4.837527699293364e-12,-1.2411409614979176e-08,-1.2220789304809152e-08,-1.0838217416621444e-08,-2.5155444966963846e-07,-5.212234928941049e-12,-1.2224001410505284e-08,-4.383620760687373e-12,-4.4170428584361695e-12,-7.340763643888207e-12,-4.810092634443509e-12,-1.2439843082517202e-08,-2.580803071089136e-07,-1.0895076123617827e-08,-4.3046854515980565e-12,-5.633716734092016e-12,-6.105647731477874e-12,-1.2302337564807723e-08,-1.272280447008007e-10,-4.3812167678738155e-12,-2.6049213902866376e-07,-2.567015591033684e-07,-1.262165966333781e-08,-1.2548184903929542e-08,-6.164635936858652e-12,-4.4593120550201085e-12,-2.5251097446253543e-07,-1.4350446293715002e-08,-4.917718128497959e-12,-4.8070292434419586e-12,-4.020501808700097e-12,-4.8836727300074815e-12,-5.561131340166189e-12,-1.0585332520347545e-08,-9.27951472019557e-09,-4.847484173609727e-12,-4.949775670178255e-12,-4.822438094874588e-12,-3.6089905657206623e-12,-2.5798975105643245e-07,-9.533775631768451e-09,-4.1543658279059394e-12,-1.4674208087166284e-08,-4.057059058483057e-12,-9.48355094649532e-09,-3.684406164086125e-12,-1.0774378397487513e-08,-4.458263440604093e-12,-5.3901615564009205e-12,-1.26188624937671e-10,-8.582643841006321e-12,-1.426498306578545e-08,-8.563149457028778e-09,-9.629193146566525e-09,-7.259736747039492e-09,-4.534853000571957e-12,-1.083102117172612e-08,-5.523103471249692e-12,-1.0562158168412007e-08,-8.073562635165646e-09,-4.965275780637121e-12,-6.123756863072997e-12,-6.770921530954223e-09,-4.00832688713058e-12,-1.0918556284851189e-08,-3.6346038246838705e-12,-8.755740905925936e-09,-1.3792143146395452e-08,-1.25303641520048e-08,-8.224851609446561e-09,-7.137590414462318e-12,-9.528892913756384e-09,-7.0525327942820804e-09,-3.976901691867368e-12,-4.450194020072315e-12,-7.2712485150652e-12,-7.429625700066363e-09,-4.294355000690275e-12,-9.297457436974498e-09,-5.391027689245783e-12,-5.4852072164623145e-12,-1.1090245077117963e-08,-4.379543516301248e-12,-1.2278109190961278e-10,-2.474364907642429e-07,-6.00712930589803e-12,-1.2611047318926952e-10,-3.4036108672946425e-12,-2.492310894099213e-07,-8.072341968210093e-09,-3.207126694429944e-12,-9.820752135885814e-09,-1.0808188428313294e-08,-1.2447866361857098e-08,-1.2188263730175098e-10,-9.627271532926424e-09,-3.9237804354360344e-12,-7.27256774332026e-12,-3.3667311926498334e-12,-7.819299942512486e-09,-8.55611385517892e-12,-8.211895227564144e-09,-1.0796279471970192e-08,-1.084730281016337e-08,-8.730661092710522e-09,-5.536096010299118e-12,-4.98029509622103e-12
-2.660449522037733e-08,-1.4528735641670493e-08,-4.099470186846069e-12,-6.103566260047145e-12,-9.217499648239722e-09,-1.0442277065456038e-08,-7.068016151892327e-09,-6.850602792647612e-09,-6.577511735861897e-09,-5.516698487093942e-12,-1.0610382560443704e-08,4.325863169292968e-07,-8.305807915231e-09,-1.4042338500114827e-07,-1.3668505477436273e-07,-1.041289518920294e-08,-6.541332223899048e-11,-6.831079635975693e-11,-1.2272141477011218e-08,-1.3084415454494778e-07,-4.6911545158361204e-12,-4.558321661956233e-12,-4.162789250319985e-12,-5.346713189371577e-12,-1.0515299012786155e-08,-9.325202667699855e-09,-1.3351192770357628e-07,-4.489433892234538e-12,-5.26990826230507e-12,-7.529394701748014e-09,-7.584390467177878e-09,-6.308034454184675e-12,-8.262096284029029e-09,-1.0696509554522284e-08,-6.967668117508692e-11,-4.6955852487636266e-12,-3.706370633750899e-12,-9.664922791772191e-09,-5.253374335837021e-12,-1.0580975276663838e-08,-6.791232453976841e-11,-3.770097477256074e-12,-1.4111601735242893e-07,-6.908827845534468e-11,-1.0850426777394772e-08,-5.404905967981187e-12,-1.0584531533590759e-08,-7.654736077472067e-09,-1.3432339954241962e-07,-6.181438980710068e-12,-4.229963430658217e-12,-8.256162505355804e-09,-6.904174336190062e-09,-4.2013030571754364e-12,-9.543344051625942e-09,-4.565135501022997e-12,-4.004948245575114e-12,-4.170752781607198e-12,-8.496882697721932e-09,-4.150199747375999e-12,-3.1079621975390925e-12,-1.3899114063673712e-07,-4.110881886155848e-12,-7.127673001588615e-09,-1.2609826768438046e-08,-6.964970835071386e-09,-8.164230763923032e-09,-3.1700132696657065e-12,-4.645353262701197e-12,-7.65320276181968e-09,-4.638379724743828e-12,-1.3377650817979477e-07,-7.37511871906794e-12,-6.146280921420507e-12,-3.6936653405482305e-12,-8.28575818082114e-09,-6.249481676489726e-09,-3.898451840869686e-12,-4.66834313362261e-12,-4.749025196718878e-12,-4.555407881716763e-12,-3.48007904396934e-12,-8.522380948847746e-09,-1.0515883185786616e-08,-5.8276008182563975e-09,-3.4483140955949686e-12,-4.705183696963378e-12,-3.1288381441404468e-12,-3.774869774718451e-12,-1.187094300700012e-08,-5.396948473443669e-12,-3.5424361395621683e-12,-6.138251204459693e-12,-8.203388329337518e-09,-6.0761926497652125e-09,-6.831670478794142e-09,-7.640077515951183e-09,-1.2475790445232403e-08,-6.391415694474096e-09,-7.379751380123772e-09,-8.009491315856265e-09,-4.639039701735354e-12,-4.717852654005705e-12,-9.536658767321616e-09,-3.768821193846253e-12,-6.412841552213086e-11,-6.513601933120086e-11,-5.1712319898441296e-12,-6.696376150685327e-11,-2.9290191079131937e-12,-6.590359445003075e-11,-6.943947235771278e-09,-5.5067481060662465e-09,-8.446246643825763e-09,-4.659178180753045e-12,-1.0702517955640843e-08,-1.2646517622264554e-07,-8.284501679885242e-09,-3.378287918132791e-12,-1.2476964844370668e-08,-5.78437343646995e-09,-6.7331955125876144e-09,-1.468064912169067e-08,-7.0610224885395765e-09,-9.288601988496636e-09,-9.331304104643403e-09,-3.764118026391135e-12,-9.501317288001218e-09,-4.281495559563155e-12
-1.3227049650144808e-10,-1.3217501770672225e-08,-3.727590352953135e-12,-1.108345653085003e-08,-8.382581249711025e-09,-9.497750605345916e-09,-3.2221059473394798e-12,-6.230911782496618e-09,-5.9786959399013655e-09,-5.021040653459874e-12,-4.835354199767793e-12,-8.305807915231e-09,4.3416581163707733e-07,-1.2333863100453285e-07,-1.19921186715548e-07,-9.470145039829282e-09,-5.727846615740729e-11,-5.99272270599894e-11,-5.593697649029104e-12,-5.741066675474233e-11,-4.2673305293192775e-12,-8.272266291084255e-09,-7.556942225127308e-09,-9.709770139424525e-09,-4.791691428490129e-12,-4.249523505201491e-12,-5.863248051099513e-11,-4.081328881068473e-12,-4.793093095537517e-12,-3.4309615629302703e-12,-3.456501890633116e-12,-1.1458920102522773e-08,-7.514312755540993e-09,-9.732041582747263e-09,-1.2209633129285528e-07,-8.525594756781148e-09,-3.370118814557627e-12,-8.795383375050443e-09,-9.537211966750394e-09,-4.822630348306549e-12,-5.95639725143329e-11,-6.84425496814938e-09,-1.239730317088575e-07,-1.210228284342105e-07,-9.873145286958887e-09,-4.917968173111403e-12,-4.823855983517573e-12,-3.489130696484053e-12,-1.1776163126226175e-07,-1.1226114380828838e-08,-3.848059129658837e-12,-7.509266401295238e-09,-6.2801918043547376e-09,-7.628039509888236e-09,-4.35045499422835e-12,-8.286043087117265e-09,-3.640720799745118e-12,-7.5721006478112e-09,-3.8728392530571726e-12,-3.774499935507912e-12,-5.640155201927443e-09,-6.114229657319399e-11,-3.738663505125291e-12,-6.486100653519982e-09,-1.1476456148785143e-08,-3.174591085538448e-12,-3.7195517762088445e-12,-5.755170875895916e-09,-4.224901083153468e-12,-6.962688655756122e-09,-4.218594408849359e-12,-5.875494741809853e-11,-1.3397479004148178e-08,-1.1160873773970199e-08,-3.3587158089715206e-12,-7.53630137988614e-09,-5.683050864913423e-09,-7.080503970322034e-09,-8.475667567301995e-09,-8.624412339315202e-09,-8.268105363331413e-09,-3.1655041246023747e-12,-7.75385995113957e-09,-4.792235265876381e-12,-5.299742124775808e-09,-6.26091741770955e-09,-8.543440125788888e-09,-5.679043736987634e-09,-3.4333565125782835e-12,-5.40862313765137e-12,-4.910842301763609e-12,-3.2234725779975108e-12,-5.584407629267239e-12,-3.737331451351218e-12,-2.76721556932526e-12,-3.1128293115432002e-12,-6.9503688821848055e-09,-5.687740756677534e-12,-2.912838933423506e-12,-6.7104827913121884e-09,-7.280933207806842e-09,-8.421510903296919e-09,-4.291954233270639e-12,-4.3470576387085e-12,-3.4277785169282017e-12,-5.610349445021031e-11,-5.702541113267884e-11,-4.7023467436260505e-12,-5.869541133189228e-11,-2.6638777871189627e-12,-1.1520969533821478e-07,-3.1647503552885054e-12,-2.5095602653200354e-12,-3.8497686140962074e-12,-8.458442511682608e-09,-9.737954025254174e-09,-1.1057570098059712e-07,-7.534930796099877e-09,-3.0718986985306517e-12,-1.1354057853604482e-08,-2.6354030991443407e-12,-6.122151759548002e-09,-6.692862882043027e-12,-6.424607928215822e-09,-8.448829073602197e-09,-4.252684494882278e-12,-3.423577154654364e-12,-4.331104829473801e-12,-7.77614807770003e-09
