0.9999999999999976,-1.0663711596080888e-12,-7.553482213007072e-12,1.0598387475754757e-11,4.443222476809526e-12,4.964530393107844e-11,0.9999999999925069,1.685324169390652e-12,1.000000000000944,5.850629823122352e-12,-5.199339657140862e-12,5.111367247479907e-11,-9.138539537823241e-12,0.999999999989261,-2.0892785451488355e-11,-2.7295048787193554e-12,4.0955812600412497e-13,5.4136904142983e-12,3.2534332795210135e-12,-5.527410958065367e-12,9.652993806440171e-12,-1.0664769553907546e-10,1.2652731358756383e-11,3.5354033146281225e-11,5.123090640321943e-11,-4.671589541667713e-11,-7.94955048779018e-11,1.0000000000031095,-4.582381172995782e-12,2.9503133739862504e-11,-5.900473156388968e-12,1.008613747724655e-13,-3.364795021651787e-11,-4.890315148844758e-12,-2.7062755631090196e-11,-3.7743117722674045e-11,2.748680929719068e-13,-7.817387811837886e-12,8.91097933382638e-12,2.9555211851937055e-12,0.9999999999870305,-8.177584948784228e-12,-1.697286565797664e-11,4.012780682097202e-12,-1.392225688152838e-11,-2.6901948927497002e-11,3.5269366563887906e-11,-2.1589439909776607e-12,-1.873034006427586e-11,1.0000000000058002,-2.428411275195588e-11,2.8209258244733555e-12,9.48779124614075e-13,1.0868010321185597e-11,5.57240474174356e-11,0.9999999999891125,1.3740663008269169e-11,-8.663402553038146e-12,6.232194949317201e-12,-6.211168181897765e-13,0.999999999990433,3.7776014659372944e-13,1.0000000000054095,3.879703997605708e-12,-1.046069635712628e-11,-1.0860633808569157e-11,-5.767378419147379e-13,9.535396735520267e-12,1.0000000000108247,-1.110450010827934e-11,7.128131073553197e-11,1.0955387544857692e-10,0.9999999999808732,-1.6674041442834087e-11,4.066883465263092e-12,1.915249336938724e-12,-1.3962239658627382e-11,0.9999999999881979,7.811359980380504e-12,-1.5752424128916988e-11,6.46441078563002e-12,1.5878466408819646e-11,-1.3383491962966571e-11,5.4081926029479094e-12,-4.653995635949804e-13,2.8956980054650447e-11,3.0442527577764996e-11,-9.927022885392459e-11,-5.370144385521104e-11,-3.839059357472113e-12,-5.172649270337528e-12,-5.141014534384866e-13,8.055601470783299e-12,-1.692950612124023e-11,0.9999999999960174,2.566257295690199e-11,-1.1898069631101057e-11,1.8362421358893228e-11,-5.294098170183065e-12,2.4553539019414184e-11,1.0000000000029243,0.9999999999964515,0.9999999999964091,-2.6831641119128374e-11,0.9999999999900238,0.9999999999850687,3.0544681850887283e-12,-7.629968017088396e-12,2.749468731225532e-11,1.0649664040379873e-10,-2.5252170832995283e-12,-1.6490989676818366e-11,1.0000000000058396,1.1584170383664925e-11,-2.8885938475170866e-11,-6.400928602920726e-12,2.1944065051242037e-11,1.3453601794958739e-11,-4.077119365663143e-11,-1.7319011461876557e-11,-1.4403092482397786e-11,8.672327558624158e-12,-2.2087641726524813e-11,2.7405067362830365e-12,0.999999999999246,-1.919251799099863e-11,-6.5755032509377016e-12,9.130471165247626e-12,3.9097012856317933e-11
-1.0663711596080888e-12,1.9082578695522997e-13,7.104443401578916e-16,4.879908454903027e-16,5.567490838627942e-16,1.0761638561550162e-15,-6.516170926699578e-13,5.98065345369348e-16,-6.521922810892717e-13,4.736620257183971e-16,6.3369551318630755e-16,7.147537146218457e-16,7.711127455715305e-16,-6.52198840700908e-13,3.545045855342411e-16,5.380749124714802e-16,7.055914050647985e-16,6.183043600960839e-16,5.431549412614807e-16,6.300892446672042e-16,8.384931129166921e-16,9.400348575952129e-16,6.97212207202152e-16,7.617243867945103e-16,8.645751950982347e-16,5.708274989404162e-16,9.300468855703257e-16,-6.522246909480227e-13,7.497863737603607e-16,8.89128315419255e-16,6.202215590186836e-16,6.092515517496399e-16,9.04765454111366e-16,6.821444427010175e-16,1.1101261108311366e-15,6.628329212361589e-16,7.822521576430468e-16,8.136202695594628e-16,7.1829209105243e-16,7.003052415236917e-16,-6.523399804333414e-13,9.673355150271949e-16,5.936261001730171e-16,6.645318741077843e-16,3.121143977397263e-16,7.305198961446761e-16,9.547666446876229e-16,8.14440297258414e-16,5.574869188147835e-16,-6.516859330888558e-13,7.1066136589618025e-16,7.400617583691982e-16,3.369759507184674e-16,8.918595101213548e-16,7.121539645818361e-16,-6.514587441309457e-13,7.887386019681952e-16,6.483787226835272e-16,5.914820702727231e-19,8.91687005844278e-19,-3.271145689028083e-16,-3.4186506300796214e-19,-3.2646351355200586e-16,3.4202341598892985e-19,4.801946638149051e-19,9.737354128059368e-20,1.8580270884231104e-19,1.2813602567619482e-19,-3.267229358670161e-16,3.666883743020465e-19,2.8103635469401844e-19,-5.862260027273992e-19,-3.2701407903980834e-16,3.4395902482918513e-19,4.513514181790229e-19,2.286799934349186e-19,5.417735890991176e-19,-3.2656152822457894e-16,1.5913242379323087e-19,3.646970019481371e-19,-2.432265900346858e-19,2.924574840742401e-19,-8.557961753404043e-20,5.038351294513227e-19,4.373933795972471e-19,3.2660064760017265e-19,8.89549808794696e-19,5.605928791562832e-19,2.0910139632918944e-19,2.2375746232071167e-19,4.0310369598719976e-19,6.007647242779578e-19,3.484793936547741e-19,3.876322041505284e-19,-3.2704320557911236e-16,4.198273479230545e-19,4.076666758856881e-19,5.507235654785865e-19,3.8350546960276634e-19,4.63227030825609e-19,-3.268511912262899e-16,-3.2666290313690405e-16,-3.2670147993976193e-16,4.1784063180848207e-19,-3.2655637734466637e-16,-3.270559476341028e-16,9.704732040183467e-21,3.185917043388558e-19,1.8040870998890667e-19,4.1919755760096957e-19,5.84224626229797e-19,6.249158107400516e-19,-3.2660976190220164e-16,1.3629285089864481e-19,1.0833066548304644e-19,3.4452321300701364e-20,5.544773905170675e-19,5.263394260027735e-19,4.155759895635455e-19,-6.330833209894815e-21,3.366390302071554e-19,-4.743361962961267e-20,3.588541154104425e-19,2.790288920465352e-19,-3.2643656733216547e-16,1.907818637628747e-19,2.5798932180950173e-19,2.6426966992311513e-19,4.893962976498317e-19
-7.553482213007072e-12,7.104443401578916e-16,1.9310905639436044e-13,4.18675266283788e-19,-3.8176713205766344e-20,1.0646015119763499e-18,-7.127319633971535e-12,6.964611712847044e-19,-7.128745499387657e-12,6.00946754711891e-19,1.0407494546429386e-15,1.4932000075583947e-15,1.3720395789091178e-16,-3.571118075729645e-15,5.950932804341115e-16,9.809179226743993e-16,8.392678949112884e-16,6.653919917545576e-19,1.3670404567392037e-15,2.4339564353635824e-16,1.46054822121583e-15,5.990684565167372e-16,8.227740867866275e-16,9.55179456633633e-16,1.0925700144094725e-15,1.223730492368334e-15,2.1293783372573403e-19,-7.128764170699247e-12,1.679241194184417e-19,-4.537572635282249e-19,7.55467262635609e-20,7.532301761799496e-19,3.786643095609755e-21,-1.1522526919775563e-19,9.138879396526832e-16,3.659263723100882e-16,6.124861476179276e-16,3.456196992402251e-19,4.559171446342885e-19,9.728925916793165e-19,-7.129217850831073e-12,1.9794076556970798e-19,8.613481110904744e-16,6.739862612681263e-19,6.513369119046946e-16,2.6331006077477153e-19,8.219289816893302e-19,6.025449408491096e-16,5.209851209090892e-19,-3.571450839165275e-15,7.216168393657044e-19,3.7683679744760883e-19,9.861759379064858e-16,4.306688285405091e-16,5.3395904093851965e-19,-7.128682763699342e-12,5.657584425763209e-16,8.93493855373954e-16,8.186219207264623e-16,7.852302197061669e-16,-7.128471359981453e-12,8.214151211562766e-16,-7.128343898064145e-12,5.532131187387e-16,3.102208013157711e-16,3.6730807593369296e-16,5.456947542356904e-16,1.1083402528556535e-15,-7.12892808511989e-12,4.937013671267664e-16,1.2514407060320432e-15,1.8490660764978065e-15,-3.571743583930682e-15,1.1714263071520966e-15,1.382738983334067e-15,1.2534840442220323e-15,1.4244361388203451e-15,-7.128962093447978e-12,7.345507369496411e-16,6.13802265572002e-16,8.819325950795765e-16,1.1046985692079036e-15,3.9970121844357403e-16,1.0881051254603095e-15,6.437714982834942e-16,1.020940806792103e-15,6.428147358608445e-16,3.3326611758785144e-16,1.0965710370366006e-15,7.215844475246282e-16,9.233363356818363e-16,1.0694512204678533e-15,1.3335113951219818e-15,1.0082017126791012e-15,-7.1293973354761665e-12,8.460412577934838e-19,5.987876017291955e-19,3.301756251133939e-19,-1.276921112264545e-19,8.211618516327699e-19,-3.571938009337205e-15,-3.5716252862113615e-15,-3.571557123587143e-15,7.09225488297543e-19,-3.571039751040981e-15,-3.57145887084519e-15,3.0832292779408133e-19,1.1887263328137476e-19,6.624788541061298e-19,1.1675482047350516e-18,1.7701633759232703e-19,1.3841936036702594e-19,-3.571018210042347e-15,-4.6776035348846e-21,9.391751324751928e-19,-4.135223536664441e-19,8.8741186171347e-19,7.231459048244158e-19,2.686144475836907e-19,-3.4837909473745674e-20,1.2936628250196555e-20,3.879088837658138e-19,3.023488765555644e-19,-3.0870532023928313e-19,-3.570785023668875e-15,1.1514416613234e-19,1.0554118061479473e-19,4.188398170011316e-19,3.9473077347806855e-19
1.0598387475754757e-11,4.879908454903027e-16,4.18675266283788e-19,1.9113117011317722e-13,1.8990233908756008e-16,5.349651642004038e-19,5.5154516774215906e-15,5.164821597309456e-19,5.515522480795349e-15,5.3162237579560665e-19,4.2872683419872322e-19,4.1217450183488497e-19,5.3129021177274183e-17,1.1009698727426033e-11,1.6118667479714734e-19,7.622230411620148e-16,5.996460044168566e-16,3.886813564589268e-19,1.0586869416895791e-15,-9.125519575183846e-19,6.705396796290262e-19,4.8956403734982724e-20,6.29431229376745e-16,3.767903500362076e-19,8.263310432615718e-16,4.0949224317779005e-19,-2.813003076586661e-19,5.515455861016928e-15,1.2598988311885205e-19,2.490527376277844e-16,2.942815057889502e-16,5.139792671107803e-16,5.50892848991795e-16,1.2692245480529141e-19,7.442896111972914e-16,6.08483317669669e-19,4.488570710143415e-16,4.960043478686418e-16,-2.105520083786515e-20,1.1791510080599793e-15,5.515195538961817e-15,-5.770583271704788e-20,1.846489706714699e-19,3.9647630173063855e-19,4.771857406824313e-16,5.425698402521712e-16,9.630567843468852e-16,1.7475316370325625e-19,7.55920123928117e-16,5.515262963464898e-15,2.3925289822218524e-19,4.236104782200805e-16,7.103494393436612e-16,2.744562217907399e-16,2.5778850166296975e-19,5.515574901336707e-15,-7.380314216370584e-20,5.243082681248882e-19,6.021111710499561e-16,2.159505712891804e-19,5.515129319217655e-15,3.152295354391476e-19,5.515610158700352e-15,3.6929042618270113e-19,6.323745813296221e-20,-1.0823891773239616e-19,3.688991650531643e-16,8.852004083027365e-16,1.100950579631612e-11,2.797187073079999e-19,9.650105304430882e-16,9.371362042570875e-19,1.1009090390911827e-11,2.2298538171706597e-19,1.050218065985881e-15,9.67946858613013e-16,1.1158543163704932e-15,5.515466553519213e-15,5.250693819976409e-16,4.792228107284766e-16,6.799246450436135e-16,3.900658750399754e-19,1.405920514331789e-19,8.055582153767404e-16,5.013009651393493e-16,-8.221556589193319e-19,5.623916705419057e-19,3.156829782430878e-16,4.1003331021398505e-19,5.43799316517445e-16,4.748160975254583e-19,8.175630929755587e-16,4.982068072632438e-19,7.916271308478555e-16,5.515242139852258e-15,6.813825065360043e-16,7.440986934933276e-16,5.905026374402875e-16,7.0218768605368e-16,1.1814104933343964e-15,1.1009190056689521e-11,1.100955829061653e-11,1.100945395313848e-11,1.0917840187886548e-15,1.1009826136779285e-11,1.100946063814958e-11,4.969944074043241e-16,3.074888497401241e-16,6.003187738381542e-16,7.463433546062205e-16,6.02356271196203e-16,8.126270387797469e-16,5.515575355120765e-15,2.2916471872061256e-19,6.298195453608902e-19,3.2410714659432513e-19,-3.2387399767821436e-19,3.4154518111719604e-19,2.999736770223929e-19,-1.0007260152256494e-19,3.470572865717968e-19,3.3839073961505526e-19,1.0621435686193579e-19,1.377732929498228e-19,5.515528946600895e-15,2.223681112197828e-19,3.550819670214871e-19,2.1301925699288853e-19,3.1790829979047543e-19
4.443222476809526e-12,5.567490838627942e-16,-3.8176713205766344e-20,1.8990233908756008e-16,1.9097850651248672e-13,8.383162654989004e-16,2.4304797643737443e-15,2.98475051590137e-16,2.4300886029537866e-15,1.8463806375120585e-19,-2.933396203435449e-19,3.7791463179551876e-20,8.222539436219445e-16,2.4297967648560246e-15,4.990429438986843e-16,4.912920440161003e-16,5.887012283397611e-16,2.6917209642230853e-16,8.825286508810085e-17,6.9275366494894975e-16,6.109506269272954e-16,7.294200440957649e-19,5.235913366573513e-16,5.570554826152151e-16,2.262540596816961e-19,5.312590618062581e-16,6.220142768566735e-19,4.8505568984584186e-12,1.475694444886856e-19,5.223037337465674e-19,4.639395765693804e-19,3.4243671571382704e-19,7.873869813198631e-20,4.905206707995067e-19,2.1066972475804344e-19,8.887492795460762e-16,1.040513002592161e-19,4.591831318922388e-19,8.089980486067506e-16,-3.1956400779426965e-19,2.4298995024594202e-15,7.633593963678593e-16,3.4643819105157407e-19,1.1564108154161712e-18,6.252445141457072e-16,3.423375494979355e-19,4.806850377938935e-19,3.5385544418012436e-19,2.9188139453426697e-19,4.851112308774897e-12,6.693971985579087e-16,4.983093592860428e-16,3.9002254475161904e-19,5.804380628877094e-19,3.7208537538991146e-16,4.850984411268934e-12,4.901780194147489e-16,3.1277767384082466e-16,3.9949732025506067e-19,2.315116845384347e-16,2.4298378882529942e-15,3.2608211984840366e-19,2.4300821940775974e-15,1.9343568173590355e-19,3.382867444862839e-19,8.065085350107439e-16,2.787300215182108e-19,4.000264500957966e-17,2.4299637602265994e-15,5.505797245459753e-19,2.6877506884415893e-16,-3.129021896229657e-19,4.84970365357123e-12,4.302679488145352e-16,-3.670531463319893e-21,3.598112917298714e-16,6.897684091221561e-19,2.430117218229921e-15,4.946892235556288e-16,-2.199087444996384e-19,5.454191301834177e-16,-3.571334134742482e-20,4.373093144312731e-16,2.421403021141708e-19,1.1610891257338324e-19,6.23979733684588e-16,-4.015547203060446e-19,1.6368048261340514e-19,2.139577020339397e-19,2.829739473775713e-19,4.544929356588136e-16,2.860465251259354e-16,-7.741558668380912e-20,7.179432843746865e-16,2.429643163689261e-15,4.251130049632938e-19,5.264450752035753e-19,5.626722195897471e-16,-4.960936917472913e-20,2.362095366948865e-19,4.850612454804743e-12,2.4292362333190075e-15,2.4300874598461596e-15,3.1514630668457873e-19,2.4295448404735322e-15,2.4299907552361965e-15,4.952181864831171e-16,1.9914631003265093e-19,2.3780971639618685e-19,1.7672269644500213e-19,2.3005598942744164e-19,2.655942930606751e-19,4.850705550170761e-12,5.593721044246329e-16,6.07415135204612e-16,1.0164890018717637e-15,6.386240310866587e-16,7.354279542636238e-16,7.987398282424444e-16,9.166169763213969e-16,5.333401098487934e-19,3.1314411880348023e-19,3.640312916642843e-19,2.5065250522381647e-19,2.430228915668441e-15,3.737849713261654e-19,3.1533436583516224e-19,-2.1067202671881204e-19,1.9390105995024225e-19
4.964530393107844e-11,1.0761638561550162e-15,1.0646015119763499e-18,5.349651642004038e-19,8.383162654989004e-16,1.9329732351600828e-13,5.009590329550327e-11,1.130102797342244e-15,5.0094728627358334e-11,5.576130634964802e-19,5.025955252783998e-19,1.4823405232690337e-15,4.312185814027571e-19,5.0094542384401826e-11,9.162081928812124e-16,4.928620189201238e-19,4.936450757949653e-19,1.085711541911666e-15,1.1244742618819856e-15,9.169244307631686e-16,5.390852900992424e-19,6.408874592757538e-19,1.1530295628214168e-15,1.3102514656077105e-15,1.3824941086858464e-15,1.4227944838314578e-15,1.3402437270800325e-15,2.5096344427523903e-14,4.422267052288244e-19,1.322840800010087e-15,1.1178525002367837e-15,9.387348661409878e-16,1.2524708822204713e-15,2.0674639278604086e-19,4.687143277392043e-19,1.160614444055217e-15,1.2519992497419811e-15,9.661184440683536e-16,1.1787777898607503e-15,1.3830678436387118e-15,5.009411009342417e-11,5.786187645513972e-19,1.2090367309248771e-15,1.1527366276112111e-15,9.829537277783524e-16,6.425606965782208e-19,7.259970436011778e-19,4.796524282012055e-19,1.1739754617821547e-15,2.5095952490564644e-14,1.4947117921125952e-15,7.382577293388544e-19,5.765202413095212e-19,1.4060009687609072e-15,1.4978514211702527e-15,5.0095350330518966e-11,5.37464552938729e-19,1.0431078651290143e-15,6.746082919497364e-19,4.798066735802596e-19,2.5096111992914124e-14,1.184971027463715e-15,2.509650786967808e-14,9.845414608000518e-16,8.684544465092015e-16,4.842163653327837e-19,5.445181512467046e-19,9.035639438853077e-16,5.009482638050179e-11,1.2824203179678422e-15,1.3398891662012864e-15,1.5276354432177815e-15,5.009329024187884e-11,5.556382347584258e-19,1.0695359368083673e-15,6.246893520704267e-19,1.121472621427814e-18,2.5095673414755465e-14,5.523869744893496e-19,4.056979802625604e-19,1.200367621318119e-15,5.510812228757794e-19,8.366637984848153e-16,1.2146129584587996e-15,1.393123900236122e-15,8.784553500739375e-19,1.2325318478208565e-15,1.1749059053196312e-15,1.3872295691151897e-15,1.0219638349418642e-15,2.4185484143567896e-19,1.110787336297381e-15,4.510292495078984e-19,4.37411540617644e-19,5.009353876535168e-11,1.2841660315667163e-15,5.6023340423965975e-19,1.1817794966116165e-15,1.0536398146842854e-15,7.473739904432282e-19,5.009434920362623e-11,5.0094964322876234e-11,2.5096147839763365e-14,8.275715250034975e-19,5.0095178823191284e-11,5.00946547210826e-11,6.406254614492079e-19,1.039583203632198e-15,6.634454151062709e-19,7.324792013035699e-19,6.215688886489077e-19,1.6009327435843785e-15,5.009519248572066e-11,4.454384547403454e-19,1.2552683553368973e-15,9.061107530706606e-19,1.1347771998620929e-15,1.3446266713045307e-18,1.5018792613379503e-15,1.1173726175981067e-15,1.4501574993651669e-15,1.1893069368378638e-15,1.526646647508601e-15,1.7221922257677396e-15,5.009537969899324e-11,5.275114995098242e-19,3.0672771671991107e-19,5.287334937045289e-19,8.90393542233575e-19
0.9999999999925069,-6.516170926699578e-13,-7.127319633971535e-12,5.5154516774215906e-15,2.4304797643737443e-15,5.009590329550327e-11,0.9999999999880952,1.0554365679020243e-15,0.9999999999963164,3.1374662296622283e-15,-2.3968992227373482e-15,5.1535990245635395e-11,-4.371938650475555e-15,0.9999999999846257,-2.04825391342301e-11,-2.3084371811894797e-12,8.282392772932996e-13,2.9202934354660485e-15,3.672173089303629e-12,-2.564076742626281e-15,1.008494443419546e-11,-5.321388710254026e-14,1.3073476032313744e-11,3.577580566039453e-11,2.587764553398376e-14,-4.6291314398081444e-11,-3.961160255000814e-14,0.9999999999984842,-2.088434982533216e-15,1.4990088600295906e-14,-5.492034213570909e-12,2.5694031903916153e-16,-3.322704492958561e-11,-2.2441826361002287e-15,-2.6627131343726274e-11,-3.732780297033165e-11,3.48628416933409e-16,-3.7108821980373555e-15,4.674830981076836e-15,3.3886858116206405e-12,0.9999999999823833,-7.756588087285443e-12,-1.6556605261686678e-11,4.427662947962658e-12,-1.3512539954882811e-11,-1.3264961208518926e-14,3.569903460730121e-11,-8.737396149965494e-16,-9.175727476593602e-15,1.000000000001185,-2.3855794494239254e-11,1.6184600992170878e-15,6.807537164545928e-16,5.657048590397715e-15,2.8131096794530746e-14,0.9999999999844936,7.091829444690274e-15,-4.131258308342335e-15,6.6435035877358484e-12,-2.0613587759888154e-13,0.999999999985806,4.0112419709057314e-16,1.000000000000794,4.277038332105613e-12,-5.0364771627556346e-15,-5.230441503790755e-15,-1.6439097195334939e-13,9.950582170434176e-12,1.000000000006199,-5.354014619364642e-15,7.170386848052291e-11,5.509480088434733e-14,0.9999999999762298,-1.624373875076926e-11,2.2444817323762607e-15,1.1691495783965011e-15,-1.3512728288716801e-11,0.9999999999835789,8.227170246399238e-12,-7.685495445634371e-15,6.877769105514279e-12,8.163647078095598e-15,-6.4964407090811334e-15,2.9184223191603015e-15,-3.8460581041529056e-14,2.9384224793905755e-11,3.0865635582296383e-11,-9.88466649927008e-11,-2.6687906304138414e-14,-1.7183181768413242e-15,-4.755916207700195e-12,-9.991595170229321e-14,8.472064993534886e-12,-8.261352497412705e-15,0.9999999999913635,1.3066701488492435e-14,-5.755736897548164e-15,9.409804314311122e-15,-2.4489994858926007e-15,2.4986379341645038e-11,0.9999999999982947,0.9999999999918185,0.99999999999177,-2.6398985372848475e-11,0.9999999999854015,0.9999999999804359,1.731651621343008e-15,-7.216008134085348e-12,2.7917671253766118e-11,5.356635596689726e-14,-1.052183125952999e-15,-1.6057673380026488e-11,1.0000000000012208,1.2003995845205563e-11,-2.846309757506425e-11,-5.986487628981287e-12,2.2357517600225135e-11,1.3884433009126589e-11,-2.020798520546511e-14,-8.470534162093543e-15,-6.9975713362940226e-15,4.55027743734669e-15,-1.084672771633636e-14,1.5997834635266249e-15,0.999999999994624,-1.8778275242879193e-11,-6.157609192132151e-12,4.781587043725101e-15,1.980095133167787e-14
1.685324169390652e-12,5.98065345369348e-16,6.964611712847044e-19,5.164821597309456e-19,2.98475051590137e-16,1.130102797342244e-15,1.0554365679020243e-15,1.9099062894677747e-13,1.054851929949034e-15,8.464097314588003e-16,2.411379284481231e-19,1.1411126185690933e-15,3.284470175314939e-20,1.0548608957637777e-15,5.150502460248455e-16,8.28487217643744e-16,7.451561719927959e-16,8.930506287110619e-16,1.0990445924780215e-15,-9.273122723343876e-20,1.010462252806773e-18,1.4427272889953422e-19,2.731083369504629e-19,3.9012401643919285e-19,9.625094851136727e-16,3.3336553290042766e-19,4.01059662979777e-16,2.105954837237749e-12,5.504641443374432e-16,6.161725472987015e-19,4.500759033180921e-16,2.954985188053038e-19,6.865003827873628e-16,7.179671307125033e-16,2.8458074436057506e-19,3.854529256391021e-16,-2.171771450540831e-19,6.487597679065146e-16,3.1458975553845316e-19,5.187669900583256e-19,1.0544537903208677e-15,5.115766338190729e-16,7.192207029863932e-16,5.248075174095187e-19,5.119075613385499e-16,5.895837455115317e-16,1.113410481885887e-15,3.0425379473287704e-19,6.053735361482157e-19,1.054692939249268e-15,1.9713050865122077e-19,5.458956992333656e-19,7.493535868405802e-16,4.836560652249194e-16,1.1309987920220608e-15,2.106139361369911e-12,5.722400194159864e-16,5.858790631852668e-19,6.929013272183258e-19,1.2244500268126773e-19,1.0550465221461224e-15,7.43493798150945e-16,1.0551016883115081e-15,3.405150540307937e-19,3.377025557757842e-16,3.391397980421906e-19,-2.205225475095012e-19,4.506618493793662e-19,2.1058646280770734e-12,5.295125956100426e-16,1.0679403950857946e-15,1.4465632015517665e-15,1.0546698344173626e-15,4.1903723965494734e-19,1.1130346917881601e-15,9.808617121885814e-16,5.898594437109575e-19,1.0546493713051611e-15,6.790973333102121e-16,8.010234632972379e-20,6.830988889883616e-19,8.753345856347091e-16,5.382894947428459e-19,8.19452214613561e-16,6.183312763495933e-16,1.8233392331955657e-20,-4.1513654389456805e-19,4.100851706489636e-16,9.587817872686942e-16,5.5477926675936e-16,7.561036139582573e-16,4.2465179876623576e-19,6.827005428859286e-19,8.952749542031437e-16,2.1054715806638983e-12,4.515062452607798e-19,1.4243883338197451e-19,3.0526390158179895e-19,7.47408036021483e-16,4.003725559272518e-19,1.0547736550522554e-15,2.1059400875165455e-12,2.1058310173637068e-12,1.1349511988951528e-15,2.1062086679253555e-12,2.1058897206750117e-12,4.250544010931473e-19,1.2151135191473787e-19,6.976555088625875e-16,3.7021761552797746e-19,7.357983209627571e-16,9.347040436810848e-16,1.0549973366477345e-15,6.391178155991193e-16,1.1469784270833089e-19,1.9313816961490814e-19,5.56948694937807e-16,8.832807704612185e-16,7.756529879946363e-16,2.772782314970487e-19,-4.371051035068955e-19,7.951217602477885e-16,8.680381338203535e-16,7.295080002325369e-16,1.054687368897235e-15,6.483483889317365e-19,6.113105228344126e-16,7.147455847520812e-16,3.3288986513434414e-19
1.000000000000944,-6.521922810892717e-13,-7.128745499387657e-12,5.515522480795349e-15,2.4300886029537866e-15,5.0094728627358334e-11,0.9999999999963164,1.054851929949034e-15,1.000000000004918,3.1367420803357922e-15,-2.3973227500643584e-15,2.581732623029756e-14,-8.726523041602638e-12,0.999999999993041,-1.0261554306302893e-14,-2.3092903704053013e-12,8.276407554314285e-13,2.919854133666361e-15,1.8389863493169804e-15,-5.118771880975853e-12,5.050632468301662e-15,-5.321449045281785e-14,6.549067759922685e-15,1.7922231904526073e-14,2.587686954932452e-14,-2.3191630732711635e-14,-3.961161094376242e-14,1.0000000000068985,-2.0886034424416884e-15,1.4990231091972915e-14,-5.492100752649143e-12,2.5671454216861354e-16,-3.322758107660811e-11,-4.480181336573048e-12,-1.333946769653888e-14,-1.870037293974941e-14,6.960554924517591e-13,-3.711205529838129e-15,4.674792657901408e-15,3.387088591179251e-12,0.9999999999907995,-7.756647435378404e-12,-1.6557308167416447e-11,2.2170971415670605e-15,-1.3513047950530067e-11,-1.3265130885780198e-14,3.5697935210945035e-11,-8.739153992975945e-16,-1.8316792203432325e-11,1.0000000000096005,-1.1951786277391765e-14,3.2308633362379374e-12,1.3580630055172245e-12,1.1292226347486969e-11,5.6151409353586276e-11,0.9999999999929093,7.09107202444052e-15,-4.132313147155268e-15,6.642972635524122e-12,-1.0366158389602267e-16,0.9999999999942202,4.009695245471933e-16,1.0000000000092095,2.1422738677643194e-15,-1.0053214365971731e-11,-1.0439873768858202e-11,-8.217256312285343e-17,4.9843635984630116e-15,1.000000000014615,-5.354583930242815e-15,3.59211220037277e-14,5.5093815688247916e-14,0.9999999999846455,-8.138566913959864e-15,4.479636427675856e-12,2.3325906903418095e-12,-1.3514181526835896e-11,0.9999999999919956,4.121289732538844e-15,-1.5341431937685097e-11,3.4451514412068504e-15,8.163121638775085e-15,-1.2967331966814525e-11,5.824936852442568e-12,-1.9524963968247858e-17,1.4720058089438984e-14,3.086521162465932e-11,-4.951990020203486e-14,-5.327267323335506e-11,-1.7188243111649578e-15,-2.3829724753195534e-15,-1.0096799780972212e-13,8.470617652243369e-12,-1.6490983674730468e-11,0.9999999999997784,2.608211989986411e-11,-5.75637902283636e-15,9.40922855950364e-15,-4.8891109072746464e-12,2.498481011948388e-11,1.000000000006712,1.0000000000002338,1.0000000000001863,-2.640033153424251e-11,0.9999999999938163,0.9999999999888501,3.4565012261162867e-12,-3.61549399103153e-15,1.3985078986983647e-14,1.0692369818286146e-10,-2.100654277176812e-12,-8.045091732103007e-15,1.000000000009635,6.013292142391013e-15,-1.4259544783573203e-14,-5.9861153654332605e-12,1.1200180226953958e-14,6.954866774843672e-15,-4.03366644599222e-11,-1.6908133569486265e-11,-1.3968118325071976e-11,9.081992178698454e-12,-2.16520499739689e-11,3.192597887529061e-12,1.000000000003041,-9.407650080147269e-15,-3.0852282464712313e-15,4.7812919344871375e-15,3.952451168305944e-11
5.850629823122352e-12,4.736620257183971e-16,6.00946754711891e-19,5.3162237579560665e-19,1.8463806375120585e-19,5.576130634964802e-19,3.1374662296622283e-15,8.464097314588003e-16,3.1367420803357922e-15,1.910902701310213e-13,9.094949903434533e-16,9.877117691928088e-16,-2.0226799996557027e-21,3.1369311710961874e-15,5.015756549387862e-16,7.540702505497323e-16,3.305389823049159e-19,8.59293487732475e-16,1.0852705567831596e-15,1.1502545947942954e-19,1.0530111592112035e-15,3.7217792044220215e-19,7.207054172904174e-16,7.425200526370964e-16,3.9114492638362563e-19,4.738350710511693e-19,1.9733850908034487e-19,3.1367768978802627e-15,4.943092855569005e-16,2.0991531566936751e-19,3.313455433498933e-16,3.046070412494521e-19,3.100286226067501e-19,5.308278530203679e-19,9.728207807424841e-16,1.909220086342793e-19,4.552798625266687e-16,6.358986292759908e-16,1.9947140346532348e-19,5.928949485886901e-19,3.1362492266463383e-15,6.67478577711668e-19,1.8140401762876724e-19,9.002349399795844e-16,9.92171333742495e-20,1.3345387065814637e-19,5.564072028317061e-19,5.59955830093221e-16,7.9619577496434575e-19,6.261918772011433e-12,2.9381265942177013e-19,4.1422517096214175e-19,5.653193350020999e-16,3.031342672835952e-16,1.954720535872876e-19,3.137341568614401e-15,-1.0153221996006523e-19,3.432817128516331e-19,1.848712709846361e-19,3.7531967059134934e-19,3.13707996385595e-15,-2.545053566638889e-19,3.136481791626569e-15,9.191946415217568e-20,2.4983056976134595e-20,2.8336035397211404e-19,4.200725267033492e-16,4.452000912727081e-19,3.136935631649209e-15,4.366559308903822e-16,1.089046838222307e-15,6.171980323870728e-19,6.261527616833253e-12,9.76610137798237e-16,8.3417801527390425e-19,9.15349326724089e-16,4.778290475809176e-19,6.261933789621479e-12,1.5912115792462453e-19,5.54135483389805e-16,6.361095628728342e-16,7.797953275504518e-16,2.966757782508276e-19,6.983299027046657e-16,5.319945173384198e-16,3.7587320769357023e-19,6.604959105891096e-19,4.0450012492167937e-16,1.0077929411691984e-15,4.357371750334178e-16,-7.503763131369464e-20,8.339071587577379e-16,6.5202190814968e-19,8.248892120270296e-16,6.261499573214437e-12,6.993330123314423e-16,6.812455343743994e-16,2.9619830690889784e-19,7.490596213603201e-16,5.509323393321214e-19,3.136749163703613e-15,3.1367577696304073e-15,3.1369640544106717e-15,6.491064460909812e-19,3.1372225561029357e-15,6.2618655703723176e-12,4.988109793555484e-16,2.132053883329871e-19,5.237069307433764e-19,4.376639254498889e-19,7.241169974573462e-16,4.846767907826822e-19,6.2622686510807775e-12,5.972666131139704e-16,7.093660400412367e-16,-1.2090080872218083e-20,3.129585803899602e-19,3.578477575061743e-19,2.8659442520668387e-19,2.578733465347386e-16,4.63742358245552e-16,6.681232380624989e-16,8.258074831788264e-16,2.603986729385943e-19,6.262045273481739e-12,2.9829680306367156e-16,4.539760922896756e-19,7.165520310227672e-16,3.765741262822974e-19
-5.199339657140862e-12,6.3369551318630755e-16,1.0407494546429386e-15,4.2872683419872322e-19,-2.933396203435449e-19,5.025955252783998e-19,-2.3968992227373482e-15,2.411379284481231e-19,-2.3973227500643584e-15,9.094949903434533e-16,1.9078653009750684e-13,8.343415269864935e-19,5.175702032018183e-20,-2.3973093808845324e-15,-1.2609534429802063e-19,8.466626265133837e-16,2.1686354668867873e-19,3.4592677151764905e-19,4.909338436008686e-19,7.309564559154389e-20,1.2429372046166599e-15,6.806257030851287e-16,5.937017266900032e-16,7.596860526972912e-16,1.0736028219099956e-19,1.0784239098725753e-15,6.658759901059837e-21,-2.3971360036154163e-15,3.9548926547517587e-16,-2.60520159586795e-19,5.1653401681845205e-20,5.149286416946906e-16,2.4070448542873862e-19,5.600822369471473e-16,4.1810100612754605e-16,1.17253061406931e-19,9.636027793062636e-20,1.6605689470997713e-19,1.7549504466947557e-19,6.21570079223933e-19,-2.3971495175029326e-15,1.7351810291178722e-16,7.831907051732148e-16,9.198766219192344e-16,3.485252937426969e-19,6.296956386049243e-19,7.06059706410132e-19,4.066035975663738e-16,4.585406294460175e-19,-2.397033001927731e-15,3.0628771163540797e-19,-5.622200444591235e-20,1.1155727073693672e-15,5.049031421826997e-16,1.1106356294307052e-15,-4.785256880276401e-12,1.7452111563000026e-19,5.716818898136934e-16,2.6871294677089014e-19,4.366153251107104e-19,-2.3969965424473853e-15,5.0430402133322445e-19,-4.784776819795837e-12,3.072070722118024e-19,-3.085813684447676e-20,2.264885388766877e-19,4.705374355965359e-16,3.793728243727553e-19,-2.397543757553504e-15,1.6382898476115117e-19,4.156850827985825e-19,4.530874085814199e-19,-4.785862094464594e-12,8.626901848092418e-16,9.62198364615794e-16,5.560073614695815e-19,3.5174540301314444e-19,-4.785541784117952e-12,2.35398855383254e-19,5.873616204516119e-19,7.90424279580028e-16,4.3058359918024086e-19,8.013193531914454e-17,1.0492232310235318e-15,5.995587941640021e-19,-1.2626341115468584e-19,9.444891221140757e-20,1.8168548722825157e-16,6.272346136332851e-16,7.965404867430462e-16,8.050886941523583e-20,8.218757690257691e-16,6.432274488802455e-19,7.73841455550861e-16,-2.3976598876996576e-15,7.788917646030838e-16,9.498326545041737e-16,5.54511294961466e-16,7.005469166668786e-16,1.2251085051984928e-15,-2.3973503190508975e-15,-4.7849788545409e-12,-2.397200798726717e-15,1.0500708974612452e-15,-2.397226215173376e-15,-2.397396241322749e-15,6.1569077430502795e-16,4.089621253199529e-21,2.1198753516996314e-19,2.866366122203445e-19,4.645798834924198e-16,7.727385590410888e-16,-4.784900974496017e-12,6.116713211463784e-16,2.566557039330731e-19,2.1230123184207676e-16,6.960736768088818e-16,6.098314826899822e-19,3.856448073620897e-19,2.986128057065806e-19,3.70992516280842e-16,8.0936629130694015e-19,5.390788621150789e-16,4.2241626982956684e-19,-4.784995428778885e-12,3.6069754212982895e-19,3.5804547366136575e-16,6.285657451689823e-19,6.8536813931009585e-16
5.111367247479907e-11,7.147537146218457e-16,1.4932000075583947e-15,4.1217450183488497e-19,3.7791463179551876e-20,1.4823405232690337e-15,5.1535990245635395e-11,1.1411126185690933e-15,2.581732623029756e-14,9.877117691928088e-16,8.343415269864935e-19,1.929931901009811e-13,2.847716579249856e-16,5.153486496738025e-11,-8.185396063552871e-20,9.373586000032146e-16,9.601617700794125e-16,1.1745483490566961e-15,8.83729383943799e-19,4.535980683767727e-19,6.82932361028449e-19,3.592034816897245e-19,1.0927027270876227e-15,4.3225452160034834e-19,1.4125303636541282e-15,1.1210033544725264e-15,1.818349614816586e-19,5.153447374702815e-11,5.930526359323896e-19,1.7593980732105418e-19,2.7976511480758577e-19,1.026024016834723e-18,1.0418917583656442e-15,1.201388288783255e-15,1.6296908337855338e-15,8.477602024945141e-19,2.3925350103065233e-19,1.0494681120445666e-15,4.751959976432372e-19,5.394601744275788e-19,5.153431865265877e-11,3.8046783955766157e-19,3.4914203381606426e-19,5.78504256375248e-19,1.640763601128224e-19,7.738259665835974e-16,1.6885685788071153e-15,9.4822989501064e-16,3.2357133599086932e-19,5.153470997720831e-11,4.120598241926024e-19,4.71782863567087e-19,5.323390513869723e-16,4.5674604192352875e-16,6.93990612364586e-19,2.5817570585266763e-14,7.771982389295213e-19,1.2185159810612718e-15,1.1525515888443896e-15,5.71256137358561e-19,2.581744601709797e-14,5.437410805153206e-19,2.5817657579993588e-14,5.984342319251117e-16,-5.384094987960963e-19,6.019128118606749e-16,6.608084675481312e-16,5.1655665201314145e-19,2.5817465316806328e-14,7.045153547991276e-16,1.0078812881365893e-18,1.9048318412824436e-15,2.5817542323514178e-14,1.3881569367073908e-15,1.5691085504298624e-15,4.725929122215197e-19,1.2237854772124229e-15,2.5817772332130126e-14,9.73168413225837e-16,8.352101854733554e-16,1.2026256181265359e-19,4.1287200231557617e-19,9.58946745842148e-16,8.555204187013266e-16,7.888986434028343e-16,1.2738957477491357e-15,2.1413509144248586e-19,-8.179472590481573e-20,7.51698658431918e-19,4.587487597827612e-16,8.602110317187501e-16,8.749623756001531e-19,7.307689222628218e-19,1.1744659824558057e-15,2.5817086936781013e-14,9.997420438546252e-16,2.1087388934370383e-19,4.442414449266631e-19,1.0642371915111745e-15,6.515829411868082e-19,5.153425873290501e-11,5.153439059317879e-11,2.5817277965094147e-14,1.470132014892816e-15,2.5817554008531486e-14,5.15347188091014e-11,7.475253133561992e-20,3.563001542938473e-19,4.425630697979091e-19,5.593592604368853e-19,1.1232804617284695e-15,1.2906370290621739e-15,5.153525177048116e-11,1.8457069014535058e-19,1.154052636318185e-15,1.8754323723318064e-19,5.643074658222162e-16,8.979542219030936e-16,6.832841635795689e-19,2.2827505884417264e-19,-1.6180962854853692e-20,8.577510514341644e-16,1.2487127019212175e-15,9.302716896812837e-16,5.1534879201047897e-11,2.7228537015941766e-19,1.0921304295536242e-15,7.074965736815566e-19,6.552272569830231e-19
-9.138539537823241e-12,7.711127455715305e-16,1.3720395789091178e-16,5.3129021177274183e-17,8.222539436219445e-16,4.312185814027571e-19,-4.371938650475555e-15,3.284470175314939e-20,-8.726523041602638e-12,-2.0226799996557027e-21,5.175702032018183e-20,2.847716579249856e-16,1.9159587747537855e-13,-4.371925007345843e-15,6.9806039722238e-20,3.688401352741176e-16,6.827055686254007e-16,-3.305290384460078e-20,2.5072683551010757e-19,1.0099208862018295e-15,1.821943735817073e-19,1.477901518297897e-15,5.548898719587344e-16,6.70743943533218e-16,2.8611879751036025e-19,-8.037834758983356e-20,1.3683209887187691e-15,-4.3714902279513396e-15,5.81224786362257e-19,1.4201178715671048e-15,9.882868266035652e-16,5.319422252178549e-16,4.41806323507728e-19,3.5331324678791067e-16,3.5233501945005337e-19,1.0314802000215831e-15,1.0176139243828856e-15,3.444139791987037e-19,5.219767171038234e-19,3.8235399848111244e-17,-4.3719765194671485e-15,1.0586787735866079e-18,2.598703517726056e-19,2.387307076735318e-16,5.086950411053272e-19,8.067177870913711e-16,5.704710884417933e-16,9.025954947818647e-16,3.2621938539330974e-16,-8.725743551398217e-12,3.2654275328472e-19,5.071639366274118e-19,2.5089202643700515e-16,1.4871020114513545e-15,5.166910515401397e-20,-8.725641598198305e-12,8.223210291751489e-16,5.699713010130138e-20,9.640548395715182e-16,5.123137729251723e-16,-4.372106318364583e-15,5.375963741342101e-20,-4.37139338814686e-15,7.617348270617013e-16,3.699339104616403e-19,-1.6452481954408246e-19,6.368865382212567e-19,-1.5642692270253148e-16,-4.3717403843435e-15,5.916216958457664e-19,4.796435348057045e-16,-1.4675183158742608e-20,-8.72741543366855e-12,-4.395996216413912e-19,-4.273882433146463e-19,-4.546506698392752e-19,7.431258670766476e-16,-4.371522833512089e-15,7.296288864545458e-16,6.643404279469229e-20,3.990184511789121e-16,2.65818167878335e-16,8.425736285976716e-16,2.2852656108502223e-16,1.0217757546338246e-15,6.885497137488564e-16,3.5229532290088834e-19,9.80381947646975e-16,4.758779954210812e-16,7.688519397088927e-21,3.3010504160655277e-19,-6.885333168129181e-20,1.808464476704533e-20,8.376981608397545e-16,-4.371995734439815e-15,6.573478162773838e-16,2.2607151633153786e-19,4.120397386854805e-19,9.952623732495879e-20,2.0489441666204503e-16,-4.3717297729643056e-15,-4.3714325742235665e-15,-4.371715643169423e-15,4.653514631557352e-19,-4.37168350721017e-15,-4.371677289461749e-15,4.1324436620791377e-16,5.51378588269928e-19,4.82057525263187e-19,6.068852446117e-19,5.923088129235077e-19,8.511101913436934e-16,-4.37164438700006e-15,4.069377771745936e-19,8.12979723876011e-16,1.2174702927376956e-15,6.220555712852613e-16,7.19660201318766e-16,7.37370866503624e-16,9.80339319612642e-16,4.819485005608642e-19,3.8512630910466973e-16,1.0902724111387414e-15,6.444164443555555e-19,-8.725991966503723e-12,3.9721014260619097e-19,3.0283321782426186e-19,4.308150171706439e-16,1.6531980764179352e-19
