1.0000000000000036,2.1273255362000948e-12,-4.2945924930065645e-13,9.722573059299732e-12,3.53910770635191e-11,-2.6221212355701494e-13,1.8942759890659142e-11,-2.2961825938620945e-11,6.04292445488933e-11,1.0000000000057485,1.5355511618349722e-11,3.3142877444068055e-11,1.1036617943145273e-11,-6.033169941829738e-12,1.721577534846704e-11,-2.4840608005152063e-11,-8.95471434047349e-12,0.9999999999988921,-1.7719161812405333e-11,9.133588626922036e-12,1.625514463719691e-11,-1.776721434971737e-11,2.4149904342189787e-12,3.344796544735777e-11,5.8041067158319955e-12,2.47252451589474e-12,-1.664443825337059e-11,-3.539163815760928e-13,1.5960652324109443e-11,-1.4753034898052e-11,-1.5523961188401093e-11,1.0000000000259028,8.561802826821832e-12,-1.4259986538608968e-11,2.4208205038044793e-11,-3.106107166883308e-11,2.2151405223670784e-11,1.000000000005928,-2.8758477265684034e-11,-6.5149602182877905e-12,1.344800904575134e-11,-2.2873995493305272e-11,3.465365163855293e-12,-4.6596266398514415e-12,-6.954493774728964e-12,1.0000000000161107,3.2148144947785693e-12,-1.1527216928214913e-11,9.599953725931143e-12,1.8052489742993395e-11,4.434990906875505e-12,5.943976596277918e-11,-5.446943980595883e-12,2.5840819356558464e-11,-5.0977947198530784e-11,6.4690759871587474e-12,-6.616118804907696e-12,-7.858268776690863e-12,3.9747898384138784e-12,-1.5247646821252552e-11,0.9999999999902708,1.5442917730410276e-12,1.3149091902300674e-11,-4.26943599997496e-12,2.2220473760310587e-12,4.7541248565272866e-12,9.584976355674765e-13,0.9999999999922752,0.9999999999974217,0.9999999999783665,0.999999999994018,-1.7873975670380522e-12,-5.269295318320479e-11,0.9999999999931443,-2.744067191110081e-12,5.964722932666351e-13,-7.468837642499324e-13,0.999999999996641,-1.198064830417716e-11,-1.9673755212545514e-11,-2.3029682346254355e-12,0.9999999999900939,8.84685952779818e-12,5.505914051468619e-11,1.2414941551545505e-12,0.9999999999792116,-1.601460821370376e-11,-5.713396924461101e-12,-6.352856598374295e-12,7.55884626578811e-12,2.291474446877772e-11,-8.888520115152765e-13,1.000000000017967,-1.1975855234949687e-11,1.0000000000095706,-2.6915143765303316e-12,1.0000000000039566,7.64848586837847e-12,8.430096881622218e-12,1.049573707173082e-11,-9.695990431901361e-12,4.6007385688605755e-12,2.786423186199776e-12,7.848555454720683e-13,3.1587247783769927e-11,-8.43683231754105e-12,-1.5587402841589925e-11,-1.0589075066562266e-11,-1.7663957959552324e-12,6.548313244176141e-12,1.1815115751105628e-11,0.999999999999522,-1.701168471157027e-11,1.544767621891122e-11,1.0727056637758538e-11,-1.8076520978653925e-11,-2.006875441972831e-11,-1.500461095723112e-11,2.5370611951039234e-11,1.558660035611638e-12,2.0037959359267944e-11,1.0000000000092524,1.6461338355241445e-11,8.376900993567878e-12,2.5436989628224305e-13,-1.72435701314185e-11,0.9999999999808733,-3.842707005069463e-12,-1.9423634932474886e-12
2.1273255362000948e-12,1.898305559541993e-12,3.021354207181166e-16,4.3933823280385776e-16,3.775755604286275e-16,3.5617776818483905e-16,2.9037582133412926e-16,5.381400851204657e-16,4.3993317877231974e-16,1.0032294105109568e-14,2.8281822771928835e-16,5.0859909420609185e-16,3.5262684791575903e-16,2.8941990608322223e-16,3.724998558361994e-16,3.723310954320724e-16,4.832863976253587e-16,9.943517072521667e-15,4.4264343212224494e-16,3.981367700428838e-16,5.676979672120526e-16,4.215676833458254e-16,3.501268702385266e-16,5.095270270035301e-16,2.9643593600454093e-16,3.498345748485284e-16,3.137514255231224e-16,2.8910888257534744e-16,3.2991176209203047e-16,3.688515422729023e-16,3.360995235725909e-16,1.0191337916926362e-14,4.704130762340446e-16,3.7708056792654286e-16,4.50548178458781e-16,3.8295569963755983e-16,3.9717486284517005e-16,9.895670787079775e-15,5.180696591338529e-16,3.2540352189437776e-16,4.046074517336781e-16,4.014154996719421e-16,3.52180336411731e-16,5.384629306371495e-16,3.541723131147793e-16,1.0128784901461604e-14,3.8941969977498155e-16,4.3795377265772515e-16,4.913208037759469e-16,3.338968514567182e-16,5.08103307177332e-16,3.85818724135702e-16,4.891885824319277e-16,4.251902787102308e-16,5.241382095149875e-16,4.524467128686864e-16,3.4746150506607075e-16,3.163478145935419e-16,3.713452794783169e-16,4.3702240957574095e-16,4.465142850567183e-18,2.623613211014202e-16,4.822264872843444e-16,3.89527333473475e-16,4.0973973359857625e-16,-5.1200172988846794e-21,4.5675158419742555e-19,4.7899283837966604e-18,5.036923018080047e-18,4.662970215368159e-18,4.762541654478521e-18,2.351737801260987e-19,-8.728385909995041e-20,5.0456944251514795e-18,1.6579782865760403e-19,-3.5349999976636557e-19,7.730627554094288e-20,5.108452960628827e-18,5.458189012906274e-19,4.423232322755934e-19,1.7714528795196975e-19,4.7852375763611655e-18,3.4413615447422645e-20,-1.173929337433613e-19,6.375404777619354e-19,4.816615018717513e-18,1.8885084847281272e-19,2.881592063659438e-19,1.2238778687042823e-18,2.2866340910790385e-19,2.6361786895126526e-19,5.287700196469693e-19,5.011694079126199e-18,2.280553189935805e-19,5.072167314547069e-18,-4.521711069747015e-20,4.908728211658932e-18,3.3059922455212044e-20,2.304196533589829e-19,-5.1962566453677356e-20,1.8931096696250772e-19,5.895642681515306e-19,9.583482228004811e-20,4.2204898362569297e-19,3.0400110957290716e-19,2.559696384203529e-19,3.765108118395595e-19,-2.429781034234611e-19,5.031100968448009e-19,-2.313581240335158e-19,3.052923864548013e-19,5.074858195413694e-18,3.7961350545395087e-19,-9.194649209156343e-20,2.588010308483334e-19,9.362250494607819e-20,1.4081212478576088e-19,1.4485070778496544e-19,7.781810649776615e-20,1.6179799047195102e-19,1.0189883381062255e-19,4.997737054329491e-18,9.28388048026002e-20,1.7016100578518043e-19,2.2234930990001337e-19,2.5663277799118563e-19,4.788611025148844e-18,1.6528615194482319e-19,3.2134255983218523e-19
-4.2945924930065645e-13,3.021354207181166e-16,1.8982442795483025e-12,3.6736237910607193e-16,4.42517001397552e-16,-3.495879472453892e-20,4.1805501927442314e-16,4.111569483743025e-16,4.466742878129867e-16,-1.2692854544809475e-15,-2.5303279580237447e-19,3.9624236650194824e-16,5.096705803161792e-16,3.048886051288885e-19,4.030654544435274e-16,4.2041028673440527e-16,3.590108519498136e-20,-1.2691035324605292e-15,3.8777502205110967e-16,4.012282994723884e-16,2.56137289278272e-19,1.473017295968894e-19,3.6523698368366247e-19,5.1563435378688425e-19,5.882567312143407e-19,3.1939901946713265e-16,5.404432544795341e-19,-2.07003321770054e-20,1.5314085798514027e-19,1.8177910408259982e-19,3.7328891168368224e-16,-2.533487780603865e-12,3.1774320909170834e-16,2.7642337257210183e-16,2.3116817428556063e-16,3.9269530366995686e-16,-3.1890160977761595e-19,-2.533712689729322e-12,4.524248189151916e-20,2.7072879093907006e-16,1.9485963383001368e-19,3.1879825110273095e-16,4.303558144606254e-16,3.01243105345873e-19,2.8903012514085013e-19,-2.533503255690904e-12,1.7014628575509577e-19,1.0399627032506407e-19,4.555297233504437e-19,3.2311625627653077e-16,3.8834132879759516e-16,4.2301193896632557e-16,3.654793987438124e-16,3.7309013459720567e-19,1.7220567349011645e-19,1.4861027408769391e-16,2.1984184788846861e-16,1.3913188705884087e-19,3.047225563415189e-16,2.725289232924855e-16,-1.2695280733888404e-15,7.291226879693059e-20,-3.147728794426819e-20,3.4205887510084185e-16,2.1539793554091612e-16,3.099726556722397e-16,3.039172183703447e-16,-1.269530695839788e-15,-2.533361962199337e-12,-2.534198630015519e-12,-2.5339675598003722e-12,4.216853943217711e-16,3.1756671274011526e-16,-2.533675537174919e-12,3.0576151723666185e-16,2.9601722128313175e-16,2.526683178686677e-16,-2.533714342277036e-12,3.5940231278195354e-16,4.2163899846946126e-16,2.4664578041509816e-16,-1.2696945632422299e-15,2.8281116289057573e-16,2.226990022180778e-16,3.956012899752605e-16,-2.534000692560762e-12,3.183595201784526e-16,2.457232243621835e-16,2.1629657140225477e-16,2.307575598753151e-16,2.636111172782277e-16,2.556226307980921e-16,-1.269304095864862e-15,9.275052407299387e-20,-1.2691892682163657e-15,1.4266735905059977e-19,-1.2688412826969199e-15,2.7618469490799317e-19,-1.0436739246490243e-19,2.9501960006432487e-19,4.1739558588265227e-19,-2.528293772501472e-19,1.6921321929692728e-19,1.5490798975534854e-19,3.7326528488048847e-19,2.1619730056178968e-19,2.3270902176167453e-19,4.011963722169197e-20,2.32610375543293e-19,-5.639061020200117e-20,2.2179306551856924e-19,-1.2692208712447416e-15,1.7808891513305522e-19,1.8052647396571936e-19,1.5875604005161518e-19,2.2723872560587303e-19,-1.607241808194755e-19,1.7355727309070045e-19,4.5660172081932655e-20,2.5450160075189205e-19,3.1633251429752635e-19,-1.2693888030748257e-15,5.661432055822934e-19,-1.389594886673011e-19,3.3748699692219083e-19,2.0967563280950188e-19,-1.2697323876485275e-15,5.207892497673162e-19,1.7652622406314981e-19
9.722573059299732e-12,4.3933823280385776e-16,3.6736237910607193e-16,1.898366867276537e-12,1.871158577987542e-19,8.316277760774366e-20,3.7900449349930925e-16,6.070226686524491e-16,-1.7209295412232626e-19,7.629718259542715e-12,3.5225665912442567e-16,3.170109003541511e-19,4.1158795205218893e-16,3.3214927622335027e-16,-7.302699127500628e-20,4.72274433571647e-16,4.954957472728881e-16,7.629538324924303e-12,2.706273132431273e-19,4.109120504960925e-16,5.971743583525364e-16,4.2129809468436033e-19,3.9096598029041106e-16,1.6072948765931844e-19,-1.237981870873063e-19,3.666789573800955e-16,3.2809280510634527e-19,3.143641899823103e-16,3.9266010687696065e-16,4.2917311359988885e-16,4.323143702466101e-22,3.8224544550613e-15,8.101664528927833e-19,4.465149778201454e-16,5.476808595830769e-19,3.798550322941879e-16,2.3472204136629025e-19,7.62954130458599e-12,5.795282205068103e-16,5.000888128040874e-19,5.016533657930392e-16,1.1353817099298252e-19,2.01367275932149e-19,3.9221788454505215e-19,4.163514273829906e-16,7.629812569563258e-12,4.3436149379307555e-16,2.4932549459146945e-19,5.441450602239951e-16,3.7747644952770387e-16,-9.512397984220578e-22,4.866564983097182e-16,5.704393727607334e-19,9.288983684765546e-20,6.173051240604871e-19,4.968569391823392e-16,3.8719622519742733e-16,7.016988454925617e-20,4.13518345787695e-16,5.064183366450443e-16,7.629321410014121e-12,8.737873251238003e-20,5.404067314626368e-16,9.94446317918701e-20,2.356847320735382e-19,2.302541290959877e-19,2.681615143028691e-16,7.629198503425361e-12,3.8226597001774556e-15,7.628999857671457e-12,3.8220742220130455e-15,3.229408292837719e-19,2.0312659121830767e-20,7.629462231846793e-12,5.056371550480647e-16,2.077369483140837e-16,3.603820232284151e-16,3.822193126516453e-15,1.6565579357520834e-19,5.952365059053837e-16,2.976912587821438e-19,3.821951989944372e-15,3.8521525776939555e-16,4.788455012096772e-16,4.556294219892167e-16,3.8215354516074155e-15,3.381919163607983e-19,1.0140843416277534e-19,2.916846306618694e-16,3.436152059279564e-16,-3.3427284697488593e-21,3.2138869945734985e-16,7.630182623244172e-12,5.62533704339395e-16,7.629874547024333e-12,4.3347255914706456e-16,7.629849465697407e-12,4.805044750622516e-16,4.257116347238278e-16,4.2341115024774093e-16,4.488534256315674e-16,5.423598274011533e-16,3.6512087185576865e-16,3.399597851673223e-16,7.099264364806707e-16,5.13339674369582e-16,2.5686002790270367e-16,4.019901920945786e-16,4.823213889580461e-16,-2.6110085399353057e-19,2.7931364342567065e-19,3.822272242869352e-15,1.9352568228524705e-19,1.900680397537417e-19,6.29672683000666e-20,4.162649640152152e-19,2.2060516889160274e-19,6.251630980767236e-19,2.6088420617607746e-19,1.164550654385063e-19,3.8401479240114723e-19,3.821954506151823e-15,5.672367072572124e-19,6.943574999953788e-20,-2.3406344870064188e-20,2.9933550495917015e-19,3.822107885168447e-15,3.4006330394420315e-19,1.009555154523178e-20
3.53910770635191e-11,3.775755604286275e-16,4.42517001397552e-16,1.871158577987542e-19,1.8984302050786993e-12,3.533445300884116e-16,2.203823524891007e-19,3.515043785367141e-19,3.628078109461203e-19,1.6686343480833275e-14,-1.1396455942756108e-20,5.067114460491312e-16,7.835712131944961e-16,3.822774522553711e-16,3.7859305058990513e-19,3.903495030684561e-19,6.327268677482234e-16,1.6685769684373887e-14,6.280864678005504e-16,2.0617861764223533e-19,3.768928651754729e-16,4.1299975321663823e-16,4.4523631918997895e-19,5.778446896660333e-16,3.7368291979324494e-16,4.907804132664807e-16,6.118143898517122e-16,4.299461909332159e-16,3.3758932847144183e-16,3.143223272060652e-19,5.67821744643873e-16,1.6686252717302296e-14,5.552625466607551e-19,5.801933094563906e-19,3.1950855867587646e-16,6.532496496168689e-16,2.5997458731490987e-19,1.6686449247739055e-14,2.604009706088149e-19,2.07622478093949e-19,4.445039965121096e-16,4.825705287658475e-16,6.296143483231689e-16,4.612064200652673e-16,9.926192260395356e-20,3.33080029610892e-11,3.83311653641198e-16,2.223068741338266e-19,5.719563118077156e-19,4.569511857065951e-19,1.610668421194182e-19,3.8599989025390612e-19,5.301672122839959e-16,7.989723047667167e-16,6.8843433152047675e-19,1.4809639627321996e-16,3.044686556323752e-16,2.705293990746225e-19,4.4014217873805215e-16,1.1146381103768132e-19,3.3307365424436715e-11,2.8270345482073767e-19,1.485141884226715e-19,3.5607468149801147e-19,5.161897019245733e-20,3.9004864104399873e-19,3.934767195366209e-19,3.3307208635563316e-11,1.668625500392088e-14,3.330698694149686e-11,3.33073987257675e-11,9.378023835237519e-20,2.918889297236416e-19,3.33077695227831e-11,4.577606154475725e-16,3.970660300430682e-19,3.8677693225661896e-16,3.3307695712555914e-11,5.488779228058711e-16,2.535842256537104e-19,3.1491495647176075e-16,3.3307476646279375e-11,-3.7086545535170683e-19,1.720499576103571e-19,6.181362400239019e-16,1.6685895243756865e-14,5.105728226054845e-16,3.174448952726848e-16,-2.2216304865676217e-20,3.528376329562118e-16,8.575083994181818e-20,4.1892638503954737e-16,3.3308462678383994e-11,3.437240083944687e-19,1.6686155131807396e-14,4.3551290114435966e-16,3.3307914519833207e-11,3.7152240656584105e-16,3.2806496896477145e-19,2.2854910665606845e-19,5.565239660167459e-16,4.591660715757491e-16,4.541917090079487e-16,4.4404415455138965e-16,4.2058186562991296e-16,4.821769859879418e-19,4.618265720244117e-16,6.43534221827697e-19,4.3182824010042057e-19,4.803061694864278e-16,8.109202008563385e-16,3.330816025186107e-11,5.045997121829407e-16,3.624938059414283e-16,6.753042694538442e-16,8.129344186979173e-16,4.835336447219205e-16,5.124509535978775e-16,4.936117295151502e-16,4.05069306876219e-16,3.730235372949674e-16,3.3307750545160885e-11,4.697877261758391e-16,5.179600069081538e-16,2.628538463090335e-19,4.035918259936558e-19,1.668576581610095e-14,1.3299721746563863e-19,3.7589611375437057e-19
-2.6221212355701494e-13,3.5617776818483905e-16,-3.495879472453892e-20,8.316277760774366e-20,3.533445300884116e-16,1.8982705565564493e-12,1.153292642325879e-19,3.414600662220193e-19,-6.26774539155604e-20,-1.1834291475964155e-15,1.279806440820011e-19,4.801452697533243e-19,2.615611620753231e-16,-5.484951168011767e-19,8.020052005617251e-19,3.4881895439948536e-16,3.4622529789319595e-16,-1.1834417627849851e-15,5.280845221261191e-19,2.7910779870397255e-16,-2.506117834072751e-19,3.7554069128359454e-16,1.310431774902963e-19,3.922690691602024e-16,8.759802143068859e-20,2.8757342951205377e-16,4.078875923849175e-19,1.2315259222982522e-19,1.7747747547677686e-19,3.3888045209966587e-16,2.7146767854511526e-20,-1.1833335894012488e-15,3.6709466301845345e-16,8.663250697767396e-20,4.0539369368284007e-16,2.482556938641898e-16,2.0100068244174578e-19,-2.3623075777538637e-12,2.461543496116975e-19,2.0036809661413182e-19,3.2468380142473537e-19,2.3672069896224257e-19,3.9849710508210204e-19,4.346534032159579e-16,7.541831830552068e-20,-2.3620945630196167e-12,3.060027527141811e-19,3.8601519374509766e-16,2.0821247741855517e-19,2.8079579990850687e-19,4.656673090858909e-16,1.93210204922726e-20,3.443635069062716e-19,3.9152774297406067e-16,1.4072349725098081e-19,4.500827664850047e-16,3.3561363241188673e-16,3.097270780734837e-16,3.3522438657303864e-16,2.531656233683144e-19,-2.3624360374535336e-12,2.439889142401788e-16,4.058259806928874e-16,3.7182381688578477e-19,3.833725292459013e-16,5.0191336267875995e-20,1.7951134528636592e-19,-2.362496320067448e-12,-2.3618283888840005e-12,-1.1833613238395656e-15,-1.183667118992069e-15,3.3583764775205297e-16,2.835069903077957e-16,-1.1829486432511629e-15,1.8213973974201426e-19,1.1885263065273504e-16,8.820552731293995e-20,-1.1834447391782038e-15,2.346243097724955e-19,4.501039425371021e-16,2.0408087303827112e-19,-1.183594213761331e-15,1.478690056273221e-19,2.0722612504877307e-19,3.2847981230696066e-16,-2.362464309367769e-12,4.654150318415732e-19,3.792890770306537e-16,9.831289493705434e-20,7.637634415675624e-20,3.8647337864527845e-16,2.366390849862882e-16,-2.3618288140047772e-12,4.394611370560042e-16,-1.1832998752338643e-15,1.876553863429803e-19,-2.362050398172664e-12,3.9193923810650427e-16,3.102811945190717e-16,2.958091886157977e-16,2.5370631686777e-19,4.214069279655743e-16,3.9796885510483424e-20,2.333995288255411e-16,6.0194195086659015e-16,2.0072615557646586e-19,1.9613936578736522e-19,2.941964409932206e-16,3.5973563078888097e-16,2.985206807154245e-16,2.34600194740129e-19,-1.1833779236875996e-15,3.3963621832926357e-16,3.8673534162391608e-16,3.467012553533167e-19,1.4346615871888044e-19,3.685379708695627e-19,7.736397106956035e-19,1.8060287568874519e-19,-3.0932449799713406e-19,2.8863602730755937e-16,-2.3622133086414256e-12,1.900133724138644e-20,1.9026453257804297e-19,1.4006059041539714e-16,1.3955741814351817e-19,-1.1826674179917694e-15,4.26935264553886e-19,1.412685482124727e-19
1.8942759890659142e-11,2.9037582133412926e-16,4.1805501927442314e-16,3.7900449349930925e-16,2.203823524891007e-19,1.153292642325879e-19,1.8984915611631295e-12,3.279969061071782e-19,6.185494971888693e-16,1.6843575284193308e-11,1.0390078597970342e-16,4.633030056456774e-16,8.784578668279935e-16,-8.45088742398337e-20,2.6827190350174e-19,1.8290198821500302e-19,6.142695896581288e-16,1.6843485928506592e-11,6.54449780533924e-16,5.760048691998183e-19,3.3853947721661107e-19,3.0152670035057656e-19,-6.948903003832344e-20,5.405504646400897e-16,3.8732477522530787e-16,1.1698497012597598e-19,6.954464908727492e-16,4.320756727282002e-19,6.667329740545188e-19,8.109687192507801e-20,5.579654714421358e-19,1.6843718517172662e-11,4.165627309738045e-16,2.666980871474662e-19,1.6619530850879441e-16,6.746735886774838e-16,3.153152252199275e-16,1.684351221168458e-11,3.963064404879382e-20,3.988112292321336e-16,2.67370777580397e-19,3.665181673204471e-16,2.329507850187919e-19,3.375379886654978e-16,2.1859448690393768e-16,8.438489470319346e-15,3.486014887780292e-16,4.175348051871842e-16,3.3585866719303687e-19,5.098263250143358e-16,4.419687711834218e-16,5.717872886855265e-16,4.2870883469558763e-16,8.602724558848592e-16,-1.731234517302193e-19,-4.261031326683606e-19,1.691948866095288e-16,3.0169122476444066e-16,3.883219811192909e-16,3.740832116489318e-19,8.437976083773983e-15,1.6480561166647461e-16,3.3922238842210565e-19,-3.225368943603423e-19,1.2197953152749373e-16,5.418119141479991e-16,5.300205130303531e-16,8.437656533086799e-15,1.684391559163201e-11,8.4375281983229e-15,8.437927202219499e-15,6.626960297973631e-16,6.851643801704505e-19,1.684362564395156e-11,2.760989274192729e-16,3.765847546493203e-19,2.530922687513751e-19,8.438112934695859e-15,4.787099932551759e-16,5.135569302485233e-16,2.062182766691579e-16,8.438040907894973e-15,3.6043394681965934e-16,2.6880683599791627e-19,6.402484724837135e-19,1.6843083123740574e-11,3.1130778170456707e-19,1.794850302962957e-16,3.128399575887735e-16,1.9561213849143686e-19,9.703579763421893e-20,6.614277006784971e-19,1.684422954461709e-11,3.637994200050315e-16,8.438445501374237e-15,1.2091474340297787e-19,1.6843655908264598e-11,3.187721592439485e-20,4.308290236261671e-19,2.4172191226895187e-19,2.018117877314248e-19,3.4235058574501446e-16,4.333478867758689e-16,4.875942742084895e-16,2.6470625134954905e-19,2.8399913373087766e-19,4.861679143466277e-16,5.153559597339966e-16,2.3060319248653334e-19,5.243704660836481e-19,7.9618678263101285e-16,8.438172426348335e-15,4.80544448019443e-16,5.1294583395551355e-20,5.499293890783516e-16,3.8813174737881795e-19,3.9746565579077347e-16,-1.2502294839368643e-20,6.283442712807657e-19,3.7870554793187833e-16,2.8815786727100835e-19,8.43793704249874e-15,4.043157372777379e-16,1.9936329248484142e-19,5.792146691732032e-16,6.544597171721922e-16,1.684287421629028e-11,-1.365186193841274e-19,1.8683440298733576e-19
-2.2961825938620945e-11,5.381400851204657e-16,4.111569483743025e-16,6.070226686524491e-16,3.515043785367141e-19,3.414600662220193e-19,3.279969061071782e-19,1.8984467503393755e-12,6.092282359422382e-16,-2.505064437501254e-11,1.7595632850288528e-19,8.151789109000713e-19,3.807876094907377e-19,6.764295742805646e-20,5.399827154407182e-16,5.509478980439737e-16,5.312534249824958e-16,-2.5050802848241773e-11,4.409140631359135e-16,9.7683366974195e-19,3.46045320998349e-19,2.106405089844079e-19,2.2849226573275503e-19,4.201323054049746e-19,-3.1025357961340704e-20,2.582492806554212e-19,1.0545218887684308e-19,3.7448699525308023e-16,-1.7606986808470165e-19,2.4018662997689684e-19,4.467926196975369e-16,-2.50504592080268e-11,1.6677798563752458e-19,5.057439710774284e-16,4.981038687530007e-16,2.458066882344345e-19,4.800621184316899e-16,-1.2550210478956166e-14,2.418754978437926e-19,3.489319029644717e-16,2.207519460386947e-19,5.198516718346352e-16,4.228418187574524e-16,4.428235168478395e-19,3.9662604515089264e-16,-1.2549541530356123e-14,1.2857524269880606e-19,4.561125596899925e-19,4.645190484278672e-19,1.4839610675102194e-19,3.406990266807816e-19,5.638870821800983e-16,5.748952779413355e-16,6.983427196949963e-16,6.543531549843704e-16,3.5821020750425505e-19,4.509901201342992e-16,4.616172148593635e-16,-2.2543580471044684e-19,5.61126199480988e-16,-2.5051096669778022e-11,3.187598750507102e-16,5.20808065045557e-16,3.533407190783774e-19,4.940394254066239e-16,3.4852318338846964e-16,3.1110937089222156e-16,-1.2550176282821095e-14,-2.5050257641121436e-11,-1.255020097619015e-14,-2.5051220743439012e-11,1.1137701821651525e-18,4.3695961890801335e-16,-1.2549575447510978e-14,5.950250551495419e-16,2.496166592690998e-16,6.803678109657785e-19,-2.505060282685416e-11,3.2518506250480956e-19,6.446444000439156e-16,4.83675981609689e-16,-2.5050989686355636e-11,4.458638909008113e-16,6.490010869999275e-19,5.041264944867144e-19,-2.505114254537542e-11,1.6293853016118086e-19,5.109248895003552e-16,3.2175990030081494e-16,6.823561258766585e-19,5.019670180994771e-16,8.707429224784814e-20,-2.5050140552370524e-11,5.10340816016951e-19,-2.5050548644151017e-11,4.829190395559257e-16,-1.2549826726650107e-14,2.2369675727943703e-19,4.832327195538222e-16,4.562066230553842e-16,-3.924189194810044e-20,2.568361916463271e-19,3.5745693533266994e-16,5.605021386737029e-19,7.612539024345806e-16,5.537121399975285e-16,3.0460919124530675e-16,4.463496387766776e-16,2.249213549460056e-19,2.3961954994227e-19,2.337042007091071e-19,-1.2549766426689252e-14,2.323612740066684e-19,5.271576635398422e-16,4.833679699785682e-19,3.1093947585925387e-19,5.352748739609806e-16,3.956761610810734e-16,6.859782753375323e-19,3.4854946969293827e-19,3.96777662998827e-16,-1.2550002452256546e-14,3.1812164862047907e-19,4.547485266144378e-16,2.8320256484691836e-19,2.9030582741788633e-19,-2.505126800596123e-11,4.655588362970165e-16,2.279521796043341e-19
6.04292445488933e-11,4.3993317877231974e-16,4.466742878129867e-16,-1.7209295412232626e-19,3.628078109461203e-19,-6.26774539155604e-20,6.185494971888693e-16,6.092282359422382e-16,1.8983589617018824e-12,5.83507958449951e-11,2.7490956942506234e-16,2.428471285263907e-19,7.678039392697894e-16,3.2806097973533367e-19,4.886068568726553e-19,6.239603898124803e-16,6.139101272622939e-16,5.835065374361017e-11,5.914290915000867e-19,1.265659026270064e-19,4.3045788211402055e-16,2.7116678441092093e-20,3.564900517200215e-16,5.706207777972068e-16,4.3163097343358966e-19,4.874446040010361e-16,6.211015383035432e-16,4.152382547190074e-16,3.658960807030148e-16,5.338435875467165e-16,3.6002985338892927e-19,5.835098527453223e-11,4.878826975256883e-16,8.943825026288126e-19,3.4497549143316375e-16,-1.7806200761054466e-19,4.2524394353497462e-16,5.83506370353747e-11,7.058982399913269e-16,2.0686311896498148e-20,4.776676365857226e-16,2.6937598253187136e-20,6.437323642781639e-16,2.024147604386037e-19,-1.055319072225453e-19,5.835095485691497e-11,2.1093331875781644e-19,5.130911697867771e-16,5.180935851806702e-16,4.836144685365568e-16,5.870727408628895e-16,6.146930032351045e-16,5.294981309525309e-16,5.694835235768483e-19,3.0196555437258264e-19,2.2526547718276296e-19,3.280269396828812e-16,4.255879141674518e-19,4.7155978515906715e-16,4.123420308476253e-16,2.9231609636534546e-14,2.594701410867788e-16,3.5145968987026986e-19,5.110941338908448e-16,3.226860914091083e-16,2.6792071472061558e-19,1.9834332446417026e-19,5.83501524388491e-11,5.835119480702734e-11,2.923221249390177e-14,2.9231630928488025e-14,6.320956400842764e-16,4.779925056297653e-16,5.835070142482701e-11,4.690995509639537e-16,1.4802267835284217e-19,3.940371642974447e-16,2.923224658399151e-14,1.0528204668696446e-18,-5.011916508033494e-20,2.2393837609969113e-19,5.835045543025364e-11,4.336890573091121e-16,1.1671607087261812e-19,2.9966069860356893e-19,5.835022310032387e-11,2.741557944266108e-19,5.820792115359115e-20,3.4689652207622053e-16,-5.349940798446053e-20,4.017281474833932e-16,2.1165304154330112e-19,5.835146561366624e-11,5.224110505926095e-16,5.835095187514625e-11,2.238268251428431e-19,2.9232315718015206e-14,2.63753117588062e-19,5.279124700492724e-16,5.12778483258959e-16,5.655138780803677e-16,3.1789167744026366e-19,4.2130571045694085e-16,4.613884846832727e-16,9.496336430840325e-20,6.069417293556336e-16,-1.9569030291849586e-19,5.216447655271158e-16,1.612337720871315e-19,4.659845320776567e-16,3.9430765748073083e-19,2.9231967710252624e-14,3.3144376211320205e-19,4.208245457449919e-16,6.636149174844463e-16,7.800266319155725e-16,1.9607319460214808e-19,4.0756467984169563e-19,5.2189253809443965e-16,4.451725481623202e-16,4.897711435054615e-19,2.92320150320869e-14,3.3274545417080225e-19,3.9802075244870076e-19,1.8365776917814617e-19,1.8367587290419662e-19,5.83500337352668e-11,1.8616729886447056e-19,5.513099515044994e-16
1.0000000000057485,1.0032294105109568e-14,-1.2692854544809475e-15,7.629718259542715e-12,1.6686343480833275e-14,-1.1834291475964155e-15,1.6843575284193308e-11,-2.505064437501254e-11,5.83507958449951e-11,1.000000000009576,6.636824561174641e-15,1.5553825624186393e-14,8.943639984031039e-12,-4.080422470796096e-15,1.5127889727215932e-11,-1.3487070720593955e-14,-5.534335221873683e-15,1.0000000000008136,-1.981372101778898e-11,3.5229412716675993e-15,1.4150539082097387e-11,-1.9863321129009832e-11,1.540387096387387e-16,3.136322098448893e-11,1.8491668867623068e-15,1.8256449235642964e-16,-9.393917302110821e-15,-1.2356869220757862e-15,1.3857698497140733e-11,-1.684548001776817e-11,-1.7622769500727795e-11,1.000000000027838,3.2338636251495635e-15,-1.6360656761043806e-11,1.1075195601082881e-14,-1.661173609955562e-14,2.0045469190218292e-11,1.00000000000785,-3.082040453482492e-11,-4.32360188763525e-15,1.1353424429885387e-11,-2.497100126785156e-11,1.3656412616989373e-12,-3.382752915605718e-15,-9.06152686676398e-12,1.0000000000180451,1.1004009699268605e-12,-1.3626708016081025e-11,7.504633734332888e-12,7.987891473758858e-15,2.3427868266301974e-12,5.7341781819956676e-11,-3.777898353338444e-15,2.37697479097604e-11,-5.305205385656704e-11,2.1827467158992616e-15,-8.726692363347529e-12,-4.9934479609360634e-15,9.394540413276783e-16,-8.688979397839418e-15,0.999999999992181,-2.8834594511948436e-16,5.5365831959878195e-15,-6.3731958437425e-12,1.1059085185361258e-13,2.6458605367801696e-12,-1.1586824402618414e-12,0.9999999999941849,0.9999999999993557,0.9999999999802758,0.9999999999959359,-3.864270178572904e-12,-2.744763637895137e-14,0.9999999999950632,-4.8419759769875725e-12,-7.607731636880831e-16,-1.4285799737669227e-15,0.9999999999985719,-1.4071831604820037e-11,-2.176374726426663e-11,-4.4103133624598e-12,0.9999999999920068,6.734233300885956e-12,2.6527375263054675e-14,-4.2822561541196255e-16,0.9999999999811215,-1.8108050048075525e-11,-3.916292859599585e-15,-4.238201363935464e-15,5.4403325311216745e-12,2.0820032629808738e-11,-3.0035271711887247e-12,1.000000000019911,-1.4079657623921612e-11,1.0000000000115101,-4.802612825252993e-12,1.0000000000058908,2.7769094928981895e-15,6.325469594064262e-12,8.395120763545279e-12,-1.1804622035699582e-11,1.2516725156610714e-15,6.728665693671782e-13,-6.667817856348141e-16,2.951166374754326e-11,-1.0531084866441374e-11,-1.769906196072488e-11,-1.2686476724143134e-11,-3.859219791013129e-12,2.222757861632435e-15,4.872202267177797e-15,1.00000000000146,-1.911091835442025e-11,6.683237394276833e-15,4.339854660033217e-15,-2.0139324380012565e-11,-1.110796525925539e-14,-8.572236233648147e-15,1.1655938983009986e-14,-2.752861035986628e-16,1.7939350187364892e-11,1.0000000000111815,7.20024495125598e-15,3.1429902896845895e-15,-1.856743554417847e-12,-9.685288326981423e-15,0.9999999999827832,-5.952140356466146e-12,-2.023476451485332e-15
1.5355511618349722e-11,2.8281822771928835e-16,-2.5303279580237447e-19,3.5225665912442567e-16,-1.1396455942756108e-20,1.279806440820011e-19,1.0390078597970342e-16,1.7595632850288528e-19,2.7490956942506234e-16,6.636824561174641e-15,1.8982798171435453e-12,2.358081681105684e-19,7.132474512086696e-17,1.0325218700851907e-19,7.043243507976211e-20,1.8466760200696402e-19,7.272769213346846e-19,1.3247698488427577e-11,1.492176580580449e-16,7.222476363876225e-20,4.283623693113698e-16,3.1716301579485295e-16,2.856365994545281e-16,2.866250480791257e-19,1.55364720400887e-16,1.9416202491865477e-16,1.210561500470962e-19,1.6696177982041395e-16,2.918346545978596e-16,4.0886430351270997e-19,1.4986247911301617e-16,6.6370757711909245e-15,2.8641232483494977e-16,3.4215564479645753e-16,1.9749609119133253e-19,1.0574898285153679e-16,1.4579336290748128e-19,6.636637595620621e-15,3.8618481087685535e-16,1.310432678962165e-19,2.9826007093181493e-19,2.8313394579835835e-16,-3.7754670398391306e-19,3.885810925287636e-16,2.3963313929469494e-20,1.3247816784418377e-11,-3.289055582594342e-20,3.0882155398013747e-16,-3.401084500629044e-19,1.4282511019625024e-16,3.879810623430146e-16,-1.3922085589639569e-19,3.2751637279987345e-16,2.8348661203392965e-20,2.9451540795201757e-19,4.846904320508503e-16,3.0867526339782467e-16,2.4763466722951157e-16,1.2487889262477254e-19,4.205448934884278e-16,6.63677566166673e-15,2.226196725704424e-16,-5.037250996568932e-19,1.9014331789224547e-16,1.8198843062671547e-19,4.2491407378646935e-19,5.159791759196842e-17,1.3247569011032502e-11,6.63704714959789e-15,1.3247440895614334e-11,6.636552193419821e-15,2.0431057801266764e-19,-4.3513551198326836e-20,6.6368324318075736e-15,4.0500565715799783e-16,-3.4614223087663436e-20,2.8060888926332972e-19,6.6368212282576084e-15,3.301546955298143e-16,1.8507307957934636e-19,3.179520146508407e-16,6.636682106431857e-15,2.292871816314498e-16,-8.640184589837234e-20,1.3152944692788029e-21,1.3247572181123112e-11,3.332942146001405e-19,1.308524057420577e-19,-8.091317775123626e-20,8.163252531833545e-20,3.5217924053917413e-16,-6.042400310801566e-21,1.3248020099776266e-11,3.9177660216686855e-19,1.3247872702734658e-11,1.9394808425682276e-19,6.636865014995236e-15,1.765678555844212e-19,2.012404234889916e-16,8.72194527690908e-20,3.736773422854349e-19,3.6244428014505175e-16,1.5243984282197404e-16,1.0590424471080034e-19,5.813924025883856e-16,2.7021090063651174e-16,1.407172994853238e-19,6.740553663972675e-20,6.256898709618995e-19,2.0657249876569652e-16,2.478344214592415e-19,6.636695517415273e-15,2.5329472406408523e-19,2.14343097052337e-19,-4.735365492440933e-21,2.3529448992762093e-16,3.569790390200806e-20,1.3117426757345507e-16,2.2992136033653595e-19,-4.4444907011653706e-21,2.300520606553683e-16,1.324774880988642e-11,2.6533872402382345e-16,1.8190289372815354e-16,1.8852192214816867e-17,-6.657952320226447e-20,6.636812569224326e-15,1.8198169764799165e-19,2.50306727463904e-19
3.3142877444068055e-11,5.0859909420609185e-16,3.9624236650194824e-16,3.170109003541511e-19,5.067114460491312e-16,4.801452697533243e-19,4.633030056456774e-16,8.151789109000713e-19,2.428471285263907e-19,1.5553825624186393e-14,2.358081681105684e-19,1.898453418836715e-12,5.04405068258504e-16,2.3429446071259435e-19,-2.8849903154086235e-19,3.287411723639259e-19,5.385603860133341e-16,1.5553194771214203e-14,4.717170451577089e-16,3.8602162716025846e-20,1.1829232098348964e-19,2.8741404764283202e-19,4.248737602596987e-16,5.644212162952207e-16,3.4919591375338267e-16,5.2390071224471695e-20,4.128518768102188e-19,8.614043157773827e-20,6.936503817882251e-20,4.537345276459328e-16,4.373972376917976e-16,3.1046817504590465e-11,5.250371174801482e-16,4.668773267701098e-16,4.87985883758749e-16,8.511033577764889e-19,4.839668659484342e-16,1.5553846366871016e-14,6.238716322878764e-16,3.7625705774706893e-16,5.234978093766395e-16,-1.869944674376717e-21,4.864281298819637e-16,4.062800498147742e-19,2.628220066990354e-19,3.104671123803361e-11,4.720649066114721e-16,2.3937217386425383e-19,5.7374923941272e-16,2.0862493331468689e-19,6.316074204753996e-16,1.4863642116893428e-19,8.366566353340724e-20,6.830224531745264e-16,6.259465785634211e-16,5.022217832356099e-16,-2.1279978501928745e-19,3.330012717739999e-19,4.662407432026392e-16,1.9108676535436507e-19,3.1046192712168074e-11,3.004713897505649e-16,7.210444812343684e-19,5.069462968881216e-19,4.29795359084227e-16,3.9817416436015473e-16,5.629866450677597e-20,1.5553140123598102e-14,3.104704559547682e-11,1.5553158089787098e-14,1.5553656189024508e-14,5.425838437569558e-16,1.900851484822933e-19,3.1046388798113655e-11,5.27998037250378e-16,-1.1619482641835208e-19,1.0142989499255241e-19,3.104665743937413e-11,-2.9789804146145743e-19,6.745202119862894e-16,3.3991442405954033e-19,3.10463017926513e-11,4.4162209551470944e-16,5.09467841778612e-16,5.047561347129016e-16,1.5553390715832207e-14,2.6747857333914383e-19,4.735733920494039e-16,3.567031430139192e-19,5.542374381557351e-19,3.705907822831483e-19,3.3026506144878693e-16,1.5553724817684263e-14,2.7376294508783077e-19,3.1046762707631634e-11,3.6536276591375285e-19,3.104674999995268e-11,5.095639531932712e-16,4.919530373357067e-16,2.2844868323446504e-19,5.022861553353605e-16,1.1656252619335736e-18,1.8752038075872865e-19,2.8503955659899915e-19,4.600332979107613e-19,1.779190316603198e-19,3.7325351143858847e-19,4.3219957860978365e-16,5.161484007951692e-16,4.3806385638835887e-16,9.371515527529226e-19,3.104687676683414e-11,-2.634426554522263e-20,2.940956809771645e-19,3.263392941228157e-19,1.3943159985108333e-19,-1.0572846401050337e-19,4.033753541577198e-16,5.326020489871366e-16,4.42523765534457e-16,4.1327498938009673e-16,3.1046532879146903e-11,4.942995736110534e-16,4.577784351896226e-16,2.84093324539438e-16,4.3237916118608514e-19,1.5553221644162792e-14,1.1029086416625313e-19,5.715866794459581e-16
1.1036617943145273e-11,3.5262684791575903e-16,5.096705803161792e-16,4.1158795205218893e-16,7.835712131944961e-16,2.615611620753231e-16,8.784578668279935e-16,3.807876094907377e-19,7.678039392697894e-16,8.943639984031039e-12,7.132474512086696e-17,5.04405068258504e-16,1.898922288618624e-12,4.545470268442296e-16,7.161264769351772e-16,4.0308113020670496e-19,7.609887131215824e-16,8.943582478344352e-12,8.100301821207738e-16,8.468481315576762e-16,6.133003156799719e-20,3.265892600837072e-16,2.4929208640889318e-16,6.110206978146066e-16,4.549719837440432e-16,5.805096815083026e-16,9.244178447915367e-16,4.932830544475361e-16,2.0298417244783035e-19,1.9514107101487487e-19,8.187260686089977e-19,8.943752316537279e-12,1.3317571497750133e-19,3.890296410468779e-19,1.136680652663584e-16,8.759058682896057e-16,3.456415213222508e-16,4.4804884723786324e-15,1.7049903821899377e-19,2.6885678810125853e-19,3.5835692942308485e-16,3.544801252208955e-19,9.687472073642261e-16,4.519513294350813e-19,1.845268422232193e-16,8.94388530766915e-12,9.807872998607355e-20,5.079394527849856e-19,4.472798353478793e-16,3.4891001927904567e-19,7.156576681570014e-19,7.082945696627724e-16,4.1236120657360594e-19,1.114791588011424e-15,2.5803404309335296e-16,-1.8026001464694632e-20,1.7043419447152021e-16,5.481625107764051e-20,-7.56396664062511e-20,-1.350574841807963e-19,8.943136863981147e-12,-1.0727272214317834e-19,-4.2416897889368765e-19,6.177171396081586e-16,-5.180983168357794e-19,2.812164186662573e-19,6.992861209990674e-16,4.480138521669503e-15,4.480636437648956e-15,4.479917517436574e-15,8.943359658683953e-12,3.5496982462787355e-19,5.64046370007601e-16,8.94380807575074e-12,2.1885133828255963e-19,7.639610524920047e-16,3.9950644966704905e-19,8.943252638969263e-12,5.254755972436903e-16,5.795950237133536e-16,1.223034629407729e-19,4.4804630590579925e-15,4.3716089737542666e-16,4.621125155846587e-19,7.539715724698812e-16,8.943054539997794e-12,5.476983788430947e-16,2.488185532628345e-19,3.7294468180900774e-16,3.4831174530740207e-19,1.4958825535805215e-19,8.037067256610073e-20,4.4809638304091374e-15,4.0298555276106576e-16,8.94383723394568e-12,3.2915573143485625e-19,8.943717227208104e-12,-4.128086283596566e-20,3.4938562441744277e-19,6.094619058631917e-16,3.5981816329953963e-19,3.3925015795377637e-16,5.203771199719796e-16,2.9966158251385864e-19,1.6795790391898328e-16,7.185088231761871e-19,3.091232431428918e-19,1.8271488272935598e-19,4.2943816990803747e-16,5.221448671604529e-16,1.001396077509097e-15,4.480774537249581e-15,5.691224017960974e-16,4.236701183675652e-19,4.2334461441918574e-19,5.325029877940089e-19,4.766686264812713e-16,6.874725199957041e-16,3.088441686928587e-19,4.64273654276024e-16,4.1012969145016347e-16,4.4803395813638275e-15,3.5000379585273865e-19,6.166327142713755e-16,3.338363201658934e-19,8.074273593812308e-16,4.479653206234127e-15,-1.470218518152659e-20,5.264844782650614e-16
