0.9999999999999942,0.9999999999697035,-6.132981007337285e-12,-2.265585509015432e-12,1.0000000000069345,-2.3592793620195466e-11,1.0000000000072855,1.867275488182598e-12,-1.1816039918706184e-10,2.4215832252215113e-13,2.334503835108313e-11,5.413970082820374e-11,-1.5309198102879664e-11,-2.9467463560503654e-12,-6.360246698318102e-12,-1.3827682944659427e-11,-3.493082052318915e-12,5.3956202714876285e-12,2.7849829994019276e-11,1.4471940751362774e-11,6.603526671735333e-12,2.01844784073956e-11,-7.582791603233351e-12,-5.083407501106875e-11,2.991591835990105e-12,-2.3108990094154877e-11,4.288538657952831e-12,1.032940676876418e-11,1.764266988079605e-11,2.137037904210849e-11,4.9748575762805534e-12,-3.6048423290634085e-11,4.350564873733824e-12,0.9999999999359463,-3.839956896757002e-12,1.0000000000054976,-3.0331116431341135e-11,4.072028954699449e-12,-6.916243895925669e-11,2.1149003073952492e-11,1.6170315540569107e-12,2.4970064847446098e-11,7.567003960246752e-13,-9.281397209179388e-12,1.0000000000052742,1.0000000000276328,2.513945384160737e-11,2.0936492520906598e-11,-1.4369964937559453e-11,4.6196934455006064e-11,-1.3968997698985548e-11,1.0000000000263016,-2.1436801334086355e-12,-3.3545027143645615e-11,-2.8284170053871867e-12,4.4898360986926095e-13,-3.907768941180194e-11,8.572095071371873e-13,3.3537062309316125e-12,6.33682033067683e-11,7.2472793048952845e-12,0.999999999974267,1.4841342338102604e-12,4.5816068567138565e-11,0.9999999999710929,4.981297663115517e-13,-6.964668104571798e-12,-6.393477137659729e-11,-4.824697935737803e-12,-8.688093320195646e-12,6.355971339008252e-12,1.965399316649188e-12,2.809377289614524e-11,1.487757750398189e-12,1.4961598759519462e-11,2.3587372648321628e-11,-1.3062741103854342e-11,4.636656171390229e-12,-2.8797940640232372e-11,-4.938369552797322e-13,2.380250250836488e-12,0.999999999959274,-1.665228827677929e-12,1.414232070945028e-11,1.000000000040075,-5.7448797312438567e-11,3.210923809727475e-11,1.4140751490021177e-11,-4.2084055830076606e-12,5.907866830222548e-12,6.126261379862661e-12,-1.4181110799655028e-11,8.288017692729731e-12,1.5950523444681507e-11,-1.6261033911388734e-12,7.763698170155163e-12,7.006618666765538e-12,1.0000000000017542,1.718593269141206e-12,1.6306751736767515e-11,0.9999999999796002,-1.159437952927985e-13,2.363233190759065e-10,0.9999999999776576,7.655331230658482e-12,9.358153693616131e-12,2.7795907752874763e-12,4.893480612805664e-12,5.210984542883315e-11,-1.9681710618316004e-11,-9.48848205402632e-12,1.1259906958905984e-12,-7.678097936173397e-11,0.9999999999561141,2.600484711666857e-11,1.0000000000187446,1.0000000000474474,5.387340957567412e-13,-6.146693583891574e-11,-1.22377755038854e-11,-9.284440782338782e-12,3.0419784517968716e-12,0.9999999999975819,0.9999999999906489,2.1114641044177916e-11,-2.402210805412449e-12,-5.681696887538824e-12,1.0070327368153153e-11,4.69055780191644e-12
0.9999999999697035,0.9999999999480582,-3.902479590338855e-15,-3.919478337900923e-12,0.9999999999844786,-2.5247267099458147e-11,0.9999999999848285,2.1175778094443427e-13,-1.198147624627419e-10,-1.4062472159901034e-12,2.170011300767236e-11,5.24850059871647e-11,-1.696040332768779e-11,-2.3062506337638497e-15,-8.013293995087765e-12,-1.548061492664718e-11,-5.150664424088351e-12,3.738880201051625e-12,2.6191045384071863e-11,1.2815819915915874e-11,4.9503189888445595e-12,1.852720646140325e-11,-9.231790208471956e-12,-5.248146653890771e-11,6.687552825724801e-16,-2.47634600407736e-11,2.6388439544412983e-12,8.673287062907321e-12,1.599179348440826e-11,1.971544716392971e-11,3.320089327284949e-12,-3.770299304959624e-11,2.695251258903624e-12,0.9999999999134951,-5.501685356073182e-12,0.9999999999830356,-3.198794218026438e-11,2.4170423963960926e-12,-7.082226003928756e-11,9.767684157141635e-15,-3.6425956887419027e-14,2.3317244276962176e-11,-9.015492388164617e-13,-1.0937486267796537e-11,0.9999999999828214,1.0000000000051708,2.3486020017251534e-11,9.66031008905228e-15,-1.6025267650173322e-11,4.4546384540702257e-11,-1.562146266801615e-11,1.0000000000038467,-3.794599813255711e-12,-3.520296371453378e-11,-4.486509670911637e-12,-1.2043585428882978e-12,-4.073682984606369e-11,-7.982259753875857e-13,1.7002296772201977e-12,6.171497870969711e-11,5.5932856493314e-12,0.9999999999518147,-8.77100288065673e-17,4.416579763866622e-11,0.9999999999486474,-1.158960007721172e-12,-8.620445710544926e-12,-6.558658425222735e-11,-6.483127534384632e-12,-5.18392433069799e-15,2.350778316450443e-15,1.5710933307405775e-16,1.3244738522612787e-14,-8.047114529686321e-17,6.665463895201572e-15,1.0989141492062495e-14,-7.373791346621356e-15,1.4922372888949219e-15,-1.525692500302412e-14,-1.0783787671148614e-15,3.661390792537463e-16,0.9999999999368235,-1.6643092121730301e-15,6.2582507748386394e-15,1.000000000017624,-2.961033807056337e-14,1.526002076711617e-14,6.255299796345021e-15,-2.9383883962077132e-15,2.1301431167899587e-15,2.241259110196743e-15,-7.932064525720062e-15,3.322167923214393e-15,7.159235135879693e-15,-1.6454146309574385e-15,3.058348952789554e-15,2.676554406273973e-15,0.999999999979299,3.185993802271302e-17,7.341893813135821e-15,0.9999999999571453,-8.899712139931598e-16,1.1756727619085664e-13,0.9999999999551997,3.004376586093845e-15,3.857020243909938e-15,5.619657691844127e-16,1.6238613916353748e-15,2.527650211538003e-14,-1.0691025737207678e-14,-5.584640719752131e-15,-2.6720921167396477e-16,-3.9291464879327004e-14,0.999999999933659,1.2195916688260064e-14,0.9999999999962912,1.0000000000249913,-5.604629315889388e-16,-3.162408762253341e-14,-6.959645723268328e-15,-5.483800311995813e-15,6.930869579930804e-16,0.9999999999751251,0.9999999999681876,9.746335734089661e-15,-2.0354784201126276e-15,-3.67723017526234e-15,4.212851757488899e-15,1.5193831519119585e-15
-6.132981007337285e-12,-3.902479590338855e-15,8.167975298993366e-13,1.2666784926656936e-16,-7.789599918698296e-12,2.770247744385083e-20,-7.789680429982261e-12,9.293449587764522e-17,4.5841999213896237e-20,1.1185901376195207e-16,4.7193716309572365e-19,-8.066768875593379e-20,6.2483371627340214e-21,9.362414127598818e-17,1.3677052123468484e-16,1.3163096643982306e-16,8.502984458084916e-20,1.550030081681178e-16,1.3623105906754045e-16,4.7219427885102894e-20,1.0203426925503808e-16,-5.457950166833584e-21,8.868705054651599e-20,1.6611844462685726e-16,1.1138386202878276e-16,6.54004729580554e-20,2.743764152079086e-19,1.3809276131256122e-16,1.1856201267264288e-16,1.9850231023482575e-19,7.189662904381573e-20,3.1281755088543934e-19,1.3243139882320578e-16,-3.902177720429319e-15,1.1381942904211472e-16,-7.789662212244524e-12,1.5016947450606601e-16,3.4214233900114703e-19,1.4405021539055553e-19,1.8571406595774232e-16,4.240720086724255e-20,-4.362441080787409e-20,1.471017846618379e-16,8.310539533339446e-20,-3.902196374493774e-15,-3.902396770169269e-15,1.7663785623292712e-19,1.384195477748462e-16,1.3865328923484572e-16,-2.9682551264938556e-20,1.1766569846121706e-16,-7.78958819190831e-12,1.854985165996805e-16,1.5089118364059286e-16,1.3402738686708932e-19,1.3072550712044808e-16,1.1729361173623153e-19,-5.66558258634239e-20,1.545667921892289e-19,1.908052517392351e-16,-3.6916882750784717e-19,-3.9025461817689e-15,1.1285061487733586e-16,4.921631083226391e-19,-3.902373543722489e-15,1.6778540795231735e-20,1.9916300127127383e-19,3.776840307074033e-19,2.1399673885545071e-19,1.0004731591166775e-16,8.069035500654428e-17,1.0515058937560076e-16,1.5541517765492074e-16,9.792847502737032e-17,1.263853862581384e-16,1.3186987033449269e-16,1.333745701844989e-16,1.094020995308478e-16,1.6878353131849103e-16,8.779648768882518e-17,1.057116626642787e-16,-7.789539364753145e-12,1.0246010831250395e-16,2.330969724019793e-16,-7.789516120101416e-12,1.5008202159902465e-16,1.259030334299211e-16,1.2333974773915952e-16,9.9284470643645e-17,1.0942580901619273e-16,1.1630509052969974e-16,1.116243621925727e-16,1.136117219797814e-16,9.382856965394032e-17,1.133737073471183e-16,1.0832776012401853e-16,9.509663228401491e-17,-7.789629190096156e-12,1.1364626359482814e-16,-4.194618083346168e-20,-3.9023364751533286e-15,2.8186377025486486e-20,5.2248872956625195e-21,-3.9026964238249774e-15,9.445664063140921e-19,3.577885972947726e-19,-5.768914115162736e-20,2.002571682855745e-19,5.886460868249864e-19,3.058187634095386e-20,7.537313948209973e-20,3.0185166342809037e-19,-1.824679676409149e-19,-3.902449237413372e-15,2.206474646619367e-19,-3.902393048195559e-15,-3.902444242568762e-15,3.102720421832028e-19,-3.07795514431317e-20,-2.0304199128060498e-19,7.218155751730363e-20,8.835424173220274e-20,-3.9025335668767136e-15,-3.902559264746231e-15,5.0427540307532213e-20,1.4760832663588018e-19,-1.0822241408387887e-19,4.51251653084549e-19,1.7717275333675287e-20
-2.265585509015432e-12,-3.919478337900923e-12,1.2666784926656936e-16,8.168378600255009e-13,-3.919342685450797e-12,1.1476750131151367e-19,-3.919448749421479e-12,1.2049966650673552e-16,2.1445814053266206e-16,1.3972187195583368e-16,5.149523991516599e-20,2.1754222274833864e-16,2.4939580407755766e-19,-2.650828357092727e-19,1.6894616758271753e-16,1.7232738920603679e-19,1.546653811065941e-19,2.0890277807656537e-19,1.0608826604522785e-19,2.19690852715338e-19,7.371604587768268e-20,-1.7524284165799468e-19,2.597403114527801e-19,2.019478440394856e-16,9.259331466785515e-20,2.0011066120152853e-16,2.066933307371982e-16,1.6566328763650172e-16,1.3958052058568117e-16,4.3001891373849746e-20,2.0779249386860826e-19,1.9580778537169077e-16,1.5511501495027234e-19,-1.9636883782923308e-15,5.4044581627078e-19,-1.963129661985562e-15,1.8017033243842126e-16,1.0134461139909036e-19,1.9386037364512941e-16,2.207680473176051e-19,1.5554456797628107e-19,1.952331925707513e-16,1.989416586563445e-16,5.0633935427764604e-20,-1.9638225530856815e-15,-1.9636675219601346e-15,1.4401241977728132e-16,1.7183634756500348e-16,1.7860977831174554e-16,7.036481932209395e-21,1.494588824104727e-16,-1.9633198851133192e-15,1.2354707618393496e-19,8.879941522529512e-19,1.5814088027070458e-16,6.705498546487759e-20,-3.9390919826057352e-19,1.6338299514223806e-16,1.4875983590997946e-16,-1.9570250343754214e-19,8.456005406407941e-20,-3.919501238858502e-12,1.3404910907590984e-16,2.668573209509584e-16,-3.919221586598239e-12,1.6314266075718402e-20,1.5572165970727548e-16,2.2728040798064496e-16,2.1073740259031045e-16,2.264339845806329e-19,1.1313275923415225e-19,3.6666682967068266e-20,-4.353379318623088e-20,1.2820275778549674e-16,1.6756675693370634e-19,1.550744684377099e-16,-1.2932558215854982e-19,1.3721074268762414e-16,1.0326542355500898e-19,3.9235460853575553e-19,1.7238904385939998e-19,-3.9192790859688456e-12,7.062611486145837e-20,2.865636585821912e-16,-1.963259006294472e-15,1.8714355264117122e-16,8.069318414660082e-20,-2.81728748154779e-22,1.3018978737931744e-16,1.251752485019925e-16,2.20661545154051e-19,1.4643489212618059e-16,1.4602974920753114e-16,1.248646675353738e-16,1.4907804731142268e-16,1.340970444939966e-16,1.315458943269745e-16,-3.9193945716341695e-12,7.10866911865418e-20,2.556477472841803e-16,-3.919529809150792e-12,9.794817225069697e-17,3.065119731556648e-16,-3.919580702488917e-12,1.0038802500772228e-16,1.2042155786192086e-16,1.0905590917227237e-16,1.6144114503767376e-16,1.833097130464946e-16,1.4521642566289616e-16,1.1696009855864491e-16,1.5322698933113066e-16,2.0486084600106102e-16,-1.9640866907594527e-15,5.317108143068465e-19,-1.96368121182912e-15,-1.963370402410486e-15,8.551382611629026e-20,6.722641668867491e-19,6.929857252473611e-19,4.055179368537062e-20,-1.9123373201585045e-20,-1.9637253686253145e-15,-1.963236054980818e-15,5.947985075295144e-19,2.4651318640624316e-19,3.181624500216338e-19,-1.1939853176938867e-19,-4.370618974387142e-19
1.0000000000069345,0.9999999999844786,-7.789599918698296e-12,-3.919342685450797e-12,1.000000000022527,-1.2648391710097704e-14,1.000000000022057,1.0619746676446234e-16,-6.002411895176364e-14,-1.4061724412150643e-12,1.0871250591154912e-14,2.629369941168121e-14,-8.49673256553289e-15,-4.603339842078736e-12,-4.0144749570654964e-15,-1.5480441115759274e-11,-5.1505731369381114e-12,1.8731819420436833e-15,1.3121155966346801e-14,6.4204461031264005e-15,2.480165557350633e-15,9.281591637393028e-15,-4.62469646237028e-15,-5.24812731372895e-11,1.3351295246954779e-12,-2.4763281778872542e-11,2.639013453597021e-12,8.673440384703911e-12,8.01159418138548e-15,9.87720028615445e-15,3.3201667858452774e-12,-1.88882058131764e-14,1.3502474567699288e-15,0.9999999999507242,-2.7563087216594686e-15,1.0000000000202633,-3.198779505901109e-11,2.4172456059095442e-12,-3.548012934506858e-14,9.767876891410316e-15,-1.82056488589415e-17,2.3317433679921423e-11,-4.51629566545856e-16,-5.479355400553907e-15,1.0000000000200495,1.0000000000423996,2.348617910296772e-11,9.66018090776099e-15,-1.602513175103611e-11,4.454651845528925e-11,-7.826005862539149e-15,1.0000000000410754,-3.794431938408813e-12,-1.7635716546206952e-14,-4.486386007532983e-12,-1.2042348563673461e-12,-2.040798977619066e-14,-3.998461684744584e-16,1.700315092004937e-12,3.0917671587205224e-14,5.593374997921274e-12,0.9999999999890418,-8.760272538516424e-17,4.4165994144528004e-11,0.9999999999858769,-5.805888428377382e-16,-4.318147167469576e-15,-3.2857239612366496e-14,-6.482903027092506e-12,-5.183800804721178e-15,4.69292664090995e-12,1.5715788929612176e-16,1.3244070838162875e-14,-8.061830199679326e-17,1.3305164737990137e-11,1.0989386987726862e-14,-1.471874037820096e-11,2.9786173627867677e-12,-3.045414559754914e-11,-2.152482089209695e-12,3.667252384394701e-16,0.9999999999740525,-1.6640752947090459e-15,1.249303065340173e-11,1.0000000000548532,-2.960976767711816e-14,1.5259884152827587e-14,1.2485702616012951e-11,-5.86513019450996e-12,4.252533671078702e-12,2.241289297262778e-15,-1.5833645176043346e-11,3.3222992350674734e-15,1.429094233181871e-11,-3.2841061720377047e-12,3.057851590040628e-15,2.676859954952087e-15,1.0000000000165277,6.372896611444764e-14,1.4655246740535757e-11,0.9999999999943753,-8.898250113640498e-16,2.346779439535874e-10,0.999999999992429,3.004348958375397e-15,3.85684416964935e-15,5.6181845083925325e-16,1.6244668541493402e-15,2.527699671856277e-14,-1.0691056109494326e-14,-5.5850930410489125e-15,-5.331483682939898e-13,-7.843035067146735e-11,0.9999999999708877,2.4344733364738785e-11,1.0000000000335187,1.000000000062219,-1.118604144353898e-12,-6.312517143647015e-11,-1.3891996831417668e-11,-5.4835222343496055e-15,6.928424592351043e-16,1.0000000000123548,1.0000000000054163,9.746848285497501e-15,-2.0354711032076604e-15,-3.677089814933729e-15,4.212935035645142e-15,1.5195682056854654e-15
-2.3592793620195466e-11,-2.5247267099458147e-11,2.770247744385083e-20,1.1476750131151367e-19,-1.2648391710097704e-14,8.168584210447517e-13,-1.2647906325108733e-14,1.0475220238012587e-19,2.5054527518909086e-16,2.9234386464394727e-19,2.3868363709530247e-16,2.3545483427670017e-16,2.9848149232551827e-19,2.5762446180288295e-20,2.8054990873475613e-21,1.56564390724887e-19,1.321377417090076e-16,2.4367211632869784e-16,1.0691530634912412e-20,1.7545611688499965e-16,1.300102913937637e-16,4.756777143569925e-19,2.1056022314567363e-16,1.2222800735072652e-19,8.86910443643538e-20,1.0139965035018428e-19,2.3434631273996037e-16,2.8092911833167867e-19,1.5682049238489502e-16,6.700393738828952e-20,-3.311581988854745e-19,1.9095106101671907e-19,1.935653338773563e-16,-1.264812738039516e-14,1.338230336598295e-16,-1.2648172293780295e-14,2.0420252198422231e-16,2.1455748612897014e-16,2.3863576940781074e-19,5.946322370589304e-20,1.628671085734666e-16,2.531379109900629e-20,1.2935895083488122e-19,-1.37143666571846e-19,-1.2648384727288712e-14,-2.5247385581719683e-11,1.8285135862258844e-16,9.967560041854517e-20,-1.116657955032663e-19,2.179069284753638e-19,3.3737829330522203e-19,-2.5247096292591694e-11,2.554780264082358e-16,-1.5558602115620773e-19,1.761398679812937e-16,-1.832347955715995e-19,3.197292165063241e-20,1.0688995620078166e-19,1.528990012095817e-16,2.8581182925814043e-16,1.1250187267838583e-19,-2.5247282501748193e-11,7.810610845181423e-20,2.0902718617360396e-19,-1.2648112673035563e-14,1.7968874256766018e-16,4.2391546507399367e-19,2.56206285047333e-19,2.601788996555873e-16,1.4441936611318939e-16,5.437907921501686e-20,1.6192718685201137e-16,2.3005421226672026e-16,7.326553957413658e-20,1.1436816567575103e-19,-1.8820963255907742e-19,4.432644925027779e-19,1.5230470095066202e-16,2.384245721230471e-16,1.3972332191257206e-16,1.5686409324836436e-16,-1.2648186734182417e-14,1.3533758819915562e-16,1.8346654525240305e-19,-1.2648270110138362e-14,2.2062078977590592e-16,1.5366345604203934e-16,9.757006633471424e-20,1.4050517234498174e-19,-1.442414640455337e-19,-2.35879576890275e-20,1.825340763919725e-16,2.985580480211372e-20,1.2643513060901322e-16,1.677294096841249e-16,1.368725822445459e-16,1.5154699844869735e-16,-2.5247163047612885e-11,9.80469153472686e-20,1.1565410860618955e-19,-2.524731119590935e-11,1.0529379748868375e-16,-1.0081041831256279e-19,-2.524738384149145e-11,1.4977578501549544e-20,-4.608560641793411e-20,1.141069663690684e-19,1.7575464371588775e-16,2.1039105113210204e-16,1.83912874389152e-19,-1.8773328865178933e-19,1.9604862446942005e-16,1.1548106646573746e-19,-1.264831313847663e-14,1.8822410430349334e-16,-2.5247284542496966e-11,-2.5247175659287383e-11,7.991962210759045e-20,2.1856024242664035e-16,1.7731827665258782e-16,1.2426133235765225e-16,1.3311002588437367e-16,-2.5247357716904664e-11,-2.5247201378249573e-11,1.7821190737619343e-16,2.9658204422812943e-19,1.0047913510695817e-18,2.568269091123401e-19,5.503583546286185e-20
1.0000000000072855,0.9999999999848285,-7.789680429982261e-12,-3.919448749421479e-12,1.000000000022057,-1.2647906325108733e-14,1.000000000023218,2.1175048535663032e-13,-6.002398630397624e-14,-7.047958233679465e-16,2.1700146896627682e-11,2.6293398456291156e-14,-8.496825147190513e-15,-2.3064693551253073e-15,-4.0144586476288194e-15,-7.755401361446281e-15,-2.58039398345936e-15,3.738927049483717e-12,1.3121016066157318e-14,6.420629040074982e-15,2.4798587313845316e-15,9.28120262433542e-15,-9.231762648979732e-12,-2.6292280293124043e-14,6.686966504122562e-16,-1.2405731597444811e-14,2.6388776362807855e-12,4.345302844268007e-15,8.011449385842848e-15,1.9715487654311865e-11,1.6632472670981403e-15,-1.8888201800629947e-14,2.6952928564842033e-12,0.999999999951071,-2.7561504776361175e-15,1.0000000000206137,-1.6025440515369168e-14,1.2105794959325517e-15,-3.54803835054304e-14,1.9497597928056625e-11,-1.8615866475966818e-17,1.1681469127285952e-14,-4.518718317004821e-16,-1.0937458689292614e-11,1.000000000020399,1.0000000000427482,2.34860689251194e-11,9.659832590947974e-15,-1.6025250335622808e-11,2.2316581894007633e-14,-1.562143572253115e-11,1.0000000000414242,-1.90065157576098e-15,-3.520294685567024e-11,-4.486485007203294e-12,-1.204337682751254e-12,-2.0408172177202796e-14,-7.981840971245752e-13,8.517343367211765e-16,6.171503286531656e-11,5.593297176917078e-12,0.9999999999893926,-1.7535692505976063e-13,4.416583250334467e-11,0.9999999999862256,-5.806345467489084e-16,-8.620435972189073e-12,-6.558656426065115e-11,-6.483063959876625e-12,-5.183590736535284e-15,2.3507364399560067e-15,3.13608096486701e-13,2.6437359983227875e-11,-8.041126547770378e-17,1.3305062743841002e-11,1.0989162201559722e-14,-7.373584749172011e-15,1.4922798456978653e-15,-3.0454288475108474e-11,-1.0782480102087735e-15,7.314270117252403e-13,0.9999999999744007,-1.6641886473153061e-15,1.2492810183287508e-11,1.0000000000552007,-5.910442554100272e-11,1.5260181526560746e-14,1.2485594223868125e-11,-2.938371136061369e-15,2.1303831022941676e-15,4.47383077384811e-12,-7.932340665106742e-15,3.3219858698712178e-15,1.4290874758595231e-11,-1.6454095224343537e-15,3.0579386334983386e-15,5.343279683274751e-12,1.000000000016875,6.361986295031414e-14,7.34160491423682e-15,0.9999999999947224,-8.900058802248336e-16,2.346776910987881e-10,0.9999999999927764,3.0043128677037624e-15,3.857547077462812e-15,5.620002984045649e-16,3.2418253003412143e-12,5.045555814278406e-11,-2.134030575138849e-11,-1.1148083843275539e-11,-2.6721690655876154e-16,-7.843048240369884e-11,0.9999999999712359,1.2195955796645958e-14,1.0000000000338696,1.0000000000625697,-5.604585739663996e-16,-3.1623911609192834e-14,-1.3892099413972704e-11,-1.0945779059077392e-11,1.383095560111611e-12,1.0000000000127023,1.000000000005766,1.9455010160312128e-11,-4.063352813286942e-12,-3.677316441914056e-15,4.212884299554041e-15,1.5193585004474957e-15
1.867275488182598e-12,2.1175778094443427e-13,9.293449587764522e-17,1.2049966650673552e-16,1.0619746676446234e-16,1.0475220238012587e-19,2.1175048535663032e-13,8.167971094054974e-13,1.5390865441147847e-16,1.3016597820723161e-16,3.5965210860020243e-19,8.95215103089579e-20,1.5659784328402717e-16,9.520875194280867e-17,1.4020676043536322e-16,1.8367844688921475e-20,-2.835913929252733e-19,2.9152206360317682e-22,-2.1615779589571706e-19,8.243947189208816e-17,5.173448246858714e-20,1.0482965838689347e-19,-1.3754478393390631e-19,1.7537050863577968e-16,9.84697466058504e-17,1.767228049623216e-19,1.5641374444991385e-19,1.2551629170470376e-19,1.2802306899186983e-16,1.1055290137339279e-19,1.2001934893955395e-19,4.548097397853318e-19,2.7204711778205025e-19,1.0607639645219714e-16,1.4148245207893337e-16,1.0605401905480682e-16,4.434183827460651e-19,9.20604591277176e-17,1.424553202079257e-16,1.7894950132592985e-16,4.020447630511192e-19,2.5173073301190843e-20,1.2087675845059681e-16,-3.2708798927426985e-19,1.0618651963666597e-16,1.0607901891756196e-16,4.1008250773206586e-19,1.6695767804054387e-19,1.413758306761283e-16,1.1266914963959794e-16,1.1024497218054902e-16,1.0640425075617728e-16,2.029754469845116e-16,-1.8142866357874625e-19,1.610216990694295e-20,2.4855276894283037e-19,-1.2255859487005125e-20,1.7018092934881077e-19,-6.143254353640904e-20,1.7419048437748396e-16,1.2221184493729338e-16,1.0615436535348808e-16,1.1247148900498278e-16,2.0741910985063978e-16,2.1193790869544486e-13,1.1522717565765207e-19,1.5406608346177172e-16,7.958793220820037e-20,9.387778124469816e-20,6.606415582209397e-20,-4.1652390515669077e-19,8.335929709087426e-17,-2.635119890846706e-20,9.066522631606599e-17,-5.0666559682827123e-20,1.410855623770024e-16,1.396336456472028e-16,1.1165562626748742e-16,1.6502249420788308e-16,4.1931798043380384e-19,9.755393949453683e-17,2.1188923317881313e-13,1.1296184876988115e-16,2.0423722463304816e-16,1.061614971688392e-16,4.540013826146138e-19,1.2259666990708152e-19,-1.93074760787671e-19,-1.604740235739702e-20,1.120284590823917e-16,9.248517642574346e-17,2.9751090597675496e-19,8.528040803620196e-17,1.0679651227743421e-16,2.3840761503606643e-19,1.2779834666043723e-16,9.193753632389859e-17,1.0605303088483376e-16,1.0400475820432536e-20,1.9850355586465855e-19,2.1168642794299844e-13,4.7700046206442046e-20,5.1497494893441794e-20,1.0612933592377189e-16,9.856920165459606e-17,1.258490241916752e-16,5.822230380001318e-17,1.7427443950155362e-19,1.4157690840520176e-16,7.422110140554759e-19,-3.3232306403525526e-19,1.0006615184640396e-16,1.7132822825079912e-16,1.060354298157104e-16,7.520655454550453e-17,1.0600108676211674e-16,1.0608674577099312e-16,1.315895928695139e-16,1.5037665485391938e-16,1.8548497239500703e-19,1.3563110730894834e-16,7.490640960786585e-17,2.1167258543700966e-13,2.1178044352208015e-13,1.0353425684938283e-16,5.2168154215478247e-20,1.1098213338872574e-19,-1.9434516928170365e-19,6.567132259842223e-20
-1.1816039918706184e-10,-1.198147624627419e-10,4.5841999213896237e-20,2.1445814053266206e-16,-6.002411895176364e-14,2.5054527518909086e-16,-6.002398630397624e-14,1.5390865441147847e-16,8.168821504002392e-13,1.4626540339757717e-19,2.8509998072543584e-16,-4.290645886628738e-19,2.1436320281858671e-16,1.8164881667602892e-19,2.321404917623322e-16,1.1224221850528724e-19,-1.641388269117115e-20,3.2715542423704436e-19,-2.9843446897881315e-19,1.8568793023984354e-16,1.1448488337914667e-19,1.8353218070893396e-16,2.480754119305381e-16,4.060744373630566e-19,1.9029559989974082e-16,2.593650136711207e-16,1.337000906131835e-19,2.3558569463990643e-16,1.9652542148531131e-16,1.2209642206503712e-19,1.9179709593177125e-16,2.6390668605675377e-16,2.240515440251727e-16,-1.1981471467530407e-10,1.8918377373048162e-16,-1.1981469803571451e-10,2.2279973057412284e-19,-2.807428250561259e-19,2.5914981381801274e-16,3.085138516938241e-16,1.8577077084087205e-16,2.658177303782174e-16,2.572181294222507e-16,1.9029305466391086e-16,-6.002449991627831e-14,-1.1981492582902703e-10,9.033944178122709e-20,2.341277867126126e-16,3.6612068756307847e-19,3.6497733773592535e-19,2.0062309440162862e-16,-1.1981457911368094e-10,1.0858617417005306e-19,2.5179527196168564e-16,2.1141594405749338e-16,9.678090001532718e-20,2.181656851374405e-16,-2.0295889498014283e-19,4.0128772519267743e-19,1.0463435972144931e-19,1.9303900767728522e-19,-1.1981478578402672e-10,1.882555633660658e-16,2.705557991836323e-19,-1.1981442145838884e-10,1.7707570931980916e-16,-2.2693821051655064e-19,3.145226099353323e-16,2.9165739677913453e-16,9.639434569806744e-20,1.4031190591886884e-16,3.5276560321365416e-19,-3.412342108508752e-20,-1.0254681122351862e-19,1.189976844153113e-19,-5.0885542326073764e-20,-1.4314577434806404e-19,1.7811342980809087e-19,2.820525773512418e-16,1.5014248096397832e-16,1.7921711477092972e-16,-1.1981449243163283e-10,2.771367194872705e-19,3.881397014213177e-21,-1.1981445731501008e-10,2.5059508090126256e-16,1.2211483202235701e-19,1.4172473223692644e-19,7.842540677635337e-20,1.8021609918470068e-16,1.9563788885755788e-16,1.934296049798347e-16,1.8955386323712565e-16,1.610278915825601e-16,1.9213670603295052e-16,1.7168032351522355e-19,1.6654825883291262e-16,-1.1981464966344787e-10,8.759812311056994e-20,2.536231400903949e-19,-6.002380428207936e-14,4.5273002444757695e-19,4.0584091105364886e-16,-6.002423946719927e-14,1.7292761429731016e-19,1.7044957828842224e-16,1.2926856999255114e-19,1.4179901669185249e-19,2.422143854114057e-16,5.862730503943115e-20,1.5006458498233549e-16,2.0879490556952298e-16,1.3955946134581314e-19,-1.1981473751950482e-10,1.1635838037511348e-21,-6.002400827598203e-14,-6.002404648129893e-14,3.906279981995475e-19,2.610823326178518e-16,2.0549055374653048e-16,1.793258540178931e-16,1.5198064501633175e-16,-6.002438624524573e-14,-1.1981469857458546e-10,1.9775749369478863e-16,1.9615033394614275e-16,1.700699517818161e-16,2.0138701957624165e-19,3.554532611815202e-19
2.4215832252215113e-13,-1.4062472159901034e-12,1.1185901376195207e-16,1.3972187195583368e-16,-1.4061724412150643e-12,2.9234386464394727e-19,-7.047958233679465e-16,1.3016597820723161e-16,1.4626540339757717e-19,8.168294033979146e-13,3.03096218952923e-20,1.0978589965067457e-19,1.874904850259105e-16,9.787741121879633e-17,-6.10955581893507e-20,1.3202727964894183e-16,1.1266223567715813e-16,2.4328502743164015e-19,1.6029339590411212e-20,3.450161339669715e-19,-2.233477322327519e-19,7.108606104965162e-20,1.6733908776935963e-16,3.66809644314793e-21,6.001914218128193e-20,1.5282349877847272e-16,1.8343931550936056e-16,1.4637233544025375e-16,1.422773435656807e-16,2.014140384982169e-19,9.116782734430483e-20,2.2573194370732016e-19,1.2594511720281292e-16,-7.044401331352441e-16,6.07492241687502e-20,-1.406205464981435e-12,6.122671057927397e-20,5.356845797185134e-19,1.7286992316901205e-16,1.1280119519249732e-19,1.1019284405205686e-16,1.619007485922606e-16,5.201854014962662e-20,3.0042449327186243e-19,-7.045045370614588e-16,-7.044920032877698e-16,-5.530567935054059e-20,-3.0778854044501796e-19,1.6714061442825117e-16,1.2821150226497212e-16,3.408305382751017e-19,-1.4061240479212735e-12,9.857021339404482e-20,1.8256364425128922e-16,1.3735269453097465e-16,1.8274055247181043e-19,1.4419092818586342e-16,1.367498037707478e-16,1.5133850772789021e-16,8.679229486414906e-22,1.3246951506542386e-16,-7.045452661758572e-16,1.1823375835816368e-16,2.3120247383020017e-16,-1.40603692485732e-12,2.4230808559336154e-19,3.2734399419040254e-19,2.330807267163469e-16,1.5945106963394627e-16,1.1405729833196125e-16,7.832744164064095e-17,2.9892341871726373e-20,1.5119335351715063e-16,-1.6797895942403794e-19,1.3896494095327028e-16,1.6990027684788653e-19,1.1965777995056768e-19,1.7719430398458026e-19,1.8094765812447453e-16,2.5501772918620374e-20,1.2154386008497506e-19,-7.045512418182429e-16,1.171118884394193e-16,1.4290386287599669e-19,-1.4060549016385635e-12,-4.930120131943648e-20,2.477523056020847e-19,2.7051621422733303e-19,9.764208151158851e-17,1.5389881115973698e-19,6.436795355580592e-20,-2.6023031548523018e-19,1.4794334582701395e-19,1.2473828190434067e-16,-1.974867507815515e-19,1.4001957770150216e-19,5.741825629594374e-19,-7.045537152157531e-16,1.1091540530228679e-16,2.2435452504024695e-16,-7.045256328837663e-16,9.222965773189748e-17,2.5497366731430777e-16,-7.046308920063478e-16,1.8081409109413747e-19,1.354427579209714e-16,3.617101276002618e-19,1.4992054001015925e-16,1.706794806281738e-16,-2.6279434095499646e-19,1.18109420428598e-16,3.1316421480282785e-19,2.0201491433597402e-16,-1.4062258719251118e-12,1.0027003865548996e-16,-7.04531413092164e-16,-7.041674757458784e-16,1.4476878818449308e-16,1.7277136709127706e-16,1.0839062575523686e-16,-2.0136344804714958e-19,8.836053597707378e-17,-1.4063287351276391e-12,-7.038838362639336e-16,1.3333456500832624e-16,1.2254004427631846e-16,1.2063750364176113e-20,1.1048077083777466e-16,1.0007073584627912e-19
2.334503835108313e-11,2.170011300767236e-11,4.7193716309572365e-19,5.149523991516599e-20,1.0871250591154912e-14,2.3868363709530247e-16,2.1700146896627682e-11,3.5965210860020243e-19,2.8509998072543584e-16,3.03096218952923e-20,8.168753816391404e-13,2.8879886205273355e-16,2.2666091687427395e-16,1.0696795398205135e-19,3.9460032527855784e-19,1.722616690507465e-19,1.5883733193843812e-16,4.2069552744210863e-19,2.1448977588383828e-16,1.8348952587465336e-16,1.8736296488008531e-16,1.2235836930632434e-19,2.4572236957192985e-16,-1.1087513922471734e-19,3.2792902174159266e-19,2.5435248995518035e-16,-9.138657807012757e-21,2.5479857998350837e-19,1.033580055734669e-19,-3.202539011319032e-19,1.9981864037878188e-16,2.5388666645706044e-16,2.0848494974546529e-16,2.17001595788935e-11,1.9503281492256817e-16,1.0871219324129472e-14,3.3948272485736307e-19,2.8783021822026493e-19,2.9151582246074744e-19,3.1904267233204453e-16,6.343015921693765e-19,1.778138570604914e-19,2.490843124203935e-16,1.8149448550382524e-16,2.1700171931059432e-11,1.0871922858648845e-14,1.7945870634418094e-16,-1.2792930697719992e-19,1.598162223104066e-19,-3.816815008252548e-20,1.9798056870029243e-16,1.0871481934528365e-14,3.191879850771365e-16,3.949208893173943e-19,2.622683747361947e-19,2.1933981657627296e-16,2.1616212336686947e-16,1.4223514046022635e-19,2.045034164951562e-16,3.1225261790420456e-16,1.8265274874081452e-16,2.1700083753906795e-11,1.7544441035234432e-16,2.256140080452298e-19,2.1700461843983327e-11,1.7767485792950454e-16,2.211146086780709e-16,-1.7600176793771968e-19,2.700876106560402e-16,1.484146163623861e-20,1.629022831218615e-19,1.727170693219259e-16,2.48965134498029e-19,1.632887244326646e-16,5.440788316472844e-20,8.111594391493572e-20,8.066871487369398e-21,9.424357008650366e-20,2.760049498763122e-16,-1.7849589997778115e-19,4.9991444227813026e-21,2.17003750241217e-11,1.6391813330889292e-16,3.744500620721061e-16,2.1700417492993986e-11,2.4504585349279724e-16,2.1160662083525667e-16,2.6413876628337566e-19,1.659800480523213e-16,1.69501429126432e-16,1.9033868156987513e-16,1.832441537896103e-16,-9.617957718304726e-20,-1.43304313201128e-20,2.055494196200355e-16,1.708065506524031e-19,1.8080309374440242e-16,2.170022921334645e-11,1.852569155787242e-16,3.5144695973622722e-16,2.1700028341435665e-11,1.3032977450687852e-16,1.966431954857732e-19,1.0871533769906926e-14,-5.328915436440736e-20,1.6716154078402616e-16,1.3281412836052914e-16,1.7688582460582035e-19,2.005778961962018e-20,6.222738572479374e-20,2.5172451674272155e-19,-4.798513830911874e-19,9.509087806305937e-20,1.0870936143249617e-14,-6.706690727911685e-20,2.1700065807799133e-11,1.087067425808657e-14,4.081182858798642e-20,2.57208168319529e-16,1.8919289131151027e-19,-1.373951224983066e-19,5.4907037936106e-20,2.1699994871509784e-11,1.0871414778020028e-14,6.698871685466902e-20,1.8862439269814014e-16,1.7484297762091115e-16,1.600589577231157e-16,1.6358410354832773e-19
5.413970082820374e-11,5.24850059871647e-11,-8.066768875593379e-20,2.1754222274833864e-16,2.629369941168121e-14,2.3545483427670017e-16,2.6293398456291156e-14,8.95215103089579e-20,-4.290645886628738e-19,1.0978589965067457e-19,2.8879886205273355e-16,8.168818610349421e-13,2.505020625892589e-16,6.546488600572876e-20,8.26200159917684e-20,3.0786014172077594e-19,1.7057426097397306e-16,-2.8810526687994846e-21,2.267529298949488e-16,1.8521155378754946e-16,2.0567449550042045e-16,2.024246249298162e-16,2.5450735534466916e-16,2.996662773965789e-19,2.539501068501266e-19,-5.219997420014978e-21,3.4447868837859126e-19,2.280541261388009e-16,2.0487194915008248e-16,1.8667475238435486e-16,2.1703652429377115e-16,6.68267218095506e-20,2.1371242392842183e-16,5.248505018217437e-11,6.166311160939395e-20,2.6293772051022978e-14,3.540199239149291e-20,-3.0733760680361346e-19,1.6296809176944117e-19,3.234092928820648e-16,1.75526761468616e-16,2.6274925657198656e-16,6.881765939724886e-20,7.375848218804535e-19,2.6293592419404146e-14,5.248482341485067e-11,-2.933104867569681e-19,2.5339102736589878e-19,1.0811226225998424e-19,-2.4945321146949636e-19,2.0721743531050888e-16,2.6293482238200276e-14,3.3755434095958745e-16,2.6690627885292674e-16,1.2263153959291986e-19,2.3007829639701256e-16,2.2430515423044304e-16,-7.853164057130835e-20,9.901592472831013e-20,3.13050824815633e-16,2.4761552302292466e-19,5.248497149207295e-11,1.7869919891563545e-20,3.5903064973249808e-16,2.629409221594774e-14,1.7430300685132083e-16,2.316805473884513e-16,2.1217025282626046e-20,1.3784570401032434e-19,1.7676962001022113e-16,-5.242640211454334e-20,1.7543806399819746e-16,2.5273675719865497e-16,1.7098115711914516e-16,2.1544906035222009e-16,9.270172769674199e-20,2.362235993472237e-16,1.572757398837082e-19,1.908508541969652e-19,1.473278439699077e-16,1.7217581562180537e-16,5.2485252983228064e-11,1.924989330656123e-19,3.700738091207916e-16,5.2485297300628806e-11,2.510579042734033e-16,1.299807751811304e-19,1.156501663559022e-19,1.719027196856606e-16,-1.7712746918993655e-20,1.3652497743245217e-19,1.8481703709579655e-16,6.333428718585625e-20,1.8316975685898792e-16,2.1504266939512328e-16,9.280821841421766e-21,1.8762613450743356e-16,5.248511334138467e-11,1.8508656022035305e-16,3.458852524867702e-16,5.248491489771655e-11,-4.684229461384463e-20,3.998193082076309e-16,2.6293535882582152e-14,1.83377097552965e-19,1.9166245586694424e-19,1.3251403173808244e-16,3.5245254653910394e-19,2.5812714635734596e-16,2.018856251859122e-16,1.6883033188976567e-16,1.938422158285982e-16,2.9459782901794675e-16,5.248504248660445e-11,4.8748713279112176e-20,5.248494477610967e-11,5.2485115180747735e-11,5.627178718624428e-20,2.0433597481920242e-19,1.888990008375163e-16,7.836079875985348e-20,1.5143989791887017e-16,5.248488230851571e-11,2.6293910323182912e-14,6.921507969409066e-19,-2.2747933844776492e-20,1.8809033514578224e-16,-1.1008320552962275e-20,2.156245916093843e-16
-1.5309198102879664e-11,-1.696040332768779e-11,6.2483371627340214e-21,2.4939580407755766e-19,-8.49673256553289e-15,2.9848149232551827e-19,-8.496825147190513e-15,1.5659784328402717e-16,2.1436320281858671e-16,1.874904850259105e-16,2.2666091687427395e-16,2.505020625892589e-16,8.168950392272945e-13,9.63967386623282e-20,1.8248921375000488e-16,5.186426816752823e-19,1.393894883979927e-16,1.6779032767650563e-16,1.6085385412782047e-19,1.161350337250685e-16,1.5117549147086489e-19,2.4737461762375586e-19,1.9789440089859692e-16,2.1749739861621657e-16,1.3306641542014896e-16,1.0507139256992272e-19,2.2064892638354197e-16,1.7756146741743452e-16,1.7073655434793955e-16,1.309453053211843e-16,1.9421060957803908e-16,2.0577187962735239e-19,1.5094809076218056e-16,-8.496799543228695e-15,2.041047163686165e-16,-8.496639025371868e-15,2.0772118539047262e-16,-4.432068587496375e-19,4.733540849884206e-19,5.0147368770398464e-20,1.4913119978793632e-19,1.8904042948280779e-16,1.8414951907167925e-19,1.4509776337325496e-16,-1.6960343293615277e-11,-8.49707531306197e-15,1.2952754019678067e-19,1.9272618162634947e-16,1.9974808201866754e-16,1.4810606474938404e-16,1.4729771037592677e-16,-1.6960264100687377e-11,2.8073721453139533e-16,2.269478353352887e-19,-8.678052007633642e-20,-8.437011526918625e-20,1.7926717125845175e-16,1.6507301520227534e-16,1.9142622960881021e-16,1.5800009055709403e-19,1.582298719870049e-19,-8.496778290069105e-15,1.426959182018229e-16,5.27178612161396e-19,-8.496577008802024e-15,9.89308689100242e-17,1.7362951844272118e-19,5.468116450921611e-21,1.8195835230514897e-16,2.886822730617672e-20,8.877253034590306e-17,2.30473951703517e-19,3.770630459048712e-19,1.2846489700959375e-16,1.616095839939142e-16,1.7041658475282795e-16,1.933154166390585e-16,1.5844617297524325e-16,2.1789903119278202e-16,9.697291278217171e-17,1.2049171142231375e-16,-8.496681867202503e-15,1.4708954950263015e-16,1.2845321182798487e-19,-8.496546044785406e-15,1.8250218842258257e-16,9.18586255841272e-20,1.4812229880733368e-16,1.306379658429682e-19,1.4179385686634825e-16,-7.160391351435216e-20,1.1171041958939678e-16,2.7491401753631084e-20,1.5950087733366618e-16,2.6216090534157434e-19,1.7800971944935998e-16,1.3980777643867194e-16,-1.6960321634922806e-11,1.2051767885796913e-16,7.55202713341672e-20,-1.6960508198225764e-11,1.4247486372140272e-19,2.309378102067981e-19,-8.496806474922917e-15,1.2712670594738983e-16,1.7359959304608457e-16,-3.9154948604928345e-19,-3.9739689318683083e-20,1.9914723717636996e-16,1.5544345354003933e-16,1.5005050976528482e-16,1.793543550323117e-19,1.706775396719925e-19,-1.696039134993438e-11,9.767631549912346e-17,-1.696047733245092e-11,-1.696031348952222e-11,-2.28634034019567e-19,1.6088481939326652e-19,-1.8073735716290894e-20,2.0184049370832776e-16,1.0477348341019483e-16,-1.6960514038369e-11,-1.696035588339614e-11,1.5067970207733224e-16,1.2679682920892878e-19,1.5929745121971414e-16,-1.5422712257961998e-19,1.7055183023432699e-16
