1.0000000000000002,2.3160924099878964e-12,1.4329471579491211e-11,1.6600669941785515e-11,1.2588994830388101e-12,-7.495046124711387e-12,-3.1162479408347336e-12,-1.1912662006585112e-12,0.999999999995416,1.0044890253680132e-11,4.592662250331081e-14,-1.1674674177193437e-11,1.0415947140387545e-11,1.4882586914769313e-12,5.9606401289734445e-12,2.276266744755324e-12,-2.127816773604546e-11,-9.317233713209616e-12,1.1918007701134334e-11,-2.382606533519911e-12,-7.219782955905876e-13,2.8266667658732294e-11,1.0000000000040739,2.151247779942213e-12,-1.5748523756802232e-12,1.4900242257885165e-12,1.0506397752122315e-11,-1.4268753226703586e-11,-3.8271711678306933e-11,-4.090674768101706e-12,1.5750001299793503e-12,1.0000000000022353,1.030530936646665e-11,-7.399312592203833e-12,0.9999999999960041,2.811862325760514e-12,1.0544170505672207e-11,1.0849688828150814e-12,-2.8838637348844565e-11,-3.726188424916714e-12,2.0151258902971694e-11,-1.629947090556683e-12,-8.073419844429055e-13,1.546957357727651e-12,1.0730662282984516e-11,1.000000000001796,1.2050022337390161e-11,4.995412621878144e-11,-1.1228138866646733e-11,3.052323949344337e-12,1.6140246223052456e-12,4.60659034381962e-12,-6.493901488899674e-12,-2.1897188138291663e-11,0.999999999985678,0.9999999999901067,-4.65273780192048e-12,1.5160225307180412e-11,-4.764997039640822e-11,6.269702355814705e-12,-4.840303554528269e-12,3.391027624977925e-12,5.6459434382270225e-11,-5.238656259318098e-13,-9.616526411792959e-13,6.499573546645006e-12,1.1787686922871668e-11,1.0000000000081921,3.168162834460201e-12,-5.407613503869838e-12,2.7413730969236837e-11,-8.919604438143678e-13,-3.5891448527621146e-12,9.795388888875582e-13,8.234201532987543e-12,-4.301097213728558e-12,3.3596317483341745e-13,1.3519727880072903e-12,2.58028561641204e-13,-7.092761540220714e-12,0.9999999999769917,0.9999999999931061,-1.5836376834986376e-11,1.826644138494763e-12,2.3729459485245754e-13,1.0000000000073268,3.366124544779738e-12,0.999999999987788,2.4881868780285234e-12,5.475077162566223e-12,1.0000000000115277,5.712507600103066e-13,-3.784188511156471e-12,1.6445510487964493e-12,-5.702168822319802e-12,-7.486231636734609e-12,1.000000000013037,0.9999999999775141,-6.488318876553016e-12,-1.1834086811631755e-12,-2.613560897104101e-12,9.345076172124096e-12,-8.130950182171685e-12,1.1253694964369858e-11,-7.407642997197688e-12,1.971770395370929e-12,1.0000000000094689,4.686824724668891e-12,1.0747327905561432e-12,-1.0686000756303356e-11,0.9999999999880341,-8.466801746277426e-14,-1.962579959064533e-12,1.009448039041079e-12,5.709005830039681e-12,6.08823914546409e-12,1.0000000000005569,2.946157624388451e-11,4.81188311876063e-12,-3.0235139108782344e-11,-1.6253379154784407e-12,5.677889806205643e-12,5.396943693264071e-12,1.000000000008027,7.1478566290858815e-12,-8.656782254879512e-13,1.0000000000080023,3.690317829119391e-12,-5.263176163660709e-12
2.3160924099878964e-12,1.2996287581020565e-12,6.719709366396881e-16,5.086211925090504e-16,2.803971642068074e-16,6.268143966491567e-16,6.166075417721625e-16,4.353543146323969e-16,1.1738045575500352e-12,1.6131351330009462e-16,2.4884460875904165e-16,4.783870865921009e-16,6.542343990607889e-16,4.016987868878931e-16,2.6785460607520027e-16,6.159652913412127e-16,5.690635365692958e-16,5.89479633265848e-16,5.7503901090341e-16,3.9110238124896196e-16,4.877408856179924e-16,4.785519676268788e-16,1.1744751502403455e-12,6.481484575384493e-16,3.5399257007308287e-16,1.9027647371242988e-16,1.9815995579525088e-16,8.149096140584297e-16,4.075388339094043e-16,6.577900288458706e-16,1.7303890903797766e-16,1.1745305994363352e-12,2.511446141616547e-16,4.2927250141463726e-16,1.1742264480256626e-12,6.031523968600726e-16,4.4264903396206334e-16,1.413617894042163e-16,5.213287228952567e-16,5.935747010070246e-16,5.586490761129049e-16,5.715310647315761e-16,2.3459894298893653e-16,5.163290357829594e-16,4.01914059597534e-16,1.1737290463605593e-12,4.0947770275760984e-16,3.645437718727572e-16,5.275485626728885e-16,4.615250537065662e-16,3.0113873124010604e-16,3.1158202346250246e-16,5.788941331984222e-16,6.468162778027223e-16,1.1739972917873374e-12,1.174230894894221e-12,1.198734233266108e-16,3.059017296864371e-16,7.645534122035666e-16,5.619747194494372e-16,6.994714866347021e-16,4.186483948091938e-16,1.6379700269268336e-19,-6.334840795056519e-19,4.368441341335837e-19,6.010857201360081e-19,8.386123151506331e-20,5.880475832699292e-16,2.9350842214775393e-19,2.918644347372593e-19,2.647551013464456e-19,2.3408635579808217e-19,7.165185001912037e-20,2.0286204915398404e-19,2.771573838532039e-19,-1.2688912035788875e-19,8.017640261439533e-20,1.678211391033052e-19,-5.864748809292681e-19,4.826377599130859e-19,5.88007684234833e-16,5.880795821001183e-16,1.482357695845024e-19,-4.536739499648708e-19,3.526932357273804e-19,5.880804957483346e-16,3.89825508851251e-19,5.878426043110814e-16,-3.1470550574032107e-19,2.279977708392204e-19,5.885055765484564e-16,-3.412615599943539e-19,4.658779468709595e-19,-2.2529416055633833e-20,1.1625132803446286e-19,3.911450681570617e-19,5.881038703981734e-16,5.884624552396316e-16,5.307836452993564e-19,1.8445973362498975e-19,2.634655702115308e-19,2.8062507036388774e-19,1.915053793680134e-19,3.3917994921979867e-19,1.70557012440861e-19,1.4767292214996111e-19,5.881821581238578e-16,1.7691810480201052e-19,1.5235737875515236e-19,-7.299622383726687e-20,5.880079445942154e-16,-3.817767809088908e-20,2.2214584465846064e-19,3.2374048400745265e-19,3.6767883162591158e-19,3.241594153765082e-19,5.885164736703876e-16,6.94393900100006e-20,2.4998490846356178e-19,2.289130915789433e-19,3.3323445642194626e-19,-1.0488456239302444e-19,1.4595741303192688e-19,5.882039405713665e-16,2.2470866466476296e-19,6.498991276346318e-20,5.879230406046995e-16,1.2536560764527314e-19,2.7341187750965587e-19
1.4329471579491211e-11,6.719709366396881e-16,1.3001419228100018e-12,3.865106056855925e-19,-3.1384895309416484e-20,4.0203168679607653e-16,4.209300578493843e-16,4.397802857788541e-16,1.3188584092343628e-11,6.113607057435902e-16,1.6172813621915282e-19,6.616852216893377e-16,9.147539037082392e-20,6.451629022565597e-19,2.511324079997144e-19,4.948439063041935e-16,4.796636868197832e-16,3.262344532448493e-19,3.2321068432910707e-19,4.948274755251458e-16,3.1144952681603734e-19,4.916378794509777e-16,6.607592840675008e-15,3.0329150845096755e-16,4.007351631440772e-16,6.184717710975273e-16,5.214008896917721e-16,2.1447744648943104e-19,8.05587662326392e-16,7.606404113303166e-16,5.411358266218264e-16,1.3188693148630137e-11,2.4274321552596405e-19,5.090660764622108e-16,6.607232056718253e-15,2.8492245044487407e-19,4.564352636221037e-16,1.6307052031279408e-19,2.8230087081128085e-19,4.371092346162759e-16,2.029682314434493e-19,3.9895844494382725e-16,1.4694656470339124e-19,-6.461972722331966e-19,3.81831985988538e-16,6.606763832664129e-15,6.226011785857404e-20,8.070123324886113e-16,2.302561412079288e-19,3.0971596684745137e-16,5.696308100818523e-16,-2.168609300882004e-19,6.033189275932901e-16,1.6657334405033658e-19,6.6070118500742165e-15,1.3189008390846673e-11,4.3142794613783183e-16,2.8223410665170753e-19,4.242533883716985e-19,5.336767633977727e-16,3.3477877494308636e-16,4.571594884255045e-19,7.804302760393869e-16,3.6087478819829416e-16,3.4091686224328726e-16,3.1876586681954377e-16,7.253874251013104e-16,1.3188538202750377e-11,3.7823393857810713e-16,4.768244342796883e-16,5.596069028134946e-16,3.2501894557628005e-16,5.95918870022076e-16,2.64126582936094e-16,5.347167412264737e-16,6.219417962304182e-16,5.582347092529849e-16,4.590335581274175e-16,3.056845216939562e-16,4.192479340724702e-16,6.6071405900997564e-15,1.318868244588777e-11,5.764706210905282e-16,3.7401730247955253e-16,4.661325869810404e-16,1.3188574443544611e-11,1.9000452558139902e-16,1.3188327809253039e-11,2.14864269236744e-16,5.273073824383694e-16,1.3188859412542723e-11,4.884270008974496e-16,3.708845579708074e-16,3.8459350525575754e-16,3.986241734937015e-16,4.695620095528742e-16,1.318841839351482e-11,1.318873272861282e-11,4.5250144228611e-16,2.4525277664018513e-19,1.3179337876074713e-19,-2.8791911135747666e-19,-1.8414299438108508e-19,2.2510848008234615e-19,2.46085206850087e-19,1.0163774775003818e-18,6.6075597760232895e-15,3.9402110883205565e-19,6.292598044012774e-20,-3.74524928848866e-19,6.607068465214627e-15,2.986215693370535e-19,4.738281601440045e-19,2.765614070469616e-19,2.529618280026104e-19,-6.59902065687661e-20,6.607312227650289e-15,9.804706395256218e-20,9.436358371294306e-19,2.1749102995874115e-19,2.896772128367791e-19,1.2407064202089473e-19,3.146512280313454e-20,6.60717393523174e-15,1.9403630949668607e-19,2.1200592643797089e-19,6.6070036762575086e-15,2.2471693057108315e-19,4.936308665527125e-21
1.6600669941785515e-11,5.086211925090504e-16,3.865106056855925e-19,1.3002503545816452e-12,2.327232068109338e-19,-1.2976311526131028e-19,5.452471125636488e-16,6.676937499122708e-20,1.5467358703109394e-11,4.821903867239303e-16,3.6853665958981637e-16,6.140015274692364e-16,5.76263568084494e-16,6.658908782862718e-16,4.911677052156502e-16,3.5519853320594435e-19,5.159410885091816e-16,5.364950164679313e-16,5.937495765272056e-16,1.2537630180604497e-19,-2.259392503682768e-19,4.936837703166746e-16,7.74865157714944e-15,4.923201400851467e-16,4.2752987691952236e-16,1.8257011487846913e-19,5.227988177022287e-19,2.8716799833535368e-19,4.343247831643007e-19,7.16850262913385e-16,3.3362477775464735e-19,7.748969257844199e-15,4.791476650827104e-16,8.052221201575835e-20,7.74873444230487e-15,5.71236656324466e-16,4.796093351664429e-16,5.997183182673274e-19,2.1767136797450027e-19,5.223738893787049e-16,4.9916216135112015e-16,4.733834588697748e-16,-2.8388690710428646e-20,1.8469090018924616e-19,7.53655924495823e-20,1.5467393825383556e-11,2.871372043404565e-19,6.377175163070875e-16,5.831531470497702e-16,4.3658829314833576e-16,5.903231854193776e-16,5.958462749466397e-19,6.545720943654249e-16,5.695206190226698e-19,1.5467465438605243e-11,1.546783298731738e-11,2.0783078282480964e-19,2.908566648114956e-19,7.408117588483608e-16,6.718903417229971e-16,-7.003292706135393e-20,3.4404132809441694e-19,3.4945492447455637e-19,4.537605315259843e-16,7.0828028115316575e-19,4.282855314230829e-16,3.6426112681024965e-19,1.5467414518483166e-11,4.523142752232802e-16,2.6723058536654135e-19,5.217912773666997e-16,5.02846424793368e-16,4.485545620694797e-16,4.2451314776946374e-16,3.7058671081885164e-19,5.066259095396324e-16,3.9803665565758293e-19,4.967672349411183e-16,4.4165320167512203e-16,2.691699157521384e-19,7.748483549116992e-15,1.5467561923361995e-11,5.853198419600955e-16,4.139925248618441e-16,5.003703618149384e-16,1.546745975084309e-11,4.004304058478926e-16,7.74861283879422e-15,3.962095817395292e-16,5.259050421559939e-16,7.749244237400603e-15,1.8242630648750428e-19,8.251968418856497e-20,4.656564586859267e-16,1.319453387449049e-19,5.301611070251345e-16,7.748751213802025e-15,1.5467623555334804e-11,9.218850748290015e-20,4.745160693055416e-16,5.206062114587147e-16,4.528023537740283e-16,4.056380818893311e-16,4.1015081120002884e-16,5.8537213840767055e-16,3.701794780944605e-16,1.546800481595732e-11,4.3522099425409653e-16,3.9444653607277945e-16,4.711722966852525e-16,1.5467391320388686e-11,4.938195001450224e-16,5.751658276263864e-19,3.1049999950700363e-19,-2.748946202681298e-19,1.5025069295615316e-19,7.74898836184153e-15,3.112596674269243e-19,-4.844767916670402e-19,2.1725361648882273e-19,4.1391529053249177e-19,4.0542636643947723e-19,8.559563585020815e-19,7.74867312443393e-15,2.499911327899488e-19,1.7913822471751521e-19,7.748888298910376e-15,4.350999134491255e-19,3.141704666821213e-19
1.2588994830388101e-12,2.803971642068074e-16,-3.1384895309416484e-20,2.327232068109338e-19,1.3000168427805998e-12,2.0571909512996428e-19,4.668083030061144e-16,3.8328206069378987e-16,5.602271060503356e-17,3.2036671696921515e-16,2.9984301033404902e-16,4.925642488214298e-16,-2.751410472916641e-19,1.587181104176377e-19,1.3970973968615013e-19,3.4203321074634716e-19,4.613484895423463e-16,4.640124726135342e-16,4.991296703086005e-16,3.8177654467027817e-16,2.879946573533772e-19,4.1519104735628853e-16,5.651825535023898e-17,4.339578776774921e-16,3.3056331578741427e-16,1.233209828149986e-19,3.02540704655827e-16,1.790491754293109e-19,5.332362810173255e-16,3.20044995017064e-19,2.948756585167698e-16,1.1279988277346905e-13,3.494252890250603e-16,3.0563550175275917e-19,5.605843226954717e-17,2.9846675970014944e-19,-1.5978232948168102e-19,1.987032190806541e-20,2.9393411657825226e-19,4.620385047687334e-16,3.6703506653779194e-19,-5.508279760096554e-20,2.949993179635616e-16,3.637625454774305e-16,3.512289832341269e-19,5.617956697625377e-17,1.74394330452616e-19,4.065840690406669e-19,2.641429665543186e-19,2.9487695943167603e-19,3.8704898780689754e-16,2.178157855203418e-19,2.0349664812138975e-19,5.514580873870182e-16,1.1245753908744575e-13,1.1277945681584701e-13,-6.025536049196124e-20,3.752572425055077e-16,6.455240727535928e-16,3.156613886852894e-19,2.7212360756146813e-19,3.7461988113485144e-16,5.364228117729045e-16,3.9104400877727803e-16,3.4712835563642934e-20,3.9685142543408054e-16,-2.9384216952024175e-19,5.670320288518108e-17,9.542182368890258e-20,4.63927831346399e-16,1.0389683588219986e-19,4.224418247486059e-16,3.5732234301761363e-16,3.624134925408779e-16,1.0919913385221087e-19,3.477240480468227e-16,4.0795594674885086e-19,1.885356524798275e-19,1.4571105928510221e-19,4.520237953406335e-16,5.596975254319415e-17,1.1257996767214708e-13,4.489449921413299e-16,1.0568280087020745e-19,1.5667705253067207e-19,5.631592723288253e-17,3.7033789949676137e-16,1.1243363558428239e-13,4.052227421079111e-19,4.176626439316154e-16,1.1287413004885151e-13,2.331534897060905e-16,2.3621680639856276e-19,1.4413926178180726e-19,2.926799630401308e-16,-1.6859284756200883e-19,5.624928555914594e-17,5.632719258150494e-17,2.2169774290464398e-16,-4.142156283049884e-21,4.127215539078409e-16,4.0291792383786966e-16,-2.266725009211147e-19,3.0300499486786877e-20,2.839707205882346e-19,3.3874814499344187e-19,5.647035124855284e-17,2.4251755398844063e-19,1.2122272449854551e-19,2.9137642544467843e-19,5.650187430120556e-17,1.3829928075766929e-19,3.722648792401829e-16,4.404865790937895e-16,3.608031265657451e-16,4.1175005378396463e-16,1.1289168324867841e-13,4.714347691232826e-16,3.472888659511479e-16,4.768567783602815e-16,3.411207960867532e-16,1.7352173727146345e-19,3.8756859701556183e-19,5.62701455105101e-17,5.092105920638859e-19,9.086813450981163e-20,5.640378931166009e-17,3.1637606774801276e-20,1.9946228622037127e-19
-7.495046124711387e-12,6.268143966491567e-16,4.0203168679607653e-16,-1.2976311526131028e-19,2.0571909512996428e-19,1.2999647415919698e-12,3.5473009914466083e-16,4.156287280239705e-16,-8.629281412026312e-12,5.960836146339653e-16,3.876613947269171e-19,6.465710615779005e-16,4.349067019810724e-16,5.977673278137764e-16,6.120216238984453e-16,4.555938313358704e-16,2.2381360297449384e-19,4.543530146843388e-16,5.34390892853948e-16,4.677657093695859e-16,-5.30837494153104e-20,-5.853856227556249e-20,-4.323138134482409e-15,1.3447935797693662e-19,3.6759330684161907e-16,2.6982070729707895e-19,5.088897034452248e-16,1.0866905435995269e-19,7.346607510818921e-16,5.534243482343404e-19,-7.925783146323852e-20,-4.3230768163026435e-15,5.512399136221825e-16,4.629803451782537e-16,-8.629326468487694e-12,3.959678481110407e-16,-1.1530895447953456e-19,5.054334166182102e-16,4.2201736268604607e-16,1.0099506295227844e-19,4.535608450521204e-16,-3.378036188619594e-19,1.6836007911156122e-19,2.4795792448257555e-16,3.7761250509677117e-16,-4.323047285068992e-15,-1.7562652509795367e-19,3.960667723094247e-19,1.990770413761e-19,4.328559284186751e-20,-3.0496187685836836e-19,5.273190095698177e-16,5.433575553993798e-16,5.672519217897336e-16,-8.629445036665283e-12,-4.322994259081716e-15,2.1481661310051304e-19,5.118727232784163e-16,3.519193812247526e-19,-1.3631949190508965e-19,2.7165033487477743e-16,4.2708941371438334e-16,6.126696642550962e-19,3.555822010696861e-19,3.191194221167142e-16,1.0447222136998715e-19,3.789722710606723e-19,-8.629376119722397e-12,9.017937912335489e-20,3.979724736539929e-16,3.228838428935443e-19,2.438582700796831e-16,6.188226567052245e-16,1.3565458377332656e-19,4.487758830349281e-16,5.94404976176851e-16,1.4006035174439057e-19,1.3709027585472333e-19,2.554341916198446e-16,2.071583959812508e-19,-4.323422461730279e-15,-8.629224481688003e-12,1.980486878288669e-19,3.6661932427051967e-16,4.814941881931095e-16,-4.323172133280696e-15,1.3048705711530344e-16,-8.629562122480507e-12,1.6121223564132957e-16,2.1937338111759356e-19,-4.3233172349682585e-15,4.901937078223113e-16,5.449535673980567e-20,1.5457741037321093e-19,2.3099311429351696e-19,3.364737814863247e-19,-8.629473129495231e-12,-8.629169259222696e-12,-1.8137004365412514e-19,3.9008707294651675e-16,3.3670859035231377e-16,2.8562493379593305e-16,3.7581323857913667e-16,2.341054684394345e-16,1.9499188566339242e-19,4.86688927537024e-16,-8.629002849211199e-12,3.285950472936346e-16,2.4819538712423386e-16,2.889502989328108e-19,-4.323791656138952e-15,5.43738896568501e-16,4.587766015180934e-16,5.212984076115703e-16,3.453156017827625e-19,9.816174259295987e-20,-4.322952140044971e-15,5.001259211469799e-16,3.7576967596294226e-19,1.2777646659315042e-19,2.563768914035745e-19,3.468451426967844e-16,3.392344473798357e-16,-8.629250848733653e-12,1.274742833271009e-19,2.77171682736503e-19,-4.322958361713428e-15,2.543749282281245e-19,2.241989035541172e-19
-3.1162479408347336e-12,6.166075417721625e-16,4.209300578493843e-16,5.452471125636488e-16,4.668083030061144e-16,3.5473009914466083e-16,1.3000021353668946e-12,7.98951869456787e-20,-4.258022450141182e-12,-1.2691266542637644e-19,4.140799975234646e-16,1.9754183240866713e-19,4.1857229209486564e-16,2.0728381594750784e-19,5.378094139120986e-16,4.328493028186599e-16,3.2391814538596367e-19,-1.0183065708701183e-19,2.927970035566248e-19,8.130741071496313e-19,4.3771565693285677e-16,4.3026309737230804e-20,-2.133541562635298e-15,2.3114955478962666e-19,3.408750978906575e-19,1.6536878402395824e-19,4.645270451375926e-16,4.713554431490656e-16,6.357646081968012e-19,3.018724236656996e-19,-1.3496540895807474e-19,-4.257919630434535e-12,5.155192630303091e-16,2.656175695996365e-19,-2.1331146281805527e-15,2.163507197311454e-19,4.070612541279289e-16,1.6416451516898832e-19,3.579988937451002e-16,-2.0184282271902476e-20,2.504128839443865e-19,2.4379322499862365e-19,8.662550371686884e-20,2.5348128014279067e-16,1.8252113676150937e-19,-4.257947949955903e-12,4.248482147869571e-16,7.020270916674309e-16,1.061346469664157e-19,2.762940386548139e-16,5.282833707869388e-16,5.119381834986666e-16,3.823253194803997e-19,5.377035541020115e-16,-4.258100694631799e-12,-4.257629642471412e-12,3.8785079451849876e-16,4.468690570874274e-19,6.248387874782408e-16,4.83380394292027e-16,2.9301690329993236e-16,1.1101365983480513e-19,2.945162420203023e-19,3.142398795306377e-16,2.9251019995850903e-16,1.3870155504508135e-19,6.446170976804622e-16,-2.1330787669620522e-15,1.7753165776080708e-19,4.308338139824829e-16,1.5285058412585362e-19,3.876457193878411e-19,3.3101842993366327e-19,1.1269835108694787e-19,4.885434721951346e-16,1.7909734073556753e-19,1.1188975445018573e-19,2.265774835056386e-19,2.644089062668264e-16,3.774210076416831e-16,-2.1333378205253124e-15,-4.257928887697312e-12,5.146579031448934e-16,3.214731613204034e-16,3.9121302497165445e-16,-2.1334920557437108e-15,3.0832422530822797e-19,-4.258255947800032e-12,2.9492580146925996e-19,1.356572028418404e-20,-4.257765912325733e-12,4.281852998877763e-16,3.1887090268096516e-16,3.4934181532861223e-16,-1.097523310466624e-19,1.208301959119136e-19,-2.133255213988522e-15,-2.132997780159247e-15,3.957188562668739e-16,1.1771000519560953e-19,4.7476660401861355e-20,1.4564641348701993e-19,2.427716109335138e-19,1.6845250892524726e-19,4.539430474330827e-16,1.5056615399722046e-19,-2.1330663522438798e-15,3.516437853042972e-16,1.6563973571014127e-19,4.975517739775905e-16,-2.1332735740178427e-15,-4.280503913075487e-21,4.748283720647283e-19,3.527354725533398e-19,4.681722080922506e-16,2.726104532064747e-16,-4.257650735527821e-12,4.476336208796152e-16,4.719650325670389e-16,3.4227870142449174e-16,3.446960418605283e-19,1.4802810064529545e-19,3.339870080507126e-16,-2.1332071584885775e-15,3.0716826814048656e-16,4.060184532993946e-16,-2.132405842369797e-15,-3.6453388444220636e-20,2.5636768603229903e-19
-1.1912662006585112e-12,4.353543146323969e-16,4.397802857788541e-16,6.676937499122708e-20,3.8328206069378987e-16,4.156287280239705e-16,7.98951869456787e-20,1.3001395241831958e-12,-2.3299920286362745e-12,2.8334487715619583e-19,4.08705107040949e-16,-2.340770426950665e-19,1.6490710669224158e-20,5.608321551058138e-16,1.4674457784669198e-19,5.018288954250322e-16,4.277968678465506e-16,2.978592963762011e-19,5.09161054149199e-16,3.8859556619485345e-16,3.7982472513728035e-16,4.720845303483624e-19,-1.1668092263378847e-15,-2.7277024917113394e-20,1.7741511695731867e-19,5.441988898803201e-19,4.156276710074079e-16,3.1482361619127154e-19,7.37535458137742e-16,4.273671027405206e-19,1.154906539558789e-19,-1.167066269678079e-15,1.4120808531804777e-19,4.256515404564284e-16,-1.167129937724745e-15,4.3919629154252283e-16,4.016016667513526e-16,-2.9466560417557505e-20,4.543837620039419e-16,3.654621049435277e-16,5.057961416254075e-16,-3.6834807126036715e-20,3.7029015395951906e-16,3.1896311434961356e-16,3.819456203569007e-16,-1.1673210703294346e-15,4.445993002145755e-16,7.225667605822573e-16,4.848867969585414e-16,2.8826951705435816e-16,3.9753956884322e-16,1.2418649656858333e-19,5.152344940299312e-16,2.069277240246865e-19,-2.3300261922598636e-12,-2.3296342548425904e-12,3.3856044080779627e-16,4.0992781983277464e-16,6.578368877855499e-16,-4.070544517792875e-21,7.216792269665834e-19,5.177595287115985e-19,6.464650886953789e-16,2.2869287324242936e-19,1.2066889440124105e-19,2.1972996356988736e-19,3.0988747376445134e-19,-1.1673472983754938e-15,3.377302192845031e-16,7.030699795136592e-19,5.102709746723996e-16,1.6370434903162865e-19,4.6220349314095615e-16,2.8558493760902407e-16,3.6076392722205633e-19,1.9900329328952996e-19,4.68737867112668e-16,3.918646514939386e-16,3.189842898592493e-16,3.6908763648424153e-16,-2.3302300674980473e-12,-2.329883080826795e-12,1.0600007197117243e-19,3.7190589229747536e-19,4.1835230294489985e-19,-1.167204041295178e-15,2.5812683563486327e-16,-2.330129895395287e-12,2.6052598494751294e-16,5.071710992374068e-20,-1.1671505956722317e-15,2.7596952166166616e-19,3.5896884972035734e-16,4.0936504951160454e-20,4.132042509121485e-19,4.118199574805466e-16,-1.1672399296489096e-15,-1.1673826500548325e-15,1.5125458537589344e-19,3.6729973125298443e-16,1.978633812141693e-19,1.8914700462549715e-19,2.1536534021125647e-19,3.443639334502977e-16,4.57872947153732e-16,3.8808763066861064e-16,-2.3295492399360827e-12,1.6625426362028654e-19,1.8127096324087204e-19,4.615833289580126e-16,-2.3299726994287098e-12,2.832179881397234e-19,3.905098777898796e-19,5.090785528824276e-16,1.5824567829652804e-19,6.209132885435959e-19,-2.329571500261745e-12,5.538373958096863e-16,3.8313775939563385e-16,4.740700505909845e-16,4.446151340772369e-16,3.523187244985579e-16,2.415982524002359e-19,-1.1671105822556271e-15,3.420328911661576e-16,3.724567757629423e-19,-2.3297372526315796e-12,4.0424841932151346e-16,1.239952579608667e-18
0.999999999995416,1.1738045575500352e-12,1.3188584092343628e-11,1.5467358703109394e-11,5.602271060503356e-17,-8.629281412026312e-12,-4.258022450141182e-12,-2.3299920286362745e-12,0.9999999999920545,8.907019217729028e-12,-5.522672666307865e-16,-1.2804773057341139e-11,9.285367604889685e-12,3.589135305319348e-13,2.415453387512208e-15,5.75001463223649e-16,-2.2411517452160517e-11,-1.0446801937086676e-11,1.078800958473444e-11,-1.76786711803277e-15,-1.8648756779509914e-12,2.7130406990321858e-11,0.9999999999994444,5.043701849722898e-16,-1.362852477465081e-15,1.7782294305078671e-16,9.3647401542774e-12,-7.712526238465893e-15,-3.937768341719749e-11,-5.2042499033934225e-12,2.1911122518262288e-16,0.9999999999975963,4.591433974422967e-15,-8.537400088471079e-12,0.9999999999913582,1.6735343704243143e-12,9.401850365214263e-12,-2.7292115483776032e-17,-1.500969841209605e-14,-2.4384761599898182e-15,1.9018423560283896e-11,-2.773361371936972e-12,-1.948495692489633e-12,2.0097049123080507e-16,4.8048016161513346e-15,0.9999999999971502,1.0912064197399669e-11,4.8839829980567526e-11,-1.235871139057775e-11,9.56396198752433e-16,4.756048426159564e-13,3.463038343351331e-12,-7.615612695145848e-12,-1.1532051996479557e-14,0.9999999999810222,0.9999999999854681,-2.9066848968993953e-15,7.025845409039763e-15,-4.876631807360694e-11,2.5739939662918902e-15,-2.997750688938744e-15,2.245728703653814e-12,2.772403832584955e-14,-8.357495097277803e-16,-2.105109221942047e-12,2.6849976771770246e-15,5.337213746365642e-15,1.0000000000035318,2.0232968018002163e-12,-3.2801136794866212e-15,1.3166524399935768e-14,-1.018186873779631e-15,-4.732695685739811e-12,-1.693476982460608e-13,3.556340111840635e-15,-5.4395465304307455e-12,-8.037154331519837e-13,1.0751258728659494e-16,-4.4180005147141846e-16,-4.124770514488306e-15,0.9999999999723341,0.9999999999884555,-1.6970391477198e-11,3.4101455019490787e-16,-8.977496797015273e-13,1.000000000002674,1.1108467420602166e-15,0.9999999999831358,1.3410836705565514e-12,2.1700004201099054e-15,1.0000000000068863,-2.8739818169266513e-16,-2.470495259637915e-15,4.999210301490034e-13,-3.4303534647732108e-15,-4.3171533034521584e-15,1.0000000000083873,0.999999999972879,-3.82060514032916e-15,-1.164994320442945e-15,-3.755797992544149e-12,4.1106533323757564e-15,-9.276237828361054e-12,5.067218028902339e-15,-4.27753208774473e-15,8.259566768355041e-13,1.0000000000048288,1.7745633145186276e-15,-7.492259587300807e-14,-5.92355804036116e-15,0.9999999999833833,-6.115565692795989e-16,-1.555522309667937e-15,-1.2304823537597392e-13,2.289028023069692e-15,2.479707664103419e-15,0.9999999999959178,2.8338546132099658e-11,1.8385762327065793e-15,-1.5712794053284148e-14,-2.7663360396637044e-12,2.274203088937081e-15,4.251137813731656e-12,1.0000000000033802,6.003048021779622e-12,-1.0059383984441575e-15,1.0000000000033629,1.275474640518922e-15,-3.2099864828505534e-15
1.0044890253680132e-11,1.6131351330009462e-16,6.113607057435902e-16,4.821903867239303e-16,3.2036671696921515e-16,5.960836146339653e-16,-1.2691266542637644e-19,2.8334487715619583e-19,8.907019217729028e-12,1.299898758005092e-12,2.4748384803555444e-16,4.775896575027187e-16,3.38237805554145e-19,1.2244616186578303e-19,2.567040329801491e-19,5.84950419777753e-16,4.091375725013592e-20,5.290162219804515e-16,5.318257653278543e-16,2.639294256909059e-19,4.719360090589957e-16,4.537059891704142e-16,4.462526812035794e-15,5.65167777253721e-16,4.9148323589458316e-21,2.47720840837809e-16,2.5769283983041466e-16,3.808396408433057e-19,2.6211461421090094e-19,2.732512485687019e-19,2.257390221712837e-16,4.462578185392714e-15,3.055787893337991e-19,4.293512523261755e-16,4.462495664283312e-15,1.9289671706624367e-19,4.1760827573332664e-16,1.915031218394509e-16,2.3584590537442897e-19,1.2844147425228925e-18,3.6216753880637405e-20,4.857751157491914e-16,3.0027700609684726e-16,4.681624457642282e-16,3.7821027248436274e-16,8.90697700600198e-12,3.8617966471546034e-19,4.2174794345448095e-16,5.330820743329812e-19,4.385833209907919e-16,3.8258450886794927e-16,7.57308768966243e-20,5.612476840307056e-16,6.353814452147528e-16,8.907222192243509e-12,8.907434735807775e-12,2.0698198519504815e-16,5.2264676886417134e-20,6.868101756715402e-16,6.026160683289974e-16,6.100123906068249e-16,3.8975504877475653e-16,3.734105287028806e-19,5.212573180194889e-19,7.570507270633768e-19,4.938636325860756e-16,9.225057323227122e-20,8.907117707381304e-12,3.59550020080849e-19,1.5016640037517087e-19,1.2410239220786168e-20,3.033756847700662e-19,2.641744565048802e-16,3.523398124969989e-20,5.691774688263699e-16,2.6366590871845656e-16,1.973943809441254e-19,4.2001360984557435e-16,4.4637895737024e-19,5.229780175370523e-16,4.4621259797696594e-15,4.461909676672481e-15,4.652360386673945e-16,4.205667963989459e-16,5.277950231278754e-16,4.462399747362101e-15,-6.820357166170527e-21,4.462487876240476e-15,5.072864831254675e-16,1.6074223518250904e-20,8.907662069314432e-12,1.7137564431049877e-16,2.7244684194264267e-19,3.832623211038315e-16,3.210589970312848e-16,1.7807451982288176e-19,4.462233073550884e-15,8.907366389801587e-12,1.5904600735779956e-16,4.064284122838962e-16,2.2507808991394773e-19,5.111175952675734e-16,3.4011912729422273e-16,4.624367697694259e-16,3.1705443492526415e-19,2.3671501534801125e-16,4.463034391922082e-15,3.4599606779889483e-16,1.4437366061223733e-19,1.9458545133963002e-19,8.90703255517059e-12,7.557857478297508e-20,3.510627228206761e-19,4.762501007602201e-16,1.939370971599823e-19,5.252140654334876e-16,4.46217754492038e-15,3.063780775897298e-19,9.161915467630213e-20,5.792901409207381e-16,3.2110436506945298e-16,1.9315035605934744e-19,3.0799188354485057e-16,8.907177606041156e-12,8.590920232764201e-20,2.2630751573391424e-19,4.462338582324908e-15,1.250591464279795e-19,4.655933350869497e-16
4.592662250331081e-14,2.4884460875904165e-16,1.6172813621915282e-19,3.6853665958981637e-16,2.9984301033404902e-16,3.876613947269171e-19,4.140799975234646e-16,4.08705107040949e-16,-5.522672666307865e-16,2.4748384803555444e-16,1.2998857433235627e-12,3.781085237521448e-16,4.319485273568354e-16,4.968988249292651e-16,-2.1081702499230613e-20,1.9892665423810686e-19,2.562142502075985e-19,3.884894112182351e-16,3.9882965785982586e-16,2.689204569173495e-16,3.0687757464040664e-19,1.545656815849865e-19,-1.1022475871348271e-12,7.108823634268168e-19,-2.299689774094504e-19,2.2566209504715847e-16,2.5437719975405823e-16,6.523459057810627e-16,6.627960598912127e-16,2.0687472669741653e-19,2.599327674614538e-19,-1.102212743316198e-12,2.502432774739719e-16,3.4770683552024594e-19,-5.52409643901037e-16,4.614176957495731e-16,3.219061374867854e-16,8.439760908162728e-20,3.4601223426454347e-16,-2.1098053458799994e-19,1.6361657607990118e-19,-1.2327493173192466e-19,3.3995466159737555e-19,2.9863380997151196e-19,2.920907209848497e-16,-5.524388567939561e-16,3.549631852303659e-19,3.6680980947743233e-16,2.2422435743790833e-19,3.749621579002559e-16,-1.2030961553761235e-19,3.145285496171574e-20,4.582460468473635e-16,5.373375408361607e-16,-1.1024943858935813e-12,-5.524540540483571e-16,2.5296875661647315e-16,1.0785621822200485e-19,4.9503395167838e-16,-3.809441493058111e-20,4.594003028357184e-16,2.0373189792377348e-20,5.030825322270994e-16,3.477766539094177e-16,3.4350347976722364e-16,3.5058125534734087e-16,2.931030690235742e-16,-5.526418321328245e-16,3.1394506916171356e-16,2.5987636746771527e-19,1.9616639444533533e-19,4.436098532980999e-16,1.684208780514468e-16,2.1963024484597375e-19,4.609790403256635e-16,2.4924077718954546e-16,2.5102761006405654e-16,5.981692169599173e-19,3.7999014706923566e-16,3.128966235333071e-19,-5.525144290183276e-16,-1.1025350395078457e-12,-9.601603440725003e-20,2.9150844068504643e-16,1.9018081467704794e-19,-5.525786298920991e-16,4.0563236012889663e-16,-1.1026698275127288e-12,1.227031559821998e-19,-2.0730273534277964e-19,-5.523716498482531e-16,1.9568451052538662e-16,2.787744000364253e-16,3.9287214847168925e-16,3.3433480980092047e-16,2.0041751878463149e-19,-5.524174186187942e-16,-1.1024841056579125e-12,1.6836512276351507e-16,3.2795405616948155e-16,1.9471953867497528e-19,3.869651743496788e-16,2.7417822694308695e-16,2.238893131946866e-19,3.337702520848308e-19,1.6840004344704828e-16,-1.1021365044105868e-12,-2.1392415976105096e-19,-1.0740717206447802e-19,2.959991202550934e-19,-5.519420623698028e-16,9.086563008222562e-20,3.388152006617059e-16,4.918571725783553e-19,3.1003930020598596e-16,2.0959021862990104e-19,-5.522071386685309e-16,2.333782001768336e-19,9.276170975097474e-20,2.2325355089690527e-19,3.4139141704783425e-16,2.558568641670185e-16,3.079665623992068e-16,-5.52438615262831e-16,3.155755650114039e-16,3.2338291889567673e-19,-5.52478736007693e-16,2.782315081495473e-16,3.1564753357993644e-19
-1.1674674177193437e-11,4.783870865921009e-16,6.616852216893377e-16,6.140015274692364e-16,4.925642488214298e-16,6.465710615779005e-16,1.9754183240866713e-19,-2.340770426950665e-19,-1.2804773057341139e-11,4.775896575027187e-16,3.781085237521448e-16,1.3002127241150213e-12,4.1513869925946694e-19,4.479713855345193e-19,4.842083269412265e-16,6.724407449539258e-16,6.108181945221918e-19,5.793084959539925e-16,6.426024209222322e-16,1.2961087078634977e-19,2.3442565754015237e-19,5.429749309038499e-16,-6.414562151221015e-15,5.369117012041301e-16,2.3966942352349833e-19,1.9389930825837116e-19,4.475296162501392e-16,8.526617944166211e-16,9.55424912309262e-16,2.970001000470941e-19,4.399972624355894e-16,-1.28042172156251e-11,2.8493416395817114e-19,5.569773308314611e-16,-6.414840170886109e-15,4.510461080563116e-19,5.140347213483343e-16,4.6894417326287934e-20,1.3418104203917276e-19,3.3141127078744466e-19,6.032103582366634e-16,5.014264082369283e-16,-1.1444264409525668e-19,2.414483902464935e-19,2.677456810639856e-19,-1.2804792949116907e-11,5.328736455018034e-16,6.952635604946438e-16,2.9553480118019474e-19,4.727557371921959e-16,9.103030712896383e-19,4.694909491872157e-19,6.26201218808654e-19,3.557498191979601e-19,-6.4145103222987794e-15,-1.2804239841682885e-11,5.04705711843845e-19,5.21067627030782e-16,2.6380157008814723e-19,7.512800101514578e-16,2.401640420376794e-19,1.517249519361767e-19,2.6143380724127387e-19,1.9093132816715158e-19,4.772523384332833e-16,4.735029706187669e-16,5.999497305219687e-16,-6.415015861879886e-15,2.2593160897867413e-19,6.319475026915102e-16,2.9147133154538057e-19,9.479522400351355e-20,4.2451791785428673e-16,4.795816890107459e-16,1.8759426539116606e-19,4.911769654597708e-16,2.594170430142027e-19,2.7745540787500216e-19,4.841814071087083e-16,5.75681164286558e-16,-1.2804972505148364e-11,-1.280453618539228e-11,1.583356783619024e-19,1.0578969872635458e-19,1.2451014179955322e-19,-1.2804644044131329e-11,2.192096769386687e-19,-1.2804807645899341e-11,-7.939948923485092e-20,2.7408682183621882e-19,-1.2804135756076394e-11,3.586798407423049e-16,4.4232452995211114e-16,1.6846803567964577e-19,4.665998686327224e-16,5.674079690314349e-16,-1.2804742438679888e-11,-6.414982965862175e-15,4.386759543078177e-19,6.1059396309117405e-19,3.3800648151636885e-19,5.16999230007158e-16,6.990987514615458e-19,4.394739470332199e-19,6.28311266023486e-16,3.8098899716418777e-16,-1.2803990507546963e-11,2.552293458108023e-19,-1.622570524624356e-19,4.831992668594058e-16,-1.2804729218011152e-11,5.139152003374946e-16,5.340522999013824e-16,6.347329894463431e-16,5.050935277208181e-16,2.570926333404931e-19,-6.414680886754152e-15,3.6333299083087614e-19,1.8479193546410835e-19,5.967892505249475e-16,5.45255620979368e-16,4.0499735954324683e-16,4.3141221990748637e-16,-6.41490712277042e-15,4.647779236944157e-16,3.405808527664886e-20,-6.414479889601485e-15,1.0676705673357613e-19,5.22602450539395e-16
1.0415947140387545e-11,6.542343990607889e-16,9.147539037082392e-20,5.76263568084494e-16,-2.751410472916641e-19,4.349067019810724e-16,4.1857229209486564e-16,1.6490710669224158e-20,9.285367604889685e-12,3.38237805554145e-19,4.319485273568354e-16,4.1513869925946694e-19,1.3001392937979593e-12,6.885300061083327e-16,5.675682165810515e-16,3.2726458551310798e-19,3.161201936624134e-19,3.831616953835472e-19,5.43952819982947e-16,4.590917100876423e-16,4.780404784440703e-16,4.785216982525818e-16,9.285822540279208e-12,3.2061140919104197e-16,4.1963579464737765e-19,-4.1091245769636813e-20,-2.1636761112901586e-19,5.61010271368846e-16,7.258391293026063e-19,7.280716221156332e-16,5.130513065953941e-16,4.651582810510271e-15,3.75445784456784e-19,2.569097848311336e-19,9.285341997832532e-12,4.681497961418059e-16,1.93196521086763e-19,6.70858758829731e-20,1.3512870179944288e-19,4.0995977107044234e-16,4.564420830406565e-16,3.7565318806782116e-16,4.601945773805011e-16,3.0948165311369193e-16,3.754546060520659e-16,4.651919089016489e-15,3.411604191999373e-19,7.708124056686897e-16,5.279026135149007e-16,3.314130112754159e-16,5.853913304357623e-16,5.575876792917187e-16,5.937598733722656e-16,6.276768336468208e-16,4.651950395642014e-15,9.285789059427434e-12,4.399180493620674e-16,1.318975108187308e-19,4.852191559675226e-19,5.811291866165912e-16,6.750144157069493e-20,9.018760553924318e-20,6.069499208329149e-19,3.5704524476888414e-16,-2.0497587683604845e-19,2.3454888078009205e-19,6.734848961315232e-16,4.651912758014113e-15,9.020791755690705e-19,2.298461495885158e-19,2.9363572648967594e-19,3.5103357441560894e-16,2.7231416780449133e-19,2.9123344187062456e-16,-5.327023183658553e-20,5.866100299884596e-16,5.341538670316009e-16,4.57227135426606e-16,-4.470942721884022e-20,4.3316431947929474e-19,4.651708088659489e-15,4.651875072559997e-15,2.7762132892249724e-19,3.582665220057931e-16,1.6705023983169878e-19,4.651854430860963e-15,1.6009872136578752e-19,9.285128033072482e-12,2.2917892347254525e-16,4.950079899611123e-16,9.28567328528493e-12,4.698689455256345e-16,1.857960283149929e-19,2.5686789924973733e-19,4.2088545974055553e-16,4.843569844587208e-16,4.6515870870040775e-15,4.651755590809629e-15,4.3105032627881873e-16,4.28145511956588e-16,4.2004129770868396e-16,3.358393005354998e-16,3.8952614130733815e-16,3.281006946368041e-16,2.895382444992134e-19,5.054829438038522e-19,9.285755502144454e-12,9.880750168345466e-21,-1.8765526540545513e-19,5.179364262691934e-16,9.285404854483047e-12,5.727525882389536e-19,1.361613447015064e-19,5.583714185952371e-16,5.486606506855885e-20,3.254231264769227e-16,9.285768409847725e-12,-1.0021082830636686e-19,2.8092524790583645e-19,-6.098689543837131e-20,7.182194577432821e-20,3.1726899688029997e-16,2.6565165389787247e-19,4.65165771346335e-15,1.9244459427505048e-20,1.4780981530412778e-19,9.285664412173267e-12,4.478760606356011e-16,5.132632974255403e-19
