1.000000004505818,1.0812999173233022e-07,9.219737629822295e-09,-8.495512786606143e-09,-1.4246608934458217e-07,1.0000016581720883,-5.4541754109762765e-08,-8.316963588892124e-08,1.0000017262537368,1.5053499285898947e-07,1.48314896460617e-07,4.674644517326801e-08,-2.7932109295415094e-07,-8.235762446577263e-08,9.771837296177253e-08,1.4958925906915576e-07,2.012081790789418e-07,6.117126160924494e-08,1.000001755773249,-2.515556434096261e-07,-2.18253208816758e-08,-1.850832070481451e-07,-7.30357437914054e-09,1.8659281112856082e-07,1.253445680666287e-07,-1.9686432016067863e-07,9.314072267424894e-08,2.570509457509732e-07,-2.455393844816482e-07,7.329873389788139e-08,8.37770875425704e-08,-2.5242555152660186e-07,-8.457110422867296e-08,1.000001694365779,-1.6130933062120823e-07,-1.8072463150214613e-07,-7.722069797050493e-08,6.623657490287295e-09,6.403733203105722e-08,-4.366491581808975e-07,1.0000017739306546,-1.8340831138217507e-08,1.9644153839215794e-07,-1.3937208188436483e-07,1.841970635216524e-09,1.000001713022243,1.000001670694035,-1.715557318517708e-08,-2.2270568043310114e-07,-5.161943221999102e-08,4.962263849455203e-07,-1.6043084985475328e-07,-3.971591052781083e-07,-1.9843867702239964e-07,1.0000017278813567,4.689078638583472e-08,2.7917476781301355e-08,-1.0548102186927799e-08,-6.281062955578783e-08,-1.7591004752714773e-07,1.0000016991352803,4.5062578892122174e-08,-2.123562662432743e-07,2.2415042741802963e-08,1.0000017372100092,-7.285161240860727e-08,1.0000016933551037,-1.0010509652116622e-07,2.2476462422297377e-07,-2.2714690662067844e-08,1.0000017401004113,-2.6974628781115593e-07,3.9165029034563364e-08,3.31322618146701e-08,-1.4054983782428671e-07,2.464709540539394e-07,1.3311188997555313e-07,5.841761320243313e-08,1.0000017037982598,1.149471066500106e-07,6.272691568162855e-08,-8.62788609076063e-08,-1.393276577105317e-07,-2.541300823497608e-09,-1.8156678984323255e-07,-7.613756328772838e-08,4.010336749207154e-08,1.0000016847741755,7.916272331624745e-08,5.7907476841383605e-08,-4.577060701879124e-09,-3.0653841327463854e-08,1.0278812766708751e-07,-3.3872024323364385e-08,-2.1751139667959864e-08,-1.2043534286249043e-07,-5.273900256963831e-08,-6.180770890837786e-08,-1.1028628971297811e-07,-5.327664759580147e-08,4.291024661247023e-07,1.1289171729111369e-07,-1.3554416413200458e-07,-5.033049083733322e-08,-3.603613584149249e-08,7.330044476165673e-08,-8.186093081008663e-08,7.476029624100227e-08,-2.394679220468033e-09,1.0000017463666893,1.0000017080107166,-5.9233467544543134e-08,-6.429459896701768e-08,2.532839232293682e-08,-5.469572512069663e-08,2.2365514062284242e-07,7.012153030738238e-08,-2.3231112788186104e-07,-5.4544606084707646e-08,1.0000016947658177,1.7392143158449623e-08,-1.489941032990474e-07,-5.353265907363101e-08,-5.6086447339982055e-08,-1.6263918853846353e-07,-9.115380937763575e-08,6.451534709190836e-08,1.0496615808266629e-07,1.0000016762011323
1.0812999173233022e-07,7.381207312550896e-07,-1.060598179969841e-08,-7.134373927009034e-09,-8.48196844771817e-09,-1.0664056438648306e-07,-7.805568789022144e-09,-8.66678921385316e-09,-1.029730062674662e-07,-1.4182092937450072e-08,-1.2256591850406218e-08,-6.5315623165066055e-09,-1.0473654960145726e-08,-7.749479075621177e-09,-1.410929980811799e-08,-1.0719425294762699e-08,-1.0875154158052102e-08,-1.0612649394457072e-08,-1.0276277475067283e-07,-7.333202136924879e-09,-7.668905789693012e-09,-1.2242460810526207e-08,-8.374883725878676e-09,-9.438200119004934e-09,-1.0466863756426177e-08,-1.410075491102974e-08,-1.0478250789227577e-08,-1.0644754232857993e-08,-1.1902110295814332e-08,-1.224301625323923e-08,-8.454110541676476e-09,-1.3672517380042709e-08,-7.73443564766157e-09,-1.053808830368953e-07,-1.3591397467354293e-08,-8.39345146990603e-09,-1.0232423108251358e-08,-8.663057020223242e-09,-9.655500902872383e-09,-1.3887660076544687e-08,-9.689432860141066e-08,-9.194420572772868e-09,-9.286869288394777e-09,-8.286038363296824e-09,-7.220523015458252e-09,-9.77334322358684e-08,-1.0388595499474403e-07,-8.358329971644603e-09,-1.393578898798298e-08,-7.875049078390239e-09,-1.631536718288975e-08,-7.643711731617743e-09,-1.2195223304134514e-08,-1.037684791674846e-08,-4.775675262818894e-11,-8.547749185174155e-09,-9.468441821596884e-09,-1.0740517375489851e-08,-7.659907357942628e-09,-8.542506529791918e-09,-5.062707456671793e-11,-3.2426987826940475e-12,-7.01791084747604e-12,-3.2748142671515806e-12,-4.878008899373694e-11,-7.062760780272777e-12,-5.0250620951284145e-11,-4.326304233010133e-12,-4.886016298114287e-12,-3.886854852561399e-12,-4.8614007925281274e-11,-6.8538305004521814e-12,-7.1775910054352585e-12,-4.831645438140822e-12,-5.9476908787256305e-12,-8.341755848132825e-12,-4.691152343218722e-12,-4.329258856683025e-12,-5.2373769510563734e-11,-4.806014585295623e-12,-2.9811946156324813e-12,-4.28516309390109e-12,-4.017301361122828e-12,-4.785710439823447e-12,-6.99278866619332e-12,-4.948213560278215e-12,-4.690168720143882e-12,-5.2638988815340055e-11,-5.400564057005925e-12,-6.2165120718156625e-12,-4.330871271224301e-12,-4.423222369046903e-12,-3.604250700081664e-12,-6.100084326768895e-12,-5.940078877923777e-12,-5.263348934795078e-12,-4.862519441097676e-12,-5.291335396592618e-12,-3.856447043760287e-12,-3.1957798107131136e-12,-8.189017358404146e-12,-5.4088649177266046e-12,-4.3168617963739436e-12,-4.28624743804162e-12,-4.015133416523423e-12,-4.782975936334167e-12,-4.312265649282901e-12,-3.372393115335153e-12,-5.335495508707975e-12,-5.4246893697283216e-11,-4.8390004201998484e-11,-5.358813192074799e-12,-4.2615820554746566e-12,-4.785809720473974e-12,-4.8334840882353156e-12,-4.8008353253853536e-12,-4.803829516081258e-12,-3.4583139889914425e-12,-3.2060982290922382e-12,-5.035637653315866e-11,-4.1866993864234095e-12,-4.288348042321163e-12,-6.0281058399086375e-12,-3.981723548738203e-12,-6.048842078272855e-12,-3.5642867279785664e-12,-4.7426720792903516e-12,-4.859261653454086e-12,-5.0397829938984304e-11
9.219737629822295e-09,-1.060598179969841e-08,7.331179108382299e-07,-9.009917034670318e-09,-5.3666584174441615e-12,-1.7710563762679978e-07,-4.9408556203794046e-12,-5.488403646746942e-12,-8.638326391318805e-11,-8.993001480864233e-12,-7.766616632081526e-12,-8.242255033403989e-09,-6.628853555999098e-12,-4.9034724393651005e-12,-1.785209660655134e-08,-1.3551164342753261e-08,-6.8935720522247205e-12,-1.3414116227540041e-08,-1.7213641360529434e-07,-9.237130950302103e-09,-4.850322484304957e-12,-1.548802398205973e-08,-5.295758318714538e-12,-1.1925271683938005e-08,-1.322154685799487e-08,-1.783657666737456e-08,-6.632406219883178e-12,-1.3457254275211833e-08,-7.534871998286235e-12,-7.759653657685483e-12,-5.34815192459876e-12,-8.652370859085882e-12,-4.893577673340819e-12,-1.7550001023015266e-07,-8.600506161082216e-12,-5.30997955181498e-12,-6.470002196209895e-12,-1.0949298622555722e-08,-6.116640152638924e-12,-8.799656843099131e-12,-8.247944476462041e-11,-1.160372398937336e-08,-1.1725433819880462e-08,-5.238290000391953e-12,-4.571263804777047e-12,-8.301651883028292e-11,-8.697036948818181e-11,-5.2849581406623824e-12,-1.762093060495481e-08,-9.952241395919342e-09,-2.0628975113338333e-08,-4.833511012576432e-12,-1.5423229220776274e-08,-6.565336225733343e-12,-8.145555382139103e-11,-1.0798066253463176e-08,-1.1963518427377394e-08,-6.805956519753279e-12,-4.844351206827218e-12,-1.0792296742847193e-08,-1.6990838990612935e-07,-8.16783025342193e-09,-1.7713089526759807e-08,-8.252995977218253e-09,-1.6517930088884948e-07,-1.7833763048290185e-08,-1.6894859060812594e-07,-1.0914726839132907e-08,-1.2337796841778296e-08,-9.798590568161038e-09,-1.6475381618734544e-07,-1.7284828291488807e-08,-1.8135315223358612e-08,-1.2195913238698036e-08,-1.4996262218863015e-08,-2.1068369307625987e-08,-1.1821672655364396e-08,-1.0921185490224575e-08,-1.7438111350638027e-07,-1.2128546720832299e-08,-7.50361270152694e-09,-1.0804686992195702e-08,-1.0140390460429232e-08,-1.2072848129348364e-08,-1.7649526709393958e-08,-1.2503145091145107e-08,-1.182282088015474e-08,-1.750610656180986e-07,-1.3633891406702934e-08,-7.867845261558472e-12,-5.474578482763013e-12,-5.5956912981589725e-12,-4.55375527750185e-12,-7.714006457474298e-12,-7.503614642207701e-12,-6.650629078305413e-12,-6.151245252476365e-12,-6.685654296762616e-12,-4.868497579760241e-12,-4.030044090066218e-12,-1.0352439598009569e-11,-6.840782178068593e-12,-5.4562735530014795e-12,-5.416549711561116e-12,-5.07827147196557e-12,-6.044376391557485e-12,-5.45031587340127e-12,-4.263301862284157e-12,-6.744467423462132e-12,-8.97755784787617e-11,-8.226154301395328e-11,-6.774815349480351e-12,-5.382567957196267e-12,-6.050158778700428e-12,-6.111990153479623e-12,-6.069892437977297e-12,-6.073419376860213e-12,-4.360484703954692e-12,-4.042958866471223e-12,-8.478764128234873e-11,-5.284099067468794e-12,-5.4181372197202174e-12,-7.619340070781513e-12,-5.034152858309591e-12,-7.645448470436266e-12,-4.5007183065735244e-12,-5.993315857789788e-12,-6.146358430061668e-12,-8.483979611753837e-11
-8.495512786606143e-09,-7.134373927009034e-09,-9.009917034670318e-09,7.404645016610155e-07,-3.6087250915367275e-12,-1.1985062872966267e-10,-3.3212308643877086e-12,-3.688644183016095e-12,-2.3606593523014133e-07,-6.0392610567126555e-12,-1.0415295386672761e-08,-5.5441108147416155e-09,-4.456758416200241e-12,-6.580617579094222e-09,-1.1990861719981873e-08,-9.107183612256776e-09,-4.630572601963901e-12,-9.015985800994316e-09,-1.1819153777959558e-10,-6.221096757015311e-09,-3.262248488908845e-12,-5.2124023181975845e-12,-3.5625848934841044e-12,-8.017257981251332e-09,-4.4541211050016605e-12,-1.1982240655600374e-08,-4.459189806113339e-12,-4.531212264845873e-12,-1.0110192283858286e-08,-5.212548915765545e-12,-7.179214482130122e-09,-1.1611423076609e-08,-6.567794465555931e-09,-1.1931267569468305e-10,-5.783038825063397e-12,-7.127290868604368e-09,-4.3528105501062445e-12,-3.687019125039446e-12,-4.1101060983470346e-12,-1.1800192868875503e-08,-2.3087442841601946e-07,-3.911149816471355e-12,-7.886784451491024e-09,-7.034384119405784e-09,-6.132256722376407e-09,-1.1603942708783873e-10,-1.1867273698397902e-10,-3.5554119796767576e-12,-5.932055242533077e-12,-3.351171561789929e-12,-6.9450358801811254e-12,-3.251198872090659e-12,-5.191512709967864e-12,-8.81239438585282e-09,-1.1499788641982785e-10,-3.63724372262733e-12,-8.042647093391232e-09,-4.572623380190218e-12,-6.5033018686260045e-09,-3.634903692757082e-12,-1.1744824889410773e-10,-2.7524358823754032e-12,-5.962897617156412e-12,-5.549329360759657e-09,-1.1587032420884234e-10,-6.001818997208252e-12,-1.17127101905008e-10,-3.6751365247959296e-12,-4.1523732141430015e-12,-3.300844288129773e-12,-2.3096949104947892e-07,-5.821566135664879e-12,-6.101035363963428e-12,-4.105471258543358e-12,-5.051679589321097e-12,-1.4150092046440962e-08,-7.951331489945215e-09,-3.677613949922818e-12,-1.189405411279151e-10,-4.083361408632336e-12,-2.529822189669892e-12,-7.2640170697767314e-09,-3.4129156380809917e-12,-8.114376949339123e-09,-1.1859036460776729e-08,-8.394795630994526e-09,-3.983160493405457e-12,-1.1916720934901562e-10,-9.159763306894527e-09,-1.0546282391362287e-08,-7.3436075196820795e-09,-7.502063332786632e-09,-6.109938488703931e-09,-1.034543063994848e-08,-1.0070085667157107e-08,-8.923608093620442e-09,-8.247233319754477e-09,-8.97083377145454e-09,-6.535342851439736e-09,-5.41294935721343e-09,-1.3886265751501405e-08,-9.173656488680855e-09,-7.319220347875631e-09,-7.266937222530075e-09,-6.8088846555444175e-09,-8.109506378020649e-09,-7.311471416600272e-09,-5.71753116386732e-09,-9.047356105846007e-09,-2.4057506887228586e-07,-2.3058815022253275e-07,-9.087370108749524e-09,-3.619235178396089e-12,-4.065931460196131e-12,-4.106707772652528e-12,-4.07898841196612e-12,-4.081368930972798e-12,-2.9345480837872676e-12,-2.720691246941759e-12,-1.1721811076805492e-10,-3.554682113728871e-12,-3.642303821931887e-12,-5.121109705848538e-12,-3.3826746346543145e-12,-5.138692709734938e-12,-3.0264180256251603e-12,-4.028768349988473e-12,-4.129176723938707e-12,-1.172532144006623e-10
-1.4246608934458217e-07,-8.48196844771817e-09,-5.3666584174441615e-12,-3.6087250915367275e-12,7.379585802093431e-07,-3.5597671790041846e-07,-3.9489727395864115e-12,-8.753592369876925e-09,-3.522533729454231e-07,-1.433136471614583e-08,-6.203727761706481e-12,-6.592015670584269e-09,-1.0575820483114243e-08,-3.920123722952882e-12,-1.4256191954727247e-08,-1.0827326713891322e-08,-5.505229186051222e-12,-5.3703245002029394e-12,-1.7637756834711154e-10,-7.396834078938802e-09,-7.741670396113265e-09,-6.1969816831618665e-12,-8.454110753783324e-09,-9.531448874399903e-09,-1.056894436031109e-08,-7.137337908559238e-12,-1.0581193530811713e-08,-1.0752182436452052e-08,-1.2019294510652895e-08,-6.197363555792508e-12,-8.535566328999293e-09,-1.3805182731951324e-08,-3.9124047621225965e-12,-3.547001025135375e-07,-1.3723157003343441e-08,-4.245653892229191e-12,-1.0328375004497505e-08,-8.749853135566245e-09,-4.886690833255389e-12,-1.4029124041436393e-08,-3.460797849507472e-07,-4.6498845092658585e-12,-4.6975098739960614e-12,-4.190272459024104e-12,-7.291409408521233e-09,-3.469309146736559e-07,-1.769498644031098e-10,-8.437018049831776e-09,-1.4076881782358861e-08,-3.984619570981743e-12,-8.257046021852897e-12,-7.715836579179479e-09,-6.172196564622761e-12,-5.248808449041714e-12,-1.7257983994870813e-10,-4.324467049358363e-12,-4.7907171283351995e-12,-5.436163472938516e-12,-7.732570364836889e-09,-8.626150632278942e-09,-1.7549365110515244e-10,-6.5322773608599534e-09,-7.089221103569211e-12,-3.3057801629027196e-12,-1.7361720896295144e-10,-1.4242690211226778e-08,-1.751118252093297e-10,-8.721490988985475e-09,-9.853249211863675e-09,-7.833156780903836e-09,-1.7344842808366387e-10,-6.92123206120125e-12,-7.253645552613615e-12,-9.742437853141822e-09,-1.1987093902853292e-08,-1.6823632761991558e-08,-4.736153011148519e-12,-4.372451359925166e-12,-3.5381661259818263e-07,-4.854729889234124e-12,-3.0079193330342716e-12,-4.327155909943897e-12,-8.099861463309205e-09,-9.647647584643243e-09,-1.4099146764884724e-08,-5.000720237129337e-12,-9.452354631948403e-09,-3.5435463646432247e-07,-1.0890123735841574e-08,-6.281906446846842e-12,-4.374413366659096e-12,-4.468936879430888e-12,-3.639522244739932e-12,-6.162146380712914e-12,-1.1971816532406479e-08,-5.315213348958771e-12,-9.80534323807235e-09,-1.0665097530691287e-08,-7.77041613358214e-09,-6.436171721908516e-09,-8.27151011547383e-12,-1.0906317408883163e-08,-8.70244322668251e-09,-8.640116996421578e-09,-4.056082517037933e-12,-4.830363970160789e-12,-8.692982480251665e-09,-6.798311972021304e-09,-5.388949339314231e-12,-1.7917172003837844e-10,-1.7322123203034666e-10,-5.41278159167025e-12,-8.588882089174359e-09,-9.64847816100316e-09,-9.745865891143945e-09,-9.679559516049602e-09,-9.685163140725228e-09,-6.964663136620483e-09,-6.456829717456669e-09,-1.7522006531368855e-10,-4.226196259928206e-12,-4.330542627984847e-12,-6.0883247113613895e-12,-4.021931328068131e-12,-6.109216049009139e-12,-3.5984221569762647e-12,-4.789796566919292e-12,-4.90928355472553e-12,-1.752618129895605e-10
1.0000016581720883,-1.0664056438648306e-07,-1.7710563762679978e-07,-1.1985062872966267e-10,-3.5597671790041846e-07,0.9999971460455799,-2.765488434715741e-07,-2.9413010124289395e-07,0.9999964189924823,5.3327116815377665e-12,-8.418184032761972e-12,-9.613300943413515e-11,-4.674453194192804e-07,-1.5290112913026526e-10,-4.326630479851837e-08,-3.5255644354648824e-08,9.305748834063682e-12,-1.250894016476304e-07,0.9999964455335925,-2.4061030636065164e-10,-1.231824903250616e-10,-1.7541784344990186e-10,-2.22427065689734e-07,-7.416864940532821e-12,-3.1590466227320886e-11,-3.3815818637627394e-07,-4.762211484647874e-11,3.565842127683744e-11,-4.1550887689818764e-07,-9.166360722058203e-08,-1.302340588498065e-07,-3.9960070543600896e-07,-1.541191053017873e-10,0.999996419471817,-3.0967085649556454e-07,-1.9807769353774418e-10,-2.6887436508440964e-07,-2.0439446623615365e-07,-1.3425737360562142e-07,-2.9095161562559527e-10,0.999996386068938,-2.2310395454221218e-07,-3.5754273330467976e-12,-1.781430129754073e-10,-1.1404232949575044e-10,0.9999963359854773,0.9999963755629456,-2.3250422378990792e-07,-3.66211612204119e-07,-1.36612670584669e-10,1.9197217383292566e-10,-1.9274156179918509e-10,-5.628703712374355e-07,-3.88001540756289e-07,0.9999963190566992,-8.308096784636828e-11,-1.72986963185515e-07,-1.9499158600423345e-07,-1.437158406224033e-10,-1.946657839854008e-10,0.9999963658409101,-1.9423680770973776e-07,-3.550074511923413e-07,-1.0821769835683728e-10,0.9999963549193568,-2.1402184199341516e-07,0.9999963502407202,-3.11487867028288e-07,2.774666036684244e-08,-1.2299946453332536e-10,0.9999963534505388,-4.168555587553231e-07,-9.885403628287558e-08,-1.6530359710092408e-07,-3.109676985866081e-07,6.918240637132454e-11,-6.942897458155885e-08,-1.529539139616393e-07,0.9999964167499754,-4.2196971042819705e-11,-9.191108778597311e-11,-2.9881380570740724e-07,-3.583404965137245e-07,-2.022238184964683e-07,-3.2481955378282207e-07,-1.3587215718055597e-10,-1.6226900410044476e-07,0.9999964048831806,-5.247229169528392e-11,-5.256461037943318e-11,-1.0814613360182705e-10,-2.393487147553655e-07,-1.2712755416421112e-07,-2.0000769027581342e-07,-9.638073566072799e-11,-1.5437623585762532e-10,-1.2537056724138914e-10,-2.4881711981263516e-07,-1.672832402380002e-10,-1.4724293427449676e-10,1.5847622197860739e-10,-7.085899812664195e-08,-1.7389947052195896e-10,-1.3165419609867474e-10,-1.2784126784280449e-10,-1.2662448472578983e-07,-2.936097126915615e-07,-8.061523836761061e-11,-9.426766798355266e-11,0.9999965092167571,0.9999963154587657,-2.4437431275525347e-07,-2.7747858553700456e-07,-8.737262101694375e-11,-2.529859087613446e-07,2.435662545194925e-08,-1.2910754590892311e-07,-2.335681836686831e-10,-1.477683222609518e-10,0.9999963545566053,-9.918985413339444e-11,-3.614436994971626e-07,-2.2165664161464107e-07,-2.76154460061389e-07,-1.6546841259173367e-10,-1.6139092251838677e-10,-6.836018093656259e-11,-4.6457698200795796e-11,0.9999963373324906
-5.4541754109762765e-08,-7.805568789022144e-09,-4.9408556203794046e-12,-3.3212308643877086e-12,-3.9489727395864115e-12,-2.765488434715741e-07,7.392672547157545e-07,-4.037708504554141e-12,-2.73104329871016e-07,-1.320088936781251e-08,-5.713073802763161e-12,-6.064980889069489e-09,-9.734765418994493e-09,-7.201334513284842e-09,-1.313017598576116e-08,-9.969108201501086e-09,-1.012028146863453e-08,-9.86877444259518e-09,-1.3673454151445281e-10,-3.4075099808416637e-12,-3.5692333455027035e-12,-5.707275081771154e-12,-7.779297492076548e-09,-4.396046607236519e-12,-9.728531690133928e-09,-6.572945968978752e-12,-9.740330442855706e-09,-4.960101002387305e-12,-1.1064712331894233e-08,-1.139186759709554e-08,-3.935697808250176e-12,-6.366015363795417e-12,-7.186998971817724e-09,-1.3796953553909678e-10,-1.2630812011163847e-08,-7.798946683085566e-09,-4.761560582729759e-12,-4.035905404264677e-12,-4.49960698195244e-12,-6.472482142391166e-12,-1.3397185248679063e-10,-4.2786670956569366e-12,-4.323281645529791e-12,-3.855403295941378e-12,-6.711879703480515e-09,-1.3436603246038118e-10,-2.7396329794820775e-07,-3.889536151480542e-12,-6.493998979220654e-12,-7.321514702597582e-09,-1.517498080086975e-08,-7.099745004286192e-09,-1.1344436717544296e-08,-4.83083080489573e-12,-1.3322072323395016e-10,-3.980582132875927e-12,-4.410116412574696e-12,-9.992083826558387e-09,-3.5649228900249326e-12,-3.978141684624273e-12,-1.3591617018108328e-10,-6.010018111031622e-09,-6.5279265046462315e-12,-6.071880378623786e-09,-2.678044589395803e-07,-1.3116824928324624e-08,-2.7056709293895096e-07,-8.029549339719752e-09,-4.546610929755299e-12,-7.209642209202837e-09,-1.3402276622695024e-10,-1.2716730271821153e-08,-6.681957488348765e-12,-4.494790648503747e-12,-5.528086369976763e-12,-7.76328211269169e-12,-8.699838853513442e-09,-4.025446364947535e-12,-1.3755908448971688e-10,-8.922222373917712e-09,-5.522284844932229e-09,-7.949897401926107e-09,-7.458337501115804e-09,-8.882074769528607e-09,-1.298275676893004e-08,-4.606609159581038e-12,-8.699881835251417e-09,-1.3780874829104822e-10,-5.024558515905021e-12,-5.7864491350068455e-12,-8.03872401948501e-09,-4.115651312249834e-12,-6.686791224553991e-09,-5.674359634994682e-12,-1.101978566426299e-08,-4.893011022413039e-12,-4.524245929590541e-12,-9.817734430190399e-09,-3.582483650082761e-12,-2.9660323494147485e-12,-7.61570493872427e-12,-5.031934054873534e-12,-8.011850570147723e-09,-3.985044888651189e-12,-7.454957052279232e-09,-8.87576654294531e-09,-4.009672708481088e-12,-6.2588814449056215e-09,-9.903226550671695e-09,-1.3932155937958883e-10,-2.670734231737159e-07,-9.947519385007014e-09,-3.9606703033237055e-12,-8.883667968302623e-09,-4.496112967434312e-12,-8.912770066071862e-09,-4.46787609290024e-12,-6.405941484364858e-09,-5.939097892866567e-09,-1.3566413464193074e-10,-7.76199337049742e-09,-7.95660531557157e-09,-5.605397242515907e-12,-7.391337018530158e-09,-1.1226457681108114e-08,-6.609866892710515e-09,-8.801243712440097e-09,-4.5210327746226806e-12,-1.3570250141563346e-10
-8.316963588892124e-08,-8.66678921385316e-09,-5.488403646746942e-12,-3.688644183016095e-12,-8.753592369876925e-09,-2.9413010124289395e-07,-4.037708504554141e-12,7.375697279540048e-07,-1.4543881400254427e-10,-7.350589968774049e-12,-6.347634890460373e-12,-3.3739117617257908e-12,-1.0811815097091097e-08,-7.998108430884197e-09,-1.4591236165540783e-08,-5.548545418561365e-12,-1.124583986969133e-08,-5.4924157233512235e-12,-2.900617995846927e-07,-7.546783161103405e-09,-7.910675721097954e-09,-1.2658298309720569e-08,-4.32735865537447e-12,-4.882599296742791e-12,-5.412934246687046e-12,-7.303665131579275e-12,-5.419895395740991e-12,-1.0997969310732257e-08,-1.2289465093412474e-08,-6.342206863309229e-12,-8.723292058618009e-09,-1.4111923705852268e-08,-3.998985058466652e-12,-1.4670690240783146e-10,-7.027865910419525e-12,-8.661049704172762e-09,-1.0551149389307593e-08,-8.948791736443747e-09,-4.999171906584034e-12,-7.191508495913623e-12,-1.422426533831908e-10,-9.481547643605102e-09,-4.800419894357097e-12,-8.543656733490118e-09,-3.735579055499694e-12,-1.4268217331249806e-10,-1.4591958177408116e-10,-4.318409371623206e-12,-7.214958998938346e-12,-4.0749991812190006e-12,-8.446731385271546e-12,-3.949734074975744e-12,-1.2604765487750935e-08,-5.36444634851569e-12,-2.822334853103575e-07,-4.421119725048529e-12,-9.777089782748028e-09,-5.5622121965339376e-12,-3.958694829145531e-12,-8.819519926445416e-09,-1.4441261734037802e-10,-6.673352058902088e-09,-1.447614443446243e-08,-6.743209128453572e-09,-1.4247250115426594e-10,-1.4575792834095696e-08,-2.8745194669124926e-07,-4.4691011954457074e-12,-5.0521050879163695e-12,-8.007054028427563e-09,-1.4229791888509847e-10,-1.4124699500759278e-08,-1.4823491094544278e-08,-4.994061436275876e-12,-6.139434077663625e-12,-1.7220172951533715e-08,-9.660227282171334e-09,-4.471694757987439e-12,-1.4624759123012635e-10,-9.912372009518615e-09,-6.130003720913629e-09,-8.830053017394881e-09,-4.152282889657809e-12,-9.866896078369275e-09,-1.4424279675239816e-08,-5.120413644929349e-12,-9.661733288041399e-09,-2.9245658696517696e-07,-5.582899355835645e-12,-1.283564280599451e-08,-8.93041006103196e-09,-4.573577773535683e-12,-3.721130431520283e-12,-1.2583172982162543e-08,-1.2238401660223754e-08,-1.0847498217301437e-08,-5.027413012371873e-12,-5.463273804068464e-12,-3.97822600188611e-12,-3.292580295409499e-12,-8.46053144734857e-12,-5.590839999634272e-12,-4.459289043849397e-12,-8.835513301263071e-09,-4.150390610576937e-12,-9.85887918725095e-09,-8.890579259716248e-09,-6.9538796839649255e-09,-1.10011538706375e-08,-2.958294014994969e-07,-1.420637695329712e-10,-5.536628695077288e-12,-4.398785349624431e-12,-4.944551285935459e-12,-9.970911837377209e-09,-4.9609575990848985e-12,-9.90717013560424e-09,-7.111006116886686e-09,-3.3030502809904605e-12,-2.8767838774892993e-07,-8.61807439600063e-09,-8.837800411440484e-09,-6.226668740952854e-12,-4.114327624825793e-12,-6.2479550094265275e-12,-3.677792347122944e-12,-4.89796023702458e-12,-1.002675577903732e-08,-1.4417514399555422e-10
1.0000017262537368,-1.029730062674662e-07,-8.638326391318805e-11,-2.3606593523014133e-07,-3.522533729454231e-07,0.9999964189924823,-2.73104329871016e-07,-1.4543881400254427e-10,0.9999971831224869,8.534010941653144e-12,-1.1309254963151452e-08,-1.890021702320743e-07,-2.3188085452305912e-10,-1.5119506846630286e-10,-3.693286681885798e-08,-3.049546967430232e-08,2.3472780546794817e-08,-6.03207540385406e-11,0.9999964630029656,-2.3904724888955187e-10,-1.2150469061520547e-10,-3.446503433015815e-07,-1.0961839891962983e-10,-1.061523555088533e-08,-2.928503434192086e-11,-3.318503315202062e-07,-9.041855785034093e-08,7.592840808111785e-08,-4.1025715905304955e-07,-4.3182548989435195e-11,-1.265310549297498e-07,-3.935937203300822e-07,-1.524184275132454e-10,0.9999964383394093,-3.0370402490176015e-07,-3.91675504125022e-07,-1.324843157822474e-10,-1.0048533251343765e-10,-6.511625713570973e-11,-2.878473904468705e-10,0.9999964004957301,-1.0977999924195242e-10,-1.5405685316995217e-12,-1.76339054377644e-10,-1.1244316582897972e-10,0.9999963508333851,0.9999963936392257,-2.288672532638478e-07,-1.8036364467532987e-10,-1.3486516712282177e-10,3.904735728162185e-07,-3.813649214582586e-07,-2.792667202504459e-10,-3.8345755423127355e-07,0.9999963326641377,-8.11943070781514e-11,-8.458012906419216e-11,-1.901964429105846e-07,-2.8349073602152573e-07,-1.9277870634214084e-10,0.9999963823946435,-9.592281058312914e-11,-3.4876585064463967e-07,-1.0678508727491997e-10,0.9999963695352736,-2.0770656027536336e-07,0.9999963664176035,-3.0765755915929056e-07,3.211657682543856e-08,-2.420797556712069e-07,0.9999963678910055,-2.0582104582229929e-10,-4.6289717277548926e-11,-1.609991433491966e-07,-1.531822811900271e-10,1.455921532795697e-07,-3.274483193344644e-11,-7.472131225556033e-11,0.9999964351382824,-4.005816808458496e-11,-9.06273944656846e-11,-1.478243084287586e-10,-1.7773980929866264e-10,-9.91998462151013e-11,-3.186005781008686e-07,-2.667325264441177e-07,-7.924661554234542e-11,0.9999964235535518,-9.990157878248846e-08,-9.931953826326414e-08,-2.120083438344984e-07,-1.179365858374882e-10,-6.211612138781719e-11,-1.9458114122778314e-07,-9.376825778591703e-11,-1.5205327924289215e-10,-2.458858219032327e-07,-2.4415931231794353e-07,-3.305167490396719e-07,-1.4586511856382106e-10,3.2361162733075276e-07,-3.309398607349326e-11,-3.4327421095307163e-07,-1.2975760033933545e-10,-1.260466706448455e-10,-1.2240435421887485e-07,-1.451930613420953e-10,-7.911713300700294e-11,-9.190105923807764e-11,0.9999965295829703,0.9999963296750042,-1.2005523159495492e-10,-2.737385635089366e-07,-8.524644116658076e-11,-2.4868302440644906e-07,2.8621739912564183e-08,-6.25548813034626e-11,-2.3207892464195198e-10,-2.9215210252417033e-07,0.9999963708668653,-9.736658840201295e-11,-1.7919525371799115e-10,-2.163251331307119e-07,-1.3658818401218965e-10,-1.6278869116843826e-10,-1.5982878329403307e-10,-1.3224384104399037e-07,-8.8375187526132e-08,0.9999963536773148
1.5053499285898947e-07,-1.4182092937450072e-08,-8.993001480864233e-12,-6.0392610567126555e-12,-1.433136471614583e-08,5.3327116815377665e-12,-1.320088936781251e-08,-7.350589968774049e-12,8.534010941653144e-12,7.224478157741858e-07,-1.0408633652508232e-11,-5.519448888857494e-12,-8.870934053816079e-12,-1.3095658213870421e-08,-1.1992607712671195e-11,-1.815041106869778e-08,-9.242414526052297e-12,-9.000146992587431e-12,1.742633494571553e-08,-1.232157714181303e-08,-1.2945719909645243e-08,-2.0762759214397884e-08,-1.4131101763116305e-08,-1.5962831306733534e-08,-8.863594939925418e-12,-1.1978128880707404e-11,-8.87662541932071e-12,-9.030902319222903e-12,-1.008584943768271e-11,-1.0402265645508511e-11,-1.4278750675910055e-08,-1.1576916829427563e-11,-1.3067679565604378e-08,1.2831929848455601e-08,-2.2966695145610703e-08,-7.103361047511714e-12,-8.647679820635897e-12,-7.346773679527278e-12,-1.6357230751168335e-08,-1.1791640760460272e-11,2.7661953210504788e-08,-1.551118329668121e-08,-7.856673732909709e-12,-1.3974834004120897e-08,-6.120054081190034e-12,2.620787138444295e-08,7.733011867501037e-12,-1.4100983298179661e-08,-1.1827516816686035e-11,-6.676948274447563e-12,-2.763571108293994e-08,-1.289924223443481e-08,-2.066779100534532e-08,-8.781542159078082e-12,3.0440774165952067e-08,-1.4451810901096481e-08,-1.601523212658736e-08,-1.8204349599308577e-08,-1.2930400867265716e-08,-7.237314783841097e-12,1.024556004931827e-11,-5.4697657077677716e-12,-1.1890535115577513e-11,-5.5301025173438984e-12,2.691305286021357e-08,-1.197794506444265e-11,2.1767041760278442e-08,-7.323748818243508e-12,-1.6539831704028653e-08,-1.3110565545704576e-08,1.3767051557923525e-11,-2.313589152814596e-08,-2.4330685675718506e-08,-1.6343605826732797e-08,-1.0053691558397997e-11,-2.82520292027314e-08,-7.921197753546445e-12,-1.4624585884549266e-08,7.189743630721911e-12,-8.140705877697874e-12,-1.002034590592329e-08,-1.4461435948022174e-08,-1.3589957837993561e-08,-8.100404787656873e-12,-1.1847821233435434e-11,-8.405273851619121e-12,-7.925272227144675e-12,1.3437628132865821e-08,-9.155176055729006e-12,-2.106311326881297e-08,-7.332642616054615e-12,-7.50194787346734e-12,-1.2165247685608902e-08,-1.0335856410282715e-11,-2.004089930501395e-08,-8.902452923807255e-12,-1.645830066148286e-08,-8.948720263219484e-12,-6.510737456444665e-12,-1.074319626313787e-08,-1.3866098215415783e-11,-1.8297626938416582e-08,-1.4585324075006454e-08,-7.2525047716491e-12,-1.3584877767694223e-08,-1.615168599493094e-08,-1.4568418553343145e-08,-5.710470921214872e-12,-9.032499264523846e-12,7.818561446325576e-09,2.8268146008612005e-08,-9.07460683237865e-12,-7.202640204167133e-12,-8.103979357000163e-12,-8.190150811189191e-12,-1.6230976338957804e-08,-1.6238869104657732e-08,-1.1622974562526001e-08,-1.077695983892862e-08,2.138247492039298e-08,-7.0641590376047804e-12,-1.447629207795603e-08,-2.03650582621571e-08,-6.744275513266216e-12,-2.043435255117149e-08,-6.020643752982891e-12,-1.6015951687408808e-08,-8.238346953201549e-12,1.0635644304726157e-11
1.48314896460617e-07,-1.2256591850406218e-08,-7.766616632081526e-12,-1.0415295386672761e-08,-6.203727761706481e-12,-8.418184032761972e-12,-5.713073802763161e-12,-6.347634890460373e-12,-1.1309254963151452e-08,-1.0408633652508232e-11,7.285891429421925e-07,-4.771419159424985e-12,-1.5295995548014073e-08,-5.668669913184907e-12,-1.0350186049793203e-11,-1.56730005393877e-08,-1.5921529861759105e-08,-7.772324853889845e-12,-1.0988483137550822e-08,-1.0662116555238152e-08,-1.1188174601376108e-08,-1.7921035629855318e-08,-1.2213799279553594e-08,-6.908110789445704e-12,-1.528407683103034e-08,-1.0339398599975388e-11,-1.5304866656441055e-08,-1.5564581137228532e-08,-1.7388577389493263e-08,-8.978563014658465e-12,-1.2338122290288599e-08,-1.0001914412172815e-11,-5.656848523394873e-12,-1.4917859179978834e-08,-1.9842899703418665e-08,-1.2250797078359995e-08,-7.475178633888494e-12,-6.3444241359430976e-12,-7.075559387308606e-12,-2.0318470048262036e-08,-1.1215772726085619e-12,-1.3407408190350644e-08,-1.3551235798732803e-08,-6.052339885048384e-12,-1.0550995816616565e-08,-3.468451642425619e-09,-1.267719810736349e-08,-1.218842380766779e-08,-1.0211904425326269e-11,-1.1509729121516476e-08,-2.3861275156315536e-08,-1.1148798788178616e-08,-8.939402905558731e-12,-1.5145548886672763e-08,7.165423504194687e-14,-6.254784227100099e-12,-6.930568974693595e-12,-7.873711079875934e-12,-1.1174867753116027e-08,-1.2478243184920511e-08,-4.211432021089604e-12,-9.437744595104475e-09,-1.026579298711935e-11,-4.779133135092919e-12,-1.446221202329287e-12,-1.0338524634933726e-11,-3.651734098143411e-12,-1.2623435803203814e-08,-7.152498323242669e-12,-1.1327281009626493e-08,-1.1973398350078924e-12,-1.0012540954823853e-11,-1.0517542659312775e-11,-7.068956956641078e-12,-1.733592405035905e-08,-2.438159091734596e-08,-1.3662519302644186e-08,-1.2629992246276416e-08,-1.360792922714267e-08,-1.402917391404901e-08,-4.341904133684086e-12,-6.2588316631522505e-12,-5.878002562554391e-12,-1.3962386815777149e-08,-1.0228954360058678e-11,-7.2517079431286806e-12,-6.847264340160064e-12,-1.4402147851121892e-08,-7.902964712354046e-12,-1.817544735944629e-08,-1.2638090799226452e-08,-1.2923891535211178e-08,-1.0508827807553042e-08,-8.923474398014315e-12,-8.674371034767562e-12,-7.689689052338814e-12,-1.4206198812214436e-08,-1.5428528557716205e-08,-5.62666604418938e-12,-9.290859524567215e-09,-1.1973397683968805e-11,-7.914055232728078e-12,-6.310497247279384e-12,-1.2502229730738719e-08,-5.875584971281958e-12,-6.989278055278925e-12,-6.303394894670061e-12,-9.84247405032709e-09,-1.556857822804816e-08,-1.921044130220335e-08,-1.7074861660159327e-09,-7.835812334112022e-12,-1.2419927474155122e-08,-1.3967128613955238e-08,-1.4112784584002867e-08,-7.0212182115204126e-12,-1.4021436633010157e-08,-5.036244545208687e-12,-9.320286668370002e-09,-7.596458358492555e-09,-1.2186967262768142e-08,-6.264836187813135e-12,-8.811453787156758e-12,-1.1622848959783833e-08,-8.841499720173643e-12,-1.0383784758161674e-08,-6.930403786798874e-12,-7.1113642915141085e-12,-3.8751772714814105e-12
4.674644517326801e-08,-6.5315623165066055e-09,-8.242255033403989e-09,-5.5441108147416155e-09,-6.592015670584269e-09,-9.613300943413515e-11,-6.064980889069489e-09,-3.3739117617257908e-12,-1.890021702320743e-07,-5.519448888857494e-12,-4.771419159424985e-12,7.414458962759272e-07,-4.078324593056526e-12,-3.017110392918717e-12,-5.491582189741565e-12,-4.173419748316032e-12,-4.233082302118593e-12,-4.132003347104046e-12,-9.462966584993747e-11,-2.857147407074759e-12,-5.960827061396851e-09,-9.511199835473339e-09,-6.5106604944937925e-09,-3.675225121702387e-12,-4.07631486841058e-12,-1.0955120679794163e-08,-8.144382937069239e-09,-8.272225972254326e-09,-4.634699645792326e-12,-9.511447480003981e-09,-6.5712767759769085e-09,-5.3238442824391625e-12,-6.010785829761687e-09,-9.564372281148341e-11,-1.0564039366538159e-08,-6.523292225067194e-09,-7.956031728388981e-09,-3.372485489243183e-12,-3.7586141424031254e-12,-1.0790297082549515e-08,-9.235421212205012e-11,-3.5812877152250026e-12,-3.6172257470770825e-12,-6.4412887907813e-09,-2.810602516749731e-12,-9.267991417017543e-11,-9.506455793466993e-11,-6.497888009690081e-09,-1.0828077429038709e-08,-3.0653983020878742e-12,-6.351594528320792e-12,-5.9409569660644244e-09,-4.747116787305808e-12,-4.041374151697838e-12,-9.17348916238178e-11,-6.642936135440639e-09,-7.358409666546965e-09,-8.345521608320001e-09,-2.982598488557505e-12,-3.325803502553728e-12,-1.8749721805095763e-07,-5.030222660474397e-09,-5.45296793978203e-12,-5.079443363408855e-09,-9.252800787015444e-11,-5.486840367477814e-12,-9.366508873210617e-11,-3.361559571529285e-12,-3.796172462917553e-12,-3.0207896830447575e-12,-9.239955702153691e-11,-5.326606123873839e-12,-5.5752018018640226e-12,-3.753993438160125e-12,-9.227410818118401e-09,-1.2933893786572514e-08,-7.278791950892614e-09,-3.364091513181053e-12,-9.53078948608493e-11,-7.453737947410683e-09,-4.625863408327183e-09,-6.6464773857805316e-09,-6.22821756021264e-09,-3.718663426977818e-12,-1.0844908861716888e-08,-7.670550763609256e-09,-3.645329725100284e-12,-1.906031499361324e-07,-8.374963713118524e-09,-4.829169833726142e-12,-6.716761045777296e-09,-3.4359341851999866e-12,-2.800888637856819e-12,-4.739920818819452e-12,-9.215615849382247e-09,-8.164777727754124e-09,-3.777507260073563e-12,-8.208296205788745e-09,-5.982463730300527e-09,-2.484199220782656e-12,-1.270105524513675e-08,-8.388356485196683e-09,-6.694686619468818e-09,-6.6478070273570804e-09,-6.225220348826913e-09,-7.419223194725502e-09,-3.350719271947236e-12,-5.229093716901519e-09,-4.146258746228216e-12,-9.675657579293785e-11,-9.222603015749941e-11,-8.311662917142531e-09,-3.3120121451870853e-12,-7.422598845478616e-09,-3.755174866532221e-12,-3.730373113701848e-12,-3.732718803553541e-12,-5.365717472814225e-09,-2.4923343592115263e-12,-1.8707738734166456e-07,-6.49625579457528e-09,-3.332432707823736e-12,-4.684627508499204e-12,-3.093478888836043e-12,-4.700772278240328e-12,-5.528679888682643e-09,-3.685753207377996e-12,-3.775232397856185e-12,-9.37786320595917e-11
-2.7932109295415094e-07,-1.0473654960145726e-08,-6.628853555999098e-12,-4.456758416200241e-12,-1.0575820483114243e-08,-4.674453194192804e-07,-9.734765418994493e-09,-1.0811815097091097e-08,-2.3188085452305912e-10,-8.870934053816079e-12,-1.5295995548014073e-08,-4.078324593056526e-12,7.334610749783833e-07,-9.662665535921143e-09,-8.823913932993466e-12,-1.3373984449694834e-08,-6.8010577473845074e-12,-1.3239586447242672e-08,-2.3174749389660296e-10,-9.129752304623644e-09,-9.559952886715675e-09,-7.655756124860285e-12,-1.0439075376081286e-08,-5.897922369581319e-12,-6.539787185791175e-12,-1.7598732710706645e-08,-6.5474527214445256e-12,-6.654054478378681e-12,-1.4845591313125824e-08,-7.655915428974817e-12,-5.280815151234743e-12,-1.7050242211709918e-08,-9.643575046628985e-09,-2.3339905688630207e-10,-1.6948531251418465e-08,-5.242895972846477e-12,-1.2754260177371756e-08,-5.4143751842626686e-12,-6.036086975245126e-12,-1.7330857144159385e-08,-2.2805111136418953e-10,-5.741644169326799e-12,-1.1578377824240047e-08,-5.173734346067193e-12,-9.005924096333794e-09,-4.5624556546653625e-07,-4.6398495035792845e-07,-5.219518389774345e-12,-8.71207033527466e-12,-9.822935795900193e-09,-2.035807124958631e-08,-9.527380152374312e-09,-1.5218646036532424e-08,-1.2938744828545645e-08,-4.531862859043366e-07,-1.065989694070476e-08,-1.1809576953626007e-08,-1.3403992097247639e-08,-4.7837276171100525e-12,-1.0653711592482323e-08,-2.3065287866804026e-10,-8.066600730191085e-09,-1.7479232423634153e-08,-8.148932681247964e-09,-4.55747540395505e-07,-8.815420297122986e-12,-2.3018039560698e-10,-5.3970885436856166e-12,-6.098633216831044e-12,-4.846756622657155e-12,-2.2812024554956044e-10,-1.70626807955929e-08,-1.7887674817320388e-08,-6.029389631698973e-12,-7.417469908607897e-12,-1.0413285573604655e-11,-1.1673479067876802e-08,-5.400568632827428e-12,-4.647713100059567e-07,-5.99669533442837e-12,-3.7139854906090406e-12,-1.0666307070808377e-08,-5.012939394520256e-12,-1.191582664638126e-08,-1.7416567371895276e-08,-6.1784592294029635e-12,-5.848273373692939e-12,-4.6543771916857835e-07,-1.3452599761003527e-08,-7.761084819564735e-12,-1.0784303515102753e-08,-5.520689788441362e-12,-4.495267109308289e-12,-7.612089918049787e-12,-7.407922013897643e-12,-1.3103423274173358e-08,-1.2113281584971843e-08,-6.599694753518814e-12,-4.80745053603812e-12,-7.946491502563623e-09,-1.0217185684091231e-11,-1.347271858224358e-08,-1.0748546934720033e-08,-1.0671204192505203e-08,-5.010621551924795e-12,-1.1908359147435071e-08,-5.3793452479620945e-12,-8.397760002958795e-09,-6.656478425250485e-12,-4.694760892365431e-07,-4.5476934638523085e-07,-1.3345068764512021e-08,-1.0606704948264305e-08,-1.1917756135634836e-08,-6.031239112720793e-12,-1.1956039100020711e-08,-5.993728885054206e-12,-8.598421241500984e-09,-3.994078244821824e-12,-2.3031490643726228e-10,-5.2185266131436075e-12,-5.348411883591895e-12,-7.520209081495419e-12,-9.915800843479434e-09,-7.54603246994916e-12,-4.44381952969397e-12,-5.915842918231397e-12,-6.064495394605775e-12,-2.303664451444596e-10
