1.000000000000045,1.5689311464714232e-11,-2.397292925348882e-12,-1.3124058590786333e-11,-2.7447261792457446e-11,1.0000000000320928,5.277308110736122e-11,-3.0062863802314953e-12,7.226412781463739e-12,-8.852843514020731e-12,-5.555370806213301e-11,1.000000000046268,0.9999999999395852,6.847587693704158e-13,-6.424034098267283e-11,1.0000000000750726,3.144771173576039e-10,1.000000000110519,-5.747549927000716e-12,5.632754477925025e-11,1.0000000000901212,6.051926579812187e-11,-4.3793195743129563e-11,2.8564142467577686e-11,4.970919382649262e-13,7.292506357379244e-11,-8.751257498470659e-11,2.8459684665398008e-11,-5.092202181848459e-12,-9.5717742223261e-11,3.077042004638469e-10,-4.346955803812755e-12,-2.222458459115797e-11,-1.1979666270676245e-11,9.822822762969952e-12,2.874734833933766e-11,1.0566423419295198e-10,1.2622670136827923e-11,-2.435746855034914e-11,1.2111683668823097e-11,1.0000000001216707,1.0000000000461178,3.627467481337838e-11,1.1181501967419316e-12,-2.3477478504777253e-11,4.2659482318002584e-11,-2.6445130637195107e-11,-1.1401591377422159e-11,-3.973984523236104e-11,9.590011297666888e-12,-2.3330428752924328e-11,-2.321041598734329e-11,-6.199696953149279e-11,1.0000000000152531,-2.540187694591742e-11,1.0000000000382823,5.442629671452305e-12,1.6945960712105024e-11,-2.834743187222517e-11,1.051355035990363e-10,0.9999999998829043,-1.4219131542004235e-11,-3.79448853990516e-10,1.927592804806516e-12,1.387008487593809e-12,6.259455133114843e-11,-3.8030680244571294e-10,-3.7007898309919334e-10,-6.048378343982824e-12,-3.110618520315268e-11,1.0000000000935432,-2.257744788875405e-12,1.0000000000998925,-1.88201081123251e-11,-2.4794168087040178e-11,3.0811458880864495e-11,-3.332425043847866e-11,3.396324157370399e-11,-5.277671849826667e-11,-2.677403574809686e-11,-1.5427527175898477e-11,-2.859922880450189e-11,-3.194166370145499e-11,-3.059690418358254e-11,4.0734421515729215e-11,-4.370068494307514e-12,1.519845886343491e-11,-8.946243139840867e-13,-9.129996028215948e-11,-2.837842835140682e-11,8.741711750618672e-10,8.688427438016912e-13,-8.792281458727749e-12,1.0000000000654994,1.0000000000516973,-8.004661891046592e-11,-3.9813118685416887e-11,-1.6651364884250512e-11,-6.33557749610199e-11,-3.160817659963298e-11,2.117353044852348e-11,1.0000000000053302,-2.4915698008600397e-10,1.0000000000347509,2.5685692664745513e-10,-3.610646817174199e-11,1.525260943033527e-10,-2.151772185770674e-11,1.0000000000889124,0.9999999999060692,1.000000000089814,1.5710014898272114e-10,-2.3136544204313607e-11,-1.374078322779882e-11,6.119326694581613e-11,-7.436049123775927e-11,7.664850518603183e-12,-1.308930078044382e-11,-1.873723940233349e-12,-7.556838044618291e-12,-4.9176440588468726e-11,-6.813993286789052e-11,3.170651486087626e-12,-5.308895116743385e-10,1.977084091803161e-10,-2.1049890127465577e-12,-1.9141260260641194e-11,-7.52580280636924e-12,9.242485976958263e-11
1.5689311464714232e-11,1.6239380495836195e-13,-2.7299800261367622e-15,-2.0965686332137865e-15,-1.5100771891241985e-15,1.936249642894628e-11,-2.4224028844068424e-15,-1.5336888520934515e-15,-2.275702270205056e-15,-1.2538362094764288e-15,-1.565889790880794e-15,1.93625225552065e-11,1.936514576068144e-11,-2.0389843576428318e-15,-3.861855710329016e-15,9.701170781015598e-15,-2.651885896382575e-15,1.936313494534177e-11,-1.8218192817093084e-15,-1.652855612291522e-15,1.9363235915583926e-11,-1.8724621427685973e-15,-2.0654579590886186e-15,-2.000259968795106e-15,-1.8526419503775994e-15,-2.7395783869099767e-15,-2.1606799629913825e-15,-2.4417462014117125e-15,-1.81670376563444e-15,-2.1077068935198274e-15,-3.2830610759799368e-15,-1.3478088824483e-15,-1.3591098970457647e-15,-1.4248560025467427e-15,-1.712002368984946e-15,-2.287259334126688e-15,-2.249853921419193e-15,-1.7563732690834523e-15,-1.7070366649899912e-15,-1.236600543478186e-15,1.9363446897786973e-11,1.9363177292730695e-11,-2.3514746068809263e-15,-1.2931990728115296e-15,-1.821246556039786e-15,-1.9856689169515574e-15,-1.6893292856037274e-15,-1.8311345537968217e-15,-2.0793213409676016e-15,-1.629027172349309e-15,-2.1397668770778508e-15,-1.5581768843787935e-15,-2.069568921904943e-15,1.936301751622039e-11,-1.4804113693602292e-15,1.936473450918619e-11,-1.991066296611684e-15,-1.6072490669422647e-15,-1.9081556369105677e-15,-1.1016210152301694e-18,9.700970681220566e-15,-1.0982982314869954e-18,-1.848830761517239e-18,-7.120860810439949e-19,-1.1565578801028853e-18,-9.05461284042508e-19,-1.440408278668884e-18,-1.6025802294205687e-18,-6.742182123600073e-19,-5.8977764062737e-19,9.700013854853553e-15,-1.0476698065710753e-18,9.700827597534956e-15,-1.0402755565817468e-18,-9.674436720863398e-19,-1.2752773014391845e-18,-9.293839524146329e-19,-1.0319654226448184e-18,-7.709304865076741e-19,-6.974687436410476e-19,-9.398541425415652e-19,-9.588728407422942e-19,-5.754922746249645e-19,-8.57456992992474e-19,-9.809309084698331e-19,-1.0934949464971777e-18,-1.506391626083139e-18,-8.126076955398623e-19,-1.1843970345766545e-18,-9.727553294361964e-19,-1.480537066031392e-18,-7.944174053715772e-19,-8.018061141002162e-19,9.700424743099763e-15,9.700253193155981e-15,-1.3049625471985273e-18,-1.2783557883547715e-18,-7.495841834978699e-19,-1.4932765891488898e-18,-1.10362646294592e-18,-5.5254790596106805e-19,9.701048918313573e-15,-1.5189653172595985e-18,9.700804747690614e-15,-1.3928004580841666e-18,-9.254203503028653e-19,-1.2249039648950598e-18,-6.674181054220186e-19,9.700469048922731e-15,9.701247741051585e-15,9.701248590214475e-15,-1.2118054440906537e-18,-8.728515854309823e-19,-6.600008946315818e-19,-8.670071545389493e-19,-1.0584692275232167e-18,-8.325839081147268e-19,-7.571060647747469e-19,-9.671597103910004e-19,-5.486587782322602e-19,-7.414599709968681e-19,-9.507812720224112e-19,-7.201090819738568e-19,-1.2462355253032662e-18,-1.069507717393216e-18,-8.166622446368784e-19,-1.02283835076723e-18,-6.878774948034224e-19,-1.859034820226367e-18
-2.397292925348882e-12,-2.7299800261367622e-15,1.5791618731967348e-13,-1.7192443566771273e-18,-1.396551149313986e-18,1.194719200117426e-12,-3.855454530244635e-15,-1.3052704402245152e-18,-3.863492822856334e-15,-9.111075643860757e-19,-1.179172283852564e-18,1.1945956710527387e-12,6.001330322957662e-16,-1.7228197590387503e-18,-4.126389319867542e-18,1.197630716667943e-12,-4.217176138455542e-15,5.990344005764936e-16,-1.458652296069329e-18,-1.2974517658130678e-18,1.1960873063286412e-12,-1.2339795859879055e-18,-3.107268642533147e-15,-3.220290525232171e-15,-1.4566698795937381e-18,-2.2521023283497778e-18,-3.516196838190837e-15,-1.909335988088325e-18,-3.0017097484645395e-15,-1.6898961363780412e-18,-5.094295482887707e-15,-1.1491205771262203e-18,-2.3715825570116246e-15,-1.0146097950389921e-18,-1.2562831713290094e-18,-1.7203542905253985e-18,-1.839537151729893e-18,-1.2877059207723016e-18,-2.8139479309632764e-15,-2.030392910372275e-15,1.1960035975669743e-12,1.195800030330514e-12,-2.028013395289507e-18,-2.2007834884923626e-15,-1.372109599711798e-18,-1.5532106877753362e-18,-2.7811590627142793e-15,-1.4201594851410844e-18,-3.180735245651572e-15,-2.5979394857662236e-15,-1.574768500658621e-18,-1.2858662173994423e-18,-3.384885435730296e-15,1.1954504490162672e-12,-2.483016329473266e-15,1.1983732144607247e-12,-1.3601093654007975e-18,-1.2889468161963673e-18,-2.8461437948352182e-15,-3.709720771551658e-15,1.197552700142137e-12,-3.815328962175458e-15,-5.974232412927867e-15,-2.596745576029351e-15,-3.671408366137666e-15,-3.297348561931744e-15,-4.855834910655246e-15,-5.402905462482957e-15,-2.091791943234941e-15,-2.100944744748577e-15,1.1945661666627029e-12,-2.820118070532253e-15,1.1964212552429145e-12,-2.801391068612805e-15,-2.4751261042825045e-15,-3.534560234584954e-15,-2.684667339875281e-15,-2.980135004991368e-15,-3.264741368643571e-15,-2.3479234789596387e-15,-3.4682942513036583e-15,-3.3277982070405316e-15,-2.3883071764220074e-15,-2.6258107878723043e-15,-3.931824258602378e-15,-2.9946235449382968e-15,-3.3417401780790055e-15,-2.4964859318794674e-15,-3.5262282722112525e-15,-2.615206413192319e-15,-4.629149026126387e-15,-2.4327228760735073e-15,-2.743402417205369e-15,1.1949520433738102e-12,1.1957238657470156e-12,-3.442479274054078e-15,-3.019663628212691e-15,-2.3938830180332574e-15,-3.1166303628326767e-15,-2.2829072529115623e-18,-1.817391777323889e-18,6.003332137881224e-16,-2.3818597588286254e-18,5.997554459386328e-16,-2.1067627130394926e-18,-1.6770965734632882e-18,-1.7463819902658475e-18,-1.2452686565148735e-18,5.992448051012328e-16,6.007004884524093e-16,5.997228545383484e-16,-2.1242295184557403e-18,-1.624692050312425e-18,-1.0709154033764411e-18,-1.4320841639520968e-18,-1.8004127024542636e-18,-1.5417131980677566e-18,-1.335174099394897e-18,-1.5781795478189903e-18,-1.2962899885752875e-18,-1.3338763791486827e-18,-1.5662160813522919e-18,-1.1527799650520183e-18,-2.2698566104487834e-18,-1.882441790347348e-18,-1.3552539067073836e-18,-1.617898773037119e-18,-1.177579822360334e-18,-2.0329518929819897e-18
-1.3124058590786333e-11,-2.0965686332137865e-15,-1.7192443566771273e-18,1.6153510460388119e-13,-2.047401764859175e-15,-9.474628285274038e-12,-2.814738774444134e-15,-1.86380300445119e-15,-1.766302687191948e-18,-1.4824825006539895e-15,-4.488782892024312e-19,-9.474703941364336e-12,-4.7451371260406694e-15,-1.2788134709483982e-18,-4.463047733580734e-15,-4.745467003772805e-15,-1.4632963517943532e-18,-4.745790230576995e-15,-2.1213178021224523e-15,-1.92589814621199e-15,-4.7460832951229e-15,-1.128170627291972e-18,-1.3624769315324986e-18,-1.515466790876652e-18,-2.1604464417886708e-15,-1.824676092936463e-18,-1.1583849042365483e-18,-1.4581838833339028e-18,-1.1139030235487271e-18,-1.2740130676536085e-18,-1.9084164622191596e-18,-1.668674511977498e-15,-6.685366041963637e-19,-1.6066034943832136e-15,-2.0403990541643608e-15,-2.5709176726606432e-15,-2.79413568326607e-15,-1.9407750410828564e-15,-1.3717640965921563e-18,-1.5294959506787042e-15,-9.473670040640684e-12,-9.473812196973515e-12,-1.6318477400036109e-18,-5.519704069912173e-19,-1.1096544188811227e-18,-1.2726241509294905e-18,-1.0191423945153398e-18,-1.0749586942054607e-18,-1.1401493964760947e-18,-1.1076245442568268e-18,-1.2145079392256208e-18,-8.921338738257831e-19,-2.5484373826222937e-15,-4.746288120726952e-15,-1.804136929069783e-15,-4.7452223532653996e-15,-2.487846013844022e-15,-1.0462549611762577e-18,-1.5229676231423902e-18,-2.7605744785215585e-15,-4.74534498212466e-15,-1.1836059670517788e-18,-4.542184441720366e-15,-1.973055377960014e-15,-2.786454298400775e-15,-1.282276176152968e-18,-3.632670335449155e-15,-4.03121348551238e-15,-8.264285549249219e-19,-1.6137923644080063e-15,-4.7462722087729924e-15,-6.19680744534527e-19,-9.47333637322883e-12,-1.2624416733508478e-18,-1.857563753257446e-15,-2.70355834091908e-15,-1.0686298649768332e-18,-2.2563955608125454e-15,-2.4621986309203407e-15,-1.797890829321048e-15,-2.5977355261527785e-15,-2.4753555901690218e-15,-1.7395286837841264e-15,-1.3715045579600215e-18,-1.4994662846957417e-18,-2.210029325681302e-15,-2.5264093924665973e-15,-1.8988542376654696e-15,-1.6250407308972004e-18,-1.0443694363967345e-18,-1.7290009532548311e-18,-9.553294419189675e-19,-1.0969459738811785e-18,-9.47450868201729e-12,-4.74610932145762e-15,-1.5593070477378176e-18,-1.1279260938318165e-18,-1.7631137442468862e-15,-2.338113519932788e-15,-2.535132476421927e-15,-2.249191917920494e-15,-9.47246806894095e-12,-3.4698066490284784e-15,-9.472597420298184e-12,-3.391999584457307e-15,-2.0599825002486327e-15,-3.0127591274562973e-15,-1.9596576482387746e-15,-9.473733554439466e-12,-9.471376665377031e-12,-9.472920127645077e-12,-2.8591409365803262e-15,-2.314748531922383e-15,-1.590141069008389e-15,-2.2884227474147897e-15,-2.5266559483486048e-15,-2.347823424364649e-15,-2.022015908710447e-15,-1.0349654488960325e-18,-8.972115200523958e-19,-8.478430493080855e-19,-1.3946352411912945e-18,-7.58098116081817e-19,-1.8346096196207498e-18,-1.6113338672998076e-18,-7.542176931185712e-19,-1.2780967912888454e-18,-8.023164724456157e-19,-1.9482038427974213e-18
-2.7447261792457446e-11,-1.5100771891241985e-15,-1.396551149313986e-18,-2.047401764859175e-15,1.6240367211246379e-13,-2.375840631177321e-11,-2.2098159479947692e-15,-1.4442216754694952e-15,-1.4705997143170836e-18,-7.428367997277578e-20,-6.9884236270768945e-19,-1.1902512787901821e-14,-1.1901397264778616e-14,-2.02517764299999e-15,-1.4214663628398116e-18,-2.375680342407607e-11,-1.4299143001829974e-18,-2.3757741166932504e-11,-1.1411452832064044e-18,-1.4816936929809866e-15,-1.1902015424245545e-14,-1.6116121054386672e-15,-1.6248816380349377e-18,-1.8756075153057437e-15,-1.4014559403203168e-18,-2.622015837136477e-15,-1.0118426013292273e-18,-2.218274754973348e-15,-1.7970178603529645e-15,-2.181766952951082e-15,-1.2156644154686365e-18,-1.4463199941658725e-15,-1.4671629011705345e-15,-9.742291789255019e-19,-1.4988903223019473e-15,-1.8903388454530263e-15,-2.1919150363907563e-15,-6.843405804355655e-19,-9.023742724416548e-19,-1.2122624732916048e-15,-1.1902034877671439e-14,-1.1902037361818338e-14,-1.3693961203438608e-18,-1.343602834353013e-15,-1.6965066495174256e-15,-1.8107227545205685e-15,-1.6825130816999647e-15,-8.5736606265541895e-19,-1.7614625625234185e-15,-6.468784818353192e-19,-7.70506050618238e-19,-8.364914031924203e-19,-1.0358223596791483e-18,-1.1902205362823544e-14,-1.4952320014615625e-15,-1.1901341388287728e-14,-1.997986570355051e-15,-7.619368166469483e-19,-1.5771899704159142e-15,-1.3543940859775912e-18,-1.1901458425149623e-14,-1.0509155525355845e-18,-3.530841666650756e-15,-1.6057449008125639e-15,-1.0841767672330158e-18,-1.9665152769362085e-15,-2.810902411853978e-15,-3.299087401947452e-15,-1.2894844275902814e-15,-2.8108299541499878e-19,-2.375839625380248e-11,-8.872492946274663e-19,-1.1901947344234402e-14,-1.4332047994258117e-18,-7.315609293380777e-19,-1.9063847966805237e-15,-6.346942534946465e-19,-1.0545023871810518e-18,-1.1092821044512835e-18,-8.613590582554915e-19,-2.035232491040303e-15,-2.005764373320176e-15,-1.5061543776910582e-15,-9.283552102807707e-19,-2.381075616965295e-15,-9.35474129827878e-19,-1.835320483617366e-15,-1.4294675219389438e-15,-2.0050606332103832e-15,-1.4975990738516073e-15,-1.3951974938277862e-18,-1.4358639302776928e-15,-1.6928450137007329e-15,-1.1902533425127462e-14,-1.190218354050258e-14,-9.892015973217263e-19,-1.8635708371139495e-15,-1.4216016549600515e-15,-1.8354381631527647e-15,-1.872208581374252e-15,-1.7453572362334376e-15,-2.3756715710976232e-11,-1.4041709745214124e-18,-2.3756907731578873e-11,-1.5129057787473632e-18,-6.98196785739956e-19,-2.3253591853876693e-15,-1.4089312217827903e-15,-2.3757703319782887e-11,-1.1901125298126665e-14,-2.37572083412777e-11,-2.3115137716897638e-15,-8.842369058010268e-19,-6.443151730059904e-19,-8.471453467330273e-19,-1.983794340830513e-15,-7.388670626326661e-19,-7.746110061863832e-19,-1.6614794824841325e-15,-1.2858985562318685e-15,-1.6904968147654217e-15,-1.635162912567952e-15,-1.154534461638249e-15,-2.939016370913618e-15,-2.2111827275806406e-15,-1.6423005474969443e-15,-1.7338728538076894e-15,-9.838302523753773e-19,-1.2648727220729137e-18
1.0000000000320928,1.936249642894628e-11,1.194719200117426e-12,-9.474628285274038e-12,-2.375840631177321e-11,1.0000000000055342,5.637998052336504e-11,3.4495953990393496e-16,1.0836419593561678e-11,-5.1333901321264436e-12,-5.1848495641800633e-11,1.0000000000195488,0.9999999999129533,4.325722975867646e-12,-3.0439772290349354e-14,1.0000000000484153,3.180584527489026e-10,1.0000000000838285,-1.0362717868589005e-15,3.0065525667758415e-14,1.00000000006343,6.419381073085417e-11,-4.0135494101985605e-11,1.6142121643814516e-14,2.090033260615922e-15,7.651552706815811e-11,-8.3873554360312e-11,3.2082546812820567e-11,-7.109882032038958e-16,-4.612701530698168e-14,3.112492324380333e-10,-6.388097613684662e-13,-9.279420253502859e-15,-4.14128841670149e-15,1.350613083775433e-11,3.2387080316764006e-11,1.0929412829213919e-10,1.631344835857739e-11,-2.0674333507535142e-11,7.931206052872638e-15,1.0000000000949831,1.0000000000194238,3.989440931238341e-11,2.417913568278658e-15,-1.98156147835122e-11,2.320008492971934e-14,-2.275935205509742e-11,-3.868774467841559e-15,-3.6073772076175364e-11,1.3278514816292946e-11,-1.9686920882544575e-11,-9.775474022460894e-15,-2.922932917842288e-14,0.9999999999885594,-2.170737232605159e-11,1.0000000000116338,4.550067664681321e-15,2.0632896126326495e-11,-1.2355795040471988e-14,1.0875733000751367e-10,0.9999999998562474,-1.0600654315743467e-11,-3.759598785514814e-10,5.617378645132346e-12,2.510109018102821e-15,3.318710307225559e-14,-3.7676339153168957e-10,-3.665417394172567e-10,-1.1656629939713452e-15,-1.3725658043523828e-14,1.0000000000668257,7.121488856939367e-16,1.000000000073212,-7.586577726778148e-15,-1.0568975699008829e-14,3.443113486876856e-11,-2.964549027510801e-11,3.761824277536032e-11,-4.9120349373557616e-11,-1.1558017773389119e-14,-1.1788145163986536e-11,-1.2496378108769862e-14,-2.8236015608272564e-11,-1.3478240514838088e-14,4.4358284489392046e-11,-3.488301445480647e-16,9.438583954658157e-15,1.4025899378703055e-15,-8.765642168053264e-11,-1.2372320666103782e-14,4.3972182563887884e-13,2.2886345136582906e-15,-2.5575807125718044e-15,1.0000000000387772,1.0000000000249971,-3.827597789570628e-14,-3.613940667498524e-11,-6.4867659596468264e-15,-5.970155681814995e-11,-2.7963725323067358e-11,2.4828478663177296e-11,0.999999999978679,-1.2304461804375092e-13,1.0000000000080809,2.6044420680622993e-10,-3.243226799805524e-11,1.561420245249361e-10,-1.7822253477550756e-11,1.0000000000622162,0.9999999998794307,1.0000000000631415,1.6071435214832616e-10,-1.94700797828367e-11,-5.024706833099127e-15,3.248624359204819e-14,-7.071672889556979e-11,5.670902820229758e-15,-9.401706514964616e-12,9.134076147594742e-16,-1.9287769388192984e-15,-2.2787280791237523e-14,-6.448457630600721e-11,3.4506704958098344e-15,-5.273301036323091e-10,2.0132700521870543e-10,1.584475489580062e-12,-7.748840027837629e-15,-3.823395710365352e-12,9.601101254705702e-11
5.277308110736122e-11,-2.4224028844068424e-15,-3.855454530244635e-15,-2.814738774444134e-15,-2.2098159479947692e-15,5.637998052336504e-11,1.6060362923021934e-13,-2.0362926955712297e-15,-3.1760617856141884e-15,-1.6547980500826568e-15,-2.064475228629546e-15,5.637994203852876e-11,5.638361040010564e-11,-2.890398770349895e-15,-5.046861205503854e-15,2.8246419440849424e-14,-1.7498777224025093e-18,2.8245726834815173e-14,-1.2639436256617503e-18,-1.1182122287505129e-18,2.8245385229544236e-14,-2.474974441993275e-15,-2.786519199338402e-15,-2.775606738732138e-15,-2.402658872214442e-15,-3.727164360791025e-15,-1.451251491154423e-18,-1.6468309682056523e-18,-2.5839104383234064e-15,-1.42584212026374e-18,-2.193198526764715e-18,-1.1734257866761095e-18,-1.9200492498336634e-15,-6.266061241418559e-19,-1.1853479378783553e-18,-3.0648905116187634e-15,-3.039126570500285e-15,-2.2900371296564362e-15,-2.4012355226548317e-15,-9.084109929473346e-19,5.638125954125823e-11,5.638093642397643e-11,-3.0388118513686475e-15,-1.805436268276784e-15,-1.3402744390993369e-18,-1.366516875479798e-18,-1.3687479332872203e-18,-1.2535972721621129e-18,-1.3422675532652747e-18,-9.577988435650015e-19,-2.919655809225984e-15,-2.079308453919997e-15,-2.4274074419605628e-18,5.638062997237328e-11,-2.125949998568182e-15,2.8246510486341492e-14,-2.761703446928935e-15,-2.2899306569597486e-15,-2.492291131467733e-15,-1.6007305122736829e-18,5.6382369927137455e-11,-1.4817868125618798e-18,-2.5239200379504e-18,-1.2591183004965453e-18,-3.1182895423036996e-15,-2.7602089358233007e-15,-4.173523826056894e-15,-4.441508961624087e-15,-6.84194190807137e-19,-9.258656405249768e-19,5.637979321636758e-11,-2.357946898144131e-15,5.638163561747127e-11,-2.4975427075673268e-15,-2.1344890562595275e-15,-3.167660450027372e-15,-1.0363993859982649e-18,-1.6307467806267497e-18,-1.7686553010967972e-18,-1.973553234548419e-15,-1.4663846918528064e-18,-1.230007924797372e-18,-1.0123129845381743e-18,-1.2175303082732415e-18,-2.0197710983591367e-18,-2.472000482788412e-15,-1.2903394144240348e-18,-2.145041448862426e-15,-1.6944397358347537e-18,-9.974931439526511e-19,-4.0325441214098434e-15,-1.058040633674315e-18,-1.104276708569692e-18,2.8245154860420552e-14,5.638084771399693e-11,-1.36431820814092e-18,-1.209561245100763e-18,-1.0717467184274446e-18,-2.6454587452066985e-15,-2.9539146947924975e-15,-2.6678050657213557e-15,5.638227867423094e-11,-1.900164819960137e-18,5.638233500784973e-11,-1.6666188934503881e-18,-1.2522117529576653e-18,-1.6611942933468733e-18,-2.142786306677646e-15,2.8245337427028772e-14,2.8247055026041412e-14,2.8246232435161026e-14,-3.1399361281347855e-15,-2.6780889430930785e-15,-1.849203997834809e-15,-1.2966253775518543e-18,-1.247626399182546e-18,-1.2694759494196486e-18,-1.170521235380845e-18,-1.1025300459747478e-18,-1.97464913918753e-15,-8.001042217738985e-19,-1.4131107530319416e-18,-1.856820485844461e-15,-2.070619030931497e-18,-1.8455750617972817e-18,-9.264389934482973e-19,-1.155138181948566e-18,-1.8921726241761713e-15,-3.952614973693745e-15
-3.0062863802314953e-12,-1.5336888520934515e-15,-1.3052704402245152e-18,-1.86380300445119e-15,-1.4442216754694952e-15,3.4495953990393496e-16,-2.0362926955712297e-15,1.6274081749837763e-13,-2.0657927141270705e-15,-4.375705493039897e-19,-5.795341425104837e-19,6.886972063736892e-13,6.909466839858942e-13,-9.174046448993261e-19,-1.608029137226321e-18,3.458568498681888e-16,-2.3041255281017737e-15,6.892688235884315e-13,-3.1861557331108135e-19,-1.4045464126103523e-15,3.453737929693856e-16,-5.350408107194971e-19,-1.6935868607944969e-15,-1.7174018298477482e-15,-8.60130905114133e-19,-1.2813884366383038e-18,-9.401985090058446e-19,-1.1903176902667712e-18,-9.203327577445867e-19,-1.8759489024033644e-15,-2.779729099347473e-15,-1.2029476150617648e-15,-5.866363338016284e-19,-1.1756461800652812e-15,-8.469478470598911e-19,-9.140112254454507e-19,-2.0038136927527745e-15,-1.7482694171320247e-19,-7.448843321452244e-19,-5.594615541808328e-19,6.894371571455479e-13,3.4547553004355366e-16,-2.0470954499825047e-15,-7.560473113070484e-19,-1.556075138074692e-15,-8.454690858282354e-19,-1.5054382691939374e-15,-1.185263073095489e-18,-1.717461466721102e-15,-9.713594048193277e-19,-8.961154614477371e-19,-1.3074065312980175e-15,-8.509690173785636e-19,3.452679711717319e-16,-4.350765602990236e-19,3.4589787738255463e-16,-8.699230189407098e-19,-1.3705255096674111e-15,-6.988987665920268e-19,-1.9744264800466353e-15,6.902597167091777e-13,-9.839651765961927e-19,-1.6112355828754338e-18,-6.793396764964225e-19,-9.486266098548717e-19,-9.301388262252274e-19,-2.6265437862102866e-15,-2.873093888281923e-15,-1.1596760303484372e-15,-1.1810677899153023e-15,6.885904288061141e-13,-1.5097694551729153e-15,3.455806683569569e-16,-1.5050832626173101e-15,-3.6234286540962163e-19,-1.3221173311037048e-18,-1.5076806408853305e-15,-8.734184745381127e-19,-1.7522870670193688e-15,-7.604882399841121e-19,-1.07944126785913e-18,-9.223325418604019e-19,-1.245321883813866e-15,-1.445509829689278e-15,-2.0557731371493483e-15,-8.559908266851375e-19,-1.846169613073884e-15,-1.3674265714078397e-15,-1.994278918394475e-15,-4.839467524580419e-19,-2.499982359390764e-15,-1.3236136441681519e-15,-4.735499543821786e-19,3.4502918101105044e-16,3.452502968454095e-16,-1.8762242781324684e-15,-1.6006963986733032e-15,-5.249254863546249e-19,-1.6742305430900824e-15,-1.1244683838396961e-18,-3.464375156220822e-19,6.902536914756477e-13,-2.4897859295570145e-15,3.457782293962966e-16,-1.0055840828768138e-18,-1.52583913043686e-15,-9.298454768149766e-19,-1.4228240618681186e-15,3.454095425814618e-16,3.460631743694371e-16,3.457002601912512e-16,-2.0435801696805625e-15,-6.207474919926172e-19,-1.137236664940827e-15,-1.6737122349131935e-15,-8.770041205193045e-19,-1.7037649825063255e-15,-9.522147810181009e-19,-1.379107729007985e-15,-1.2547690400330162e-15,-1.46579845767074e-15,-1.626883943650202e-15,-1.1276357894973868e-15,-2.570481644819604e-15,-8.59158816233991e-19,-8.090678791827471e-19,-1.5944238069786855e-15,-1.2196929123201144e-15,-1.1674802940158358e-18
7.226412781463739e-12,-2.275702270205056e-15,-3.863492822856334e-15,-1.766302687191948e-18,-1.4705997143170836e-18,1.0836419593561678e-11,-3.1760617856141884e-15,-2.0657927141270705e-15,1.6092532405766403e-13,-1.6313930964619603e-15,-1.9941138053608917e-15,1.0836297285720754e-11,1.083991236852831e-11,-1.196419483071329e-18,-4.840815846675553e-15,1.0838929997225978e-11,-3.539116475536836e-15,1.0837340229855626e-11,-2.4222261925660677e-15,-2.148726823591433e-15,5.428944393626515e-15,-2.3786517254763243e-15,-9.025675063341197e-19,-2.6856368199931986e-15,-9.155878663016001e-19,-3.734300494733073e-15,-2.96712210941091e-15,-3.212444513511159e-15,-1.185061268642843e-18,-3.017948067618373e-15,-1.764385982739475e-18,-1.970209962680788e-15,-9.313600444277042e-19,-1.2303355319262076e-18,-2.2090224607412974e-15,-1.5943259925439368e-18,-3.093183080661559e-15,-1.1083468725432363e-18,-1.1981130958428587e-18,-1.7169013992861167e-15,5.429208132035564e-15,1.0837355506790028e-11,-1.3655061673224046e-18,-1.8723964614996168e-15,-2.4391023977608287e-15,-2.6353591588392173e-15,-2.35463484909747e-15,-8.418659185789766e-19,-1.453084860248988e-18,-1.3324317679534993e-18,-2.8288955682623574e-15,-1.97276255829085e-15,-2.8610165631584495e-15,1.0837024460801938e-11,-8.541493901555308e-19,1.0839608542441251e-11,-2.808538233235231e-15,-1.2842068660955765e-18,-1.106196787877729e-18,-1.7817560352278794e-18,5.430199521440454e-15,-3.2083719937195176e-15,-2.4044343505161322e-18,-2.207513374049647e-15,-3.09197318634881e-15,-2.7899215743914454e-15,-4.063839722720933e-15,-2.5548850605542675e-18,-1.800838116414949e-15,-1.782153510015542e-15,5.428579938019167e-15,-1.317376714748947e-18,5.429721404913185e-15,-1.055767315483726e-18,-2.0547211471975126e-15,-2.921814353178107e-15,-1.3831095689068267e-18,-1.1147764845807279e-18,-2.770875558817621e-15,-9.103393664133769e-19,-2.901982184471274e-15,-1.4344290984476442e-18,-2.0366489034921005e-15,-8.767487278224138e-19,-1.5131387610848633e-18,-2.5433432079739873e-15,-7.697269472157255e-19,-1.0542225860546307e-18,-1.4850246245174713e-18,-2.1549759074849226e-15,-1.768310804875762e-18,-9.150490943410571e-19,-1.504740158357528e-18,1.0836595191872576e-11,1.0837283929903992e-11,-1.4830081846926733e-18,-2.5579073175115693e-15,-1.9987368136177094e-15,-1.4927569374548766e-18,-1.4377656741604357e-18,-1.3345322127178849e-18,1.0838842905592729e-11,-2.0805214002071635e-18,5.4303578651901965e-15,-1.8635151244058882e-18,-2.133150309076195e-15,-1.4279435522882414e-18,-2.0937467614567302e-15,5.429413743708831e-15,5.4304661597266904e-15,1.0838316535889146e-11,-1.6508027236206467e-18,-2.6980536158633123e-15,-1.7614570370335891e-15,-9.380244004428234e-19,-1.6780374953907541e-18,-1.2145689734954378e-18,-9.635902306561168e-19,-2.2345626729333494e-15,-1.8957433133619596e-15,-2.323458529692268e-15,-1.1358714323445415e-18,-1.712437663106697e-15,-2.0770872250148207e-18,-3.2109011090434012e-15,-9.897696121145637e-19,-1.2324426014514904e-18,-9.794365534505098e-19,-3.6300403492487355e-15
-8.852843514020731e-12,-1.2538362094764288e-15,-9.111075643860757e-19,-1.4824825006539895e-15,-7.428367997277578e-20,-5.1333901321264436e-12,-1.6547980500826568e-15,-4.375705493039897e-19,-1.6313930964619603e-15,1.6301569927088206e-13,-1.0705886540083237e-15,-2.5715344848564622e-15,-2.57075287599836e-15,-1.425551350710872e-15,-1.4398459231012927e-18,-5.13203758211448e-12,-1.852395080291813e-15,-2.571556604560008e-15,-1.4929089377072202e-19,-8.689269971400945e-19,-2.5713530850905724e-15,-1.2845306001082598e-15,-7.578183168019923e-19,-1.3842023337944612e-15,-5.419610972369214e-19,-1.2508643218789039e-18,-7.405277246407282e-19,-8.879868755115594e-19,-6.785889351993954e-19,-1.4886583326097342e-15,-1.182847465978622e-18,-7.233810349265047e-19,-6.533188070968733e-19,-9.622642393309314e-16,-1.191921030948935e-15,-1.5347567410251045e-15,-1.5918753126962704e-15,-1.1789244662704942e-15,-1.1834446793612117e-15,-8.73711701955037e-16,-2.5713322129574868e-15,-5.1329162628309496e-12,-9.354045984774293e-19,-4.586318544158774e-19,-6.497202356812956e-19,-1.3785631217407875e-15,-1.1938089621535391e-15,-8.181145170549899e-19,-1.4045191755878703e-15,-4.231241329591822e-19,-8.28850870681919e-19,-1.06336587875072e-15,-1.4507597926891465e-15,-2.5715311756046855e-15,-3.3271989352968433e-19,-2.5707303553405846e-15,-3.441016016524864e-19,-1.1082201869928542e-15,-8.628623709754753e-19,-9.593904505320654e-19,-2.571112622173913e-15,-1.650507396461572e-18,-2.6156787194177553e-15,-5.911861137812979e-19,-8.48421068689165e-19,-9.78491764305889e-19,-1.1127821696927546e-18,-1.277488299776441e-18,-5.2872018401484275e-19,-7.272766479693343e-19,-2.5716363957196947e-15,-1.2030686552004915e-15,-2.571418090568599e-15,-1.2311214208420222e-15,-1.0796576994323898e-15,-9.390288914143525e-19,-1.2479510116988286e-15,-5.8047574988299e-19,-8.139339648396054e-19,-1.8753804708864442e-19,-1.494550752844191e-15,-1.4081528967630267e-15,-3.2910586403752352e-19,-8.39483168584783e-19,-1.6372341189771016e-15,-1.2407017713137446e-15,-1.2338934991410906e-18,-9.0025272719496e-19,-1.6122482927613224e-15,-1.1121608246251137e-15,-2.0409338166319543e-15,-5.169486316837431e-19,-1.1814064135044529e-15,-2.571382790328676e-15,-2.5714905634611605e-15,-1.4987928452314312e-15,-1.2624431222626393e-15,-2.572282212351235e-19,-7.448411210075492e-19,-9.127677379892777e-19,-1.327510565759336e-15,-5.1321819497328146e-12,-8.96312098042445e-19,-2.5710439428628592e-15,-1.9332065649409064e-15,-1.2629083454612378e-15,-1.7603862714958766e-15,-1.1486118921815505e-15,-2.571020091498955e-15,-2.5709641792250644e-15,-2.5711253245135498e-15,-6.535418935253847e-19,-1.3080640056542547e-15,-4.542902838365452e-19,-7.215535959247687e-19,-1.4521505532951107e-15,-6.972731813153795e-19,-5.931522635008519e-19,-1.0699837658268359e-15,-1.0154914641120165e-15,-1.1486465678392813e-15,-1.3314790048631832e-15,-9.231498115607274e-16,-9.826611324446262e-19,-8.120197931216374e-19,-7.887138338307946e-19,-1.2679061028185296e-15,-5.585231999827363e-19,-1.1965501994931329e-18
-5.555370806213301e-11,-1.565889790880794e-15,-1.179172283852564e-18,-4.488782892024312e-19,-6.9884236270768945e-19,-5.1848495641800633e-11,-2.064475228629546e-15,-5.795341425104837e-19,-1.9941138053608917e-15,-1.0705886540083237e-15,1.6286298851612121e-13,-5.1848482119905746e-11,-2.597366370294494e-14,-8.298916087851133e-19,-3.288304332676777e-15,-2.5973809434884023e-14,-1.3555260568369605e-18,-2.5974537903739588e-14,-1.5442086675665145e-15,-1.4066154600388386e-15,-2.5974591693955958e-14,-9.957648065176145e-19,-8.086817862156981e-19,-1.717123460040487e-15,-1.5797665816731784e-15,-2.3745751265570506e-15,-9.25662034398929e-19,-1.0584635507567338e-18,-5.173398888250488e-19,-6.675197096976333e-19,-2.808544921993983e-15,-1.1702251803512641e-15,-4.358525025229793e-19,-6.4863895245194395e-19,-8.287417551522433e-19,-1.927644478281672e-15,-1.960097527370578e-15,-1.4737985958883986e-15,-1.4727570959133412e-15,-3.702703775464012e-19,-2.597449633551967e-14,-2.5974445540805932e-14,-2.0294043073793617e-15,-2.7484289173012904e-19,-1.5563904449214898e-15,-1.7026783429896576e-15,-7.207297976165904e-19,-9.768939903047344e-19,-9.528504981827906e-19,-5.914806407929332e-19,-1.8307892462249153e-15,-1.4579682869277444e-19,-1.7835060246141346e-15,-5.1848043753940085e-11,-8.773351237094559e-19,-2.5973792299300297e-14,-1.730737121001266e-15,-1.3769111983844076e-15,-1.615385642164453e-15,-1.946290365101356e-15,-5.184702373939232e-11,-2.059529639097903e-15,-3.224171581658301e-15,-1.3423572752607717e-15,-8.86194446419772e-19,-1.7478421227232753e-15,-2.6319620146726258e-15,-2.7933279898453864e-15,-1.1079333914978282e-15,-3.07851859797097e-19,-2.5974797025546714e-14,-7.89490061391658e-19,-5.18474805076675e-11,-1.538023456114665e-15,-1.3470810507879821e-15,-1.1397954021448319e-18,-1.5748487627511962e-15,-1.0345856798464116e-18,-1.6940975762907674e-15,-6.82551874188841e-19,-8.945232696357707e-19,-9.932403059018621e-19,-1.1955169563454955e-15,-1.4612101890554912e-15,-9.971460156655103e-19,-1.0390516457234178e-18,-1.8980532983404326e-15,-6.640849471371933e-19,-1.0441517465656346e-18,-1.3890806595831095e-15,-1.8448239623960748e-18,-7.588462876339964e-19,-1.439662088831893e-15,-2.5974778359327452e-14,-2.5974502497076392e-14,-1.8541228152294096e-15,-7.979786239495402e-19,-9.991007418731316e-19,-7.781184471168561e-19,-1.87358426883933e-15,-1.650636514984824e-15,-5.1847023595936716e-11,-2.4189241443412103e-15,-2.597409927026835e-14,-2.3681213294877347e-15,-1.5822782950165338e-15,-2.1839834830388904e-15,-1.4316859127053978e-15,-5.184781964569457e-11,-2.5973945175382038e-14,-2.5974164624160096e-14,-8.60649394866711e-19,-1.3333348975778398e-18,-1.1482348766121501e-15,-8.456913418570678e-19,-9.869758877793526e-19,-1.2470783147083868e-18,-1.5081896433310015e-15,-1.3013630531769876e-15,-7.113074591029616e-19,-1.3933379241065013e-15,-7.762860080597508e-19,-3.966577520623233e-19,-1.626589672986533e-18,-9.791903118654763e-19,-1.4099246622573809e-15,-1.5558264214768097e-15,-1.154667936852783e-15,-2.5593506382173873e-15
1.000000000046268,1.93625225552065e-11,1.1945956710527387e-12,-9.474703941364336e-12,-1.1902512787901821e-14,1.0000000000195488,5.637994203852876e-11,6.886972063736892e-13,1.0836297285720754e-11,-2.5715344848564622e-15,-5.1848482119905746e-11,1.0000000000339062,0.9999999999271405,4.3256359710580246e-12,-6.07623432931178e-11,1.0000000000626046,1.5933946441562544e-13,1.0000000000980174,-2.06867297271793e-12,3.006546413517666e-14,1.000000000077616,6.419382004476303e-11,-2.0106958637221696e-14,3.222180095326968e-11,4.171444956010213e-12,7.651544041368846e-11,-8.387361937275871e-11,1.6072713757739555e-14,-1.419124654281883e-12,-9.207425755229196e-11,1.5592792046470945e-13,-3.1984968901842685e-16,-1.8522829443770536e-11,-8.266378149437755e-12,6.766123010714476e-15,3.2387107076892986e-11,1.0929408387104949e-10,8.172626253191153e-15,-2.067435127133947e-11,1.5831391423285416e-11,1.0000000001091696,1.0000000000336107,3.9894359835429497e-11,4.825081296174401e-12,-1.981567614465335e-11,2.3200072084234285e-14,-1.1401952536181723e-14,-7.7225365747871e-12,-1.8072048873974257e-14,6.652379216959198e-15,-1.9686957270583018e-11,-9.775465065527183e-15,-5.834493935131462e-11,1.000000000002747,-1.0875188363462432e-14,1.0000000000258227,9.082166275948093e-12,1.0336709677387412e-14,-1.2356005029221754e-14,5.448484619797184e-14,0.9999999998704362,-1.0600707780763252e-11,-3.7596004483342093e-10,2.814073977854693e-15,5.010585115219794e-12,3.318647816081733e-14,-1.8874916589795766e-13,-3.6654188130672545e-10,-1.1661124547785568e-15,-2.739780137223249e-11,1.0000000000810132,1.4210480194616108e-12,1.0000000000873992,-1.514382545139255e-11,-1.0568805285554133e-14,1.7249012724238196e-14,-2.9645439250113445e-11,1.8846002631697116e-14,-4.912042780308971e-11,-2.307119672846033e-11,-1.17882032340599e-11,-1.2496092137448685e-14,-1.4145330549832663e-14,-1.3478618815005225e-14,2.222239585375329e-14,-6.964120712642031e-13,1.8840158117530627e-11,1.403109126113145e-15,-8.765640615339799e-11,-2.4696577690265304e-11,8.777311007879901e-10,2.288786998848726e-15,-2.557683743459108e-15,1.000000000052966,1.0000000000391858,-7.640303137525957e-11,-1.8105153080375438e-14,-6.48662144366426e-15,-5.970161534572142e-11,-2.7963723435686905e-11,2.482845514433578e-11,0.999999999992867,-2.4561137119704666e-10,1.0000000000222693,1.3047549136283474e-13,-1.624745158189841e-14,7.822350300643028e-14,-8.929178600797493e-15,1.0000000000764049,0.9999999998936187,1.0000000000773281,1.6071424389548643e-10,-1.947018921579611e-11,-5.024890417974332e-15,6.484602334528986e-11,-3.5427087212253365e-14,5.670569520638461e-15,-9.401669376454668e-12,9.13423048064657e-16,-1.9287485473298868e-15,-4.548638115126922e-11,-6.448458082366896e-11,3.450683746741031e-15,-5.273303023876432e-10,2.013269637266469e-10,7.934005904585424e-16,-7.748707845381356e-15,-1.9153772163381957e-15,4.80991664513546e-14
0.9999999999395852,1.936514576068144e-11,6.001330322957662e-16,-4.7451371260406694e-15,-1.1901397264778616e-14,0.9999999999129533,5.638361040010564e-11,6.909466839858942e-13,1.083991236852831e-11,-2.57075287599836e-15,-2.597366370294494e-14,0.9999999999271405,0.9999999998207105,2.1684259751840522e-15,-3.043769113588764e-14,0.9999999999560052,3.1806241547661856e-10,0.9999999999914185,-2.0659575486800362e-12,3.006653620232557e-14,0.9999999999710211,3.216089702047648e-14,-4.0132500092970665e-11,3.222470706482961e-11,2.0910814127425075e-15,7.651954120013455e-11,-8.387038462403549e-11,1.6074269112959185e-14,-1.4163776090227703e-12,-4.612515084390164e-14,1.559302443237515e-13,-3.1880195893725316e-16,-9.278582931723526e-15,-4.140280664221656e-15,1.350854802398183e-11,1.622738127968073e-14,5.4755088499983095e-14,8.174027955593016e-15,-1.0356066561217377e-14,7.932346551060577e-15,1.0000000000025737,0.9999999999270145,3.989786335076425e-11,4.827052202193055e-12,-9.925561890316287e-15,2.3201615192965643e-14,-1.1400590427446279e-14,-3.867363477274487e-15,-3.607083446488146e-11,6.653527230873766e-15,-1.9683770256488567e-11,-9.77386122850914e-15,-5.83417515613923e-11,0.9999999998961506,-2.1705175333098626e-11,0.9999999999192231,9.08528869273287e-12,1.0337521584213203e-14,-1.2354546290156935e-14,5.448610728519239e-14,0.9999999997638375,-1.0597114341977525e-11,-1.8834285745408812e-13,2.815243098382738e-15,5.014121724790192e-12,3.318803307360287e-14,-1.8874704908647677e-13,-3.665369272923359e-10,-1.1651506824850015e-15,-1.3724751105035337e-14,0.9999999999744181,1.4236232846060248e-12,0.9999999999808032,-7.585101222136927e-15,-1.056774683766476e-14,3.443464317825166e-11,-1.485060960824832e-14,1.8847130290590062e-14,-2.460643101699591e-14,-2.306901559825405e-11,-5.903801547894633e-15,-2.4940752300660935e-11,-1.4144462444678797e-14,-2.6902297307798275e-11,4.4361808738960966e-11,-3.4708368071821214e-16,1.8843361529970823e-11,1.4043554899471657e-15,-4.391184045124516e-14,-1.2371151399775504e-14,4.3972410875887087e-13,2.289583458530146e-15,-5.1029574444747825e-12,0.9999999999463697,0.9999999999325889,-7.639985760041685e-11,-3.613674184994319e-11,-1.2945716910439815e-11,-5.96987615871066e-11,-2.7960551834803726e-11,1.2439966541202424e-14,0.99999999988627,-1.2304259977581902e-13,0.9999999999156712,2.604482578946216e-10,-1.6246231657366678e-14,7.822529405144885e-14,-8.927138987728387e-15,0.9999999999698086,0.9999999997870207,0.9999999999707313,1.6071782713223504e-10,-9.752476781609248e-15,-5.0238924294551015e-15,6.484891916853114e-11,-7.071361177251627e-11,1.1322718116944236e-11,-4.7088832099621894e-15,9.144847730621556e-16,-1.9277226933755855e-15,-2.278644408354386e-14,-6.448171890061162e-11,6.889820436773821e-12,-5.273255652545653e-10,1.0086181348730156e-13,1.5868390457071253e-12,-7.747121677758803e-15,-3.8214062258272366e-12,4.81013793568174e-14
