0.999999999999997,-2.079151175284906e-11,-3.0274995843814734e-11,-6.58815559098134e-11,-1.4410384181172106e-10,-4.87876393671294e-11,-4.041396820836463e-11,-4.523336334227603e-11,-2.0117013991759817e-11,-2.587910774861316e-11,7.04968605594188e-11,2.090779104181297e-11,-1.1430087008088236e-11,3.1079758174046194e-11,-2.4448374007375367e-11,-8.549332261881737e-11,-1.483038805075479e-11,1.674175627825376e-11,-9.403989695989237e-11,5.987073239127372e-12,-3.752479460707272e-11,3.05053409821781e-11,1.000000000004083,3.060014342265574e-11,1.0000000000048055,1.000000000019196,9.958739542595144e-12,8.222415672664972e-11,1.2356628929565505e-10,1.459163649579326e-11,-2.8680166502719816e-11,-1.2736503061302386e-11,-1.3758123604914017e-11,-4.701235656382194e-12,-2.349065337216601e-12,-6.861426316980884e-14,1.0000000000137221,6.9339396144714e-12,-1.5855269636698867e-11,5.1418682417391405e-11,-1.1483630148071608e-10,1.5230691139818142e-11,8.970350380678955e-12,1.170065618084728e-10,1.000000000042462,-1.1069565477371897e-11,1.0000000000016638,-3.10557958186592e-11,1.0000000000095013,-1.4399938907278264e-11,8.764234283852878e-11,2.4905216875845343e-10,-1.2856758141480225e-10,-4.045341538564103e-11,0.9999999999919111,2.8067940235876762e-12,-3.0682181515080886e-11,9.243820959333527e-11,1.8981226588596707e-11,-8.065414723333646e-11,0.9999999999975544,-3.788870634324867e-11,-1.0781461985744752e-11,5.1783708427498175e-11,-1.3916011213790647e-10,0.9999999999817593,-3.1021678051034775e-11,-2.7811466639533284e-11,4.157308813568266e-11,-1.3493947591336724e-10,-1.0576337404526493e-11,1.795910568236694e-10,4.4847694860460395e-11,-8.353761427779427e-11,-4.801941768008881e-11,8.593218469019955e-12,8.85171695086344e-12,1.9232719054400787e-11,6.214871823975019e-12,0.9999999999924055,1.303926008055345e-11,8.258431030286026e-12,2.6854864652323988e-11,7.369916692263151e-11,1.000000000003276,-9.429308040732171e-12,9.144229324676106e-11,0.9999999999997521,-5.57097814963638e-11,-2.011343339283626e-12,9.913161995394986e-11,-2.366508411216373e-11,-2.5547323694479802e-11,9.222014976099038e-12,-2.8123606318256422e-11,4.581903012538754e-12,1.3083177360213137e-11,1.3464021106142213e-11,-1.6432256264408217e-11,-2.0512008326332852e-10,-1.0155879527341808e-10,-7.922373341676736e-12,-7.649237947804908e-11,0.9999999999599842,3.33794363079691e-11,0.9999999999966636,9.304519625896096e-11,-7.274338676499067e-11,2.6123605745842383e-12,-2.7005549586031203e-11,0.9999999999924617,6.169038493248237e-11,1.561421171265043e-10,5.611700046405108e-11,2.0501522073661687e-11,1.2044184056471088e-10,0.9999999999841197,1.252528982543167e-10,-8.71655089771026e-12,0.9999999999783954,-9.301537710409062e-12,1.201665960586783e-10,1.0000000000071936,-1.2679010612701524e-10,-1.288906556453488e-12,-1.749372951976301e-11,3.4124104120116814e-11,0.9999999999964906,-7.601928768599029e-11
-2.079151175284906e-11,-1.1814878800450897e-13,1.4271238802359993e-15,1.4527842611576472e-15,2.2881849105185076e-15,2.3392711195657936e-15,2.937912090632795e-15,1.6702051509944969e-15,1.396479465855018e-15,1.0572822320779457e-15,2.0643782020008583e-15,1.691025674202815e-15,1.908961829652989e-15,2.2869205496643357e-15,1.7079778920946761e-15,2.5575290476136856e-15,1.5192200106873572e-15,3.3631335023037843e-15,1.833141993022074e-15,1.2539398913403605e-15,2.0243771596780305e-15,1.5644346473138537e-15,-1.800571648658933e-11,1.9287059253158127e-15,-1.8006063232588496e-11,-1.8006553028542906e-11,1.3665769828837417e-15,2.026298492920274e-15,2.9458098994855207e-15,1.7831107155895593e-15,1.7068266051308503e-15,1.5703446150428083e-15,2.1976355373036777e-15,1.831545414423445e-15,1.289759356674203e-15,1.3109180149228896e-15,-1.800623018286044e-11,1.7126338254796774e-15,1.3762603695797272e-15,1.6989359040574614e-15,1.8314834737000693e-15,2.3137246642572713e-15,1.7743467746243726e-15,2.0744036446350257e-15,-1.8006502671313533e-11,1.4891882273191084e-15,-9.021525669486332e-15,1.3407140220395972e-15,-1.800615894916227e-11,1.957686967363962e-15,1.6026763138060499e-15,1.948121372287583e-15,1.9461162790468872e-15,2.01960343803495e-15,-1.800650058220253e-11,1.668816827082736e-15,1.6623662363475069e-15,7.442514480711232e-19,1.4846668960683804e-18,9.052516194126941e-19,-9.021487536704729e-15,7.655867491648698e-19,7.343824430594518e-19,1.4598134328377664e-18,1.0377030327030013e-18,-9.021347692113542e-15,7.987633216797801e-19,1.3139369925832793e-18,6.782186293029718e-19,5.555846529899643e-19,9.152902197640554e-19,1.0343224219761167e-18,1.3620048279310952e-18,1.5436044708443287e-18,7.27485926794617e-19,4.992824546604536e-19,8.800947738645936e-19,6.84028839176186e-19,1.4339617347481885e-18,-9.021470113531253e-15,9.508631182999102e-19,9.220816025461201e-19,1.0570349256173576e-18,8.773183928988085e-19,-9.021266681141336e-15,6.453537067141912e-19,1.1494409131536952e-18,-9.020725392879766e-15,9.789015658398244e-19,6.712758479016169e-19,7.452608213364031e-19,1.0142566598352577e-18,1.1132572274507095e-18,6.50613842326895e-19,8.2926784885112315e-19,7.71078826806885e-19,1.1859037463997886e-18,1.0544618896678755e-18,1.0514709532943213e-18,1.0873243028115067e-18,1.0958683430609634e-18,9.127276645114849e-19,9.666712603253497e-19,-9.021437884394035e-15,8.690952931907577e-19,-9.021194788060071e-15,9.454130558898358e-19,1.1979658836469415e-18,6.406447758505367e-19,1.0128892805143679e-18,-9.020912311997136e-15,1.0350087386556774e-18,3.7030514038953025e-19,9.982072976688902e-19,5.99913565673767e-19,1.1955575174482982e-18,-9.020942330835249e-15,1.2583501436621054e-18,1.5555016427364858e-18,-9.020176430371974e-15,5.952912958045967e-19,1.6505779451855165e-18,-9.02126206860784e-15,1.2368752209631021e-18,9.645714156235257e-19,8.847786290545505e-19,9.37620455857056e-19,-9.02143257493287e-15,9.379265962200058e-19
-3.0274995843814734e-11,1.4271238802359993e-15,-1.171415557431251e-13,1.595741709185428e-15,2.486529991661154e-15,2.319859622222287e-15,2.939992130452693e-15,1.6917913229438504e-15,1.4122946486538448e-15,1.401701359749565e-15,1.008254434876904e-18,8.431688874932589e-19,1.6330380433872192e-15,2.225375114989167e-15,1.3654260089841838e-18,1.6506541844646775e-18,2.0106777064204184e-15,1.8186122916114893e-18,1.8554907429907874e-15,5.006920913864195e-19,7.293288830443091e-19,6.789618960328071e-19,-1.3768379827378614e-14,1.3281720009682322e-18,-2.748338302885891e-11,-2.7484163396974255e-11,1.94144338564611e-19,2.1536510373360376e-15,1.215138390659301e-18,1.6320121574274213e-15,1.6555969096424996e-15,8.651199449902375e-19,7.928059378044347e-19,1.1671340349571976e-18,1.6435910422135149e-15,9.059199281271092e-19,-2.748377916237981e-11,1.7210719334771447e-15,1.5043576611415664e-18,1.827011994041773e-15,1.7829860433987924e-15,1.8631288622102535e-15,1.4009573563221382e-15,8.671367347543011e-19,-1.3768691815412054e-14,1.5767445267654023e-15,-2.7485260064732034e-11,7.4506898094070145e-19,-1.376870281391861e-14,9.082521203842848e-19,2.1038897578004598e-15,2.3019095427615027e-15,1.6276356611213054e-15,8.670415381370543e-19,-1.3768864083386692e-14,1.621255665363996e-15,1.9440791235289464e-15,2.1093927277974393e-15,2.39098541280501e-15,1.941641100629137e-15,-2.7484660589715825e-11,1.475684156581678e-15,2.109010853439936e-15,2.1769933415694097e-15,2.2307238575868857e-15,-2.7484907811682357e-11,1.4847205979997176e-15,2.679750468567275e-15,2.4140579763062866e-15,2.4620914157549694e-15,1.556797647318059e-15,2.007212704604404e-15,2.2490337378066155e-15,3.0208433530905454e-15,1.863758501420182e-15,1.7258824818396014e-15,1.3608643712654668e-15,1.7293891602698599e-15,2.2789624503417852e-15,-2.748442034957049e-11,1.588370153999561e-15,1.6854019558986701e-15,2.2219868157126244e-15,1.9349001004495213e-15,-1.3769240724892317e-14,1.3787890122179129e-15,1.9740032987860558e-15,-1.3768824307699762e-14,1.086432575301362e-18,6.995547094835155e-19,1.0464841651375029e-18,8.804855577487043e-19,9.260905362653339e-19,1.0578088665553765e-18,8.176256989669402e-19,7.517774793202115e-19,4.911803539035044e-19,6.548475311229208e-19,1.0060855703405115e-18,1.0175784521822833e-18,9.626843706946281e-19,8.930956121935746e-19,1.4556754732262911e-18,-1.3769415045963341e-14,9.551781050223903e-19,-1.3769273726260871e-14,7.559452866456019e-19,1.1324673667987548e-18,5.068706210178631e-19,9.18733315010517e-19,-1.3768830874754908e-14,6.535810743053601e-19,1.0720008777837073e-18,1.2708176053960202e-18,9.44893029228577e-19,1.2315002092683984e-18,-1.3768987580061923e-14,1.1122273843112435e-18,3.1614589128970646e-19,-1.3768344571669335e-14,6.214434271553926e-19,1.1305665200478111e-18,-1.376856756403701e-14,1.1576116226024776e-18,9.626238619828882e-19,7.944073030496524e-19,9.820216363470164e-19,-1.3769273787261652e-14,9.637182557322492e-19
-6.58815559098134e-11,1.4527842611576472e-15,1.595741709185428e-15,-1.1732808555235983e-13,2.045437852225451e-18,1.6402834731727236e-18,1.5286051914206404e-18,8.579680363072325e-19,1.8037603623074807e-15,1.391135374665233e-15,2.1604076855294475e-15,9.893004827194814e-19,1.003022941545331e-18,1.2208560204870252e-18,1.314762402801763e-18,2.927998558103659e-15,1.021587386615373e-18,2.12307306577337e-18,1.1568897609457226e-18,1.6449007494453709e-15,1.1489130809056052e-18,1.937112056995902e-15,-3.159611918158727e-14,1.0636637634730619e-18,-6.306952898536361e-11,-6.307038014878585e-11,8.204706718457896e-19,2.322140898801041e-15,3.1565117678160447e-15,1.8076735676131063e-15,1.0473519153327462e-18,8.0162109639872605e-19,1.3099398276702235e-18,2.2493495557709974e-15,7.57693373383405e-19,1.2823981133598732e-15,-3.1596424103208066e-14,1.9885223977107085e-15,1.7498218596045205e-15,9.612696115935788e-19,1.120724553453387e-18,1.1606234063568799e-18,3.847315325157141e-19,2.1026018145406076e-15,-6.307020454800022e-11,1.2038695835568638e-18,-6.307142815105333e-11,9.673512170625048e-19,-3.159668215436531e-14,1.0393673279612251e-18,1.2230566976744594e-18,1.3548602900080064e-18,9.172524531120058e-19,2.2065931898706355e-15,-6.307019969649116e-11,7.087350037748839e-19,1.930049383734045e-15,1.1959361596366402e-18,9.833060185788716e-19,2.044667022898745e-15,-3.1596920868203454e-14,7.184352432150052e-19,2.337742776938581e-15,1.2786583416061502e-18,1.1599910432989929e-18,-3.1597055812004544e-14,1.929366883071028e-15,2.8857350566097392e-15,2.539628275629319e-15,2.9253998868747116e-15,7.79714959432984e-19,2.026131216190747e-15,1.2088973720175356e-18,1.7409361302167487e-18,8.086687962406158e-19,4.3232690985433134e-19,1.3131943141028144e-15,1.8453146665255193e-15,1.4962520598494663e-18,-6.307066202909731e-11,1.3692813077912891e-18,1.6300352124540785e-15,7.951050009958344e-19,1.1267197409618514e-18,-3.1596649157507474e-14,1.5793975067934536e-15,2.1286218569373413e-15,-6.306993007554154e-11,2.0915914104729954e-15,1.4636335055296105e-15,2.0998022568288126e-15,1.8264665724880244e-15,2.0610655256861786e-15,1.8078467903323362e-15,1.7346323518206725e-15,1.569838576634054e-15,1.7201192464028203e-15,1.830538865904309e-15,2.203121979274125e-15,2.482750922700547e-15,2.342509468834331e-15,1.980184585752286e-15,2.229570292215657e-15,-6.307114771901867e-11,2.076853904790876e-15,-6.307086549218209e-11,1.9087453637836796e-15,2.4509983804537107e-15,5.5326906741594635e-19,9.372906820395784e-19,-3.1596427194911265e-14,1.2309804955686302e-18,1.5152632569204508e-18,1.1338608435641062e-18,1.0778792593074996e-18,1.2347005290323052e-18,-3.159670075322259e-14,7.169969093074087e-19,1.3505774624517778e-18,-3.159595091859331e-14,9.091044375341593e-19,1.3890681808246427e-18,-3.159676914124482e-14,1.0850137995763265e-18,1.2782983064822587e-18,1.0451083920632385e-18,1.1246834372093411e-18,-3.159712518829504e-14,1.0524089887200588e-18
-1.4410384181172106e-10,2.2881849105185076e-15,2.486529991661154e-15,2.045437852225451e-18,-1.161347387978341e-13,3.771088432723849e-15,2.583280350025776e-18,1.5712684994209122e-18,1.5570458409624275e-18,1.03222230559701e-18,1.4633441447208422e-18,1.986880437555714e-18,2.562626561132841e-15,1.9440901975737183e-18,1.5011747492054533e-18,3.9646892115180006e-15,3.0078969961283854e-15,2.4959220586664103e-18,3.144346827740978e-15,1.3611996072139417e-18,1.6627342667997429e-18,1.3422481505795943e-18,-7.075084738706206e-14,3.11260136743046e-15,-1.412257965832531e-10,-1.4122718457903653e-10,1.1755493699179498e-18,3.3447474994349845e-15,4.3714010293959856e-15,2.5568251610807085e-15,1.1210754361928531e-18,1.3667642320016397e-18,1.6785439900984474e-18,3.3704636825786436e-15,1.2999626187912723e-18,8.358036306880274e-19,-1.4122661191706746e-10,1.5651788641623364e-18,2.6154590666615595e-15,1.4564622768721183e-18,2.789870479420213e-15,3.021132851380591e-15,1.404373122474418e-18,3.2276211667604677e-15,-1.4122680036566494e-10,2.382491626705125e-15,-1.4122893293929987e-10,1.2242205674559384e-18,-1.4122646082296448e-10,1.0376735059297641e-18,2.1388208379127166e-18,1.8483654428131746e-18,1.4934544598001248e-18,1.325460245564024e-18,-7.075106257225283e-14,8.82519092295279e-19,1.4014577155882193e-18,1.9389435642226963e-18,1.951816599065277e-18,3.141505378034525e-15,-7.075173384746616e-14,2.3813199062392794e-15,3.1256757792453547e-15,1.6151358221514604e-18,1.708033155093816e-18,-1.412284221110736e-10,1.0276615870547056e-18,3.9947318867008044e-15,1.8213046056358533e-18,3.8295720538295955e-15,1.2128802042380274e-18,1.2636870003938048e-18,1.8187198209730505e-18,4.941424571596471e-15,2.9994089453680207e-15,1.3003170568890949e-18,2.2218192890572647e-15,2.733161192929636e-15,3.44241804122743e-15,-1.4122752334195524e-10,2.5093959341448665e-15,1.504967070850009e-18,1.7641971283290607e-18,1.2359381749026267e-18,-1.4122718457384382e-10,2.365926948245879e-15,1.889809409716442e-18,-7.07510311538878e-14,2.8543611652804597e-15,2.0142660051760156e-15,1.8298863596674742e-18,2.5369088378544646e-15,1.4974274637193934e-18,2.652345012577149e-15,2.489693674624462e-15,2.0812369343456986e-18,2.578329849339614e-15,1.630178665996096e-18,2.969032974898616e-15,1.812519890618129e-18,3.271938124917748e-15,1.456647305563292e-18,3.141762591097102e-15,-7.075246416453173e-14,1.2202116403683622e-18,-7.075195642619084e-14,2.7585337120599276e-15,1.4193875065332448e-18,1.9343128950570224e-15,2.487795246340117e-15,-1.4122663702549663e-10,3.4128094427396355e-15,4.096845466494493e-15,3.2632007262277935e-15,2.630420365932793e-15,3.4099117641890876e-15,-1.412270251168979e-10,3.4763310245766133e-15,3.832078804312639e-15,-1.4122479524464605e-10,1.1466284118643017e-18,1.7601757745126296e-18,-7.075132657406448e-14,1.8447699883331856e-18,1.6313475426227166e-18,1.0252169964846171e-18,1.6351972501998373e-18,-7.075244223050853e-14,1.1946758147012773e-18
-4.87876393671294e-11,2.3392711195657936e-15,2.319859622222287e-15,1.6402834731727236e-18,3.771088432723849e-15,-1.1622485568959491e-13,2.3508629500205062e-18,2.788239120513855e-15,1.136987255111599e-18,1.867283094236438e-15,1.585278121237102e-18,2.624716775596046e-15,1.1905880361217253e-18,3.817099713094929e-15,1.6821408411230244e-18,3.809167166727641e-15,8.549003153682965e-19,2.4058671468751115e-18,3.2069153936301976e-15,2.3117519312855977e-15,1.3249609012211738e-18,1.9816516724329705e-18,-2.300066312809279e-14,3.0391230908562748e-15,-2.30005328607789e-14,-4.5912795440049104e-11,2.280367166352054e-15,1.6013907675532806e-18,4.37923284359611e-15,1.120284164708894e-18,2.9351381705568748e-15,2.7231043349348685e-15,3.4274980893438576e-15,3.2286986986836992e-15,1.2114100345180238e-18,1.5046436093642142e-18,-2.300034861493571e-14,1.3174181720940029e-18,2.5639554243592706e-15,1.2296774163791412e-18,2.786826743148704e-15,1.4936369282002552e-18,9.791880300623596e-19,3.2176694769328534e-15,-2.30010678211704e-14,1.3554315278610878e-18,-2.300110513636888e-14,1.3267138093216836e-18,-4.591214657946391e-11,2.7853886862635886e-15,2.7622097036655006e-15,1.4853159396716027e-18,1.6228017900892919e-18,1.5718055699843366e-18,-4.591243563082825e-11,2.3594410889530295e-15,1.4889118671442404e-18,1.6507885410504895e-18,3.4717841690804826e-15,3.1289544117385414e-15,-4.591390419520857e-11,2.2937185625536583e-15,2.8354642121846286e-15,3.423523411500372e-15,1.74308133585705e-18,-2.3001581316554952e-14,1.2280234805589103e-18,2.0980826465390002e-18,1.7044975559062204e-18,3.734453284381207e-15,1.1962754324867018e-18,1.5567493688023462e-18,1.7290621390390655e-18,2.817324260368874e-18,1.115134684282941e-18,2.6381641701467517e-15,1.1345922000255872e-18,1.5749492236888305e-18,3.4529484259268367e-15,-4.591319362021682e-11,1.1962652240186494e-18,1.0479120672010444e-18,1.2635566047248819e-18,1.3171640835179301e-18,-2.300129206960733e-14,2.3511639530360647e-15,1.944803755962012e-18,-4.5912430204112426e-11,2.9185141694756357e-15,1.985487517488398e-15,1.864069660563381e-18,9.581962390927736e-19,1.4340648534446e-18,1.324865110447217e-18,2.3691306627840327e-15,2.539780718510618e-15,2.868674764717702e-15,2.4170660119840534e-15,2.8191569752367486e-15,1.852140152296815e-18,3.4525351573039972e-15,2.815079932472259e-15,3.14694515236164e-15,-4.591430863778477e-11,1.533186886326942e-18,-4.591371984647895e-11,1.3570571361861191e-18,2.9348978379106715e-15,1.824592894728224e-18,1.1909844653352458e-18,-4.591224098910681e-11,1.7343430663036091e-18,4.140881247388455e-15,3.078923106760903e-15,1.0414313870220418e-18,3.3289556848678586e-15,-4.59126827994757e-11,1.7696949435631733e-18,3.7968493790100705e-15,-4.591053734280123e-11,2.443419503144732e-15,3.564068962387149e-15,-4.5912824829622063e-11,1.5184949819952203e-18,1.2712152727626595e-18,1.0185086862694822e-18,1.6161992180371406e-18,-2.3001525238068177e-14,1.249189748398206e-18
-4.041396820836463e-11,2.937912090632795e-15,2.939992130452693e-15,1.5286051914206404e-18,2.583280350025776e-18,2.3508629500205062e-18,-1.1550998061900846e-13,3.4498752896645677e-15,1.2541431169859411e-18,1.2455463621603662e-18,1.7632139849922815e-18,1.790560325946852e-18,3.636879126578782e-15,2.2422491014358943e-18,3.622145699074384e-15,5.231597955247624e-15,3.3581693058693445e-15,6.5469243419954855e-15,3.754306921564981e-15,2.7261455673594723e-15,4.0345586737804045e-15,3.300769744629575e-15,-3.744787327836038e-11,3.866675691085692e-15,-3.744800843494068e-11,-3.7449352995742e-11,1.2594446616937335e-18,2.1300759772013865e-18,5.7503638535801134e-15,3.3885860322251285e-15,1.6453203493978322e-18,3.129028614557302e-15,4.1971724903192345e-15,3.966534555377717e-15,3.0112052678980785e-15,2.610798639590075e-15,-3.744861582535356e-11,1.6281374963309866e-18,1.8442295336420854e-18,3.445211198188344e-15,2.1602424482782503e-18,2.1568844993975355e-18,3.2201185843101796e-15,2.0121837611204426e-18,-3.744909137145391e-11,1.3444931766017595e-18,-3.745135989231996e-11,1.2169114958174714e-18,-3.744841130578891e-11,3.767089790722301e-15,3.580293596515555e-15,2.190847874581473e-18,2.1320962589339883e-18,3.9529183235514974e-15,-1.8760779768006994e-14,3.1380041033464775e-15,1.819403982630816e-18,4.141978914269124e-15,2.834192325775384e-18,3.685543950720508e-15,-1.876208698407298e-14,1.5528028746134282e-18,3.761184665851291e-15,4.150384881457218e-15,4.360232142345508e-15,-3.7451371578286775e-11,3.2995146104973336e-15,2.425487710312866e-18,2.5077485954030556e-18,2.417344497821306e-18,2.9777037302956757e-15,1.7031535561888142e-18,2.6401866928238496e-18,6.114524211227138e-15,3.774122745971279e-15,1.670410332966598e-18,2.5824765730824467e-15,1.5899869294029585e-18,2.9075674233875047e-18,-3.7450274337177804e-11,3.300758715344246e-15,3.3123267527744093e-15,2.151021556154071e-18,1.9903488981967014e-18,-3.7449574170928676e-11,1.207854519513686e-18,3.9576550243043965e-15,-3.744857102762303e-11,1.6728931408771464e-18,1.1447283205109463e-18,3.8425268063565855e-15,3.4498895251903606e-15,3.407836011359114e-15,1.7877224278750244e-18,2.946584084049574e-15,1.4855163086633039e-18,1.736000576822913e-18,3.030689585048242e-15,4.222379873458229e-15,2.0863173214350453e-18,2.0312559511995703e-18,3.539471227833299e-15,3.838630428624821e-15,-1.8761293786145297e-14,3.585810218588689e-15,-3.745056754614493e-11,1.808303124251405e-18,4.259707003016626e-15,1.0267649503917697e-18,1.5909676607798233e-18,-1.8761226477375375e-14,4.055283099030334e-15,2.4540637394025415e-18,2.0108319916041895e-18,1.9868626151163638e-18,2.2949314063032063e-18,-3.7449554411891715e-11,3.9007460898558854e-15,5.275338215915095e-15,-1.8760963189117197e-14,3.0226050233982504e-15,4.324803209395194e-15,-3.7449665242952825e-11,3.9886907092472914e-15,4.034851370160229e-15,3.09234298915507e-15,3.694214116242409e-15,-1.8762459922638515e-14,1.954168566643669e-18
-4.523336334227603e-11,1.6702051509944969e-15,1.6917913229438504e-15,8.579680363072325e-19,1.5712684994209122e-18,2.788239120513855e-15,3.4498752896645677e-15,-1.1715473319221245e-13,8.983024641260777e-19,9.160631559254933e-19,2.21590304991412e-15,1.9219064381517028e-15,1.0062735830328255e-18,2.7003022075375594e-15,2.4014501499337546e-15,1.6878980243308037e-18,2.0634202676698116e-15,3.743019138230554e-15,8.538748661110847e-19,9.093587945311893e-19,1.2227564785451476e-18,2.0137191980660906e-15,-4.241996628665113e-11,2.2592612109114177e-15,-2.1251216540733577e-14,-2.1252007782538942e-14,1.7009731993798801e-15,1.6297138279060712e-18,3.1889100931635373e-15,1.0092285135400979e-18,9.643116012250597e-19,1.9635555679349025e-15,2.4637731882519103e-15,1.070077558651623e-18,1.844035221435969e-15,1.1509703545806393e-18,-2.1251621100282068e-14,1.0850648278764599e-18,1.3031546443082475e-18,2.053970847478828e-15,1.0844133606168122e-18,9.61210391008065e-19,1.7690559680557264e-15,1.21039104509648e-18,-4.242032584535495e-11,1.7220250381031816e-15,-2.1252354517310073e-14,9.941697309341631e-19,-4.2420055921988106e-11,1.2519267443243905e-18,2.0737061339947335e-15,2.487899696406285e-15,2.0624731911983227e-15,1.3735974885270614e-18,-2.1251508049467824e-14,1.4371909482474144e-18,2.009001420416366e-15,1.4202915374613662e-18,1.2992362779493627e-18,2.247131971407629e-15,-2.1252183041865905e-14,1.6633984444587665e-15,1.1964855624328738e-18,1.3442968254633239e-18,2.586782454683056e-15,-2.1252229035256687e-14,1.830394550535118e-15,2.7698241064379733e-15,2.811951524641479e-15,2.76148588115505e-15,6.2458511164670395e-19,2.2989373735532412e-15,1.1468482310438865e-18,3.6230072179714404e-15,1.0056472632081867e-18,1.949234140679818e-15,1.583209866137477e-15,1.9295144118892083e-15,2.5730200862070212e-15,-2.1251536295163215e-14,1.8511680574707676e-15,9.410559091814905e-19,1.7571914859212673e-18,1.2773857003086034e-18,-4.242055202109314e-11,1.7122884580320158e-15,2.5060115965431575e-15,-2.1251615704719216e-14,9.374106413306438e-19,1.4818727776107453e-15,1.2275116513755371e-18,8.867422974917671e-19,1.172182355446834e-18,9.451970835916363e-19,1.7387314355633558e-15,8.021234820146571e-19,2.028254383563233e-15,9.273083219087985e-19,1.7313002555035856e-18,2.509973053786801e-15,2.4765580308868293e-15,7.853789200718725e-19,2.3156899184821957e-15,-4.242161551326435e-11,1.1907541348544012e-18,-4.242122184056372e-11,1.0388060359418877e-18,2.2186608361031666e-15,1.422292808399422e-15,5.4338314687576655e-19,-2.1251685421889963e-14,2.5322688797555535e-15,1.1339653889070658e-18,2.292139885425663e-15,1.889081887022326e-15,1.182566523875929e-18,-4.2420491881312824e-11,2.3733754062952185e-15,2.792284300202641e-15,-2.1251138234625877e-14,1.817823209436312e-15,1.3118723291815896e-18,-4.24205865709835e-11,2.2887181571482294e-15,1.2339347367307057e-18,1.8202581529701276e-15,2.2606006952089404e-15,-4.242133960888943e-11,9.91459638227094e-19
-2.0117013991759817e-11,1.396479465855018e-15,1.4122946486538448e-15,1.8037603623074807e-15,1.5570458409624275e-18,1.136987255111599e-18,1.2541431169859411e-18,8.983024641260777e-19,-1.1830674449345616e-13,1.1572779189123629e-15,1.8254811756142584e-15,1.5248307834765782e-18,1.384197179419644e-18,1.2433786339728178e-18,2.0283382680844095e-15,9.496146498079584e-19,1.338875953285063e-18,3.087769732168213e-15,1.9510506930022183e-15,1.4369174012311491e-15,2.076977185506348e-15,9.510781694871288e-19,-8.685259133428029e-15,1.8820334806867185e-15,-1.733651599126494e-11,-8.68567110909944e-15,7.10640644523239e-19,1.5903999504073529e-18,2.6077381632640544e-15,1.5263448149932282e-15,1.7786855881673354e-15,9.154133485566022e-19,1.250494836038803e-18,1.9873184509961274e-15,1.531994862788527e-15,1.4725501552256653e-15,-1.7337082540563513e-11,1.6873759900394185e-15,6.277804163046792e-19,1.756672635664429e-15,1.6543417996049026e-15,7.62430955017875e-19,1.4511690696038582e-15,1.9657048512761114e-15,-8.68535481547728e-15,5.020086360985058e-19,-8.686321106505179e-15,1.4764227592001289e-15,-1.7337002198905187e-11,8.326012461425973e-19,1.701872013899364e-15,2.0842991027457114e-15,1.0816845311690045e-18,1.8759105254676407e-15,-8.685922045796306e-15,6.179336706664982e-19,1.6959489122160543e-15,1.892717072830652e-15,2.08112685727724e-15,1.0417449847527127e-18,-8.686004917757603e-15,1.4396151557959526e-15,1.787823133669873e-15,1.6280894974735323e-18,2.134831875539453e-15,-1.7338151839145706e-11,1.422344941128645e-15,1.08434134658741e-18,1.4311641414725577e-18,9.520523911853462e-19,9.49111719624297e-19,1.0114532361668958e-18,2.076506469555424e-15,3.0099849315916704e-15,1.810767480951623e-15,8.827651165239543e-19,1.3687801193852467e-15,1.1279484697127263e-18,1.9916149888908418e-15,-8.685777487710546e-15,9.21333473308035e-19,5.192091439513877e-19,8.720785021603536e-19,1.0225443940308043e-18,-1.733738491021201e-11,1.058724484232048e-18,2.1424392394412158e-15,-1.7337175645587655e-11,9.528120251721817e-19,1.1889671256985612e-15,1.0180718633427873e-18,1.5848323971210254e-15,1.8285363682421515e-15,1.3690145751666642e-18,7.569180919356643e-19,1.5091753734798312e-15,9.861301952087213e-19,7.951298819452773e-19,1.0837923653207761e-18,1.114706321181282e-18,2.0059958150425194e-15,1.0394479913082888e-18,1.9304809137352694e-15,-8.685964113291908e-15,1.7389162094122418e-15,-1.733793339663267e-11,1.6532140322231585e-15,1.7327020351145025e-15,1.1681341556857982e-15,7.653578581526389e-19,-8.685571539383424e-15,2.1414096723368126e-15,2.5196227365909352e-15,1.9387591705858587e-15,1.5181751134905212e-15,1.117808162946308e-18,-8.685798595267262e-15,9.39991205524052e-19,2.2564818340899744e-15,-8.685202181565631e-15,1.478084322289662e-15,1.1237690842976737e-18,-8.685866722666779e-15,1.874313382637984e-15,1.9795358642730337e-15,7.658421564932217e-19,1.9521601724633003e-15,-8.685659574606021e-15,9.475714715812167e-19
-2.587910774861316e-11,1.0572822320779457e-15,1.401701359749565e-15,1.391135374665233e-15,1.03222230559701e-18,1.867283094236438e-15,1.2455463621603662e-18,9.160631559254933e-19,1.1572779189123629e-15,-1.184616001711811e-13,4.503393681183338e-19,1.3588157397990356e-15,1.1809336046271468e-15,8.674351981721571e-19,8.374257754598811e-19,1.0822522868629436e-18,8.664969100023515e-19,2.5934732342873515e-15,1.5323080136477682e-15,1.2429048831616788e-15,1.6145252634833947e-15,1.5079141180378918e-15,-2.312128002023908e-11,8.547700886766252e-19,-1.1583111074692693e-14,-2.3121650770693918e-11,1.1953976120088446e-15,9.477303813679448e-19,1.119832372214997e-18,5.437126676171991e-19,1.1474327656299428e-18,1.3544593447654747e-15,1.5576191950754774e-15,1.803167123906298e-15,1.4581489056456695e-15,5.536905195818856e-19,-2.3121331887084864e-11,1.3760986072423005e-15,7.859131968390107e-19,1.4968663568710397e-15,7.04970354773521e-19,1.3062484792951439e-15,2.676283294296854e-19,6.936716614789002e-19,-1.1583475255289699e-14,7.285364169591495e-19,-1.1584090563883707e-14,1.2484468064710927e-15,-1.1583723530691982e-14,5.255271975999015e-19,1.80403025996459e-15,1.9606179320920223e-15,1.1822433245547244e-15,1.0800643440003015e-18,-1.158343657747241e-14,6.450387920767536e-19,1.6157777525405642e-15,6.638557641915892e-19,1.8152399212320535e-15,7.848443691179277e-19,-1.1583610632273716e-14,1.3192624373233975e-15,1.2420356209923258e-18,1.2973578267236843e-18,1.7680804136219577e-15,-1.1583745108271152e-14,1.0958287830929449e-15,2.294677128810378e-15,2.015340673876413e-15,1.9863711602466525e-15,5.324373113795772e-19,1.5879001648937367e-15,8.269402397676038e-19,1.0608206944412649e-18,9.182229280752817e-19,1.361124525832071e-15,1.0893756250468822e-15,7.868946084360761e-19,1.6223040792862736e-15,-2.312167443161976e-11,1.160130353836472e-15,1.266351599884369e-15,1.8137925343540773e-15,7.603702186186248e-19,-1.1583569538238433e-14,4.905716919478601e-19,9.98588979223393e-19,-1.1583484294273384e-14,7.32358383602782e-19,1.028370884625669e-15,1.9958663438634625e-15,5.752452254580787e-19,1.5904608108314786e-15,4.974027036954467e-19,6.898336981291046e-19,1.1616949339233376e-15,-2.7161723454691713e-19,1.2577444917932011e-15,9.724795970986243e-19,1.7248425177674437e-15,1.409402222408421e-15,6.70884391513232e-19,7.840434026679305e-19,-1.1583857551155098e-14,1.5171041947778067e-15,-1.1583894437232697e-14,5.691951403305501e-19,5.7244784667037995e-19,9.736921296289518e-16,7.528382403211433e-19,-1.1583425466890036e-14,1.6707186976355219e-15,7.812255762273558e-19,8.794916760580286e-19,1.4289156710158213e-15,1.7066884228186969e-15,-1.1583190543743178e-14,1.0062495066338487e-18,9.506087947153574e-19,-1.158284089680258e-14,1.6682503477809121e-19,1.8521694175000304e-15,-1.1583521378042094e-14,9.246188735442428e-19,1.0724816767351144e-18,5.755623385344347e-19,1.7491531170897808e-15,-1.1583841895963636e-14,1.5507188179026592e-15
7.04968605594188e-11,2.0643782020008583e-15,1.008254434876904e-18,2.1604076855294475e-15,1.4633441447208422e-18,1.585278121237102e-18,1.7632139849922815e-18,2.21590304991412e-15,1.8254811756142584e-15,4.503393681183338e-19,-1.1673219419479171e-13,1.0897397059405817e-18,9.256586685199797e-19,3.0997573592830345e-15,1.318321843905553e-18,3.2542897231511253e-15,1.2631408147624928e-18,4.3703343509351995e-15,1.4770198650022766e-18,1.2001183100275035e-18,1.2420477211394868e-18,1.1703768119912333e-18,7.333028760689179e-11,1.281353575465794e-18,7.333029446233916e-11,7.332939358283799e-11,1.349096607866936e-18,2.6807737855903915e-15,3.737772124225057e-15,9.433949088252963e-19,1.2514351732350725e-18,5.890061668588274e-19,2.901630229568678e-15,2.5542061823950137e-15,1.8263420770304266e-15,1.9237874114210297e-15,7.332983087047289e-11,1.2196296735392927e-18,2.0018947768870375e-15,1.1418546043351893e-18,2.3826709726055748e-15,2.8435668391838165e-15,7.610403501970703e-19,2.7507132074360103e-15,7.332959707491674e-11,1.898396991909254e-15,7.332804500016967e-11,1.9048906588915324e-15,3.673627516581413e-14,1.22440473931817e-18,2.195296066099731e-15,2.6624011996414874e-15,9.837798798742355e-19,2.612437908526058e-15,7.332959210654049e-11,1.225354268706912e-18,2.2651133737750572e-15,2.6810891033200005e-15,1.4025694220480339e-18,1.0417824491682078e-18,7.332827228793549e-11,1.7114806869149336e-15,1.2279346121945627e-18,1.6032064055758424e-18,2.954565448461766e-15,3.6735397954035175e-14,2.0905736462405923e-15,2.9718427567117312e-15,3.1087170917558863e-15,1.5369988102592574e-18,8.415363971781004e-19,1.389532627651897e-18,3.0227699899908808e-15,4.16719657969649e-15,1.3888394470904665e-18,1.0409120187059614e-18,1.093591379705548e-18,1.991192162646357e-15,3.1368701041180918e-15,3.6735944408178103e-14,1.1498369533064168e-18,2.3753040056762662e-15,1.3120103511282532e-18,2.520260220065694e-15,3.6735883878565465e-14,5.810432095080756e-19,2.849764479110638e-15,3.673620577983251e-14,2.288444269602888e-15,8.51836402128557e-19,2.732824610178135e-15,2.3469615778476895e-15,2.2745951321679274e-15,1.2981139439524441e-18,1.8799524787300693e-15,1.1575637293750815e-18,2.5053839640275595e-15,1.9209114672455876e-15,2.6177496129404795e-15,2.846851376945342e-15,1.722337582053494e-18,1.3790443656490902e-18,1.43080741913274e-18,3.673510718303107e-14,1.195972857421718e-18,7.332853619485195e-11,2.392279467661788e-15,2.593989904008251e-15,1.6195942304474052e-15,2.1580639623985713e-15,3.6736078988500095e-14,2.6611868807171557e-15,2.2515400690823807e-18,2.448337931659321e-15,7.23201924049422e-19,1.559885574931321e-18,3.673559298700034e-14,2.616891246393377e-15,1.3879470901069086e-18,3.673696061730169e-14,1.9955507038954773e-15,1.5018514483238064e-18,3.673588486221911e-14,1.3523944902382317e-18,1.7024496721459501e-18,1.1016822074360984e-18,1.6157842784943522e-18,7.332839820007148e-11,2.287261983816513e-15
2.090779104181297e-11,1.691025674202815e-15,8.431688874932589e-19,9.893004827194814e-19,1.986880437555714e-18,2.624716775596046e-15,1.790560325946852e-18,1.9219064381517028e-15,1.5248307834765782e-18,1.3588157397990356e-15,1.0897397059405817e-18,-1.172984636252692e-13,9.379652563085493e-19,2.6663565628584852e-15,2.2057074639054876e-15,2.763252794535282e-15,2.0102655897564532e-15,3.679383568823964e-15,9.846394220534112e-19,1.5787621963031973e-15,1.1706415728199236e-18,1.9030987536810162e-15,1.1882784140087331e-14,1.744439738970128e-18,2.371904031276764e-11,1.1882249758592102e-14,8.210329284867391e-19,2.333215260261385e-15,1.173233038824103e-18,1.2492661171267352e-18,2.0175178263383346e-15,8.79654483693631e-19,2.409499232076899e-15,2.294057419585213e-15,7.261064477860872e-19,8.973022422779784e-19,2.3718582072992332e-11,1.979730406828593e-15,7.118937774825984e-19,2.0188633051497787e-15,2.015875862839669e-15,1.758308021953222e-18,8.19095702786118e-19,2.2956564704101857e-15,2.3718412195434287e-11,8.302190817206658e-19,2.37170119142088e-11,1.6907606343917405e-15,2.371867062367971e-11,9.882720241180145e-19,2.0185252339883e-15,7.223331088422077e-19,8.514748153825438e-19,1.1234346279160713e-18,1.1882212137029576e-14,7.516475484982182e-19,1.987145985060982e-15,2.2620424838477128e-15,1.6270460324033948e-18,1.092515521706489e-18,1.188197897294696e-14,1.5735077988968723e-15,1.2621722482631426e-18,2.39223732428487e-15,1.259801007457773e-18,1.1881571418925606e-14,8.654412141826936e-19,1.603909219435336e-18,1.3693799978475907e-18,2.6653070969354194e-15,6.808494345919249e-19,2.264819177475132e-15,1.0417738997150331e-18,2.118909501440357e-18,2.12447662605454e-15,1.0792403311881916e-18,1.5825083779903706e-15,8.75976779351444e-19,2.556590077034945e-15,2.371782200070404e-11,1.8569672439086003e-15,7.524762788321567e-19,1.104103174981643e-18,9.993015200011199e-19,1.188199221864723e-14,1.2497448970891544e-18,1.257202659854244e-18,2.3718500010897752e-11,1.9933724369899125e-15,1.4324370885805799e-15,1.1095220003849728e-18,1.8841037513211686e-15,1.9940991065529326e-15,9.272428447875774e-19,8.5345924252898955e-19,7.286868322107896e-19,1.98849038411024e-15,1.7004777005841172e-15,1.22613017775163e-18,1.2377746787980417e-18,2.453382141604228e-15,1.0710610832248473e-18,2.180898688155342e-15,1.1881439001934945e-14,1.9886411011208606e-15,2.371748588090399e-11,2.000406972948561e-15,2.132222612020868e-15,1.357535988120887e-15,9.254186770084099e-19,1.1881822141321377e-14,1.2187167394215921e-18,2.8828602683025047e-15,2.174929191634821e-15,1.8032213670256283e-15,2.43882739815957e-15,2.3718229422708982e-11,2.335026938807095e-15,1.7943595597024612e-18,1.1883303023434187e-14,1.2947474560618233e-18,1.435021233485631e-18,1.1882587239941378e-14,2.2123575531992814e-15,1.2405614631020876e-18,8.682402000713984e-19,2.2031026699871958e-15,1.1881693786583156e-14,7.680745274684637e-19
-1.1430087008088236e-11,1.908961829652989e-15,1.6330380433872192e-15,1.003022941545331e-18,2.562626561132841e-15,1.1905880361217253e-18,3.636879126578782e-15,1.0062735830328255e-18,1.384197179419644e-18,1.1809336046271468e-15,9.256586685199797e-19,9.379652563085493e-19,-1.1715945132324744e-13,1.5231269753766815e-18,8.721174074487612e-19,2.71657411120919e-15,1.5010131925272268e-18,3.8115453876704656e-15,9.921797882391494e-19,7.708672609257917e-19,2.494153851953793e-15,6.625582154592768e-19,-8.620763746233183e-12,9.936385518696906e-19,-8.620771095108507e-12,-4.3192796803864025e-15,6.961003635210069e-19,1.1623768134053912e-18,2.5025485422082895e-18,1.0517058420290739e-18,8.53228658937086e-19,1.0315166537902963e-18,2.646986777650679e-15,1.1203783189906463e-18,5.109471561526161e-19,1.75840855605031e-15,-8.621158930546355e-12,2.02095562999092e-15,1.7096223094142703e-15,1.1377911496262454e-18,2.1357003159808704e-15,2.624365365628238e-15,7.710935350198767e-19,2.4386580231861864e-15,-4.319306602121144e-15,9.847987889167425e-19,-4.319762788794667e-15,4.695600920212943e-19,-4.3189854749729496e-15,2.1081002752816186e-15,8.891738964872557e-19,8.906857726654117e-19,7.937291145099649e-19,2.3178228079953496e-15,-4.319109417825028e-15,1.0117703903302033e-18,9.553435751119995e-19,2.272407452507971e-15,1.3528324293970666e-18,2.2428476711067476e-15,-8.622753778381698e-12,6.302274986769386e-19,7.493262604422507e-19,1.146127585140911e-18,2.5794086283528885e-15,-8.622833306935568e-12,1.812945891650218e-15,1.257975568035742e-18,1.1747909555417337e-18,2.5434737831956392e-15,1.6997430227655327e-15,1.2199108717603534e-18,2.6744666011181465e-15,3.752772313538149e-15,1.0100128669313337e-18,1.0221884194072677e-18,7.22084374912616e-19,1.6512939585264655e-15,1.4054701588627473e-18,-4.319788491140741e-15,1.4205999049680763e-18,9.321463888097286e-19,2.4593588212444794e-15,1.5454913078979853e-18,-8.6219090127369e-12,3.825034064650834e-19,2.6666538989732054e-15,-4.319145487997493e-15,1.1941664236893213e-18,7.342970338339422e-19,2.4820927762146265e-15,9.704236134039148e-19,1.9055874552036905e-15,1.0823580980657555e-18,5.312602133141169e-19,7.618249717450231e-19,1.2256500391872308e-18,1.6390870412412532e-15,1.1511962634841015e-18,1.211519556929489e-18,2.783899827293749e-15,2.057151051117835e-15,1.097377996594796e-18,-8.622812844523278e-12,7.583444912773973e-19,-8.622357636657308e-12,2.137894953972157e-15,2.1750976457505923e-15,7.018715423955279e-19,1.821026829436425e-15,-4.3189781773087404e-15,2.3299718477558973e-15,1.342064335153533e-18,1.0850761031154834e-18,7.300994209098593e-19,2.5407224683538125e-15,-4.319529367079466e-15,8.491667964754186e-19,1.4789251919211207e-18,-8.620041749212981e-12,1.7416517865498017e-15,1.2994680185317867e-18,-4.319357856055567e-15,1.7909106943558887e-18,1.1556369410913332e-18,6.734788988990797e-19,9.110729284941936e-19,-4.31981670478621e-15,1.0805457981573336e-18
