0.9999999999999445,8.677588435026949e-11,1.8360358342942644e-11,6.108061834712902e-11,7.566303362835562e-12,-3.6275679917197266e-11,4.628804824061867e-11,0.9999999998949899,-2.2881208426132644e-11,8.389308925099015e-11,0.9999999999108347,-2.2400053436634514e-11,4.8196791638591985e-12,6.553265095493332e-11,3.757291504249691e-11,1.3836680192456377e-11,0.999999999902141,-3.731780656003117e-11,-3.721406906958597e-12,2.7836424476182997e-11,7.87349242355548e-11,3.025976584335513e-11,2.331862002970323e-11,-2.4782085551588107e-11,0.9999999998551135,0.9999999998937106,0.9999999998687309,0.9999999999321486,4.6590298133845056e-11,3.687648900626804e-11,9.257283222296748e-12,0.9999999998733017,1.6543698256945208e-11,4.141073597512843e-11,-1.0896862732173207e-11,2.2850357514685594e-11,-3.232876148317113e-11,2.3707806175220294e-11,3.477141907932924e-11,2.8534580502298762e-11,-4.790672073771585e-11,0.9999999998358119,1.5725353632442584e-12,3.547637635838233e-11,1.598293150762629e-11,-7.194676850673531e-10,3.950377872948585e-11,3.360792984747613e-11,3.993355318218053e-11,0.9999999998754407,-6.363558974127826e-11,9.844131477972377e-13,2.9822607405018214e-11,4.466291737354964e-11,3.8264192679642495e-12,6.820238677737865e-11,1.6078138422658168e-12,1.1253741955967457e-10,1.632116107892812e-11,2.4859496309426177e-11,-5.8020576952200703e-11,9.016739421661446e-11,5.773612658889801e-11,4.2049694661004135e-11,2.5248811932705632e-11,-8.423786884090688e-11,0.999999999987439,4.802728111742975e-11,2.445542250627432e-11,0.9999999998626123,3.7241552643008056e-12,9.624736537784745e-12,3.387109645156415e-11,-1.5977310362199042e-11,6.232087455168789e-11,-1.8064086056511177e-11,4.8857418364703915e-11,9.907703973873588e-12,3.07537420195001e-11,2.6618999202668305e-11,1.269563630732805e-11,1.5287831345529622e-11,2.6328436492866705e-11,5.4178830587451855e-11,1.6371085593722866e-11,1.0000000000053073,0.9999999998787811,0.9999999999458886,4.5967812027863425e-11,-1.4211304758640537e-10,7.660368893586651e-12,2.128309105910791e-11,3.678144524923138e-11,0.9999999998700585,0.9999999998666486,9.609502718217865e-11,-1.393308868027937e-11,0.9999999998754953,-1.2539244896348605e-11,5.249505215239181e-11,4.620028618118648e-11,-5.094271678083953e-11,1.2899247584805625e-11,1.4086080484473354e-12,9.014909059053018e-12,4.489187267985121e-11,3.176061483694286e-11,2.803410899902288e-11,7.938177741941748e-11,-6.74696498168043e-11,-3.475745207038411e-11,-7.929851120316947e-11,3.579862834758234e-11,3.707986737310893e-11,4.419098376707178e-11,2.1002776672122468e-11,3.233648192768568e-11,0.9999999999430927,2.7169151842153182e-11,3.4202242127828305e-12,4.5490142450636786e-11,7.530985414147023e-12,-1.9140701994634583e-11,0.9999999998560933,-6.106440326868894e-12,3.474999140696273e-11,3.627047826158394e-11,3.7985705488307293e-11,8.662735344891256e-12
8.677588435026949e-11,1.1504612336415676e-11,-9.568610064452668e-19,5.907428892779913e-18,8.71929596787705e-18,1.9200208824536286e-17,7.975720098952678e-18,6.988576266703476e-11,-4.992141707074789e-18,2.6860279892043052e-18,3.501114483136519e-14,2.961199265843621e-17,2.5804818018889222e-17,2.085731235802404e-17,2.202300824301748e-17,2.5242283239588712e-17,6.988572329862084e-11,3.530215293444321e-17,2.256095953558535e-17,-6.906520971394563e-18,4.453985013002222e-18,2.2424585536541966e-17,6.7264476563086374e-18,-8.769248884570593e-19,6.988576850884481e-11,6.988578898337975e-11,6.988580850807487e-11,6.988576727191625e-11,3.413898489879841e-18,2.4436233899392956e-17,1.861781471099425e-17,6.98858244456615e-11,1.9386744473653108e-17,1.2139972614544964e-17,6.882020928592979e-18,2.7603164057052495e-17,-6.832057424925092e-18,6.209039234194064e-18,-1.2524836148847657e-17,5.38107903977185e-18,7.72242123981558e-18,6.988589363808812e-11,-2.7432320436631044e-18,4.983005303112008e-18,2.388252476386953e-17,-1.800616745482095e-17,3.329889354866098e-18,-3.96883446715438e-18,1.748155926409903e-17,6.988586006174164e-11,-6.253012707763754e-18,2.6026154916434282e-17,-4.346284695970901e-18,1.904612359099071e-17,6.554055310239395e-18,5.2947759441300455e-17,-4.168327424353342e-18,1.7416521141811396e-17,6.8784913391231956e-18,2.983399243576982e-18,4.100693705939869e-18,1.2829808715711424e-17,1.9232046912919408e-17,2.5705800269095388e-17,7.313890238455866e-18,-1.5757362626298875e-18,6.988593979761399e-11,4.529672763735668e-18,2.2117606078509952e-17,3.501081344784649e-14,7.373081889165857e-18,-3.860929596082021e-19,-1.7648608712424867e-19,1.2566635907516132e-19,2.5397010510005007e-20,3.8880868534763086e-19,1.3353872786298458e-20,-9.564826217951452e-20,1.8499064576630193e-19,-6.743882689511143e-20,-1.2108323048965783e-21,-1.9350054897136728e-19,6.977638139654121e-20,-3.195260004464162e-19,7.171516710697605e-20,3.501107661471616e-14,3.5011212046896446e-14,3.501051046833601e-14,5.168883997061633e-19,-1.7215228642596455e-20,7.849815360698552e-20,-1.3486342763172244e-19,4.856418263421839e-20,3.501092719503953e-14,3.501081308808886e-14,3.193001726488083e-20,-1.2966270683547076e-19,3.5011062659453e-14,1.1834339504022854e-19,7.888390175843458e-21,-2.689130290737874e-19,-3.0740306860688005e-20,-1.658278055993945e-20,3.08867282927201e-20,-1.3334821682664344e-19,-7.206335573645363e-19,-5.577578117484834e-20,-1.1054842755784793e-19,1.1069685941201703e-19,2.077791452105303e-19,-4.48440281694534e-19,7.950147753710742e-20,4.0733247986069916e-22,-1.5966551824808706e-19,-2.5318379797641612e-20,1.9232572495880825e-19,-4.9350308792216185e-20,3.501121897951152e-14,4.2160227205258505e-20,6.7138964908847395e-21,-1.3416265231862278e-19,5.594916860077163e-20,5.622780076066867e-21,3.501086350608138e-14,1.81889735144334e-21,1.9411560303681639e-19,1.462167531388888e-20,-1.660870090721924e-19,1.2033328389598609e-20
1.8360358342942644e-11,-9.568610064452668e-19,1.1504768466412532e-11,1.3680253355501043e-19,-3.094643395898011e-19,3.041956463816858e-19,-4.650063756942779e-18,1.4648108743113243e-12,-2.383186724807276e-19,-1.5856262995872718e-19,7.337680528994409e-16,-1.5625747863783503e-19,-8.694783634515858e-20,-4.513296952355036e-18,-3.43673353071937e-19,1.9972260685585043e-19,7.340319314809964e-16,-1.3184179236890896e-19,-1.0333573482269447e-17,-1.6838137524213413e-20,-7.711367473391761e-20,2.7130478254051165e-18,2.4267473121947013e-18,-3.7565473340758986e-19,7.337550269260869e-16,7.341361303972276e-16,7.339948282644064e-16,1.4648021620859876e-12,2.1788884891538104e-20,7.613772997133433e-18,-2.655018729116297e-18,7.337992919332544e-16,-5.82134935255035e-18,-1.6300352597229972e-20,-4.852491627084695e-18,4.567307415524562e-19,-6.1778946077673264e-18,-1.0159332008196107e-17,3.181902401394599e-18,-4.0582111235086135e-19,-7.988742910681753e-18,7.338252812941118e-16,1.685654346935536e-19,-4.50861630747277e-21,-7.366182128613027e-18,-2.0718865366766197e-19,1.2550918824774687e-19,-3.073737537851198e-19,2.1948581057456147e-19,7.33886431535896e-16,7.713721064151783e-20,-1.0515210265006986e-17,-2.293289962267019e-20,-3.4884717493337963e-19,1.5187577551114658e-18,1.7000739620551682e-20,-1.1948847024172294e-19,5.158165531049511e-20,-4.0331777532657297e-19,2.3772675274651594e-18,-1.9907792615759942e-17,6.471872647526341e-18,-1.0175423009532558e-17,-1.751529691210839e-19,1.8906729503517569e-19,-2.125163527215352e-20,7.338013344292195e-16,-4.561144363973696e-18,3.1480461251639015e-19,1.4648853282260538e-12,-1.2782409672740254e-20,6.743381451616468e-19,-1.4174923648358547e-18,-9.425315660184058e-18,-1.3478310423882251e-17,3.0027672318535065e-18,-8.446071465705583e-18,-9.288314598605705e-19,-4.0626620804023074e-18,-4.2469355037579274e-18,9.60538346486236e-18,-2.24868578573515e-18,-6.873763733692645e-18,-2.29407994534599e-17,-6.0796347401986636e-18,7.339103431741487e-16,7.338354571719789e-16,1.464888061499599e-12,3.908268620191268e-18,-1.839031396424444e-17,2.4357119643198316e-18,-1.065344808296187e-17,9.187664978877748e-18,1.4648731411296659e-12,7.339703236762687e-16,8.749321711642666e-21,-7.179299716368357e-21,7.338099643912129e-16,1.7733007235292545e-19,-6.66211651967115e-20,-3.426864231287204e-20,-4.9255110651834396e-20,4.607866086656847e-20,6.720713730166631e-20,1.7496555397689645e-19,-1.3164804733060036e-20,1.730165381687573e-19,3.006913832667377e-19,1.3361372198047783e-19,2.64405649822134e-19,8.594699019486884e-20,9.733195192448504e-20,-9.502362841733514e-20,2.268394176023801e-19,-6.537159839256549e-20,-3.873951808592922e-20,-3.482836419826262e-19,7.338545848661382e-16,-2.203989332334184e-19,-2.8613010140829345e-20,-2.7594293538449666e-20,-1.0103048491342072e-19,4.0864712699594425e-20,7.338378369600635e-16,4.1453406642467246e-20,-1.049598922855373e-19,2.240682345152926e-19,1.1976444628327555e-19,3.331610119069571e-20
6.108061834712902e-11,5.907428892779913e-18,1.3680253355501043e-19,1.1504680942299582e-11,-3.340378250413547e-19,1.255719696400314e-19,5.938687400508566e-18,2.2139399975390006e-14,6.147813141496705e-20,2.970078754963857e-17,2.2139409584107813e-14,-3.7693367092231444e-19,-1.1614098944053664e-18,2.4384194225917327e-18,-6.867498667450546e-19,-6.328975240065666e-20,2.2139478378231052e-14,2.976162815616023e-18,-8.138571245766689e-20,4.369417001321428e-18,1.0966022043120603e-18,1.1037927311923838e-17,1.649976682737185e-17,2.8743067924893046e-17,2.2139249416383174e-14,4.419277661433373e-11,2.2139311047608505e-14,4.419276855079492e-11,2.591375589614019e-19,2.7865989165966856e-19,-1.4472958346863738e-19,4.419281679393766e-11,-1.7259016853781449e-18,-2.1554793060520696e-19,1.839450312970305e-19,-3.4576059725782876e-20,2.1118775148029904e-18,-5.008466247832853e-18,7.656316326013197e-20,-5.671379385954946e-20,-5.32167266517108e-19,2.2139396482103083e-14,1.1662630064820849e-19,3.419442578548323e-18,7.83607382886271e-20,1.4867580051930972e-17,-7.770456930109535e-20,1.5005458106327822e-19,-2.0665938674934242e-19,2.2139432838853888e-14,-1.555058621147549e-19,-1.8001254712216957e-22,1.6006006868352293e-20,-7.9133326331629e-18,1.1665221255148891e-17,6.179016726621866e-18,1.9692042696608778e-17,-1.4518084573691357e-17,-1.694698027041758e-19,-2.865198694383499e-20,-2.733383536068299e-20,2.139336818621328e-17,-7.560376019397243e-18,-4.067067532608534e-19,1.0158576112816648e-17,1.5421968630613744e-17,2.213933644367352e-14,3.2266393793819098e-18,-2.7001469539200014e-19,4.4192870268718973e-11,2.840035605445496e-18,5.662902810155693e-21,1.3423790494478914e-17,-1.0163408722055292e-17,-1.9734681760774052e-20,1.43347767138414e-19,3.917046115384562e-18,5.609258195971035e-18,-1.3381471483658994e-19,1.0707048019762873e-18,2.7998714126993424e-17,1.9147451361369093e-19,-3.630654980974089e-18,-2.811641065830798e-17,-1.0444691417135208e-19,2.2139684134480732e-14,4.419281890383045e-11,4.4192866324941933e-11,2.3847865076416122e-17,-3.0654649364028267e-18,5.235940993262837e-21,-6.814529059085347e-20,2.3834429733271775e-17,2.213965256771292e-14,4.419283789333614e-11,-6.070133757622524e-18,-1.6571669681580618e-17,4.4192775621368315e-11,1.1143701586051949e-18,-9.731790508305636e-18,1.6391977585427356e-18,5.4899298428706885e-18,1.3907495762539084e-17,-6.165330945268673e-18,-4.189483738541071e-19,1.7097639733926196e-17,2.5036751541372744e-18,2.071644339041882e-17,4.899180421467218e-18,-2.4598449896787165e-17,-1.6337675466760928e-17,-1.2072890251584904e-17,4.561309925307785e-18,-9.259428602673354e-18,6.043641438754135e-18,2.4667749441068235e-17,3.92881916574284e-18,4.419296856659506e-11,-9.919516929818975e-20,3.957414413926766e-19,3.1301835781061343e-19,4.009653904072578e-19,-1.0622718942197854e-19,2.2139723568352125e-14,-2.7916642889441305e-20,-3.2557604292267795e-20,-3.300382793793558e-20,3.275828894904822e-20,-1.9007874997836495e-19
7.566303362835562e-12,8.71929596787705e-18,-3.094643395898011e-19,-3.340378250413547e-19,1.150472730878261e-11,-2.5367622361424605e-18,-7.733006281701718e-18,-4.670072380821046e-15,-1.8778055043569046e-17,-1.724721311934447e-17,-4.669799015742751e-15,4.89163887025386e-20,1.016027213506816e-17,3.229061711711787e-18,-2.655096709515137e-19,2.0416691500750442e-19,-4.669721063591669e-15,1.411268950356025e-17,7.615721773338211e-18,-2.1214696666381246e-17,-4.4398247458136786e-20,1.5283077677118237e-19,-9.057976175928015e-18,1.1775707766940743e-19,-9.321400354584588e-12,-4.669806744949483e-15,-9.321357037017705e-12,-4.6698483885216e-15,3.8479805908555693e-19,6.091748842350159e-18,2.9239252134576917e-18,-9.321342497891248e-12,-1.2297675884230253e-19,-3.4437457325725427e-18,-1.5029021939110923e-19,1.1938335378967468e-17,-1.0391759787699512e-19,-8.199135658784829e-18,-2.1500895565916112e-17,-1.626184140534871e-20,2.5560312884276925e-21,-4.670014715773887e-15,-2.8413407325026436e-19,-2.2532127350331275e-19,3.512481557964529e-19,-3.636626433589127e-20,-8.311969988355234e-18,-1.121179780327579e-19,4.829239406209444e-18,-4.67007563043066e-15,-2.1309996446500406e-17,1.2383835062168939e-17,1.4108222829805496e-19,1.7517510109672253e-19,-6.201808660273387e-18,-1.9060490938570976e-20,-1.63752734142639e-17,1.1791915585260126e-21,-1.2595462557657313e-19,-1.0825846984678187e-17,9.617790224035406e-20,-2.9701389564190637e-18,1.554505943366757e-18,8.105856625777101e-18,-5.747835591579024e-18,-1.2058711893709211e-19,-9.321240095561215e-12,-7.000311899621377e-18,4.774358887374742e-18,-9.321304281441293e-12,-4.8505531568429386e-20,-6.088101281904784e-20,6.634601326441482e-20,7.422751620638999e-18,-3.7264330461371445e-18,-2.725184816022115e-19,-2.139423170852438e-17,4.766584055872501e-18,-1.4288729608277384e-19,1.0179904126936216e-20,-9.035836870477704e-18,-6.3875353210149275e-18,1.6769150493919537e-19,-2.322880528397238e-19,1.1978683149946474e-19,-4.669891746925814e-15,-4.670014241313658e-15,-9.321271498642964e-12,-2.0139034874290707e-17,5.155385116376414e-20,-3.454484463271549e-20,-5.485561057905597e-20,-1.8075424826430018e-20,-4.669729439447534e-15,-4.6696164054683374e-15,-2.008857091696487e-19,3.942520737829893e-20,-9.321396105694064e-12,3.7665426645263045e-19,-1.0836530607102681e-17,1.6972973381691878e-19,-1.3867089011314059e-17,-2.093700230593642e-17,-3.81184124207626e-20,1.1036941629982056e-19,-9.278741365228493e-18,1.813709708232222e-18,-1.1287757083927337e-17,4.9680548551995856e-20,-1.7733599648167534e-20,1.4225858722336333e-18,1.7919878030734316e-19,-2.3523352249683696e-19,1.4027428959127043e-20,-2.4482543789000846e-19,-1.5376218056511533e-17,-1.0741617274874095e-18,-4.6695026744315896e-15,-1.16584787953244e-17,-9.641287679931052e-18,-2.1910685083339035e-18,7.855305766147324e-19,-8.414424469702338e-18,-4.669759144961056e-15,5.944023047867243e-19,1.9590184081318604e-20,-2.48568597822354e-19,-7.010510199371365e-20,-1.9287350462096715e-20
-3.6275679917197266e-11,1.9200208824536286e-17,3.041956463816858e-19,1.255719696400314e-19,-2.5367622361424605e-18,1.1504557067800291e-11,-6.208624156664868e-20,-5.317268130232389e-11,-1.9105370253911375e-19,-1.3789254489252757e-17,-2.66382274516116e-14,1.7727098628028424e-17,9.39369754403662e-21,8.815740116736579e-18,-4.187838664083392e-20,1.9276638123464347e-17,-5.3172754144065675e-11,2.7568758244639704e-17,-4.707401199676007e-21,-2.7690724693821277e-17,-1.434142219464356e-17,-5.07159095379148e-19,-6.216991268923695e-18,-3.352279483900537e-19,-5.317268621519377e-11,-5.3172645165581083e-11,-5.317260960912736e-11,-5.317267301307319e-11,-1.2415587700184834e-17,1.8263416958004845e-17,1.930705745288736e-20,-5.3172580152317476e-11,7.809127784754747e-18,-8.336666763164841e-21,-3.3708692339245577e-18,2.2855622997389154e-17,-2.2104474911115082e-17,-9.60610110959938e-18,4.2469739116201893e-19,-4.180502227089382e-18,3.5573003643926993e-19,-2.6638090434243193e-14,-1.5432362990796464e-17,-6.054916377793864e-20,9.304590328154242e-20,6.702741529370782e-20,-6.966966345291228e-18,-1.429717697936402e-17,-2.6317146244784123e-21,-5.317251747689748e-11,-1.3735276505878708e-19,1.8460624256502452e-17,-2.866503784278688e-17,5.357786566692476e-20,-3.392222553728662e-18,4.933217248951893e-17,3.6714255953827795e-19,9.390325180032477e-20,-3.1587010823186503e-18,2.3973988175443237e-19,-2.092916507860348e-17,-1.7027860676169197e-19,5.3824528012027196e-18,1.6806012730172854e-17,-3.2862052658525147e-18,9.903110278902246e-20,-2.6637570793372425e-14,-7.170905800926927e-18,2.2390633930377806e-19,-2.6637725904041145e-14,-3.45984219194082e-20,1.2659650744588765e-19,-1.8985412854672558e-17,1.3192790277785834e-17,-5.232139921921226e-18,-1.6591571294829757e-17,-2.8035475105495863e-17,1.2346442854457237e-17,-4.748776832780057e-21,-9.654493161387205e-19,2.0074997458385973e-19,-5.947532669554712e-18,-1.4345859576790463e-20,-2.3346937109774206e-19,1.9653640525744024e-19,-2.6638001519182618e-14,-5.317257658708498e-11,-5.317245340477956e-11,-2.2862217559356808e-17,-4.9799293167964306e-20,-2.8609412154546555e-17,-2.4582701101986553e-20,1.1948564320046225e-17,-2.663822657330912e-14,-5.317253117599935e-11,-1.097813342360567e-17,4.7242388779513296e-20,-2.6638080868022008e-14,-3.7177584970629906e-20,-1.561863667753979e-17,3.5674007809568405e-20,1.960554029399887e-19,-2.738512748179543e-17,-8.174247760712386e-18,-3.9847550470681684e-20,-1.0509681637947194e-20,6.490154476540719e-18,-1.0833902820919594e-17,1.3264158765900703e-20,-2.257193383418733e-19,1.235844022815998e-18,-7.241612171942347e-21,1.2247179357503784e-17,-6.024964810609651e-20,8.117732142319704e-21,-1.5490184475304278e-17,6.284133346225109e-20,-5.317225348808335e-11,1.4601041089860045e-19,3.8611163026799407e-19,-1.9192330569185074e-19,2.946958571320021e-20,-8.044619447581304e-20,-5.317261837555247e-11,-1.1734847640166116e-17,-1.3082421470851637e-17,1.3296657203943123e-17,2.324143601442664e-19,-3.970429597205051e-19
4.628804824061867e-11,7.975720098952678e-18,-4.650063756942779e-18,5.938687400508566e-18,-7.733006281701718e-18,-6.208624156664868e-20,1.1504628045400976e-11,2.93955559260822e-11,9.819175302845417e-21,-1.4319511000925006e-19,1.4726376119477515e-14,-1.0927748860267544e-17,1.741400274066468e-18,5.130213585157353e-19,1.9964792688503743e-18,7.070631818951065e-18,2.9395497312562093e-11,7.201357299700624e-18,-1.0998103962995696e-17,-6.74896617994677e-18,1.0490278381849097e-19,1.1561616131444955e-17,-2.082421918890867e-19,1.5647829637301713e-17,2.9395533701880686e-11,2.9395555387953565e-11,2.939558033339438e-11,2.9395542270785524e-11,-4.0365597601545404e-19,1.9028241196354294e-17,1.3764317182912416e-19,1.4726513127522755e-14,-5.031300740756144e-19,1.1401956389818834e-20,-1.6359257222679254e-18,-1.0791666110935585e-21,-6.4419052813857784e-18,-8.261340083581762e-20,7.054593992479918e-18,5.648975769140173e-20,-3.975038682322842e-18,1.4726398106666155e-14,-1.0178854979879016e-17,-1.3700152510997225e-18,-9.610781319260961e-20,-8.58210587179947e-18,4.2456293888526476e-19,5.629847684478432e-18,-5.1482225689883927e-20,2.939564662394411e-11,-2.6447276921318793e-20,-9.965842916786344e-18,-2.422343296273362e-17,-8.030574601328335e-18,7.759762995073723e-18,2.730013568838448e-19,1.1539402767925818e-20,-1.3692722747467509e-17,-3.0240932557455626e-18,-2.5214545517614926e-19,-3.8190923797253536e-19,1.2915290384062204e-17,-6.781312560816077e-18,2.0447114375011017e-18,6.222296427883317e-18,6.900714455255961e-20,1.4726237020306772e-14,-1.0677154202584169e-19,-1.3098355222610555e-19,1.4726361033541116e-14,2.4929123025677876e-19,3.941811824715827e-18,-9.757270255006275e-20,5.442445582644239e-20,-1.3885017449352874e-17,1.1929017730725155e-17,-6.803041943719017e-18,1.8451585932680793e-19,3.58195171700949e-20,2.1473823122364286e-19,-1.0241158487592554e-19,-2.0653662020985665e-19,-2.6847534603706868e-20,-1.5955389030128093e-19,-1.0884432888322916e-19,1.472659236062633e-14,2.9395608946631103e-11,1.472654361387862e-14,2.551847536065914e-19,-1.9337514118243233e-17,2.667340229238041e-19,-3.277404416922726e-21,-9.546202066596853e-20,2.939565253287657e-11,2.939563727054223e-11,-1.0315305575724671e-17,-1.7009373968823276e-17,1.4726435767015597e-14,-4.499471876992459e-19,-1.410794104487179e-17,-1.795142963398641e-20,-1.263069767307455e-18,-1.3365374208948684e-20,-9.810674735089419e-18,-1.642841232615119e-18,1.0474655217858262e-17,-4.821903776657154e-19,4.4419649430937584e-20,-4.72288625990867e-18,4.0225224980423033e-20,-1.5732873112660033e-17,-1.1768979887999719e-20,8.150861600470621e-20,-6.674727428080571e-20,5.36585494934883e-18,1.4268487263724196e-17,1.8659347709178177e-18,2.9395819867500213e-11,1.9080393330020595e-17,-2.314809805582372e-17,2.4425069571946087e-19,-6.073648837829613e-20,-3.7676991441919815e-18,1.4726021831140266e-14,-7.46196521859103e-20,1.452161258727714e-18,3.1709308439802546e-20,1.3236694257139854e-17,-8.488152139187292e-19
0.9999999998949899,6.988576266703476e-11,1.4648108743113243e-12,2.2139399975390006e-14,-4.670072380821046e-15,-5.317268130232389e-11,2.93955559260822e-11,0.9999999998916135,-3.9774901218135406e-11,6.69958224339977e-11,0.9999999998959649,-3.929042753962808e-11,-6.0472644366575076e-15,2.4369880300172982e-14,2.0678868511456273e-11,-1.528859809587446e-15,0.9999999998872552,-5.420491432072333e-11,-1.032770125150009e-14,5.47955851013247e-15,6.183750707559481e-11,1.3368017642340796e-11,6.428360309707332e-12,-4.167830784371788e-11,0.9999999998402355,0.9999999998788341,0.9999999998538507,0.9999999999172701,1.4879824523836693e-14,1.0012817595788053e-14,-3.825514580621338e-15,0.9999999998584295,-1.752384225955154e-16,1.228193432307179e-14,-1.3919567311064055e-14,5.959882661618054e-12,-2.465874478557422e-14,6.814288285667341e-12,1.7883986784212952e-11,5.833264989052279e-15,-6.479739246239978e-11,0.9999999998209463,-7.675178888439119e-15,1.8581126377289394e-11,-4.56133597510367e-16,-7.363743248152915e-10,2.260531529179315e-11,8.375916401964017e-15,1.1543157159936926e-14,0.9999999998605701,-8.053319930987394e-11,-1.590484200709349e-11,6.47486939670157e-15,1.3913796512909018e-14,-6.545517448780077e-15,5.1308955250391494e-11,-7.6562975089637e-15,9.563997315691931e-11,-5.71627786569595e-13,7.969192119035928e-12,-7.49184596364785e-11,7.326971868404224e-11,4.084339538390169e-11,1.2601514769279481e-14,4.185632576149112e-15,-5.066563048198818e-14,0.9999999999725637,3.1134707426105946e-11,7.562328115314119e-12,0.9999999998477431,-6.593253254386249e-15,-7.266314119047182e-12,1.69714547484073e-11,-1.6468060264310535e-14,2.2757883208708152e-14,-3.4957683129233653e-11,3.19635318207089e-11,-6.984934529702241e-12,6.943596065150502e-15,4.8726942365246495e-15,-2.1019117536949026e-15,-8.03577347547058e-16,4.7292088697492436e-15,1.868071033879556e-14,-2.610867783982593e-16,0.9999999999904393,0.9999999998639106,0.999999999931014,1.4567663110684454e-14,-1.5901148270843508e-10,-9.228463206307512e-12,2.1999851279655476e-15,9.9648077792809e-15,0.9999999998551815,0.9999999998517786,3.9678922684618976e-14,-1.544261576570014e-14,0.9999999998606135,-2.9433621735160283e-11,1.7832255765304256e-14,2.930455188357326e-11,-3.3981946294625286e-14,-1.996390729897302e-15,-1.5482552675566278e-11,-3.9436410239125514e-15,2.800192735267155e-11,7.448219944622827e-15,5.580189756453063e-15,6.248955846940557e-11,-8.436194749762545e-11,-2.5875058756076644e-14,-9.61932762738672e-11,1.8903469663409456e-11,1.0114551466175888e-14,1.3677038103736086e-14,2.0553892594812405e-15,1.545263975234332e-11,0.9999999999282286,5.15034712300786e-15,-1.347134657589895e-11,1.4328054738962203e-14,-4.687691670903115e-15,-3.6032125745525966e-11,0.9999999998412147,-1.1524698030012132e-14,1.7851434035533798e-11,9.711630839848163e-15,1.056474290770288e-14,-8.22716794695573e-12
-2.2881208426132644e-11,-4.992141707074789e-18,-2.383186724807276e-19,6.147813141496705e-20,-1.8778055043569046e-17,-1.9105370253911375e-19,9.819175302845417e-21,-3.9774901218135406e-11,1.1504646134250141e-11,-4.0290146324340875e-20,-3.977489947374666e-11,9.864021351120412e-20,-9.076465649326633e-18,-1.2828609235606905e-17,-9.264118849390485e-18,-2.4501485234317496e-18,-1.9925837800340534e-14,-6.182365899481428e-18,3.492202479986668e-19,-2.1248531289405577e-17,5.641381075618891e-20,2.935440336721712e-20,-1.2252093770677154e-18,6.259737285887545e-18,-3.977493284482868e-11,-3.9774901321089446e-11,-1.9926305103060695e-14,-3.977491487639347e-11,-1.7134780745323277e-17,-4.2264591813940174e-21,-6.835200982113864e-18,-1.9926315807623616e-14,-1.491068067964327e-17,-2.372723069947233e-19,-1.105276410354692e-17,-2.818898915556905e-19,-1.652648041998543e-17,-1.3893600899186035e-23,2.0464516530505811e-19,-4.0700901848017896e-18,-1.7973457279035292e-17,-3.977471439243639e-11,-1.8962443656945738e-17,-3.269584367781479e-20,-1.7472279387542987e-17,-1.1489664106577053e-19,1.6162026778068308e-19,-6.756432847361614e-20,-1.0587339418165546e-17,-3.9774784008590236e-11,-7.528722617861376e-17,-9.308448014090332e-20,-2.1532785169130265e-19,-1.2836029204285384e-19,-9.616196702289494e-19,-2.073502654401505e-21,-1.6842131458718125e-19,-1.5674892411097505e-19,-1.2368261442572863e-17,-1.231031297588435e-19,-9.508101350531115e-21,4.348702554993232e-18,-2.2349175827005374e-17,-1.0599071064612139e-17,7.677647880946522e-20,-6.190684993622208e-18,-1.992567840601995e-14,-1.011875481162628e-17,-7.25732899677622e-20,-3.977475401080642e-11,-5.774262496632649e-20,4.4844600886117365e-20,-8.695627006060317e-18,-2.400805861699846e-17,6.723054291713047e-20,7.519117354894328e-19,-2.1258076636230894e-17,3.9810575462513887e-19,-1.1066014926220692e-19,8.621565361821347e-20,1.3422515337615094e-17,-8.739535032909854e-18,-1.639716985098861e-17,-4.129999337033273e-19,-1.7153603438832115e-17,-3.977477442109055e-11,-1.9925933355622497e-14,-3.977474499578738e-11,-1.3582830433601306e-20,-2.2251637888886607e-19,1.0576781950537264e-18,-2.4970571035659122e-17,1.2901851419089664e-17,-3.9774777643352304e-11,-3.977479770057255e-11,8.439222168295424e-21,-2.0062192311897525e-19,-1.9926432963230277e-14,-7.73446539585423e-20,-2.890675776262002e-17,-3.691012846520308e-20,-1.6198893022882876e-17,-9.890310982356876e-20,-9.771796556168909e-20,-1.0666837431424693e-17,9.120298548345242e-19,2.406859471496982e-19,-5.45484724290046e-20,1.2364133776238005e-19,-4.0630783547632416e-17,-2.7628533936925002e-17,-6.379056241829433e-21,-8.687353448555388e-20,-7.754594950572185e-20,-4.4828154954865245e-18,7.39040575814502e-18,6.947469084676235e-20,-1.992645213636873e-14,1.2372285050793297e-17,7.541032105814736e-20,-4.035820677144336e-19,-3.0731966212153815e-20,5.1649114223997e-19,-1.9926685755350836e-14,-1.9177598739211984e-17,-9.774821825086418e-18,-1.2633299408097005e-19,-2.715794460833214e-19,-7.855731252237589e-21
8.389308925099015e-11,2.6860279892043052e-18,-1.5856262995872718e-19,2.970078754963857e-17,-1.724721311934447e-17,-1.3789254489252757e-17,-1.4319511000925006e-19,6.69958224339977e-11,-4.0290146324340875e-20,1.1506165741054461e-11,6.699578749507083e-11,-5.089338038369854e-19,-1.6387967786932067e-19,2.0664095191821353e-19,-1.1323324553419451e-17,1.2582685421311493e-18,6.699575240910818e-11,-2.804056730670052e-19,-2.081041379185496e-19,-1.8528117738890234e-19,1.465435859825273e-19,1.7500320516750308e-17,3.928497548817956e-17,-7.191979503927948e-19,6.699576384108786e-11,6.699576732015562e-11,3.3563208122399684e-14,3.35631359067489e-14,1.0298675958952707e-17,3.05146671512933e-17,1.7769275812618898e-19,6.699583091849922e-11,-1.0582604100484567e-17,1.8105015848221037e-17,6.556712367445158e-18,2.9759908029738836e-19,1.5412790881262892e-17,-4.8646994895171535e-18,6.050337784989997e-17,2.144229593195874e-17,-2.28386951874694e-19,6.699594974112456e-11,-9.888141681392557e-20,1.1358014383909872e-17,4.482136130962058e-20,7.227646308382502e-17,-3.14427522970105e-20,9.325887465258444e-20,-3.997056610556581e-20,3.3563124822846835e-14,-8.200557294009938e-17,-4.8585128954201927e-17,-1.598975726198933e-19,-5.464899432904441e-19,2.7644548836509474e-17,-1.8990105599142768e-19,4.863432535392388e-19,-1.6960001119998987e-19,-5.77166570250209e-19,4.056351971974323e-17,-1.1362047948666146e-17,-1.3312046293551965e-19,-3.9458230951466874e-19,-1.5332233789028563e-17,2.6095169705834485e-17,4.647412258599942e-17,6.699594556686378e-11,5.2328309472842855e-20,-5.577531238360684e-19,6.69959125481407e-11,-1.595985779299779e-19,-1.1638087869413049e-23,4.146431190992751e-17,-4.0496425701049157e-17,-2.7754263390361472e-17,6.237005301856995e-17,2.5968932462024135e-17,4.0347139735235933e-19,7.713335439641538e-20,7.433663190619191e-18,4.504661773726112e-20,1.881093218996404e-17,-1.1861032912248897e-17,1.5841510275256412e-19,9.606648937696502e-21,6.699588435622404e-11,3.356336896049789e-14,3.356338953383412e-14,7.575315537459611e-20,1.5326075711878972e-20,-3.333199654487839e-19,-8.607994729312881e-20,2.3174051559318336e-20,6.699587196869445e-11,3.356340632240908e-14,-4.167612407865212e-18,-3.5675123708390174e-17,3.3563375803685384e-14,2.6360576968243805e-17,-1.1295046073989353e-17,2.516284998510754e-17,2.862921204001283e-17,4.854938202382278e-17,-6.803661560779537e-18,6.583490819779887e-21,1.0352021676894053e-19,-2.2058841196255294e-18,-3.1809192317850486e-19,2.903314276997908e-17,-2.635085147145655e-19,-2.8032270308114498e-21,4.786027074306006e-18,1.7887325048031412e-19,-3.462377836975267e-19,1.4729674515044111e-19,6.766971474247029e-17,-1.7887328455444727e-19,3.356312143465992e-14,2.957686264656865e-20,-3.99719111519284e-17,1.7220459026371936e-17,-2.0556593196923393e-17,8.314492551041105e-18,6.699577915584655e-11,2.7418782362254604e-20,-8.813932366910372e-20,-7.99748774099943e-20,3.828151576618815e-17,4.1912648827738115e-18
0.9999999999108347,3.501114483136519e-14,7.337680528994409e-16,2.2139409584107813e-14,-4.669799015742751e-15,-2.66382274516116e-14,1.4726376119477515e-14,0.9999999998959649,-3.977489947374666e-11,6.699578749507083e-11,0.9999999999233111,-3.9290381954347173e-11,-6.047163707024904e-15,2.4369943865758466e-14,2.0678886894905227e-11,-1.5288801115937322e-15,0.9999999999031106,-5.420488814894397e-11,-1.0326216085254885e-14,1.0937226632908515e-11,3.097902035770316e-14,6.6970088938028244e-15,6.4283477658811214e-12,-4.167834032591671e-11,0.9999999998560907,0.9999999998946888,0.999999999869706,0.9999999999331263,1.487987210195376e-14,1.0013198887174527e-14,-3.825122357419402e-15,0.9999999998742842,-3.492212959407484e-13,2.4515848887373635e-11,-1.3919638707973652e-14,5.959897682776407e-12,-4.92211920527264e-11,6.814300788502319e-12,8.959389079616334e-15,5.8331624230088345e-15,-3.2461761120484745e-14,0.9999999998368013,-1.5320023068878333e-11,1.858112696448274e-11,-9.109776789129198e-13,-7.363743445975069e-10,1.1324895003736702e-14,1.671893563789059e-11,1.1543237769478864e-14,0.999999999876424,-8.053314806309735e-11,-1.5904801296730398e-11,6.475444063502665e-15,2.7773198757011087e-11,-1.3066013771588565e-11,2.5704734819346504e-14,-1.5282781339911734e-11,9.564000543651769e-11,-2.865380386365816e-16,3.992577857999084e-15,-3.753230856792196e-14,7.326970751629091e-11,4.0843421211133065e-11,2.515297358904173e-11,4.186808072767511e-15,-1.011329809903337e-10,0.9999999999884195,1.5597693654730665e-14,3.788535105831738e-15,0.9999999998635974,-1.3160577563329332e-11,-3.640326513954027e-15,8.502458873145181e-15,-1.6468394857535782e-14,4.542731132039102e-11,-3.49577099218e-11,1.6013597598447088e-14,-3.4992223971150667e-15,6.943003694721086e-15,9.72595993716392e-12,-4.1955989729580286e-12,-8.033299759564991e-16,9.440146413138076e-12,1.8680891081136638e-14,-5.206473739492894e-13,1.0000000000062945,0.9999999998797662,0.9999999999468697,2.9078899612810613e-11,-1.5901149977573442e-10,-9.228498449013026e-12,4.391142845399875e-12,9.96481427085571e-15,0.9999999998710362,0.9999999998676347,7.920349898217473e-11,-3.0824836494088696e-11,0.9999999998764697,-2.94336334621279e-11,3.559550154459751e-11,2.930454221229891e-11,-6.783141783959531e-11,-1.9962392921219128e-15,-1.5482540064157806e-11,-7.871890380782304e-12,1.4028194086131571e-14,7.447928432296677e-15,5.580241928172665e-15,6.248954867414843e-11,-4.226337843818695e-14,-2.5875279541715858e-14,-9.619327506878051e-11,9.470238816854336e-15,2.0190741727249735e-11,1.3677280342394596e-14,2.0553631291560038e-15,7.741398951079931e-15,0.9999999999440836,5.150637593351488e-15,-6.748673845557646e-15,1.4328334587284834e-14,-9.357114314064173e-12,-3.60321213352314e-11,0.9999999998570703,-1.1524834194266762e-14,8.943459629431267e-15,9.711575758238896e-15,1.056487868841891e-14,-8.227158750662507e-12
-2.2400053436634514e-11,2.961199265843621e-17,-1.5625747863783503e-19,-3.7693367092231444e-19,4.89163887025386e-20,1.7727098628028424e-17,-1.0927748860267544e-17,-3.929042753962808e-11,9.864021351120412e-20,-5.089338038369854e-19,-3.9290381954347173e-11,1.1504696734307309e-11,3.0266674145911926e-20,1.9954493886570032e-17,1.5027304871123074e-19,2.980021692797299e-17,-1.968368001831435e-14,2.2629079077152216e-19,4.503972835377716e-17,-3.878534256300712e-17,-1.4327876834020365e-17,1.690773903001627e-17,-2.135962575841191e-17,-4.939710147443942e-17,-1.9683524716572485e-14,-3.9290357197897747e-11,-1.968345917096e-14,-1.9684428834508814e-14,-1.2563189943912778e-17,-2.1526056077544952e-20,1.3622994712703981e-17,-3.929031658924778e-11,2.231218265420272e-17,3.45490201035268e-19,-1.845875574828669e-18,-1.5412100031163012e-19,-2.9480811235348334e-17,1.7079684611831347e-19,-6.335602647947163e-20,1.0031219685454955e-20,-4.605784996533125e-19,-3.929024168109526e-11,-1.2086838619830067e-17,-7.751765520059179e-21,3.096570757312367e-17,-2.385182457384143e-19,-2.524003177899924e-17,7.023537655912924e-20,2.4975400606818097e-17,-3.929026213403037e-11,-6.575159508030023e-20,4.9063172728027174e-20,4.656370821467335e-20,2.6145518212702896e-17,-1.4125858512385627e-17,-5.629845783123716e-20,-1.9910102229312914e-19,3.4542611816416385e-20,1.6797377946081872e-18,-2.7211865622469894e-17,-1.0380309929953352e-17,-1.0260727459361536e-17,2.5008652262974243e-17,3.480290084228309e-17,-1.2189764336229232e-17,-1.6325582139749244e-19,-1.968347105517476e-14,-8.336058484632245e-21,-2.435428225722333e-19,-3.9290276109860014e-11,1.9451867556694342e-19,-6.1887165993053634e-18,-3.6714325146115424e-17,-1.7044840671615438e-19,-1.0347980710087986e-19,-8.79757417051957e-20,-3.9722385120742955e-17,2.2124153651646277e-17,-2.889146208469321e-17,1.3017879808421558e-18,-3.6781862596854734e-17,-9.844878782035734e-18,-1.0952410883709533e-19,1.5418898103614282e-20,1.0695944876747716e-19,-1.9683239869929195e-14,-1.9683488254824193e-14,-3.929019234798596e-11,8.472392043241096e-20,-1.08561949957871e-18,-6.3608334877644e-17,-2.1777861124960134e-19,-4.801086361785046e-18,-1.968345007690542e-14,-3.929027049651067e-11,-3.063330651429449e-18,1.8703534889296923e-17,-3.929039815746678e-11,-6.645716275336105e-20,-5.592833167403028e-18,-2.6228712743625496e-20,-2.5144835630774488e-17,-2.758599863104101e-19,-7.233657953676861e-19,3.074762921407546e-18,-2.4765053654181956e-17,1.3956594535788954e-17,9.348640611752165e-20,-3.7566112558406765e-17,2.945170491017203e-20,5.783327255720865e-20,-4.732941880318075e-17,1.9470062332020378e-17,-5.449926794886991e-20,1.5206202883941414e-17,-7.189491591021343e-20,3.069495225490839e-18,-3.9290030523645186e-11,7.257040123154597e-21,8.13565116257621e-18,-1.1051548466026415e-18,1.2921858242291667e-20,-8.846304353285207e-18,-1.9683559717610216e-14,-8.494935239112375e-18,-7.779971386661377e-20,1.8515967635485744e-17,5.982768556433977e-21,-1.8343280135723657e-19
4.8196791638591985e-12,2.5804818018889222e-17,-8.694783634515858e-20,-1.1614098944053664e-18,1.016027213506816e-17,9.39369754403662e-21,1.741400274066468e-18,-6.0472644366575076e-15,-9.076465649326633e-18,-1.6387967786932067e-19,-6.047163707024904e-15,3.0266674145911926e-20,1.150473776704169e-11,-3.866934464496801e-21,-7.54498416052925e-20,2.669601548646834e-19,-1.2071251799131322e-11,3.775935043870886e-17,3.561762179232164e-19,-1.3870052050586254e-17,-3.089299889545673e-20,1.7503938737830838e-17,-2.2787744333297313e-18,1.9063257027935802e-19,-1.2071205987646376e-11,-6.047373586370677e-15,-6.0473056441976614e-15,-6.0474216001709285e-15,1.0249869548057623e-18,-5.432754819742201e-20,5.362649277016663e-19,-6.047339722885452e-15,4.3013365217176425e-20,5.4179609811994046e-20,3.765484495365754e-18,2.319953471047981e-19,-3.3412317381158026e-20,4.727428228769511e-18,-2.5163477481330576e-17,1.1044653023615677e-19,2.940100964490266e-19,-6.047484488332082e-15,-2.41610664351466e-18,1.3749372958974486e-18,2.521873423610023e-17,-5.607331400604842e-20,7.993247022465043e-20,5.3938175257277754e-20,2.1853401072327657e-17,-6.047305661853903e-15,4.53203463286091e-18,-1.7792381173480385e-19,-3.1317595893203686e-20,-4.793646396114335e-21,5.783966133019237e-19,5.637169435030663e-17,-1.866426678882969e-17,-2.0219542609349791e-19,-3.812996255664745e-20,-6.649805970496799e-18,5.459054027628691e-20,1.4944797766082392e-19,-4.428749075227422e-20,2.3069729550854177e-19,2.791132288622021e-19,-7.148785959047916e-19,-6.047305091660941e-15,-1.6843940887019377e-19,1.3280854928915447e-17,-1.207113018137266e-11,5.280327886427452e-18,1.7898337065137118e-19,-1.162288086238904e-17,2.248061184280496e-19,1.2530608061783442e-17,-1.3585865506027781e-19,-1.4752128092361673e-17,2.208559562130599e-17,1.0817634899528899e-19,1.7889098689867412e-20,-3.0366315102719736e-19,-8.924863944383596e-20,1.5263967569964916e-17,2.1694355356800246e-17,-2.6426037848098575e-21,-6.047180586862428e-15,-1.2071157343980393e-11,-6.047268400583823e-15,-4.1572053080927536e-19,-3.8427391648714674e-17,-1.9431877625518697e-20,2.930536299153833e-17,-1.7027242665038083e-19,-1.2071124794080355e-11,-1.2071129675163184e-11,-1.1561776647819112e-20,1.5280487948056185e-17,-6.047604526811958e-15,-2.1758879714367656e-17,1.79218755153211e-18,-1.965874468761917e-17,-4.417668509794954e-19,-2.4531176154001275e-17,4.959968571267336e-18,6.5155102301200316e-18,-5.253557501297557e-18,1.443592596455028e-17,5.183379663483257e-19,-1.471462671125694e-17,8.889482092254699e-18,2.0477230225329365e-17,-5.922524899743312e-20,9.089211629193365e-20,1.124090279133706e-17,9.323811212029198e-21,-1.892101877394864e-17,-6.146995661647345e-20,-6.0474062191268e-15,-1.3256985163401282e-17,8.830397306360567e-20,-5.382841122788932e-19,1.5812951246277963e-17,1.064433728528598e-18,-1.2071163877704788e-11,-1.607840759333988e-20,4.46174007970431e-20,-7.624748955846129e-20,-3.546324398794953e-20,7.241886997918455e-18
