0.9999999999999999,9.416816224040333e-12,3.4990236928829015e-12,-5.2885886500855314e-12,5.488751822870784e-11,1.9171381233744267e-11,1.9429958462078034e-11,9.909759663508415e-12,-2.053364819534143e-11,4.6250132284207825e-12,0.999999999990673,1.844444342157385e-11,0.9999999999664198,4.0621654506252294e-12,-2.479142290858176e-12,2.511660431514039e-13,-6.8834004555139575e-12,-3.277652234311791e-11,1.2706552565629611e-11,-3.1827157416056108e-12,-3.626867632888001e-12,1.000000000012808,4.62921548650612e-12,-3.1737718931971386e-12,-1.3459983699849224e-11,1.0000000000040996,-1.0641433306238629e-11,1.000000000007657,-5.134643901072721e-12,0.9999999999920164,7.427729610651994e-12,-2.9553463626229574e-11,-2.3869451095136117e-11,-4.7711812667552534e-11,3.9133208268348863e-11,0.999999999991083,0.9999999999936676,-2.3791722386667146e-11,0.9999999999534923,5.9464687340954e-11,-1.5592372935999745e-11,-1.8642778413582636e-11,2.4660540074697692e-11,-6.506282791682643e-13,3.795146458482056e-11,-3.313271697597743e-12,-2.1421382713804037e-11,1.0000000000120763,-2.2168485000293743e-11,-3.097384772901623e-11,1.0000000000031422,1.3066663325030377e-11,1.0000000000210112,1.809603612369968e-11,-1.6951925271377334e-11,1.8976967074642803e-11,4.774637120571162e-12,-2.249973280273473e-12,1.0191383758140472e-11,-3.498832458336131e-12,-9.510809517980469e-13,-1.4474323389666534e-11,3.312628869050091e-13,0.9999999999965111,3.997147198429415e-11,1.0737822718270376e-11,2.3994636441144584e-11,-4.182156979527737e-12,-1.1054842912173737e-11,1.3249720572867305e-12,-1.805035515743122e-11,7.920399934672106e-12,-1.7803230281096605e-12,4.254503578637162e-12,1.540860044917911e-11,1.0708234938195029e-11,-7.902607255085248e-14,-3.4062073017102253e-12,1.5199286537051013e-12,-2.6877162192354523e-11,-1.0018284046228996e-11,2.417095872147207e-12,1.951319983596775e-12,1.1179877698770263e-11,-1.6345583727024624e-11,4.226963998820142e-12,-7.46988438956764e-12,-1.8440905666952922e-11,2.1654547612277825e-11,-1.0703183831778253e-11,7.636203485890086e-13,-3.2570710824861313e-12,0.9999999999983006,9.869530870658464e-12,-3.988355594254486e-12,-9.129496284977964e-12,1.0000000000171652,-1.2720410089252042e-11,0.9999999999959269,1.3404563266269723e-11,1.0000000000078961,1.569646715921385e-12,-1.1327442487538587e-11,-2.292541071021885e-11,-3.7577860092714436e-11,1.9469609228607837e-11,-4.61701259942916e-11,4.704785400628141e-12,-9.553323638218524e-12,5.692198125046735e-13,1.2009720611222734e-11,-4.676378122480045e-12,2.6730327105673793e-11,1.000000000012974,4.5167403869517814e-12,-1.477835650499192e-12,4.3779683717354984e-11,0.999999999975918,-4.1852095968262083e-13,-9.930658970181697e-12,1.580911504326481e-11,1.2469075016112638e-12,0.9999999999946049,1.5814086436372458e-12,3.339872912032513e-12,-5.5232815631300905e-11,1.2556086574095975e-12,9.108571145987023e-12,9.471445519126382e-12
9.416816224040333e-12,3.882459696055205e-13,7.195090194901085e-16,6.8283770979987485e-16,1.2928001250670427e-15,9.457963292337445e-16,9.518567713907385e-16,1.0331897955255093e-15,1.2340950278237621e-15,1.3071036564829814e-15,1.0471406019916e-11,7.890927872927386e-16,1.0471587601077114e-11,6.974172553283869e-16,9.66493507935324e-16,7.962522759778593e-16,9.650757117768487e-16,9.120650881286063e-16,1.046556424385333e-15,8.450492155630451e-16,9.674964692618152e-16,1.0472153795223922e-11,7.271530953315491e-16,8.242460156290411e-16,9.888639093706974e-16,1.0472003115570966e-11,9.43218962086749e-16,1.0471399110451728e-11,9.19620450173991e-16,1.0471758938623449e-11,1.0499764567395945e-15,1.3096405999874678e-15,1.0111423291096242e-15,1.9599768118355564e-15,1.2748313055580353e-15,1.0472538977234005e-11,1.0472570944613398e-11,8.79088747983441e-16,1.0472169117357749e-11,1.1888983824261975e-15,2.1403052768335722e-15,1.0477504261052166e-15,1.1422631287591683e-15,1.1796062442788515e-15,1.2111393703417958e-15,9.975533935870659e-16,8.341143810388499e-16,1.0472029877862543e-11,1.2695486604531562e-15,1.0040819221259482e-15,1.0471969724915262e-11,1.0793859615752682e-15,1.0472337670018111e-11,1.0238562630382874e-15,9.660119753541022e-16,1.0884519881192483e-15,9.807305055403638e-16,1.3248554021976446e-15,9.5663494896163e-16,1.1893285106252174e-15,9.815546669061776e-16,9.632287460247965e-16,8.676498815355594e-16,1.0472883903190671e-11,1.7046671216845175e-15,1.344364173284984e-15,1.108745081596673e-15,1.7055944931422173e-15,8.607192480719798e-16,8.027349650126285e-16,8.382805360712521e-19,7.600907558703123e-19,5.189631772133508e-19,4.0523033290740527e-19,1.8315560430211858e-19,4.638370936522505e-19,4.751612514588385e-19,2.1152927509074144e-19,3.196599205411503e-19,3.373507587796086e-19,4.080048735204849e-19,2.995477968422075e-19,-6.566862080905631e-20,9.26648830227054e-19,4.473596924586493e-19,4.664161692762038e-19,8.900750074898892e-19,5.82804738099641e-19,5.217943785796939e-19,5.011156157208388e-19,4.492882995781043e-19,4.105898162744762e-19,5.245635262139735e-15,6.450567830016058e-19,3.264145008096698e-19,2.4550388898607273e-19,5.246266016668516e-15,4.231696725516281e-19,5.246372522957519e-15,7.955134907484204e-19,5.245966197592175e-15,3.181503992214782e-19,7.968270010276972e-19,5.143833346805112e-19,2.804562146093896e-19,5.020269532540608e-19,5.837502031811373e-19,7.127602884444548e-19,5.796611709154677e-19,7.555660362351028e-19,6.557938189962841e-19,9.713639501042707e-19,3.583333759876713e-19,5.246306249144819e-15,3.4406360553662137e-19,4.454852019085716e-19,9.346367419460048e-19,5.246317596998098e-15,2.502678621679371e-19,6.918234443070425e-19,5.408056593045262e-19,3.726367272904082e-19,5.245895987843961e-15,4.561460945847949e-19,5.789475898501391e-19,9.075983231541977e-19,3.9861744785732894e-19,4.644982775395532e-19,5.2911313358982925e-19
3.4990236928829015e-12,7.195090194901085e-16,3.8779204980064395e-13,1.4990059518844835e-19,6.302759610821801e-16,1.3985049564450834e-19,4.707132055773107e-16,5.372593114345369e-20,7.238057076185023e-20,3.1458554188927534e-19,2.2630253454792796e-15,2.305670112718124e-19,2.262956818061068e-15,-2.762375842132525e-19,4.3345673790546474e-16,1.4818362542816654e-19,4.4506001769352805e-19,4.76388079353588e-16,4.981062598345318e-16,4.451839911510855e-16,9.190603809024289e-20,2.2631303111172725e-15,3.802368226613051e-16,4.248535705413105e-16,4.765442894022126e-16,4.517642807523008e-12,4.983687951888191e-16,4.517329894702926e-12,1.3193751785748508e-19,2.2630479793997655e-15,1.9429734630438686e-19,3.020434679909735e-19,2.4764504550954025e-19,4.1215633514884674e-19,3.5812687289907084e-19,2.2630676123956285e-15,2.2632753132935535e-15,4.912485430103604e-16,2.2631728324086514e-15,-2.4010257427105014e-19,1.0824736525397345e-15,2.535043685198274e-19,6.032349386889991e-16,1.166050448889936e-18,6.723048816632559e-16,4.3832945231281516e-16,1.1806780544949688e-19,2.2630504401981783e-15,3.4117445402174157e-19,3.417522770980185e-19,2.2633942227365237e-15,2.7647962225936626e-19,2.263188954740127e-15,5.176509112670036e-16,4.905357161178703e-16,4.725164540975261e-20,5.207328527608266e-16,2.7330822854393304e-19,5.078182620654093e-16,5.840032981719097e-16,4.559232454336529e-16,-3.98997433685452e-22,4.3596318582074346e-16,2.263258563274514e-15,8.319837536780255e-16,6.334863372770471e-19,5.587038170587692e-16,4.579038854311927e-19,4.494708399073671e-16,3.904189394834674e-16,4.43071227575232e-16,7.698482918892266e-16,5.041910489826295e-16,4.60537907839909e-16,5.479459861712687e-16,5.356997140161228e-16,4.859950599504368e-16,4.3722181147570484e-16,5.28245803619511e-16,5.781710599068932e-16,4.834845581812304e-16,3.4643498856307574e-16,3.9271525430568946e-16,4.777556923431038e-16,4.938557798011228e-16,4.946095570166838e-16,4.3686172852741303e-16,5.718709846718859e-16,5.607509529355927e-16,3.6677498305260893e-16,4.1977449966216933e-16,4.456553778256585e-16,4.517492182812248e-12,6.059518638912218e-16,4.315691280356017e-16,3.909323332751843e-16,2.2630973346204866e-15,5.144491415281662e-16,4.517482070801299e-12,5.495424806197806e-16,4.517927737456739e-12,4.0697599604454536e-16,5.654162359033182e-16,6.223601291446683e-16,1.4666506446736266e-19,4.70289093359954e-19,1.510997117902468e-19,3.650126215105388e-19,1.068962874643149e-19,5.0991197616372515e-19,3.419616885285851e-19,1.599635560700287e-19,8.168985425889248e-19,2.263154664909736e-15,3.0093211799657805e-19,3.8885661222084215e-20,2.2749980023976873e-19,2.2630736011915342e-15,-1.3197626914844173e-19,2.5379955152935547e-19,4.0311686997566973e-19,-1.47356952399771e-19,2.2631858808306204e-15,-3.1968989917368632e-21,2.874541816136658e-19,3.841795120982467e-19,-2.4011495699261832e-20,-1.875375613466539e-19,2.5890019018352687e-19
-5.2885886500855314e-12,6.8283770979987485e-16,1.4990059518844835e-19,3.877275652616597e-13,2.1221212067914347e-19,5.108059995912996e-16,5.002137696141878e-16,5.394141172989983e-16,2.369417010968203e-19,3.6181595126978155e-19,-2.1394732782001857e-15,5.506508800601528e-19,-4.270015732634887e-12,-7.436352152010235e-20,4.973768327670829e-19,4.102640103850837e-16,4.225872096287503e-19,-3.919436819532474e-20,1.9735948755240268e-19,4.2709992787980166e-16,6.865527364712876e-19,-2.1389688976609347e-15,-1.2271097393324302e-19,4.2793073449771712e-16,4.996400404156731e-16,-4.2697770028448525e-12,4.784851052818605e-16,-2.139385708088989e-15,4.703674073784806e-16,-2.1391156156730774e-15,3.134468765531054e-19,2.527367900941957e-19,5.585283033501854e-16,3.9246646547611547e-19,6.638588067743856e-16,-2.1389310742581245e-15,-2.1389836951979304e-15,1.1329650647144567e-19,-4.26971655077259e-12,5.778484189759829e-16,5.687725714640647e-19,5.655089490376056e-16,2.737474176147029e-19,-1.9927187920579427e-19,6.602297712309797e-16,4.907171130915129e-16,1.727346030497583e-19,-2.139282952191857e-15,4.182734328916379e-19,2.7314068870772027e-19,-2.139110351937823e-15,5.237372870849636e-16,-2.1390601079839154e-15,5.259931627112261e-16,5.121200455611272e-16,5.931110298291578e-19,5.072434927769142e-16,6.312030955955526e-16,4.920993062624052e-16,6.222247151557763e-16,3.3134231007228063e-19,1.5107787604356543e-19,4.62264970362755e-16,-4.2693429668574075e-12,8.772810499266558e-16,7.231664354184252e-16,3.26988954562948e-19,8.305786014411476e-16,4.3242544874970276e-19,3.331395619479534e-19,1.0394234977103073e-19,3.7456090154787e-19,5.913318163979278e-19,2.104930163231285e-19,1.8780007312707761e-19,5.691279341131338e-16,4.589883812822351e-16,2.268308609403025e-20,1.3646519727265525e-19,6.156312595641075e-16,3.000403281991093e-19,2.849403204977133e-16,3.5606880641633857e-16,-1.7000238302258754e-20,2.2510471718212664e-19,5.566362059040898e-16,4.380789397622141e-16,1.9724283096061275e-19,-9.707250682888448e-21,3.6327559089762314e-16,4.260272682933427e-16,9.586074070836042e-20,-2.139311554953145e-15,3.4919834453009776e-19,4.2939915187239093e-16,3.5908650553571556e-16,-2.1389242477277904e-15,5.341725056484719e-16,-2.139075292206267e-15,3.645452521228925e-19,-4.26946716501083e-12,3.4837345298254883e-19,6.017398781398729e-16,2.3581862815025034e-19,5.742730785505242e-16,5.852237176452582e-16,5.115052933371312e-16,4.3402019555111575e-16,4.869248699428914e-16,5.024469041708687e-16,5.696394251849901e-16,5.50143455632569e-16,5.338670321031048e-16,-4.269548287199259e-12,6.682426764313088e-16,4.1896756912866697e-16,9.559588403480908e-20,-2.1387656037290925e-15,7.892414567526919e-20,2.8893320088075005e-19,4.1717867629869046e-19,2.0086856926435634e-19,-2.139038225194742e-15,2.4684248368221247e-19,2.150313216574521e-19,6.849626391996122e-19,2.2637400646383943e-19,7.416081938619023e-20,7.035361081071353e-19
5.488751822870784e-11,1.2928001250670427e-15,6.302759610821801e-16,2.1221212067914347e-19,3.882506090307425e-13,5.671886675895239e-19,8.983581836921392e-16,4.470904481097786e-19,1.478781476185935e-19,1.1709590352750117e-15,2.80177465683277e-14,8.418677783724603e-16,5.59274165153538e-11,4.539616730965143e-19,-9.135361891088806e-20,7.194038895335914e-16,3.8385864341983845e-19,8.395963839278761e-16,3.1665419259097875e-19,7.419533870957441e-16,6.226436984329081e-19,2.8018126086202624e-14,4.841432655457658e-19,6.648665096122355e-16,8.434183073891923e-16,2.8018108283645484e-14,3.3842432364517597e-19,5.5927375652843003e-11,7.376238264477325e-16,2.8018155704283304e-14,-1.401205709687354e-20,9.913602669860299e-19,9.250895170134003e-16,1.57120480017551e-15,1.0677740355175685e-15,5.592837643160575e-11,5.592850592671402e-11,6.632476805165107e-19,5.592814960628807e-11,1.0395687171529624e-15,1.8626441427653443e-15,4.413273775205849e-19,4.2099259563461198e-19,3.2093214437597293e-19,5.874124246091527e-19,5.003766756062017e-19,4.863958614113752e-19,2.801811295282637e-14,9.411864089564846e-16,9.481439462841627e-16,5.592793072536221e-11,8.543944779546286e-16,2.801845140798766e-14,5.74670339863736e-19,4.3153777794945876e-19,9.46575898503361e-16,6.301536844139468e-19,6.407805525072122e-19,8.728775524946581e-16,3.9083881279717017e-19,3.8533634517446845e-19,4.245986248446155e-19,7.182828431340207e-16,2.8018690659094753e-14,1.329474700373907e-15,6.777968527842761e-19,9.289440601342246e-16,3.0437187529017746e-19,9.998291737397388e-19,6.834868257422822e-19,3.7135919611233014e-19,1.3092516936366034e-15,8.407110663912283e-16,3.935859888234369e-19,4.619611153432874e-19,8.634167894559656e-16,2.930163612060342e-19,4.435470321445192e-19,3.250178121628203e-19,1.730293125971817e-19,2.49535385049554e-19,6.682294000831086e-16,7.188144589798671e-16,8.362966361418283e-16,7.055555268228429e-19,7.859401365529003e-16,7.832594356787548e-16,5.515643277852672e-19,4.370719116763499e-19,2.0619589182011148e-19,2.228439640312407e-19,4.664291233564184e-19,5.592766223483831e-11,6.127343188217182e-19,7.524429406119528e-16,6.637457739577928e-16,5.592842399448389e-11,4.716636099403618e-19,5.592758013215906e-11,1.8838527742696433e-19,2.8019110999633873e-14,6.659592761640781e-16,1.0371124121437068e-15,3.0621301693073595e-19,3.0149027415951926e-19,1.0653487199232173e-15,9.133815268461836e-16,7.218066091968239e-16,8.389927317252516e-16,4.811882613457983e-19,5.142715870701895e-19,7.897168527395256e-16,7.581088656713574e-19,5.5928315472339786e-11,7.6196680871763305e-19,7.645650407021459e-16,1.0411384492996728e-15,5.5927953920887874e-11,6.324094526758114e-16,8.273296898724669e-16,9.403909865904397e-16,6.274246450428011e-16,5.5927391567380386e-11,3.313123982848008e-19,2.5575183562598947e-19,4.64648885464445e-19,3.4348372168929597e-19,1.0310188603564154e-19,2.01375691780903e-19
1.9171381233744267e-11,9.457963292337445e-16,1.3985049564450834e-19,5.108059995912996e-16,5.671886675895239e-19,3.878833026921017e-13,1.868515382764309e-19,2.5906625344945844e-19,2.854116165410649e-19,5.060826608762222e-19,1.0115162008260385e-14,6.765616572451811e-16,2.0191119726580066e-11,5.105531402618641e-16,5.056711937635902e-16,5.268798377650281e-16,5.601692255897945e-19,2.3644242335440657e-19,5.890524394360932e-16,2.718267914993437e-19,5.949857953521493e-16,1.0115701145837567e-14,6.562944682555806e-19,1.5893456112822506e-19,2.250456850740303e-19,1.011432178280147e-14,6.550092888845241e-16,2.0191141308966324e-11,5.433894565118507e-16,1.0115273397376265e-14,5.221635038838646e-16,7.510871096943401e-19,7.431663285816094e-16,2.886433644112612e-19,7.564271783882047e-16,1.0115198581461564e-14,1.0115238972189061e-14,3.1492695372207966e-19,2.0191645800175973e-11,6.182177341346396e-16,1.371166842950528e-15,6.672508552161346e-16,7.48089008681453e-16,2.923461747077132e-19,8.658935139678457e-16,4.884512936647512e-16,5.334290151956816e-16,2.019150484093136e-11,4.539787093940647e-19,6.653112385144655e-16,1.0115246759093022e-14,5.673734940375125e-16,2.0191655605483577e-11,6.673630334940284e-16,2.884337882254235e-19,1.90160295942144e-19,3.2167304618931446e-19,2.998418380624562e-19,5.062655980368254e-19,6.910288169777314e-16,1.409996642137101e-19,6.329238296327411e-16,-8.989675029882944e-21,2.0192085129590304e-11,9.849612902845519e-16,4.370414829567739e-19,6.638458162531661e-16,3.368677967251924e-19,5.57788904538638e-16,4.486492263492288e-16,7.152453257889494e-19,6.004605438017613e-19,2.635678164296803e-19,1.4442594526751655e-19,7.10311106477729e-16,6.425297933184572e-16,2.6009565771468303e-19,5.657912174358974e-16,5.55765815782193e-16,7.174890635609763e-16,2.917033042687256e-19,1.4239369372321615e-19,3.741662952114209e-19,5.179924446761654e-16,6.950571237024059e-16,5.564480086098693e-16,5.445527109750777e-16,6.385517459048073e-16,7.302348958084989e-16,3.2146572769870793e-19,3.75647721485536e-19,4.638401074911932e-16,2.0191348614025943e-11,7.274838509151632e-16,5.151563430544545e-16,3.151396600467775e-19,1.0115230825538356e-14,1.447182968724208e-19,1.0115224445453519e-14,5.806277405903411e-16,1.0115538975448182e-14,4.549646634063268e-16,6.867952226820234e-16,2.507299589226573e-19,6.741730520379896e-16,7.64736236914068e-16,6.754167719898456e-16,2.128608078975654e-19,6.134845363745332e-16,4.1950798818281396e-19,4.0820254202325377e-19,2.952481079636975e-19,2.6518080542430414e-19,1.0115517867155238e-14,5.324119542703447e-19,4.0391190271159295e-19,3.8808244851020925e-19,2.0191513702559137e-11,5.24228679786535e-16,6.389707951840421e-16,6.300620054060562e-16,1.8753848352005023e-19,1.0115075602327369e-14,5.33215126753379e-16,5.332732905761154e-16,6.366616281801185e-16,8.094406684236996e-20,2.8550535326860246e-19,1.0019961372219151e-20
1.9429958462078034e-11,9.518567713907385e-16,4.707132055773107e-16,5.002137696141878e-16,8.983581836921392e-16,1.868515382764309e-19,3.8792512528234643e-13,3.5889309933536297e-19,8.313059313677167e-16,3.9131521496755503e-19,2.046037215733348e-11,5.773887556548335e-16,1.0250089733944049e-14,4.898835831196146e-16,5.029469934777462e-19,5.514734630805878e-16,6.77219961110895e-16,5.853662039759901e-19,6.808441212714722e-16,2.973279994984068e-19,6.864744887509253e-16,1.0250322553477781e-14,5.528142235017218e-16,5.233181711410185e-16,5.603399227404164e-19,2.0460719334971853e-11,-1.8011551031285308e-19,2.0460338513876812e-11,4.139991334358423e-19,2.0460466731965552e-11,4.2136001215256297e-19,7.486004214323848e-21,1.7710182285353487e-19,1.2454282277557145e-15,3.445414579339809e-19,2.046112547585398e-11,1.0250326768436331e-14,7.028346610666952e-16,2.046091193213253e-11,9.037105629636673e-16,1.1151817422051617e-18,3.216676691063669e-19,4.3067952570991073e-19,8.136552253139234e-16,8.133944271885482e-16,3.672274506787983e-19,5.899965265808264e-16,1.0250006915304824e-14,8.021228514307783e-16,7.4341518848725305e-16,1.0250521129243514e-14,7.315119143922476e-16,2.046096648689342e-11,3.5300549953148363e-19,6.5818261253648255e-16,7.517237086193591e-16,3.0857313804628533e-19,5.13639659836368e-19,6.521907503998142e-16,7.697516684694455e-16,3.3516477545088965e-19,7.093535861016873e-16,5.684769630640523e-16,1.0250727896721291e-14,7.343756553022322e-19,-3.743742392924996e-21,7.200463337843174e-16,5.884248391191417e-19,6.07549689178674e-16,5.289127953270179e-16,6.855076378658569e-16,4.658474381633616e-19,6.830445341872928e-16,2.245998381398169e-19,3.7748599016671387e-19,6.752035935177156e-16,5.812571803782311e-16,3.9714664081147934e-19,7.402059022250265e-16,8.183970949617449e-16,5.756564071685854e-16,3.78828149551694e-19,5.678395923779809e-16,7.144737470677216e-16,6.796627704085358e-16,4.2995205422029257e-19,6.150343209852685e-16,-2.8622298293208466e-19,8.095554094747861e-16,3.372000410563856e-19,1.5550734309351956e-19,6.779959975044749e-16,1.0250107003688941e-14,8.349727606404301e-19,6.083392839133733e-16,5.086188551517685e-16,1.0250650228054055e-14,6.1412392741622595e-19,2.046048753773064e-11,6.929243288530445e-16,1.0250558518059943e-14,2.5191412907749984e-19,8.368376754641264e-16,4.455501224386289e-19,8.268197025933506e-16,4.80859440524121e-19,7.196479855108596e-16,2.9899434874885163e-19,2.8339080978603145e-19,5.927403006681753e-16,5.698023115562436e-19,4.0608761920506205e-19,1.664125584600863e-19,2.0461022820327012e-11,7.752711520313634e-16,4.426511425733564e-19,3.841551975972325e-19,1.0250416016551472e-14,4.3393773171489616e-16,3.430979302117843e-20,7.778543043422961e-16,5.593464682224287e-16,2.046034847937956e-11,6.764430132087752e-16,-1.4949483659277204e-20,7.716227231356331e-16,6.239798539151793e-16,6.497892627855248e-16,5.434340767927405e-16
9.909759663508415e-12,1.0331897955255093e-15,5.372593114345369e-20,5.394141172989983e-16,4.470904481097786e-19,2.5906625344945844e-19,3.5889309933536297e-19,3.87764053040482e-13,7.041113440825657e-16,4.429084007013056e-19,1.0931537862567929e-11,7.684186072750796e-16,5.4763531390470104e-15,5.393951854960624e-16,9.707331438274896e-20,5.514451753108909e-16,3.45845773865631e-19,5.774008524496891e-19,3.3206916468277173e-19,5.594002841932816e-16,-9.168371249263711e-20,5.476339286077781e-15,1.9149544148014997e-19,4.663526974918762e-16,5.64546259478758e-16,1.0931606586952424e-11,-7.416226142561501e-20,5.47583206207556e-15,4.8824745532487e-20,1.0931295476581085e-11,4.219656182695131e-16,5.848451921525189e-16,2.91571611026511e-19,4.531473127447609e-19,7.071530119001311e-16,5.476394319870919e-15,5.476602809441025e-15,4.08405031915789e-19,1.093181562446703e-11,6.507541924213042e-16,6.457046298451714e-19,6.158018940642047e-16,5.311079528919496e-19,1.2078350644078684e-19,8.792004571802241e-16,4.430406642756234e-16,1.7547346006323664e-19,5.476260195099004e-15,5.111954183832996e-16,7.094917330410652e-16,5.476214069696953e-15,5.055207153579239e-16,5.476446267331061e-15,6.685482584524616e-16,5.965302601732801e-16,6.492671095669712e-16,5.5828090816364355e-19,7.513034548099302e-16,4.300617264533e-20,6.21642462620123e-16,4.464439767351895e-19,-1.2023864306666792e-19,1.7919732246797785e-19,5.476528846220523e-15,3.6196368813374293e-19,6.601174863589841e-16,6.275704259551061e-16,1.8864013834555043e-19,5.77409615531806e-16,4.2540560523627567e-16,4.625048391456846e-16,9.419959862892344e-16,5.255906908969733e-16,4.820941050029445e-16,7.2239888776503e-16,3.874033234358174e-19,3.5029868635830034e-19,2.3196784081093037e-19,4.3392295529103265e-16,3.6920946239004096e-19,1.1294216195179051e-19,3.1649254410599323e-19,5.47486567510526e-16,4.582908852737645e-16,6.173599904428058e-20,1.7428216434350848e-19,4.381417048434386e-19,5.721117411338068e-16,2.91795607163876e-19,3.3198967662106074e-19,4.752962580553733e-16,1.8922567777258206e-19,1.0931439022448372e-11,3.580471541409309e-19,7.525233719288728e-20,3.4854495554996497e-19,1.0931844302541174e-11,3.2065422650382893e-19,5.476256207386622e-15,1.7270614009034853e-19,1.0931907742696019e-11,3.7481441056046513e-16,-1.5898281519737745e-19,3.9600099890481603e-19,6.91089986562079e-16,5.152562452387566e-19,6.342224070820281e-16,3.357763889689667e-19,1.3797465827347707e-19,5.599901727180294e-16,-3.380467416431314e-20,4.1888984505259303e-16,3.734044635966324e-19,1.0931841852045832e-11,5.972077582577131e-20,1.8323409673649963e-19,3.625710770568389e-19,5.476118781769847e-15,2.7930811458564867e-19,2.9889607368010205e-19,1.9507334852048551e-19,3.698815552785181e-20,5.476247965680136e-15,2.497352716703331e-19,5.978456662749562e-16,6.923288897755963e-19,5.615448757507359e-16,5.465076569308189e-16,4.642873934859224e-16
-2.053364819534143e-11,1.2340950278237621e-15,7.238057076185023e-20,2.369417010968203e-19,1.478781476185935e-19,2.854116165410649e-19,8.313059313677167e-16,7.041113440825657e-16,3.879632814142237e-13,7.28343050688401e-19,-9.768283242630815e-15,8.213425435130576e-16,-1.9498644073518953e-11,6.3699887323819e-16,3.6623042487170614e-19,7.104298699626608e-16,4.511173816487045e-19,3.317127448115695e-19,7.583673800029623e-16,3.688869452465462e-19,7.83723276353801e-16,-1.9498298488218913e-11,6.894170638307749e-16,6.184835296857373e-19,3.55783318368234e-19,-9.768159220259599e-15,8.430267190531216e-16,-9.768470835520538e-15,6.924428522637619e-16,-9.768335757874132e-15,3.6388111979696637e-19,4.914744250178326e-19,4.596774027325386e-19,1.420820027043045e-15,9.868593914769538e-16,-9.767863247402303e-15,-1.9497745414666046e-11,4.209045272797035e-19,-1.9498027458740634e-11,5.339302134856201e-19,1.6773363158945651e-15,8.270517903030881e-16,1.0298945028435791e-15,2.370049531808328e-19,5.201708400757206e-19,7.355610004876035e-19,7.323628567638618e-16,-9.768189807490176e-15,8.8144786758381e-16,5.131365953523097e-19,-9.768243457566127e-15,5.424489698126743e-19,-1.9498094017480917e-11,7.615055529138033e-19,7.907020544427059e-16,8.903187585099633e-16,8.823734394330566e-16,5.113666410816572e-19,7.480361701005716e-19,5.802492462630492e-19,3.0515175507630753e-19,8.417813650993302e-16,2.9182664196997e-19,-1.9497545783137964e-11,1.2133897475445884e-15,5.932901941254146e-19,8.69273535917404e-16,5.260300912643377e-19,4.928972486492621e-19,6.332904940572249e-16,4.060231566465359e-19,1.2312687453971219e-15,6.204194629708347e-19,4.652656523179146e-19,8.948149612069003e-16,8.197716752509474e-16,2.699353884136956e-19,3.4638094104432678e-19,5.72071873728677e-20,3.445988296977266e-19,7.138091122800359e-16,6.610606969628026e-16,6.793455283912862e-16,3.512906066778991e-19,8.996027071311345e-16,5.99690359022474e-19,1.7498715240116892e-19,9.140029749550416e-16,4.84659468961616e-19,6.925394924912956e-16,6.619421601631623e-16,7.015052350963739e-16,-9.768285299067275e-15,3.586961313777823e-19,3.9162356134871312e-19,6.573345582792356e-16,-1.949787651752632e-11,4.451734949429456e-19,-9.768417005259372e-15,4.065943549832976e-20,-1.9497840299491246e-11,6.162377278412951e-16,4.700591103478552e-19,1.074729087741269e-15,4.983523716231838e-19,5.070926119284027e-19,3.7145981976441533e-19,6.7978477676922e-16,4.475592372198945e-19,7.357741195543946e-16,8.689052140285029e-16,7.000812046739327e-16,4.1834387259321795e-19,-1.9497956370519345e-11,4.985771806348056e-19,3.676301704412981e-19,4.910217927495792e-19,-1.9498257714309914e-11,1.5237146308654371e-19,3.8218820730318487e-19,8.712466055479573e-16,5.61622882141274e-16,-1.9498707633308076e-11,7.791437357116564e-16,4.862438472756666e-19,8.460065797602455e-16,7.476149003787635e-16,7.378300878366198e-16,3.2949667951223973e-19
4.6250132284207825e-12,1.3071036564829814e-15,3.1458554188927534e-19,3.6181595126978155e-19,1.1709590352750117e-15,5.060826608762222e-19,3.9131521496755503e-19,4.429084007013056e-19,7.28343050688401e-19,3.8829780082327363e-13,5.670701850952298e-12,8.531710472216958e-16,5.67067268283002e-12,6.933521389517275e-16,8.47058958901136e-16,3.3572416909588053e-19,4.462464982356695e-19,8.638731338790192e-16,9.264772444575695e-16,7.630333885023858e-19,9.060481230343716e-16,5.671188875741324e-12,1.221845586033997e-19,3.0862445718648968e-19,9.013266867559454e-16,2.8411418367200796e-15,4.598759235434108e-19,2.84112030970285e-15,1.0245997865786933e-18,5.670828308394042e-12,8.857512576898735e-16,7.881175409567419e-19,6.361148570944688e-19,8.505597596274377e-19,5.639932135101608e-19,5.671568401563928e-12,5.671648605329555e-12,9.302547454440808e-16,5.671298492165184e-12,8.096503639929792e-19,2.002820382491444e-15,9.707933181338881e-16,3.745346847106724e-19,6.01942701208394e-19,4.75053248290049e-19,8.590378458116234e-16,7.780422765385331e-16,2.8410043020433618e-15,3.9320751664294225e-19,4.0624571420494186e-19,5.6711214062972026e-12,6.437888476859236e-19,2.840994632945881e-15,5.299725371986505e-19,5.61666042443659e-19,9.873596497129868e-16,-3.620103970114272e-20,1.2040555957955008e-15,4.754027148994774e-19,7.36065497753299e-19,3.7597497407053844e-19,9.242846618858113e-16,7.866357388522461e-16,5.671929409063417e-12,1.5207814199303418e-15,1.1957843253225442e-15,9.91592052931279e-16,1.5230652115198953e-15,4.5587020957929935e-19,3.7221559499513304e-19,8.814255438227334e-16,5.044986663871191e-19,8.965625942026774e-16,8.051551200083796e-16,1.0065177304021996e-15,9.562519666337599e-16,8.676527704880161e-16,1.5357930479605925e-20,9.780381623383693e-16,6.862600347324362e-19,4.017975054306419e-19,6.633290153651801e-16,7.639564848178864e-16,9.047094583051932e-16,9.299442933905187e-16,8.948738659374405e-16,4.0446401032219434e-19,3.2981838340317237e-19,1.03994478689788e-15,7.165815826003612e-16,7.806075012566537e-16,8.434505960811352e-16,2.84088117269696e-15,1.1149245120241938e-15,3.34742487381424e-19,7.245435834562841e-16,2.8413267889711263e-15,9.70088588214424e-16,5.670824899730934e-12,9.766170246417763e-16,5.671657884123177e-12,7.597230621626972e-16,1.0674997218966702e-15,9.188368394253838e-19,1.037743061489832e-15,1.0730442926826603e-15,1.0198729967195397e-15,7.862717761118536e-16,8.820522916732362e-16,8.655083689948252e-16,7.193919093923953e-19,3.800799706534659e-19,9.68406312319901e-16,2.841610553744263e-15,1.1364166358738282e-15,2.492710818193544e-19,1.100515141392505e-15,2.8414581472522825e-15,6.609232238455521e-16,8.978958439069474e-16,5.016278270342444e-19,1.634578204119501e-19,5.670596376269813e-12,5.988199480173751e-19,7.627752115785078e-16,1.0077103408683228e-15,8.054264323964105e-16,4.1267651691020816e-19,7.298914594521585e-16
0.999999999990673,1.0471406019916e-11,2.2630253454792796e-15,-2.1394732782001857e-15,2.80177465683277e-14,1.0115162008260385e-14,2.046037215733348e-11,1.0931537862567929e-11,-9.768283242630815e-15,5.670701850952298e-12,0.9999999999813705,1.946908435122678e-11,0.9999999999567268,2.543619721932874e-15,-1.4520140716065767e-12,6.375308667591769e-16,-5.861910276858119e-12,-3.1747151677235725e-11,1.3732098314152787e-11,-1.0845789395647325e-15,-1.3003880224288558e-15,1.0000000000031244,2.8306003843748914e-15,-1.0810332606968203e-15,-6.228501477594968e-15,0.9999999999944235,-9.610286941574877e-12,0.9999999999979737,-2.060732659812378e-15,0.9999999999823364,4.233487498799879e-15,-1.428345170373499e-14,-2.283926585454178e-11,-4.664749493720342e-11,2.0126011535023102e-14,0.999999999981416,0.9999999999839997,-2.2757712190061963e-11,0.9999999999438128,3.030803418340656e-14,-1.450578575024101e-11,-1.7613956466027237e-11,1.2874501074939448e-14,3.853496542798104e-13,1.953541453055582e-14,-1.147880488582701e-15,-1.0220255439002972e-14,1.0000000000024019,-1.0589945165691795e-14,-1.500086021427717e-14,0.9999999999934563,1.4096210419318949e-11,1.0000000000113285,9.582573143234095e-15,-7.976596929339455e-15,1.0024457510419709e-14,5.811895448391609e-12,-6.061512266500896e-16,5.620421909939781e-15,-2.4672495792982144e-12,3.627442829609072e-17,-1.3442569331553526e-11,1.3500331896582353e-12,0.9999999999868485,2.0552278880247417e-14,5.8979000219862664e-15,1.2538748983286179e-14,-1.5582353162474326e-15,-5.026035772092548e-15,1.1713323120464628e-15,-1.7027555160775802e-11,4.49814206370528e-15,-3.774022685905473e-16,2.644858816556595e-15,1.6442727775337786e-11,5.877179646936892e-15,9.379208787067621e-13,-2.388440037638596e-12,2.5417378347779893e-12,-2.583637471586698e-11,-4.507464210878817e-15,1.7203766023901657e-15,1.490776346158695e-15,6.115616799523411e-15,-7.671071443365088e-15,5.251432182767963e-12,-6.445199071561731e-12,-8.717190482032337e-15,2.2692164658527362e-11,-9.68639174003617e-12,1.7844084364191154e-12,-1.1229468955773568e-15,0.9999999999886124,5.464882622536868e-15,-1.4829196029651573e-15,-4.065869151128223e-15,1.0000000000074933,-1.1686798489702347e-11,0.9999999999862415,7.229777493857748e-15,0.9999999999982264,1.2943403256289673e-15,-1.0290897912548015e-11,-2.1883142705306904e-11,-3.653852954832593e-11,2.0507128753616292e-11,-4.5140332183530785e-11,5.7232557622596014e-12,-4.271889439321337e-15,1.5897384056916124e-12,6.534678511035875e-15,-3.6540421273711945e-12,2.775902966677885e-11,1.0000000000033011,5.562176689677429e-12,-4.562752570110954e-13,4.4817453221922306e-11,0.9999999999662412,5.957836200609536e-13,-8.903520427378926e-12,1.6844041050286755e-11,1.1349914053649912e-15,0.9999999999849153,1.3041669629243305e-15,4.362357948472909e-12,-5.420083519648113e-11,1.1408862097445181e-15,1.0133106982695362e-11,5.255223887194059e-15
1.844444342157385e-11,7.890927872927386e-16,2.305670112718124e-19,5.506508800601528e-19,8.418677783724603e-16,6.765616572451811e-16,5.773887556548335e-16,7.684186072750796e-16,8.213425435130576e-16,8.531710472216958e-16,1.946908435122678e-11,3.877515760046897e-13,9.753455178882571e-15,1.949464013786317e-19,1.6779828082948529e-19,5.001092955878609e-16,6.327941765035107e-16,2.3905681493083813e-19,7.441984680819971e-16,5.499071404237213e-16,2.8526056796012014e-19,9.753567763584758e-15,4.1455802997197107e-16,9.730943979645127e-20,-2.9832659475454395e-21,9.75369946608817e-15,5.7585625487216e-16,9.753017621166781e-15,6.531961153789633e-16,9.753678333922832e-15,7.661724234888375e-16,-2.3099938808426444e-19,6.971440797778081e-16,7.845140804794411e-19,8.765288906882877e-16,1.9469883639621314e-11,1.946986249699971e-11,4.505529289418378e-16,9.753740259718836e-15,3.118868895392743e-19,7.873591199784153e-19,7.490866103221234e-16,7.103425918314658e-16,3.8912252585839325e-19,4.282672137679047e-19,6.66391978658239e-16,5.387624637454594e-16,1.9469580232767256e-11,9.001118688770938e-16,2.6073462161669314e-19,1.9469508182461618e-11,7.319788692451594e-16,9.75442321668384e-15,3.1840444595927734e-19,-2.0692323775285266e-19,5.124136329450072e-19,2.646424917344537e-19,8.078272993739081e-16,3.001537721912362e-19,8.427863323375624e-16,6.215720535265626e-16,5.862070838898345e-16,-5.129450196898945e-20,1.947011067271803e-11,1.2522570180951886e-15,3.431264273633087e-19,3.253031733663462e-19,6.148044846878961e-19,3.3414503793442746e-19,2.666590934936882e-19,5.751145761423455e-20,4.498813321192798e-19,7.388236827859476e-16,4.355893732199919e-19,3.442539063341659e-19,2.2420284298388846e-19,2.6833865284841315e-19,5.436352351449618e-16,7.072018328197991e-19,5.330811052543013e-19,6.560778894629488e-16,2.3777173357146385e-19,4.544457575689615e-16,1.1117800174832562e-18,3.5492413356490046e-19,2.819616660469986e-19,5.553414638361789e-16,3.9280582463209735e-19,3.9232319022022343e-19,3.965430094117463e-16,5.762939954541215e-16,1.5441080766882037e-19,1.9469369605682973e-11,8.610192007447233e-16,1.9670575636809395e-19,4.527392019731005e-16,9.753706928191141e-15,3.2492735143080486e-19,1.946944559882383e-11,9.424251626098943e-16,9.753897077356473e-15,2.084665229207272e-19,3.364864852172191e-19,7.469296723343272e-16,7.150221466419773e-16,4.107076749761933e-19,7.120378753146867e-16,5.697595043497631e-16,3.8554487359668457e-19,6.642757746878044e-16,3.440376961038915e-19,1.2689117972704313e-19,6.70812691008405e-16,9.753864505832525e-15,5.114016195309116e-19,5.335298912352253e-16,4.72372350070409e-19,1.946968564546575e-11,3.650765901221678e-19,6.169898969060984e-16,2.1539847259060427e-19,2.182953501114432e-19,9.753693561910552e-15,1.3995284317906322e-20,4.511824478109159e-16,3.454566830820602e-19,5.178283007656963e-16,4.925744884976095e-16,5.54559189231322e-16
0.9999999999664198,1.0471587601077114e-11,2.262956818061068e-15,-4.270015732634887e-12,5.59274165153538e-11,2.0191119726580066e-11,1.0250089733944049e-14,5.4763531390470104e-15,-1.9498644073518953e-11,5.67067268283002e-12,0.9999999999567268,9.753455178882571e-15,0.999999999932868,2.543788227792453e-15,-1.4521377356349767e-12,1.2727721091167077e-12,-2.936781831220239e-15,-1.5904330662991632e-14,6.879172374876781e-15,-1.0849185883828597e-15,-1.3008933366267329e-15,0.9999999999788717,5.650795459380637e-12,-1.080932901987914e-15,-1.2432951333179195e-11,0.999999999970169,-9.610216643397212e-12,0.9999999999737195,-2.0606260667451694e-15,0.9999999999580829,4.233505340627165e-15,-2.85111025317005e-11,-1.1442271430512724e-14,-2.3369756803923834e-14,4.0173630476213614e-11,0.9999999999571619,0.9999999999597465,-2.2757347513106197e-11,0.9999999999195576,6.049805672988401e-11,-7.267394703929915e-15,-1.7614192746524015e-11,2.5698707075635995e-11,1.9299609241352023e-16,1.9535260749415206e-14,-2.2919410802060424e-12,-2.0401254862552376e-11,0.9999999999781493,-2.1138924863906653e-11,-1.500087014021536e-14,0.9999999999692041,7.0617119615363e-15,0.9999999999870754,1.9127875415839285e-11,-1.5922503893130752e-11,1.0024257352922302e-14,2.9119766842866045e-15,-1.210118654487638e-12,1.1218767792718464e-11,-2.467505323626818e-12,7.210415842846715e-14,-1.344249400381797e-11,6.762076911852245e-16,0.9999999999625964,4.102424881684456e-11,5.896898543159103e-15,2.5027866866966642e-11,-3.110846944416737e-12,-1.0032443187061953e-11,1.1714933227828017e-15,-8.530458652723167e-15,8.979679217862938e-12,-7.532354079775777e-13,5.279382073968599e-12,8.237841831862124e-15,1.1731421619749475e-11,4.696982989618773e-16,-1.1967372545424466e-15,2.5413419612224705e-12,-2.5836576884243117e-11,-8.997617157749135e-12,3.4344048280518574e-12,2.9763491366222227e-12,6.1152178072934636e-15,-7.671004890107808e-15,2.6303700523700815e-15,-3.229256890878949e-15,-8.717397920868393e-15,1.136844923579084e-14,-4.852702574860372e-15,8.938241080961245e-16,-2.2415963358211876e-12,0.999999999964359,5.464515757881885e-15,-1.4829029202829478e-15,-4.066087935330701e-15,0.9999999999832393,-5.8550298408849994e-15,0.9999999999619874,1.4430988036393721e-11,0.9999999999739733,2.5838174369227555e-12,-5.1554452534592796e-15,-2.1883028709906813e-11,-3.6538543415073573e-11,1.027325386903651e-14,-2.2614335918807223e-14,2.867144157300774e-15,-8.527143090000295e-12,1.5895190612434058e-12,1.3043984955114095e-11,-1.830618234738227e-15,2.7758986042520175e-11,0.999999999979048,2.7863350475894138e-15,-2.2896654451074046e-16,2.2452335246981294e-14,0.9999999999419864,2.985011295486296e-16,-4.460612677525506e-15,1.6843754593325618e-11,1.134603729124331e-15,0.9999999999606621,2.603502568729527e-12,2.185397891225079e-15,-5.420097633993774e-11,1.140870393895103e-15,1.0133288266888089e-11,1.0489754638571047e-11
