1.0000000000000049,-7.606113071128747e-12,1.0000000000025595,-3.285968113893983e-12,-3.943508019803659e-11,0.9999999999743538,-2.0991764229438163e-12,-2.4216419807252217e-12,1.0000000000500628,1.6033229148173375e-12,1.2268502909707703e-11,-2.0608655669340967e-11,-7.265914896488042e-13,1.8927549388579153e-11,-7.697727712876732e-12,0.9999999999721654,-1.0857028232053923e-11,1.0000000000153575,-5.5280825880877485e-12,5.331679626092367e-12,-1.7404514781778253e-11,-1.4506173454773678e-12,1.0786796125684424e-11,1.7662147514352506e-12,-9.434463314182796e-11,-6.59609580693204e-12,-6.5414690837158735e-12,-6.7571426663234735e-12,5.087602629889624e-11,4.142944647306662e-12,-3.2193486477393174e-11,-1.4054559554789463e-11,1.000000000037512,4.4064196206075364e-11,-4.28372806690414e-12,1.2469169588771608e-11,8.498995567024826e-12,1.1508044594553217e-11,-1.6858190448262133e-11,5.582124401225892e-12,1.0369171138022103e-11,-1.2791150405846561e-11,3.5690299084487427e-13,-3.3649484285732754e-11,1.0015503031489299e-12,-6.6542478942719405e-12,1.000000000002804,2.780230527217352e-11,3.97234368290962e-12,8.186620843702695e-13,-1.1639165537101716e-11,-1.065009090558937e-11,2.031395220934018e-12,2.4021254558744127e-12,-5.358395281483096e-13,1.0000000000419684,1.9042258185786954e-11,-1.445541224956453e-11,-2.7359839164884397e-11,2.7498195783284325e-11,2.0551822441773462e-11,1.000000000015298,-1.7788811218144403e-11,1.0000000000205984,-6.23184186018945e-12,-4.465202630457202e-12,-1.4547628196428014e-11,-2.2294948372182174e-12,1.00000000000706,1.8920391989410445e-11,-4.617256045264016e-12,-1.8061982351896937e-11,0.9999999999901761,7.112619904689291e-11,-3.003481547600263e-12,-6.327289982180212e-12,-4.652480458284463e-12,-1.8850779682306732e-11,1.8994834685125613e-12,4.6738875213596466e-11,2.9378646360722544e-11,0.9999999999824516,-1.8804566523074745e-11,-3.4872835885591894e-11,1.715981597810163e-11,1.3855129158022491e-10,-9.030234160612228e-14,8.932745565233531e-12,-9.918333237258424e-12,-3.604286057315911e-12,-3.8770197190177744e-11,3.0774279197511914e-11,-1.1012228759116965e-13,-1.8254945548337214e-11,-1.5889275302351104e-11,-1.5863482640242093e-11,0.9999999999899126,-2.937310309410961e-12,-1.425966434405781e-11,-4.480005605563088e-12,-1.6144323604431843e-11,1.7714086112224414e-11,9.846866060135605e-12,1.000000000004134,-6.243573034709604e-12,1.4118148826067181e-11,-1.7501754813875522e-12,2.004721743465899e-11,-8.827030247022633e-12,-1.6122548934975232e-12,0.9999999999828268,2.2158183099278084e-12,1.0000000000221194,-5.228095331231824e-11,2.263946933476644e-11,-5.0412941300343634e-11,1.2387581238919161e-11,3.280377857000929e-13,0.999999999991504,-2.5364352680533935e-12,1.9087426740370524e-12,0.9999999999707357,-1.532330674526213e-11,-3.7026526403132066e-11,-9.123979500515049e-12,-4.8650051454812235e-12,0.9999999999893513,3.4863639750221577e-12,6.344855067521657e-11
-7.606113071128747e-12,2.4653546965127663e-13,-5.2764420068381596e-12,6.980185345547496e-16,5.606284324600575e-16,-5.276137655583421e-12,5.447682458480449e-16,8.707827422248045e-16,-5.2752418795428266e-12,6.32573307479359e-16,5.786985186199538e-16,4.979242219269522e-16,3.3837453262692297e-16,5.711135346227895e-16,6.070135907487735e-16,-5.275922790760718e-12,3.683344797783989e-16,-5.276015892734501e-12,3.0408430589137877e-16,5.715598722083186e-16,6.177942162604204e-16,5.101054215222621e-16,6.705129873878694e-16,5.001752307930905e-16,7.678113385016697e-16,5.206730854120994e-16,4.976153060733095e-16,5.636195297631305e-16,5.303025500445508e-16,7.501405653385533e-16,4.353710507337817e-16,6.004812587943165e-16,-5.2760867505218505e-12,5.55803487473356e-16,6.421354330576731e-16,5.931020080547372e-16,5.875850687199198e-16,5.04921541311069e-16,4.647213532027304e-16,4.720850495306056e-16,5.411398160802288e-16,3.624630964927363e-16,5.903308791392366e-16,9.357401375284927e-16,5.257474509565851e-16,3.3127629241875626e-16,-5.276575554152852e-12,5.344184309654806e-16,5.982672481147487e-16,4.554931831166304e-16,5.030522792229459e-16,4.598421131693261e-16,7.174744348583722e-16,6.372388994827709e-16,6.084578819800469e-16,-5.274997953225776e-12,6.351698427221602e-16,5.702911950689016e-16,5.479540066519431e-16,6.795404031071895e-16,5.718225551221464e-16,-5.275545549306485e-12,4.588449798264695e-16,-5.275575726752249e-12,3.740037374088664e-16,6.705275215257214e-16,6.871666924106779e-16,6.028599961204241e-16,-5.275965050420674e-12,7.399028196288987e-16,2.213632315424449e-19,2.1558641228289803e-19,-2.6430095747440557e-15,5.422804091176498e-19,3.070300892037306e-19,4.78776613447162e-19,2.8688952428195e-19,5.420766323265221e-19,4.696065327282956e-19,3.517877790876865e-19,2.6360546793104905e-19,-2.6426916594092343e-15,6.459943397294994e-20,5.279227889165153e-19,3.9072622620055573e-19,6.108130191725973e-19,2.460754283139008e-19,1.3235008057256434e-19,5.7449153842991e-19,2.8658853040731325e-19,-8.119091352146313e-21,4.3350833397888424e-19,3.091005822743061e-19,1.3797000525179847e-19,-1.4472742627702042e-19,1.1868808905543358e-19,-2.643545347805071e-15,5.225231966269694e-19,3.3229526368107203e-19,4.242716775434946e-19,3.4571591685809393e-19,3.377875214624713e-19,2.1087657145056163e-19,-2.6430581299764765e-15,3.6976604139328587e-19,5.940796016759465e-19,1.74890758095327e-19,2.64883045484374e-19,5.663380648273028e-19,7.13375338854479e-19,-2.642910118505138e-15,2.520638098943913e-19,-2.6432814049386223e-15,2.315474889762843e-19,3.692613208017473e-19,4.654361539064327e-19,1.341830926627854e-19,2.6037303264325003e-19,-2.6431731439857632e-15,2.816410099564395e-19,3.046148890269207e-19,-2.643188298766677e-15,3.710660860566092e-19,4.0334533248973325e-19,-2.354495219179258e-20,2.3745600279356706e-19,-2.6432046119902e-15,4.804165592182482e-19,2.520894114106723e-19
1.0000000000025595,-5.2764420068381596e-12,0.9999999999967711,-4.816961707390107e-16,-3.710217037260234e-11,0.999999999968341,1.1052641228156274e-16,-7.907551497502625e-14,1.0000000000440656,3.920239930603563e-12,1.4587581401123348e-11,-9.155490229335706e-15,1.5939452926242338e-12,2.124546357444364e-11,-2.6872167755980336e-15,0.9999999999661507,-8.541852266655122e-12,1.000000000009349,-1.6081450085470557e-15,7.657452825107598e-12,-1.5084984967367053e-11,4.349553923966801e-16,1.312079897980333e-11,2.0414527771069315e-15,-4.609097254244151e-14,-4.2800745012886655e-12,-2.1187930360914046e-15,-2.224912969645351e-15,5.3220843929331143e-11,6.463595506430516e-12,-1.4962351692260132e-14,-5.874468867359533e-15,1.0000000000315015,4.6397747043224195e-11,-1.9587068926756708e-12,1.4796351944378687e-11,5.4260032665754345e-15,6.941467313309264e-15,-7.269910812277909e-15,7.906073988821412e-12,6.355319448738475e-15,-5.247911770299207e-15,1.3441144514086035e-15,-1.5684028792355685e-14,1.6585339205202848e-15,-4.32715036279546e-12,0.9999999999967814,1.5093914300169025e-14,6.292996880803027e-12,1.5702249724833751e-15,-9.319972580957685e-12,-8.329281703588997e-12,2.180361245229373e-15,4.721954489608427e-12,8.92082591826198e-16,1.0000000000359839,1.0703562018412531e-14,-6.084787135161425e-15,-1.254172259561238e-14,2.983255276418502e-11,2.2894160753442558e-11,1.0000000000092992,-7.74068333060255e-15,1.0000000000146019,-3.903056156548156e-12,-1.0681779863830575e-15,-6.118264894643022e-15,4.612616053091274e-17,1.0000000000010592,2.124461923386168e-11,-2.30055180997012e-12,-1.5738970499713643e-11,0.9999999999841632,7.34913737036441e-11,-6.793445866522843e-13,-4.004493921804488e-12,-2.3335862946832855e-12,-1.6500612932933288e-11,4.2369485195206466e-12,4.9087344191051716e-11,3.170598745092992e-11,0.9999999999764437,-1.64785483550815e-11,-3.254610007332455e-11,1.9485604265314108e-11,1.4093096019016666e-10,2.2533337812441407e-12,1.1255843187564271e-11,-7.599449267765972e-12,-1.2851759845946881e-12,-3.644067680285186e-11,3.3109698663760804e-11,2.220070285681278e-12,-1.5927077915092353e-11,-1.3557995327888355e-11,-1.3507002439680862e-11,0.999999999983878,-6.154520065253102e-13,-5.975986969869337e-15,-1.0772021259610642e-15,-6.927507781413133e-15,1.0043879286321644e-14,6.097300660575916e-15,0.9999999999981238,-1.966263909238426e-15,8.238702027477011e-15,2.821724457357854e-16,1.1210360094835987e-14,-3.2578824301281192e-15,3.5354864987880285e-16,0.9999999999768221,2.2789137699661956e-15,1.000000000016108,-2.501680591320681e-14,1.2510374347772601e-14,-2.4090465193629333e-14,7.370635804116728e-15,1.3221371904168727e-15,0.99999999998548,-1.0940536551518845e-16,2.117889861220446e-15,0.9999999999647081,-6.4983178787760025e-15,-1.7381106880286486e-14,-3.409608755880152e-15,-1.2768234776240206e-15,0.999999999983328,2.9103948991627273e-15,3.296769773299158e-14
-3.285968113893983e-12,6.980185345547496e-16,-4.816961707390107e-16,2.4676507736410527e-13,5.516298738022467e-16,-4.812386453379351e-16,1.2537540439727123e-19,2.9321760822818615e-19,-4.8112739613996945e-16,7.145742096207187e-16,6.506597905505591e-16,5.793866977504398e-16,1.9743386946513277e-19,5.549536281774847e-16,1.5501974054418704e-18,-9.604330993285012e-13,4.3205676952629505e-16,-9.60536257057166e-13,3.485355986009854e-16,6.012833628400081e-16,4.482087340431177e-19,2.6147457374276725e-19,-6.919921282403704e-19,5.149763056101834e-16,8.0387523143682e-16,3.0538753219161474e-19,5.260775991290228e-16,6.087259872101931e-16,2.5829565755540693e-19,3.97691774839126e-19,6.389745116323018e-19,6.278477471601402e-16,-9.605861994173184e-13,1.7600581193208047e-19,6.848806217554546e-16,6.102381061353214e-16,3.633566558434412e-19,5.282476378699666e-16,1.5141164541416518e-19,3.103377773594493e-19,5.656781505613809e-16,3.3022921849753925e-19,8.029114421551018e-19,9.240535531677753e-16,3.0115111914100546e-19,3.780521937633624e-16,-4.815244303621692e-16,6.223372915882389e-16,3.42520569090205e-19,7.931766786966922e-20,3.379789438729627e-19,-8.21999536316168e-20,2.9596639370471463e-19,6.958498809911986e-16,2.181033098104649e-19,-9.595893807596437e-13,6.43917336103698e-19,6.37237152515132e-16,2.7778718311552493e-19,6.885511884254194e-16,3.510575834681767e-19,-4.8107235899817e-16,2.5486654744212986e-19,-4.812703095557735e-16,4.123490463633314e-16,6.924807566605221e-16,4.896270139832048e-19,3.749515031454318e-19,-4.810756018141249e-16,7.904342106140188e-16,4.854471151740724e-16,7.142360072963135e-16,-9.603174478482369e-13,9.883355001531753e-16,5.876858583677055e-16,7.70514972476745e-16,4.955985385413044e-19,4.349079671976785e-16,7.801178274567816e-16,5.303268023241109e-19,3.1671151545664103e-19,-9.60339474423815e-13,5.599035460889849e-16,6.392927468283748e-16,6.533697209904856e-16,4.301768621929875e-19,7.223522268855287e-16,6.708172619786645e-16,5.779735924148481e-16,5.968155951055402e-16,5.44363481824605e-16,7.214249039143605e-16,7.492787723024898e-16,5.691488543919296e-16,5.623555708532998e-16,6.27310238525934e-16,-4.812019849376839e-16,6.394698829059338e-16,6.319221868724195e-16,5.63238307243852e-16,6.595581970489023e-16,7.621875746720692e-16,7.194936802782915e-16,-9.606783014573025e-13,6.129572920569736e-16,7.382807305416634e-16,7.375876611243374e-16,5.957387209505661e-16,4.35886306441166e-16,6.075654227239508e-16,-9.601000458345407e-13,5.597201155131432e-16,-9.604397106767357e-13,6.050609721866079e-16,8.616795013047607e-16,2.6552292937603304e-19,6.034948932025403e-19,2.6396366272005705e-19,-4.813545869226836e-16,6.629634389140382e-19,7.291769291582689e-19,-4.815021033587477e-16,4.2220846247397836e-19,1.4623415754649222e-19,5.539259967498846e-19,3.9142213138780304e-19,-4.812599053399139e-16,2.5342247957397863e-19,2.879081081812389e-19
-3.943508019803659e-11,5.606284324600575e-16,-3.710217037260234e-11,5.516298738022467e-16,2.4645105335905927e-13,-1.8587249106581185e-14,2.0864113790826356e-19,7.374720486435999e-16,-3.710126671969663e-11,2.5061266815080513e-19,4.1391933737449376e-16,4.192029907751321e-20,8.539171140886309e-20,1.1988805016340479e-19,1.4615207601024417e-19,-1.8586988827799883e-14,1.319183489050434e-19,-3.7101799686961664e-11,3.3940169362155737e-16,3.2691979449480545e-19,4.2119631436968356e-16,4.845356279481382e-16,5.396434337030871e-16,5.487717856789177e-16,4.77374575669292e-16,4.064819875322509e-16,3.2065449733873587e-19,3.6331662230999217e-16,1.704493518172991e-19,6.273678334684264e-16,2.366687997469014e-19,5.030473801960624e-16,-1.8587058988882418e-14,4.812633606616371e-19,5.194040039695837e-16,1.0404646972116767e-19,6.79769619711728e-20,6.190347058318791e-16,2.284821208484775e-19,2.889123549668624e-20,5.086309208790655e-16,-1.445098809261339e-20,3.7932183168255465e-16,5.951158166307859e-16,4.029123737873559e-16,5.908050612093016e-16,-1.85874214817197e-14,5.910429488187157e-16,-1.0658927336969996e-19,4.962015586817799e-16,3.873370312980064e-19,4.151706126535561e-19,3.4246847850222194e-16,2.756879540586146e-16,4.305617971849111e-16,-3.7100918590168054e-11,5.133829024672538e-16,1.7837018311814963e-19,3.420056467681293e-16,6.704537630164609e-16,4.3092812257106417e-16,-3.7101431292688036e-11,4.089509224995907e-16,-1.8586704439480134e-14,3.5743641924086077e-19,2.351900064908551e-19,4.2615884619803675e-19,4.692366786399158e-19,-1.8587116842880587e-14,5.676469648771802e-16,4.864884332000617e-16,6.030168519886645e-16,-1.8587272523559342e-14,7.868766998707346e-16,2.754159117107311e-16,2.249446388820971e-19,2.9171590608644806e-16,4.290743390818742e-16,5.846991398719767e-16,2.709784413062061e-19,3.054427923280379e-19,-3.7101481754953226e-11,5.2274894633900783e-20,6.090986438130296e-20,5.068369999965257e-16,8.755632399575208e-16,1.777654208641599e-19,2.820433229336774e-16,-1.0893061378994762e-19,2.2364639562305535e-19,5.401009770665951e-16,2.3262646058224324e-19,5.868433217686354e-16,1.3765916900412191e-19,4.45542886793819e-16,2.599349939305439e-19,-3.7102328660683113e-11,4.314060423632913e-16,3.8777099040049947e-20,2.87735398453551e-16,2.416703774297142e-19,-3.0408241598594005e-20,1.715649086840738e-20,-3.71020163482735e-11,2.293536828035138e-16,4.1941279694747683e-16,1.2955478203429153e-19,3.551599499147205e-19,1.72561056167391e-19,4.744973761883158e-16,-1.858666413780863e-14,3.235279086007404e-19,-1.8587168210912396e-14,4.1890082678437254e-19,1.7659160705095433e-19,4.731226637334647e-16,4.3435439152051746e-16,5.450112078484726e-16,-3.710210728848442e-11,4.592881456322366e-16,3.676844956182602e-16,-3.710181755079107e-11,1.6265680119703845e-19,4.1124844575500574e-19,2.0093145115929708e-19,3.139027881146341e-19,-1.8587269468518267e-14,3.839051135812534e-19,4.296925074313145e-19
0.9999999999743538,-5.276137655583421e-12,0.999999999968341,-4.812386453379351e-16,-1.8587249106581185e-14,0.9999999999403919,2.2038811430385645e-13,-7.876933117370739e-14,1.000000000015871,1.9640417512882524e-15,1.458777869840311e-11,-9.155279165273748e-15,7.981967416653347e-16,1.064373905855778e-14,-2.6875707568541575e-15,0.9999999999379573,-4.279269752665972e-15,0.999999999981156,-1.6087079362735402e-15,7.657625209699954e-12,-1.5084777342582792e-11,8.6899627967074e-13,1.3121024099869773e-11,4.075327449579283e-12,-9.200223958354663e-11,-2.143979765385234e-15,-2.118630961907124e-15,-4.439845808691749e-12,5.322120430141229e-11,6.463758772668133e-12,-1.496215712616949e-14,-1.1725832401099028e-11,1.0000000000033082,2.324406908750458e-14,-9.812539204164833e-16,1.479651656315611e-11,1.0831283565248532e-11,6.941677904004067e-15,-1.451035992419276e-11,3.961006787396945e-15,6.355694707666518e-15,-1.0475259343778777e-11,2.6828960036065296e-12,-3.1305511976099495e-11,1.6588749871759535e-15,-4.326844065890709e-12,0.9999999999685873,1.509428700031017e-14,3.152786306897919e-15,1.5703392972708838e-15,-4.6689822941406465e-15,-4.17251964098297e-15,2.1809492031038267e-15,4.722088313594472e-12,1.7808655923759558e-12,1.0000000000077902,1.070363265093481e-14,-6.085102067535743e-15,-2.5033489777620333e-11,2.9832792597818865e-11,2.2894425006697568e-11,0.9999999999811054,-1.5451452608592433e-11,0.9999999999864094,-1.9551743890492406e-15,-2.132127563331241e-12,-1.2212530078783842e-11,9.14335860563097e-14,0.9999999999728645,1.064314122479101e-14,-1.1522421539992433e-15,-7.88475282468039e-15,0.9999999999559692,3.6817585307560806e-14,-6.792237992199239e-13,-4.0043784769120254e-12,-1.16904617981512e-15,-1.6500253197489628e-11,2.1231785664171316e-15,4.9087647752929023e-11,1.5883750550805666e-14,0.9999999999482502,-8.255202346047925e-15,-1.6304793819339148e-14,9.761723219682728e-15,7.060343246401874e-14,2.2536062758178078e-12,5.6387268213517784e-15,-3.8070676022956075e-15,-1.2849763692454282e-12,-3.644033697975844e-11,3.3109928013109e-11,1.112398420149379e-15,-1.592685845312039e-11,-6.792004523604348e-15,-1.3506729228338244e-11,0.9999999999556854,-3.0829630306241505e-16,-1.1928478646414859e-11,-1.077246483778446e-15,-6.927052678446657e-15,2.0047143184997516e-11,6.097421206083461e-15,0.9999999999699284,-1.9662025748774877e-15,8.239122866277725e-15,2.8243773637920903e-16,1.1210148438523936e-14,-3.2578285574214245e-15,3.535389015381173e-16,0.9999999999486282,4.548683383108686e-12,0.9999999999879144,-4.993542261374806e-11,1.251032359211712e-14,-2.4090237048340197e-14,1.4712855210277115e-11,1.3219583681594039e-15,0.9999999999572872,-2.177162085019969e-13,2.117781446151947e-15,0.9999999999365138,-1.2971083562644742e-11,-3.469417586971018e-11,-6.806206543218868e-12,-2.5480169131987912e-12,0.9999999999551334,2.9102405832373345e-15,3.2967336730495874e-14
-2.0991764229438163e-12,5.447682458480449e-16,1.1052641228156274e-16,1.2537540439727123e-19,2.0864113790826356e-19,2.2038811430385645e-13,2.4658201356216644e-13,7.745315605848194e-19,1.1073410106860276e-16,2.6340881153856206e-19,4.205412600500611e-16,1.8454286143261507e-19,3.10489165155541e-16,5.226180690127948e-16,4.428140914046164e-16,1.101471931310633e-16,8.855759327286734e-20,1.1045651182823947e-16,1.4394931507339994e-19,2.301751633220259e-19,5.138602515048373e-16,2.1262578742855858e-19,5.883659701643278e-16,7.155829193055868e-20,5.081097210598403e-16,4.68302228501288e-16,5.729431297877019e-19,3.804282640217555e-16,4.3018716845157046e-19,4.424027529125584e-19,4.1669090825752007e-19,2.4436244901457837e-19,1.1027239233179479e-16,4.827439329787568e-16,2.952639572895259e-19,1.7845581471071394e-19,1.618173648169521e-19,1.8664266026474217e-19,3.4944605509577604e-19,4.0984531544773805e-19,5.740138402712382e-19,1.2329298621988407e-19,4.2902686152781237e-16,7.171950943459644e-16,4.622518309680486e-16,4.525354152976344e-16,1.1038325144329789e-16,5.088080733411626e-16,3.650989534036152e-16,2.0687914658871002e-19,2.8435831854992905e-16,-1.2458521887905576e-19,3.2299918934221193e-19,-2.0273500440792892e-20,5.040275081907917e-16,1.1120318595433664e-16,1.0780925405175842e-19,4.699715919541191e-16,7.962184846037864e-20,6.482603837014108e-16,4.0129401982369745e-16,1.1063989299451461e-16,1.5344547358790579e-18,1.1051945755819884e-16,1.5382595660519542e-19,5.667926873574862e-16,5.384266922322191e-16,2.86581353967762e-19,1.1051618013632592e-16,6.209873522503922e-16,3.6866257632792855e-16,6.155201891309545e-16,2.2064261639839136e-13,7.999120084019281e-16,3.2766630417394345e-16,-7.804359376051465e-19,4.004763238913582e-16,4.264088647095758e-16,2.0941034916925351e-19,6.262455904936153e-16,4.888515973563826e-16,1.1056962265638444e-16,-1.1304487200268074e-19,6.136247122908829e-19,5.785659075605318e-16,9.18193280017997e-16,4.2745321206307276e-16,1.0609033153838421e-19,4.2243852591129067e-16,3.026938543968623e-19,4.894016009932958e-16,5.755278220214508e-16,2.1874406226549627e-19,2.341752726653096e-19,3.2587086949014655e-19,5.288047587455644e-16,2.2014238499736586e-13,2.5805862221177963e-19,3.658335275626069e-19,-4.2859720890450885e-20,2.6353609951739153e-19,6.521647839977642e-16,4.894335791268539e-16,2.2033757100355335e-13,1.0131462269229362e-19,2.608937257584628e-19,4.884727632793437e-16,3.3864442391162496e-19,4.557667222813249e-19,5.15168261054693e-16,2.2087686165092346e-13,5.403426603269774e-16,2.2055000224705858e-13,3.2037636950424226e-19,6.595201929592207e-16,4.75078008273144e-16,1.8049591806672284e-19,5.380981931921231e-16,2.2028012334870465e-13,1.5393787817215032e-20,3.5725328105279684e-16,1.103239497841945e-16,4.814500505492774e-16,5.571607775996105e-20,1.8595145308030735e-19,5.013336302023284e-16,2.2016830236051067e-13,5.084358703578178e-16,1.9454553814989054e-19
-2.4216419807252217e-12,8.707827422248045e-16,-7.907551497502625e-14,2.9321760822818615e-19,7.374720486435999e-16,-7.876933117370739e-14,7.745315605848194e-19,2.469232107524207e-13,-7.76683389134771e-14,4.1672429221882575e-20,7.408780034327252e-16,6.686347938960848e-16,4.1778262253684977e-19,7.131504110027791e-16,6.645675586285626e-16,-3.8786320854356434e-17,5.713572057199703e-16,-7.85679040750311e-14,4.732258304122643e-16,3.17052682907777e-19,1.155137885517725e-19,4.093135346318755e-19,8.860448649774336e-16,7.568257299797069e-16,8.883761010100537e-16,6.856201325008613e-16,4.118005720732851e-19,6.733306083446601e-16,2.3489794863221726e-19,9.953924935128447e-16,6.321527332574249e-16,7.928396126036579e-16,-7.868628128422012e-14,7.663998400610777e-16,8.56209466891664e-16,3.318621763459452e-19,6.678078639517167e-16,8.038486946452589e-16,2.1632939668984532e-19,5.679667086211829e-16,7.554388758788435e-16,7.215550355655887e-19,4.063055359793477e-19,6.474349941303339e-19,-4.170727576303165e-19,5.258868253974443e-19,-3.8644732598997325e-17,5.048921807895947e-19,2.312312809285664e-19,6.870996168672484e-16,1.822866229606958e-19,7.254236342368546e-16,7.908648714569871e-16,1.8143562323742704e-19,4.164038160106409e-19,-7.730053844855887e-14,8.319406451553286e-16,7.562957472884875e-16,6.802475294134519e-16,4.155419191851496e-19,7.23447580763276e-16,-7.797383791054753e-14,-1.4509841417893028e-19,-7.806105493624353e-14,6.626310616613128e-16,4.697191952456423e-19,8.313860178205641e-16,8.46882004815059e-16,-7.846670051403158e-14,5.795492219325458e-19,2.592230001304821e-19,9.239980247417737e-16,-3.939823637350127e-17,1.2578482152714104e-15,6.015910993866838e-16,7.842788070268538e-16,6.219259699240993e-16,6.318989760051731e-16,2.7703243085965447e-19,9.711048918140173e-16,8.155945552458773e-16,-3.8881086457843806e-17,2.997556985212418e-19,3.214989350146108e-19,8.411635558331229e-16,6.656527023964645e-19,3.0570414759153963e-19,6.685950623015903e-16,6.8563524114462e-16,7.105812229877122e-16,7.579964240335027e-16,2.3442177795398423e-19,4.389871300528893e-19,7.61851805025794e-16,2.01348145634745e-19,8.222257555215161e-16,-7.916039740490998e-14,7.427008423866325e-16,4.286274613898153e-19,7.039234999727755e-20,6.969408373424148e-16,4.820805461914695e-19,8.02592969151685e-16,-3.965884407298867e-17,2.6299125261266977e-19,8.217281633068803e-16,7.638581038783713e-16,2.295460794112185e-19,2.070088981365177e-19,4.422531726811398e-19,-7.80323183840409e-14,8.118988700662805e-16,-3.958037436437489e-17,7.609994633539922e-16,8.759838788152248e-19,3.4407745786235126e-19,6.250942342844651e-16,7.46376999947006e-16,-7.891022118158728e-14,7.343888941327779e-16,4.339678039129173e-19,-3.9454695424811154e-17,8.255062890442429e-19,5.316981718011686e-19,6.161544554267067e-16,7.115866718739121e-16,-3.9661006733950756e-17,4.029010845648319e-19,9.01334211965559e-16
1.0000000000500628,-5.2752418795428266e-12,1.0000000000440656,-4.8112739613996945e-16,-3.710126671969663e-11,1.000000000015871,1.1073410106860276e-16,-7.76683389134771e-14,1.0000000000918436,3.9213139346403266e-12,1.4588452304364408e-11,-1.827445577252657e-11,7.989237041177259e-16,1.0643739544875455e-14,-2.687027118236901e-15,1.0000000000136826,-4.2788454840288236e-15,1.0000000000568814,-3.2101429987086406e-12,3.836290120312542e-15,-7.556849863924828e-15,8.696033048564743e-13,1.3121849227974673e-11,4.076091786836284e-12,-9.200126557793892e-11,-2.1440794812803173e-15,-2.118780326861613e-15,-4.4391522123799645e-12,5.322191389781053e-11,3.23868371073279e-15,-2.986554020272833e-11,-5.8740438732445096e-15,1.0000000000790334,2.324425533650175e-14,-9.809648204750714e-16,1.4797193492859986e-11,1.0832002752697789e-11,1.3857293549908682e-11,-1.4509731986670465e-11,3.9610487216920705e-15,1.268728205387162e-11,-5.247476662859832e-15,2.6835324216185056e-12,-3.130441357565234e-11,3.311683217331906e-12,-2.167549111672987e-15,1.0000000000443117,3.013047378079208e-11,6.2937792979556375e-12,1.5708352772502758e-15,-9.319316053785396e-12,-8.328326471979616e-12,4.353801495937273e-12,2.366015434078646e-15,8.923175787785314e-16,1.000000000083517,2.13674835235121e-11,-1.2144713456251653e-11,-2.5032917320621048e-11,2.9833779102904873e-11,1.1469546597781144e-14,1.0000000000568328,-1.5450799651300373e-11,1.0000000000621343,-1.9547273325450138e-15,-2.1312957811586594e-12,-6.117864572442472e-15,4.644690738248085e-17,1.0000000000485885,2.1245633040934655e-11,-1.1522516587203191e-15,-7.884198099756159e-15,1.0000000000316949,7.349306683210743e-11,-6.786429493992176e-13,-4.003527618692504e-12,-1.168810699098746e-15,-1.6499527191497475e-11,4.238057891217525e-12,2.4592046107991685e-14,3.1707112376003626e-11,1.0000000000239764,-1.6477779097949854e-11,-1.6304214658480792e-14,1.9486585552302448e-11,1.4093291452239737e-10,1.1293914378975002e-15,1.1256652625632603e-11,-3.806881818009943e-15,-1.2842269558729009e-12,-1.8255613108075607e-14,1.6587626617327472e-14,2.2211525920299197e-12,-7.978780228305959e-15,-1.3557000820197907e-11,-1.3505868321636124e-11,1.0000000000314093,-3.078403128617376e-16,-5.9754857028638495e-15,-1.0769279112749208e-15,-1.3827379462932072e-11,2.004816707552642e-11,6.0977783645299104e-15,1.0000000000456533,-3.924030459938711e-12,1.6446829958734787e-11,2.828485208845357e-16,2.2377940004743665e-11,-6.50240108854313e-12,3.5415552864233876e-16,1.0000000000243525,4.54951813886621e-12,1.0000000000636398,-2.5015691964022865e-14,1.251078117232969e-14,-2.40905482513439e-14,1.47134676239097e-11,2.6400427560003574e-12,1.00000000003301,-1.0876487863272726e-16,2.118320461546959e-15,1.0000000000122384,-6.497687327961295e-15,-1.738053627767743e-14,-6.805533472448455e-12,-2.5473157128071236e-12,1.0000000000308582,5.8101251808193126e-12,3.29676945041542e-14
1.6033229148173375e-12,6.32573307479359e-16,3.920239930603563e-12,7.145742096207187e-16,2.5061266815080513e-19,1.9640417512882524e-15,2.6340881153856206e-19,4.1672429221882575e-20,3.9213139346403266e-12,2.466592811064312e-13,6.092883705724665e-16,5.114743505751772e-16,3.5595773661243236e-16,6.042948814383703e-16,5.880195843399444e-19,1.964324810180143e-15,3.3394530127409974e-16,1.9642937009184873e-15,9.356144308779488e-20,6.7290423322554e-19,6.672851170403726e-16,2.1898414015461714e-19,6.937643521888158e-16,2.6817565042852607e-19,7.88834662133334e-16,3.898952515806087e-19,5.248896874131798e-16,3.0159667256895008e-19,6.126281067500456e-16,3.829124566663621e-19,2.1652430678364306e-19,5.99745180865379e-16,1.9641756598643675e-15,2.947483098293914e-19,9.759624897922253e-19,6.293004782288513e-16,6.220466726928297e-16,4.841158964025785e-16,4.841041642539471e-16,2.3886447589946063e-19,2.225521625606533e-19,1.1663654278286546e-19,6.238090825499871e-16,9.557834061740399e-16,3.486448835369048e-19,2.8245037179106704e-16,3.920095458153569e-12,5.256086601120289e-16,3.0241329410028587e-19,4.436057636991584e-16,5.559728208826009e-19,4.460055613512774e-16,4.824064205557506e-19,4.1827636335694926e-19,8.414972942468414e-19,1.9646486145766353e-15,6.386352022816204e-16,5.718318505133405e-16,1.7272838829890398e-19,6.498672946982916e-16,5.80891174177394e-16,3.921030622399743e-12,3.6102886403238186e-19,3.920982795180389e-12,-1.1022300988850494e-20,6.825097774221493e-16,4.2737692633620165e-19,6.028932090371925e-16,1.964945217740785e-15,9.30065519717266e-19,3.64969402891226e-16,2.3908414695960334e-19,1.964135930346512e-15,9.618617096585373e-16,7.383705892049429e-19,7.77961215120088e-16,5.928320815497619e-16,4.464035291032394e-16,2.8746087209423485e-19,7.634035111274627e-16,5.753239367862628e-16,1.964189945361615e-15,5.342776072223698e-19,5.970206831377459e-16,6.554145993155652e-16,1.1349064153154617e-15,6.620055201072518e-16,3.045279731406541e-19,4.48427828659921e-19,5.650170769718948e-16,4.840350088259598e-16,4.2559068765952843e-19,3.834883161102296e-19,2.8899116748188457e-19,5.859227429764867e-16,3.4361084508395493e-19,3.92030532298364e-12,6.017190375292754e-16,3.667630067654581e-19,5.566834118451865e-16,3.33423765790835e-19,7.430438692602945e-16,7.254906592666782e-16,1.9640454679378557e-15,3.963819376647957e-19,2.704736766992772e-19,7.750203886426989e-16,5.510013386508039e-16,4.756855817606263e-16,5.897858512869599e-16,1.964204858176596e-15,2.6057959194716046e-19,1.96388363816093e-15,2.7673382257876493e-19,8.747922586112081e-16,5.950227191691986e-16,4.022635798331478e-19,4.749669153924363e-16,1.963962222633235e-15,2.8931596039115327e-19,2.0162091900249385e-19,3.9205431728047535e-12,8.237704521991732e-16,3.4913804822495394e-19,5.055036166767828e-16,3.841003638117899e-16,3.920182838551857e-12,4.996448515698422e-16,4.587650938885257e-16
1.2268502909707703e-11,5.786985186199538e-16,1.4587581401123348e-11,6.506597905505591e-16,4.1391933737449376e-16,1.458777869840311e-11,4.205412600500611e-16,7.408780034327252e-16,1.4588452304364408e-11,6.092883705724665e-16,2.4657430423209e-13,5.272843224470495e-16,3.7033541101460584e-16,3.5619510098329426e-16,3.4742482731236947e-19,7.30821569517149e-15,4.2784892553202948e-16,7.308115399605744e-15,3.498980215150488e-16,4.777486757773885e-16,4.770640882881994e-16,4.2708072320768223e-16,5.415038668130594e-16,3.9383198999650536e-16,6.554186012005311e-16,3.1015189714155774e-19,4.0305807487595694e-16,4.977560385389755e-16,4.548507985322978e-19,7.261544520126372e-20,4.784066459756264e-19,5.427569815406627e-16,7.308359763935216e-15,5.092612108608033e-16,-2.988408983150681e-20,4.721577010134869e-16,5.114393681829742e-16,5.004764096683743e-16,4.417204387641727e-16,2.769116774362411e-19,4.3698223190739363e-16,4.3417288840109997e-16,5.074349625281714e-16,3.8328466625768097e-19,4.1012386392289607e-16,2.88890888109907e-19,1.4587471503462655e-11,5.542869550470958e-16,5.412737262725513e-16,4.518145529606653e-19,1.0761278383515341e-20,4.291192120914879e-16,5.619641674049138e-16,2.733620208338333e-19,2.566356217146214e-19,1.4588675712819102e-11,5.05095017526338e-16,6.806030715116161e-19,5.338211081878433e-16,2.910778791600766e-19,2.416144538736498e-19,1.4588284621158424e-11,3.568185580713099e-19,7.307335306068053e-15,3.971544661303948e-16,6.148861744395541e-19,5.298490072023858e-16,2.6358595144537053e-19,7.308275333203926e-15,1.0103537110880446e-18,4.794657030952161e-16,2.346113286159609e-19,7.308450527772432e-15,4.3036655632625e-19,4.747773045465448e-16,5.429059199151709e-16,4.045789450967729e-16,3.850862170108225e-16,4.553132452238821e-19,7.804661538284078e-19,2.5287800673727087e-19,1.4588047005460373e-11,7.796264968922907e-19,5.30324492441472e-16,4.772111432765123e-16,9.645114815998215e-16,6.442707708581236e-16,1.9578880866194262e-19,2.8856675923908057e-19,8.483164304228752e-20,1.6005066280067937e-19,6.032304083491258e-16,-1.3980193087719907e-19,4.702633422672131e-16,-5.702246611038397e-20,2.2106512270352436e-19,1.458752524703584e-11,1.8336337710356332e-19,9.44888182598683e-19,2.5813100219735364e-19,5.127584380777545e-16,2.5901475780295284e-19,5.473016071256343e-16,1.4587756037188898e-11,4.555863453777289e-16,5.240003303500992e-16,3.337116242677723e-19,2.5548823489935927e-19,1.2137426801469778e-19,4.554762689698084e-16,7.308274486273688e-15,4.964407039650514e-16,7.308232542098897e-15,8.855655273702473e-20,1.6490404841496254e-19,-2.036102947191032e-20,4.178003085247985e-16,1.1923569893894667e-19,7.308087681078729e-15,4.549719468081004e-16,4.2192417466085943e-16,7.308151792731996e-15,7.044497235907069e-16,4.2044005929263723e-16,4.569896675111542e-16,2.9044598305857727e-19,7.308009045079289e-15,4.3580870225996034e-16,5.607762112119245e-16
-2.0608655669340967e-11,4.979242219269522e-16,-9.155490229335706e-15,5.793866977504398e-16,4.192029907751321e-20,-9.155279165273748e-15,1.8454286143261507e-19,6.686347938960848e-16,-1.827445577252657e-11,5.114743505751772e-16,5.272843224470495e-16,2.4641411720838516e-13,3.1002652658642616e-19,2.9789819949235567e-19,5.218991938773825e-16,-1.8275076441026635e-11,1.3885172581109756e-19,-9.1549713479379e-15,2.61225323173408e-16,-6.480204493350841e-19,3.2556573217960913e-19,3.526315573539635e-16,5.03886448347977e-16,-3.329972576272988e-20,6.843869451526647e-16,2.881255527847186e-19,4.572391731267217e-19,2.5096964168651613e-19,7.237063772987043e-19,5.326195576559811e-16,-2.4335389746942963e-19,6.383307815521327e-20,-1.8275190183367097e-11,1.485236105286711e-19,4.996013151440183e-16,5.175128887006141e-16,5.533028915683454e-16,3.612833617310988e-16,1.78949172188059e-19,1.1976210877207614e-19,1.272962210626806e-19,3.0591338249277656e-16,5.085806230562878e-16,4.436952573348336e-19,5.166661656183539e-19,1.2341416828930447e-19,-1.827567158966627e-11,4.181117349296373e-16,5.684840376842734e-16,3.1282326393147146e-16,4.982200034874886e-16,6.841667370439904e-19,3.350818246952783e-19,6.010607120611435e-16,4.679109990334316e-16,-1.8274234764976062e-11,1.456730668490336e-19,1.4449880446106618e-19,3.413983956273923e-19,4.3210355231451567e-19,2.1007322856236818e-19,-1.8274720648032536e-11,1.9865710172619293e-19,-1.8274770031670926e-11,2.6379659020537164e-16,5.323861257265782e-16,-8.826858001844653e-20,2.658482588093473e-19,-1.8275131513140873e-11,2.7280985080293867e-19,3.3240444147582455e-19,4.712587485832789e-16,-9.155244573740966e-15,4.376261342623377e-19,5.132458960143987e-16,6.276547087810229e-16,4.483885055170452e-16,2.1296539888615985e-19,5.98513213953626e-16,2.442569938538802e-19,4.199193875172834e-19,-1.8275052876879628e-11,5.0074513865472163e-20,4.862734250831387e-16,1.8515084280900833e-19,8.697306452768621e-16,2.7848830942136557e-19,3.0519123636386437e-19,4.555425596602417e-16,1.681165689018949e-19,1.8124967496493274e-19,2.336204135207856e-19,5.452121892316331e-16,3.4557864463810983e-19,4.1216455884609484e-16,4.379005502579177e-19,-1.827550865141139e-11,4.9525320589153315e-16,4.7458894841533915e-16,4.873823786359495e-19,5.404349253041691e-16,2.058616801324111e-19,5.767447769292549e-16,-1.8275289170565374e-11,2.618220782809888e-19,4.2493276332233145e-19,3.249060482951231e-19,5.300896249934443e-16,3.562155400072074e-16,4.2317209306115053e-16,-9.155270289855831e-15,1.5235327249202695e-19,-9.155479347168371e-15,3.1670718191482673e-19,5.1603476764730395e-19,4.68304002882526e-16,-3.579935572157791e-19,2.88922430037266e-16,-9.155520726496963e-15,2.0027716390188543e-19,3.857894611381914e-16,-9.15574830853031e-15,4.53781732665784e-19,4.204901215495875e-19,3.932113040374916e-19,1.1847290971800404e-19,-9.156631755645295e-15,4.1762668304081603e-19,3.4298043115979215e-16
-7.265914896488042e-13,3.3837453262692297e-16,1.5939452926242338e-12,1.9743386946513277e-19,8.539171140886309e-20,7.981967416653347e-16,3.10489165155541e-16,4.1778262253684977e-19,7.989237041177259e-16,3.5595773661243236e-16,3.7033541101460584e-16,3.1002652658642616e-19,2.4635789553736395e-13,2.953363521298033e-16,4.2705011415816747e-16,1.594305393456054e-12,-4.4275307715621864e-20,7.987674475734537e-16,2.2872823605881383e-16,3.4790719918385346e-16,7.51438894616614e-19,3.20622692564371e-16,2.3484665346268493e-19,2.0025268203667e-19,2.4679091984005446e-19,-5.4114600119591883e-20,4.877145390749572e-19,3.374383117618189e-16,2.9708484059415914e-16,2.3737258082760983e-19,2.7440937268689187e-16,3.9249242470364e-16,1.594214123678576e-12,-2.009120073673331e-20,3.933595766580294e-16,1.9347796346753892e-19,3.592210800438837e-16,3.30316643217126e-16,2.332705114185874e-19,3.014111884147307e-16,1.350442737397456e-19,2.5470852802265454e-16,3.8027078931877026e-16,5.293661314986207e-16,-9.393741464248233e-20,1.7978025546018173e-16,7.983507210237049e-16,9.039275505726766e-19,3.670687288079576e-16,2.7638403658079973e-16,3.0247746605618935e-16,2.6642067756200834e-16,3.080125353734272e-19,3.5967375027620924e-16,3.3719063530950617e-16,1.59488119629642e-12,1.737470958483308e-19,2.7128567525953347e-16,3.7480605729221704e-16,3.961064721258038e-16,2.0872000361896995e-19,7.989461058213276e-16,3.0057404997270894e-16,7.988620882473868e-16,2.5018335139259794e-16,4.21023084222199e-16,4.12699292403357e-16,3.293961515504417e-16,1.594262611540577e-12,4.3758572804449374e-16,2.3001741593444776e-16,3.5430981799320754e-16,1.5943149332762598e-12,3.6748038539776703e-19,3.5089362207597864e-16,3.6188338286971855e-16,3.326612796357677e-16,2.986435543101223e-16,4.730773877375359e-16,4.275399650509981e-16,3.3011998045172757e-16,1.594343565112954e-12,2.1584519124400358e-19,3.485224754000932e-16,3.440954719258852e-16,6.336660498522394e-16,2.2352759705408594e-20,3.462173428489298e-16,3.346496743454625e-16,3.196705727683346e-16,1.361505931437623e-19,1.4192928311340345e-19,4.2913831745424155e-16,1.8281612291883437e-19,-7.878934064966496e-21,1.1643868388662002e-19,7.982828423594978e-16,2.2639804872739854e-19,2.844106864270372e-19,-1.63828405995456e-19,2.469890859726527e-19,5.285345313227413e-19,5.787668173301553e-20,7.986005305692849e-16,6.753328810376561e-20,3.702084904239623e-16,-8.164272569463672e-20,1.114759897755299e-19,3.04624251601149e-16,1.8908775306195944e-19,7.988094877239432e-16,3.15074627655637e-16,1.5942279416750946e-12,4.3331801198169683e-20,4.545027234924037e-16,7.861139694019445e-19,1.6324096851908515e-19,1.0297826216409364e-19,7.985567534012226e-16,3.770837452836999e-19,1.126384384660692e-19,7.984861240735584e-16,3.067460115793275e-19,2.786733327442604e-20,2.9797959506206465e-16,2.1995427019564044e-16,7.986464733032598e-16,2.9871092854178224e-16,1.4674445345762538e-19
