0.9999999874975916,1.000032959646817,5.281745145569095e-06,5.555124069004344e-06,5.09815279361484e-06,5.049254508213096e-06,5.329021842812993e-06,5.30689170875398e-06,5.203046742066138e-06,5.137210632644359e-06,1.000033241209691,5.302346352548209e-06,5.408602597609858e-06,1.0000331562498703,5.058100023698665e-06,5.4703679818721246e-06,5.0047831429034165e-06,5.0269647224668465e-06,5.508473542617024e-06,5.207423850877512e-06,5.066503225270048e-06,5.092513416097945e-06,1.0000333476683367,4.911857203777601e-06,5.0116373111980684e-06,5.313586637303425e-06,5.186046013759253e-06,5.098551568861636e-06,5.118785085955678e-06,5.417752620382835e-06,5.1206353126554e-06,5.710135530328964e-06,1.00003325042794,5.314883239868581e-06,4.935145850311706e-06,5.239775554616593e-06,5.330803336545471e-06,5.051720692415868e-06,4.948629529835896e-06,5.277994810078314e-06,5.042075880471153e-06,5.138473065398337e-06,5.317330396815605e-06,1.0000333609049032,5.4768687735270046e-06,5.040181480757879e-06,5.059541926480847e-06,5.077642692582342e-06,1.0000330780665296,5.200621568685212e-06,5.1018984154164786e-06,5.058740898793335e-06,5.102961061013878e-06,5.020970645847151e-06,4.974624207279625e-06,4.951468071997143e-06,5.187123046252723e-06,1.0000334769248276,5.295408030979691e-06,5.640275580426766e-06,5.2661692800947805e-06,5.0813446849443755e-06,5.325485764695492e-06,5.003369315831516e-06,5.174944247278982e-06,1.0000331552773967,5.171424777595898e-06,5.538625885558293e-06,5.032217970430999e-06,5.921702489919317e-06,5.26393950805537e-06,5.336687363239203e-06,5.672351526832018e-06,5.044054588562691e-06,1.0000332021117833,5.206406185811273e-06,1.0000331110051754,5.058876682537454e-06,5.348559964576596e-06,5.043912594533667e-06,5.147674788714813e-06,4.8961792854825885e-06,5.408570956412923e-06,5.11071579119407e-06,5.173956601813118e-06,5.194330806208621e-06,5.174269007605206e-06,5.031925337913727e-06,4.908950719492895e-06,1.0000331318483577,5.150545828238152e-06,5.130105504251597e-06,5.232963441403952e-06,5.054730969793425e-06,5.0378655762156336e-06,5.430707235787156e-06,4.9609223214929615e-06,4.958840944802681e-06,5.021388396450651e-06,5.137035952308823e-06,5.148018884774619e-06,5.039963975203438e-06,4.847011575497303e-06,1.0000330107231468,5.238261525968345e-06,1.0000330920876526,1.0000330692064154,1.0000333207603311,4.875154890107936e-06,4.997923057610625e-06,5.142666520036279e-06,5.301524013786237e-06,5.2189243985437984e-06,5.163978831798453e-06,5.076695713950709e-06,5.215661937162171e-06,5.08338688525518e-06,4.859779350925221e-06,5.005303484742654e-06,5.152787976540815e-06,4.991682114492979e-06,1.000033246844877,1.0000333082627337,5.196073401445731e-06,5.15643968608677e-06,5.008442893952125e-06,4.87458655746786e-06,4.948304077466031e-06,5.055473823792863e-06
1.000032959646817,1.0000788167764858,1.052556554536939e-06,1.325950079020785e-06,8.689541715237106e-07,8.200531850491879e-07,1.0998357187398085e-06,1.0777041903807991e-06,9.73853801122054e-07,9.080142349818397e-07,1.0000814761290282,1.0731585949840034e-06,1.1794209522623639e-06,1.000081391165109,8.288991563313857e-07,1.2411895477088234e-06,7.755793690954395e-07,3.9965946394615183e-10,1.279297097434781e-06,9.78231122710103e-07,8.37302672874343e-07,8.633143563938981e-07,1.00008158259283,6.826484627247684e-07,3.9198047018333683e-10,1.0843997069879398e-06,9.568521638453335e-07,8.693529608994828e-07,8.895875518618795e-07,1.1885714359525938e-06,8.914378572724471e-07,1.4809700545883233e-06,1.0000814853477387,1.085696376321586e-06,7.059385563021306e-07,1.0105845347393676e-06,5.518835563370851e-10,8.225194997125448e-07,7.19422815124291e-07,5.254263857579081e-10,8.12874175263136e-07,4.5552550888808566e-10,1.0881436708590172e-06,1.0000815958301423,6.250627738517882e-10,8.10979680680351e-07,8.303410100343164e-07,4.250492992501848e-10,1.000081312977859,9.714284986079894e-07,8.727000029631266e-07,8.295402148723214e-07,8.737626896864082e-07,7.917678329006677e-07,7.454189594667958e-07,7.222614071869312e-07,9.579290753242163e-07,1.0000817118557102,1.0662199167899466e-06,1.411106032869234e-06,1.0369796298071304e-06,8.521450311206439e-07,1.0962992318026078e-06,7.741655904565993e-07,9.457496525454357e-07,1.0000813901926098,9.422301808058974e-07,1.3094514220434694e-06,8.030157540589512e-07,1.6925486646867707e-06,1.034749982713705e-06,1.1075019348050369e-06,1.4431840780279145e-06,8.148528623753366e-07,1.0000814370293238,9.77213413127611e-07,1.0000813459183187,4.156474880751199e-10,5.607796523280798e-10,4.081504499000233e-10,4.6013558373416706e-10,3.341356107116961e-10,5.908454363444744e-10,4.41618981476019e-10,4.733029327537241e-10,4.835104370141516e-10,4.734593414151784e-10,4.02144810218981e-10,3.4053417694387635e-10,1.000081366762452,4.615740721642721e-10,4.5133333901292974e-10,5.028654636541102e-10,4.1357055598780047e-10,4.0512088347894974e-10,6.019357571061933e-10,3.665721028845534e-10,3.655292695370495e-10,3.968657836634978e-10,4.548054337646076e-10,4.603079738750856e-10,4.061721841117214e-10,3.0950249662510024e-10,1.000081245631535,5.055199282670756e-10,1.0000813269998508,1.0000813041176488,1.0000815556835563,3.236023114376272e-10,3.851095369079459e-10,4.5762642949517826e-10,5.372145564661256e-10,4.958318702205005e-10,4.683039420567745e-10,4.245748522854146e-10,4.941973764800307e-10,4.279271472542066e-10,3.1589917478865485e-10,3.888071518879642e-10,4.6269729705944906e-10,3.8198281431933426e-10,1.0000814817645896,1.0000815431851595,4.843834831372222e-10,4.6452682113663617e-10,3.9037999291678314e-10,3.2331761746658967e-10,3.602502828995537e-10,4.1394265319379665e-10
5.281745145569095e-06,1.052556554536939e-06,-2.3777745311006974e-06,5.543570545537252e-16,3.5895503287317995e-16,3.424933403837599e-16,9.069254872484663e-13,9.146452815300245e-13,4.018245381487017e-16,7.334587275045743e-13,1.0525570392508437e-06,9.10272290679627e-13,9.494538221962525e-13,5.273054879690862e-10,6.939448595281914e-13,5.09487964799087e-16,3.273900173495233e-16,6.790906709555294e-13,5.304498430910261e-16,4.0556380401853105e-16,7.19655994350069e-13,7.299597862644771e-13,5.273056418606892e-10,2.8429766084178685e-16,3.228018123538399e-16,4.45799205341975e-16,7.863132681407135e-13,3.59150212065294e-16,3.6954670614886346e-16,9.616297372621079e-13,7.411522046176076e-13,1.2188587141679277e-12,1.0525570506755602e-06,4.46597092035735e-16,2.8110770377011636e-16,8.421266762186054e-13,9.1011112220329e-13,3.434270958134166e-16,5.927672917004715e-13,4.26859433397756e-16,3.3887948894111495e-16,3.804083121030143e-16,4.470353701196182e-16,1.0525572164805918e-06,1.0258925132049625e-12,6.745555493400607e-13,3.564892747961966e-16,7.14580734153956e-13,5.273054339457981e-10,4.0071844192962804e-16,3.5937376114310893e-16,3.375250316973298e-16,3.613572675482731e-16,3.276102526494656e-16,3.029590957157729e-16,3.0493613115722807e-16,8.121282659864722e-13,5.273057382744584e-10,4.516375699905538e-16,1.1996430460013947e-12,8.71394044512423e-13,7.191282011157299e-13,9.338290877525402e-13,3.1725298612943645e-16,7.979420021998833e-13,5.273054859518641e-10,7.690630328546379e-13,1.0359714096111901e-12,3.33252784336744e-16,6.847653380297812e-16,8.361360388895116e-13,4.3822848637159354e-16,1.177063868844547e-12,3.483672943133948e-16,1.0525569627391604e-06,8.070818478908911e-13,5.273054455943395e-10,6.950388886171765e-13,9.316150038979297e-13,6.777556469437547e-13,7.705566679819539e-13,5.64103589859887e-13,9.525374523263462e-13,3.7544660469426245e-16,7.698376484740503e-13,7.941033313222057e-13,7.989404244628328e-13,6.659970417931187e-13,5.647659047083003e-13,1.0525568555825852e-06,3.751913041903327e-16,3.765422440990834e-16,8.351310519662286e-13,6.693542156900771e-13,6.72077017963949e-13,4.888167120734772e-16,3.034864035885861e-16,6.192081746498593e-13,6.546128435511874e-13,7.791361099004955e-13,7.716607688240353e-13,6.746742387259441e-13,5.104856130468714e-13,1.0525566399466119e-06,8.104739230150581e-13,1.0525567883001496e-06,1.0525567324107035e-06,1.0525571608166009e-06,5.512640664955963e-13,3.244405482123722e-16,3.8360192051613607e-16,4.4027203159934876e-16,4.118836378557336e-16,3.9474386414375294e-16,3.5838271152074275e-16,4.0974738404050605e-16,3.6138481611873043e-16,2.623639602178615e-16,3.276625407191691e-16,3.8869031158168456e-16,3.2049613407899246e-16,5.273055538517543e-10,5.27305622240011e-10,3.98419833210788e-16,3.899713689552499e-16,3.301548613732598e-16,2.7046466880085994e-16,3.037694466934634e-16,3.4544891169584187e-16
5.555124069004344e-06,1.325950079020785e-06,5.543570545537252e-16,-2.377773956068299e-06,9.254885556652503e-13,4.4180417735039296e-16,1.1712505275194994e-12,5.898971259959644e-16,1.0360287237016518e-12,9.494618694629315e-13,6.642691365803111e-10,5.871891725517604e-16,6.158116181715951e-16,1.3259504983667035e-06,4.484419551806593e-16,1.3148951003545434e-12,8.419976243925081e-13,8.739046290689754e-13,1.3672314254556946e-12,5.235059238827113e-16,4.637568791188627e-16,9.40065707492019e-13,1.3259508734384078e-06,7.32038334597263e-13,8.31648280502129e-13,5.758844873205043e-16,5.089975836636754e-16,9.25972397629452e-13,9.51322477678953e-13,1.2445985812776008e-12,9.562742409931532e-13,7.887730182585261e-16,1.3259506822890639e-06,1.1513010964375104e-12,7.280697212115045e-13,5.442051831057883e-16,1.175113503506947e-12,8.850693114789653e-13,3.831430527477751e-16,1.1021662083362303e-12,4.3729333023572864e-16,4.903441302233733e-16,5.776434641560708e-16,1.325950885498892e-06,1.3253226936635677e-12,4.360040282305474e-16,9.153749439708225e-13,4.612311057426743e-16,1.3259503660140292e-06,5.1736788960356e-16,9.279319644734383e-13,4.3641328377245776e-16,9.315767823940113e-13,8.444623415843293e-13,3.923754734110393e-16,3.935943032791902e-16,5.238359368387698e-16,6.642693567105483e-10,5.817959211576413e-16,7.735038772862929e-16,5.624506972928789e-16,4.640334775434324e-16,1.2016354476940532e-12,4.1042350533524264e-16,5.148299287011139e-16,1.3259504933039387e-06,4.977992720672516e-16,1.3443118607070675e-12,8.586405296216332e-13,1.7691995905113033e-12,5.420267556312701e-16,5.685874310864105e-16,1.5220208043310531e-12,8.94721946045196e-13,1.3259505757529279e-06,1.0421213296634461e-12,6.642690009653932e-10,4.490594939803873e-16,6.022014833388692e-16,4.3829077924637556e-16,9.932096404976678e-13,3.6393815162853943e-16,1.2330785575174009e-12,4.835334715106908e-16,4.988225468993676e-16,5.138878854071425e-16,1.0289224630086083e-12,8.595074935297975e-13,3.650583562446853e-16,1.3259504445590211e-06,4.853964302634609e-16,9.690188673164572e-13,5.393537403776624e-16,4.338384155712596e-16,4.344362598232094e-16,6.321371315411491e-16,3.9151318444056903e-16,7.971109921129819e-13,8.451993738764634e-13,1.0017525341623045e-12,4.980692191502595e-16,8.704142117736946e-13,3.301358527649697e-16,1.3259501829954297e-06,1.049846825709465e-12,1.3259503627092656e-06,6.642689503131618e-10,6.642692112721731e-10,7.092084896397811e-13,8.343370509814885e-13,9.87110271223628e-13,1.1358957114172036e-12,1.0610024662421789e-12,1.0152646549776538e-12,9.213839741372293e-13,1.0557391036367513e-12,9.290670254384781e-13,6.76920232782926e-13,8.4226264458612e-13,1.000513160591276e-12,4.1320761488575746e-16,6.642691334532345e-10,6.642692141873166e-10,5.146588950451763e-16,5.029296143891234e-16,4.2504210897838e-16,3.4876219570660645e-16,3.914291775425485e-16,4.461917517729638e-16
5.09815279361484e-06,8.689541715237106e-07,3.5895503287317995e-16,9.254885556652503e-13,-2.377774783064715e-06,2.863203178052678e-16,3.8033073706384953e-16,7.641873294313509e-13,3.3622770489744356e-16,3.081190722897528e-16,4.353251691618274e-10,7.605600666494901e-13,3.9858970497932917e-16,4.3532511299599583e-10,2.902730806328481e-16,8.519395968263366e-13,2.7309095922940836e-16,2.833758275172124e-16,8.862904489409442e-13,3.392092680842173e-16,3.0094060081088487e-16,6.100223559678958e-13,8.689547003731578e-07,2.3756863089735234e-16,2.703904525142658e-16,3.732882773716345e-16,3.2938279041542533e-16,6.001353579583033e-13,3.0914124058649634e-16,8.058566902807276e-13,3.107260496375126e-16,1.0203072289186609e-12,4.353251736501411e-10,7.459864986845876e-13,2.35685400823449e-16,3.52579036489949e-16,3.8162532638874935e-16,5.739549401301179e-13,4.961700675253169e-13,7.137804950609382e-13,2.8297375149652496e-16,3.1808963009067313e-16,3.7434484115357674e-16,8.689547081148613e-07,4.301816581376383e-16,5.642950021050256e-13,5.94402598457057e-13,5.9731440867955e-13,8.689543634270168e-07,6.694841674184458e-13,6.013463732193289e-13,2.827620964006637e-16,3.024810350642936e-16,5.473489870136728e-13,5.071060669317467e-13,2.555201347024568e-16,3.399134028692161e-16,4.3532531450331273e-10,7.534118750926958e-13,1.0021989143506204e-12,3.6491390981195803e-16,6.010417936319555e-13,7.800411284749382e-13,5.311041590039984e-13,3.341370105423384e-16,4.353251107493623e-10,6.441213247556059e-13,8.694167630742932e-13,2.7886172788049916e-16,1.1454096635917488e-12,7.007475555142999e-13,3.674806023011198e-16,9.858859550519024e-13,5.808646549201403e-13,4.3532513812658733e-10,3.381032707429524e-16,4.353250782451298e-10,2.914866475268859e-16,3.902546082557368e-16,2.8446771214828024e-16,6.442598050513902e-13,4.714091762324599e-13,7.983266224327921e-13,6.264420369041393e-13,3.231067207070424e-16,3.3310847350203127e-16,6.676766802267142e-13,5.572238258225489e-13,4.724840403241278e-13,4.353250942526393e-10,3.1412341971522574e-16,6.283805233819815e-13,3.497420164176644e-16,2.8085824575844565e-16,2.8150777735308143e-16,8.176636828533079e-13,2.537892812218928e-16,5.173507138607878e-13,5.478373883433434e-13,3.259448793050138e-16,6.451406485915233e-13,2.828496964622163e-16,2.1399094441264494e-16,4.353250074654608e-10,3.403462959567014e-16,4.35325067227011e-10,8.689543157888238e-07,8.689546627135985e-07,4.604253281253415e-13,2.7100946257290375e-16,6.402787014419952e-13,7.359590575133467e-13,6.87900038006626e-13,6.587259446653764e-13,5.978473483635315e-13,6.844231431662515e-13,6.028471639742939e-13,4.389152173329564e-13,5.464548486357349e-13,3.251669258666458e-16,5.348544501564103e-13,8.689545584945021e-07,8.689546672948193e-07,6.657708587823621e-13,6.51440169573438e-13,5.505448012624019e-13,2.2605537303474417e-16,2.542109525956695e-16,2.8913124703902873e-16
5.049254508213096e-06,8.200531850491879e-07,3.424933403837599e-16,4.4180417735039296e-16,2.863203178052678e-16,-2.377774835906577e-06,3.6238324438276524e-16,7.275006158325386e-13,6.400435411952539e-13,2.9346152225090234e-16,4.108269466293052e-10,3.623201528201868e-16,7.595129959722546e-13,8.2005344483185e-07,2.770257336793369e-16,4.070278786304296e-16,5.202316741403621e-13,5.399717397235367e-13,8.446771230998914e-13,3.231935756531113e-16,5.716487982301346e-13,5.808328507355806e-13,4.108270101608826e-10,2.265929019387055e-16,2.5751981390979923e-16,7.102143639426528e-13,6.275897348282966e-13,2.863250037156212e-16,5.877301233352061e-13,7.688271855696028e-13,5.90799461749702e-13,9.726634543823564e-13,8.200535587419415e-07,7.112444685944492e-13,2.254588451939813e-16,3.3609046134601977e-16,3.6364811028609554e-16,5.468172899628053e-13,2.3684778752014765e-16,6.808558984569014e-13,5.391290953802997e-13,6.048820076665186e-13,7.124980224435283e-13,4.1082701400187063e-10,8.187582463086609e-13,2.694069175340448e-16,5.656147210225746e-13,5.688319923530855e-13,4.108268528934988e-10,3.1991031602186103e-16,5.732612795176888e-13,5.383326761561453e-13,2.88296684013632e-16,5.217039643532694e-13,4.83723968098511e-13,2.433139011160112e-16,6.460319454225096e-13,4.108270823788444e-10,7.173605775978857e-13,4.773663101018929e-16,6.938284465723637e-13,5.723309664774065e-13,3.721308659547683e-16,2.5349765000615924e-16,3.180562885867816e-16,4.108268930242865e-10,6.142755883092038e-13,8.303299742892185e-13,5.304705833504287e-13,5.474623001199342e-16,3.3498413291872926e-16,3.5109188147019796e-16,4.706348711033485e-16,2.7688722065547863e-16,8.200534927374669e-07,3.2311892643705397e-16,8.200533813805197e-07,2.7727784667972634e-16,3.721790999108468e-16,2.7039840060251737e-16,6.136455024637747e-13,2.2489245666111313e-16,7.617043136207407e-13,5.963066863964274e-13,6.150072243753522e-13,6.337222722812501e-13,3.1850551516939836e-16,2.6622306675031694e-16,2.2530117419833023e-16,4.1082687711567996e-10,2.999566595734788e-16,2.9998602436375385e-16,6.656636388068221e-13,5.350239062049767e-13,2.682254809225843e-16,3.9032424024868517e-16,4.82810514459577e-13,2.470632138081733e-16,5.221602927796054e-13,6.189909736281256e-13,3.080221542593991e-16,5.377562672310466e-13,2.0398104077173064e-16,8.200532494524987e-07,3.248095406362578e-16,4.108268519328263e-10,4.108268311170813e-10,8.200536421121193e-07,4.382139591259077e-13,5.154978649136129e-13,6.098747765881528e-13,7.01723204478132e-13,3.2807074739949985e-16,3.139716976992148e-16,5.69285251561149e-13,3.265120038633173e-16,5.740336397660503e-13,4.1821237095180353e-13,2.608403686034055e-16,6.1816387697643e-13,2.5516081793332143e-16,4.108269441219323e-10,4.10826994770557e-10,6.346986736217944e-13,3.1061566727000514e-16,2.6271239470727546e-16,4.299097353911153e-13,4.827744392824305e-13,2.7565683518451965e-16
5.329021842812993e-06,1.0998357187398085e-06,9.069254872484663e-13,1.1712505275194994e-12,3.8033073706384953e-16,3.6238324438276524e-16,-2.377774418062744e-06,9.671254699074308e-13,8.497057913186629e-13,3.898887922721381e-16,1.0998362154842909e-06,4.824234501765581e-16,5.046228093777036e-16,5.509912070330428e-10,7.343744477188997e-13,1.0781593670486987e-12,3.46614989292903e-16,7.179245703896594e-13,1.1216381602668708e-12,4.2927869802090244e-16,3.8110836217750227e-16,3.8679007657721256e-16,5.509913651801571e-10,6.00659316969837e-13,3.4164974803817835e-16,4.716438934510879e-16,4.1740873101067256e-16,3.8054616233377665e-16,3.9100721314168153e-16,1.01983181333388e-12,3.933117606493392e-16,1.2912375629151502e-12,5.509912847838402e-10,4.729537368575094e-16,2.9897721171340297e-16,4.468260674988104e-16,4.825736446343419e-16,3.6389748220035544e-16,3.1450664142720796e-16,4.527890607718422e-16,7.160686600606156e-13,8.035243804748287e-13,4.736740518883646e-16,1.0998363980253796e-06,5.448138256677699e-16,7.14141194660156e-13,7.522569451846918e-13,3.785329132130134e-16,5.509911512950954e-10,8.472578037843903e-13,7.610267417933012e-13,3.5774945792409517e-16,3.828527307258527e-16,3.4707274206959363e-16,6.417567820374224e-13,3.232099551630453e-16,4.303104729173143e-16,1.0998365843332767e-06,9.534864325920478e-13,6.352066231185764e-16,4.618725318274435e-16,3.8125889131805874e-16,9.871914983189582e-13,3.366940768968105e-16,4.226024143816483e-16,5.50991204255106e-10,4.083221663290827e-16,1.1002537082019853e-12,7.044247200849673e-13,1.449542915087341e-12,4.4397141409761766e-16,4.652101772444733e-16,6.252542471332996e-16,3.6826630834592517e-16,1.0998361373647984e-06,8.548212034483801e-13,1.0998359860090219e-06,3.6854737630227073e-16,9.862503646085508e-13,7.175228091165316e-13,8.153444179009255e-13,2.9884703253908994e-16,1.0103012558742178e-12,7.928014923342296e-13,8.160633881622084e-13,8.412733407860849e-13,8.449834471841447e-13,3.5304741097658624e-16,2.9957884287182864e-16,5.509911844489278e-10,7.940757357356309e-13,3.974322969424807e-16,8.841259721458287e-13,7.097687729089726e-13,3.56567088668126e-16,1.0347763178806486e-12,3.208082162580308e-16,6.547387018159264e-13,6.9331064490346e-13,8.23285036437775e-13,4.091899696155838e-16,3.5786469293623205e-16,5.406648651670436e-13,1.0998358063490544e-06,4.3091868975037926e-16,1.0998359581223563e-06,1.0998359013680531e-06,1.0998363405540929e-06,2.9199978680559257e-16,6.850651812714561e-13,4.061101097860788e-16,4.667779297015631e-16,4.361618107960757e-16,8.336544584674247e-13,3.7853487606768805e-16,8.661672998340279e-13,3.8235578948790506e-16,5.554674402291568e-13,3.4613465793576466e-16,4.1150961645128844e-16,3.3901097190277114e-16,5.50991275169319e-10,5.509913441255909e-10,4.2213614503498854e-16,4.130043302257782e-16,3.4901908600732703e-16,2.858414215702609e-16,3.2141177396208097e-16,7.303891964420877e-13
5.30689170875398e-06,1.0777041903807991e-06,9.146452815300245e-13,5.898971259959644e-16,7.641873294313509e-13,7.275006158325386e-13,9.671254699074308e-13,-2.377774411377102e-06,4.2854117880928057e-16,3.9328688527942735e-16,1.0777046578056693e-06,9.657287648113479e-13,1.0170025373914169e-12,5.399038370852178e-10,7.379629617252301e-13,5.442510801793241e-16,3.478510652298618e-16,7.200023852826433e-13,5.651612648876059e-16,8.624615552940584e-13,3.8169516993662464e-16,7.748726045983671e-13,1.0777048213257141e-06,6.04126351931815e-13,6.868132514867737e-13,4.756262442324758e-16,8.390373907786301e-13,3.8300458515617027e-16,3.938542413454222e-16,5.152195031243588e-16,7.891584519887663e-13,1.300225589446303e-12,1.0777046692396353e-06,9.509740549709266e-13,6.02738396994181e-13,4.493046221307646e-16,4.862567533652593e-16,3.652568601403987e-16,6.322055862138797e-13,9.110489969046375e-13,7.200953224630829e-13,4.0455952147318487e-16,4.771323945382488e-16,5.399039916631952e-10,5.481780133594199e-16,3.5981855759221307e-16,7.538005180943152e-13,7.590830960839305e-13,5.39903783886389e-10,4.2728649502773233e-16,7.663065217784335e-13,7.203602499850354e-13,3.858850842295703e-16,3.4945083978167415e-16,6.472884735379559e-13,6.476461894590008e-13,8.616823095001352e-13,1.0777050079142557e-06,9.570089925193475e-13,1.2722118508637177e-12,4.644217169203894e-16,7.636395073660829e-13,9.899726765084279e-13,6.77181044689264e-13,4.241306372610462e-16,5.399038348924846e-10,4.1145199569800483e-16,1.1133196687592504e-12,7.087681973747473e-13,7.329370633311696e-16,8.949913189963448e-13,9.402380101542797e-13,6.29980377243919e-16,3.6945270911067674e-16,5.399038680314101e-10,8.604052339066067e-13,1.0777044418593397e-06,3.703227065074595e-16,9.917727769160138e-13,3.61536565022613e-16,8.191223861063074e-13,5.987807424522044e-13,5.109872021603565e-16,7.951591354239967e-13,8.227433604425525e-13,8.471570134231308e-13,4.2463730719184926e-16,7.09406618864401e-13,6.014207957317783e-13,5.399038155711941e-10,8.008077241422088e-13,7.995073713548233e-13,4.454828300940235e-16,7.16013619381317e-13,3.585459962632515e-16,5.229472779289937e-16,6.451519940972698e-13,3.286767564116937e-16,3.494065038084084e-16,4.1335335822272354e-16,8.201389402984353e-13,7.182585054029118e-13,2.7289894928231604e-16,1.077704272980245e-06,8.685045647995181e-13,1.0777044152647203e-06,1.0777043629166398e-06,5.399039639089967e-10,2.926776337959493e-16,6.878978212142259e-13,8.141362427213466e-13,4.700236270076864e-16,8.756313149259465e-13,4.190777693603858e-16,3.8052029122226036e-16,8.714027459513528e-13,3.8367524955379707e-16,5.585915287361881e-13,3.478540756580131e-16,8.250310390158234e-13,3.4055021240644987e-16,5.399039015504359e-10,5.399039659882228e-10,8.484813257449425e-13,4.1488330949163076e-16,6.99332911994706e-13,2.8773264155249834e-16,6.441694213532959e-13,7.34171325341885e-13
5.203046742066138e-06,9.73853801122054e-07,4.018245381487017e-16,1.0360287237016518e-12,3.3622770489744356e-16,6.400435411952539e-13,8.497057913186629e-13,4.2854117880928057e-16,-2.377774634392585e-06,3.4459605886269897e-16,4.878773641335251e-10,8.514761776610883e-13,4.463657617746481e-16,9.738541149123867e-07,3.252019208783237e-16,9.536014079787896e-13,6.115751726332451e-13,3.181093791111015e-16,4.969074114923892e-16,7.58057557819666e-13,6.726776721070208e-13,3.4133788822190064e-16,4.878774411055802e-10,5.313019826252085e-13,3.019458214697071e-16,8.337885837018023e-13,7.368489922571938e-13,3.3637886956641065e-16,3.4552052990438493e-16,9.019534460432367e-13,3.479487636053554e-16,5.722324399688926e-16,4.878773696271491e-10,8.350100789450723e-13,2.6412201218526286e-16,3.949923639892057e-16,4.262961354985497e-16,3.215554135828428e-16,2.7830447224942537e-16,7.989153516718074e-13,3.1716012453124873e-16,3.5595946987670505e-16,8.364582232414449e-13,4.878774449745894e-10,9.613261103839764e-13,6.316828546421009e-13,6.654945410873942e-13,3.3506673940860073e-16,9.738540166576378e-07,7.493915141011443e-13,3.3686420649995827e-16,3.1650331184855355e-16,3.3884186423785945e-16,6.126897841681962e-13,5.675888681366452e-13,5.707182611626169e-13,3.806109345113343e-16,4.878775278461963e-10,4.2257237526492064e-16,5.618580423045712e-16,8.155380471211449e-13,3.3712268776827735e-16,4.3740236169074456e-16,5.944789025552613e-13,7.466245552212835e-13,9.738541110558724e-07,7.209668925870513e-13,9.729696167307261e-13,3.124353686864394e-16,6.422769990613584e-16,7.843047824737452e-13,4.117263549630587e-16,5.5273842039754e-16,3.259874669325163e-16,4.878773294611294e-10,7.56092976215165e-13,9.738540381476186e-07,6.506009403990062e-13,8.723754103377072e-13,3.175321894122248e-16,7.212307519974803e-13,5.277524459413472e-13,4.476358140726824e-16,7.013367968597594e-13,7.217634568697059e-13,7.440960052060016e-13,3.7423119319166205e-16,3.124860063755492e-16,5.289046465965983e-13,4.878772806089898e-10,3.5198735845245933e-16,3.523593587872789e-16,3.9218945255881364e-16,3.1399798445596537e-16,3.152544694854665e-16,9.15188662240184e-13,2.8411721703969604e-16,5.791955724837385e-13,3.0763879865292344e-16,3.649013455620434e-16,7.222209732627464e-13,3.1671671530488685e-16,2.3961437493016556e-16,9.738538788116887e-07,7.605033478482448e-13,4.878772497738031e-10,9.738539630595999e-07,9.73854352536717e-07,2.5824132403537165e-16,6.060015746052093e-13,3.590288950940164e-16,4.126340265413672e-16,7.70043690868347e-13,7.374448153133311e-13,6.692951941646711e-13,7.661437068201664e-13,3.382615915714596e-16,4.91331276779616e-13,3.0617509676241946e-16,7.26613936984386e-13,5.987546618460208e-13,4.878773611376003e-10,9.73854357751758e-07,3.7333854839927736e-16,7.292756561554809e-13,3.087883736879544e-16,2.52959186610419e-16,2.843346525019927e-16,3.235825634558512e-16
5.137210632644359e-06,9.080142349818397e-07,7.334587275045743e-13,9.494618694629315e-13,3.081190722897528e-16,2.9346152225090234e-16,3.898887922721381e-16,3.9328688527942735e-16,3.4459605886269897e-16,-2.377774757121736e-06,4.5489332824831277e-10,7.813745623903223e-13,4.0787351383596495e-16,4.5489326781781147e-10,2.9807406639191823e-16,8.726170891962367e-13,2.810001459216906e-16,2.9222856371501356e-16,9.086071851481154e-13,3.4770615184103573e-16,3.098011358338508e-16,3.1362735910716394e-16,9.08014802464618e-07,4.867407175638224e-13,2.758427625438186e-16,3.821362178701466e-16,3.379309738952562e-16,3.076378816541893e-16,3.168467972907403e-16,4.1301172603108367e-16,3.1859341461242504e-16,1.0454430059352747e-12,9.080146663505202e-07,7.64168711938808e-13,2.40887580956867e-16,3.6234950423969566e-16,3.91240700923155e-16,2.945800471579696e-16,5.084454393931303e-13,3.659688266119194e-16,5.80324702010824e-13,6.513941781331328e-13,3.834213216407133e-16,4.548934058947875e-10,4.409244317664987e-16,2.9013964014906437e-16,6.112344652908655e-13,6.132818491752288e-13,9.080144424136975e-07,3.432482946422007e-16,6.161712476257184e-13,2.8942596305565305e-16,3.099581584589734e-16,2.8072419642990874e-16,2.5999876917006864e-16,5.235453716132766e-13,6.97119214414345e-13,9.080149676447858e-07,7.738183071408702e-13,1.029829082145974e-12,7.478214849698569e-13,6.172163390903423e-13,8.016820016056411e-13,2.7224060260459507e-16,3.4288282493992903e-16,4.548932658576991e-10,3.297276558531791e-16,4.442695119271952e-16,5.70663021103619e-13,1.1716034606152825e-12,3.592184021280964e-16,7.493404639329476e-13,1.0093521355481962e-12,2.991012113249616e-16,9.080145898340136e-07,6.923166413124432e-13,9.080144617660774e-07,2.987034143504102e-16,7.993023761387798e-13,5.81490684786498e-13,3.3099859865389836e-16,4.841887466585601e-13,4.0897760143575606e-16,3.2248193977669365e-16,6.60132564762986e-13,6.811157710822715e-13,6.857485975608254e-13,5.713621928708398e-13,4.8453356362046e-13,9.080144968056754e-07,3.2177518344382687e-16,6.446158493477709e-13,3.589034585806635e-16,5.738923383284626e-13,2.887603086366961e-16,8.368161676907075e-13,2.6001075157672787e-16,2.6601224615143553e-16,5.615362403678655e-13,3.349577931304663e-16,6.622216196686172e-13,5.78851538890205e-13,2.1911011781004317e-16,4.548931548299938e-10,3.479479022057528e-16,4.5489321953834584e-10,4.548931948479403e-10,4.548933818904902e-10,2.368173830631585e-16,5.557988135232296e-13,6.571248892328561e-13,3.776378428792856e-16,3.5340168988809103e-16,3.3872794241970156e-16,6.139441172680619e-13,7.017546598361721e-13,6.191051953511057e-13,2.2552516093048937e-16,2.8123197492592786e-16,3.3381706624356517e-16,2.7500147868444237e-16,4.5489332525816947e-10,9.08014767990799e-07,3.4196846239084694e-16,6.68724980827366e-13,5.654490581818385e-13,2.3210372340899667e-16,5.206049813773097e-13,2.966756075847874e-16
1.000033241209691,1.0000814761290282,1.0525570392508437e-06,6.642691365803111e-10,4.353251691618274e-10,4.108269466293052e-10,1.0998362154842909e-06,1.0777046578056693e-06,4.878773641335251e-10,4.5489332824831277e-10,1.000079379929003,5.376266707772248e-10,1.179421502142192e-06,1.0000816727413289,4.152585648232249e-10,1.241190112773587e-06,7.755797089514958e-07,3.9965963667900006e-10,1.2792976720732082e-06,4.900702958517934e-10,4.1946851727258837e-10,4.3249975094157016e-10,1.0000818641690246,3.419904821005978e-10,7.824343657144844e-07,5.432582093136632e-10,9.568525980228334e-07,4.3552495307867255e-10,8.895879510653862e-07,1.1885719865172108e-06,8.914382553720375e-07,1.4809707252289127e-06,1.0000817669239466,5.439078094513354e-10,3.5365826937486497e-10,5.062785758868456e-10,1.1016177915422603e-06,4.120625106786377e-10,3.604135511264581e-10,5.254266280893346e-10,4.07230435561686e-10,4.555257113367918e-10,5.451338451760772e-10,1.0000818774063418,1.2476912328785137e-06,4.062813394350301e-10,4.1598089216003946e-10,4.2504948588759683e-10,1.000081594554076,9.71428938292084e-07,4.372017410588589e-10,4.155797277197654e-10,4.3773412091537745e-10,3.9665666684780737e-10,3.734369985884597e-10,3.618356120819852e-10,4.798994503525529e-10,1.0000819934319003,1.0662203817318619e-06,1.411106643383959e-06,1.0369800860328043e-06,4.2690418711234065e-10,5.492195722689492e-10,3.8783836819650644e-10,9.457500662450611e-07,1.0000816717688314,4.720346924135595e-10,6.560037277628579e-10,8.030161144781109e-07,1.6925494507489037e-06,1.0347504628011455e-06,1.1075024637589791e-06,1.4431847395179416e-06,4.0822170343606363e-10,1.0000817186055446,4.895604483860287e-10,1.000081627494554,4.156476720420862e-10,5.607799026189122e-10,4.081506320736668e-10,9.184791519823046e-07,3.341357562826112e-10,1.1793898296575031e-06,8.815180531453375e-07,4.73303149777788e-10,4.83510655930141e-10,9.450747740537035e-07,4.0214499061533637e-10,3.4053432923391957e-10,1.000081648338678,4.615742844690417e-10,9.009089468492093e-07,5.028656880500878e-10,8.255304625131801e-07,4.0512106449031455e-10,1.2015272752029686e-06,7.317165827471228e-07,3.6552942825472265e-10,3.968659622709914e-10,4.5480562717353944e-10,4.6030817682360757e-10,8.107625179748534e-07,3.095026358849144e-10,1.0000815272077928,5.05520165159013e-10,1.0000816085760855,1.0000815856938996,1.0000818372597573,3.2360245052435166e-10,7.687192485634495e-07,9.134706160264066e-07,5.37214801071686e-10,4.958320916597946e-10,9.347840534449841e-07,8.4749617756023e-07,4.941975983427371e-10,8.541877120910937e-07,6.305680701708292e-07,3.8880732241536675e-10,9.235925997271563e-07,3.819829823156141e-10,1.0000817633408057,1.0000818247613432,4.843837029161117e-10,4.6452702526574607e-10,7.792396324864393e-07,6.4537606315002e-07,3.6025044047231746e-10,8.262731920543643e-07
5.302346352548209e-06,1.0731585949840034e-06,9.10272290679627e-13,5.871891725517604e-16,7.605600666494901e-13,3.623201528201868e-16,4.824234501765581e-16,9.657287648113479e-13,8.514761776610883e-13,7.813745623903223e-13,5.376266707772248e-10,-2.377774416279113e-06,5.072462826306696e-16,5.376266033123555e-10,7.344859795352154e-13,5.412675599821656e-16,6.909398220787066e-13,7.166376715159437e-13,1.1232845490738274e-12,8.583740529656241e-13,7.581583517564778e-13,7.712394696771312e-13,1.0731592237642238e-06,6.012696736174457e-13,6.835495662053434e-13,9.450982334786773e-13,8.350478212349876e-13,7.609539547268139e-13,7.815466376950825e-13,1.0241481161571547e-12,7.854275644081058e-13,1.2940476770170648e-12,1.073159072209275e-06,9.464492220422415e-13,3.002314443244169e-16,4.471851788042148e-16,4.83898929995624e-16,3.6401905515644765e-16,3.15248803494383e-16,9.066922241083611e-13,7.16692328251669e-13,4.0272160047665936e-16,4.750011701088534e-16,1.0731592338042362e-06,1.0893649998035185e-12,7.147957505753242e-13,3.75923857783048e-16,7.555171380528535e-13,5.376265496938112e-10,8.490652996005226e-13,3.817057598667987e-16,7.169147402333272e-13,7.655022884622773e-13,6.938986127713507e-13,6.441924122967073e-13,6.446078319379827e-13,4.2999991484050135e-16,5.376268454659091e-10,4.770828599366801e-16,6.342536444446964e-16,9.216867777437563e-13,7.600556521729282e-13,4.938838028594424e-16,3.3781002963309676e-16,4.2205169951619113e-16,5.376266013674218e-10,8.177396954059313e-13,5.552768749201727e-16,7.054113487983803e-13,7.296118856474827e-16,4.468327165930775e-16,9.356783869072772e-13,1.2517377404487555e-12,3.6745157907370784e-16,1.0731589881361108e-06,4.295804428878624e-16,5.376265632711159e-10,3.6870546904509734e-16,9.87086356689259e-13,7.181684695061152e-13,4.0877807202926797e-16,5.959736455379065e-13,1.0147909163216737e-12,3.967308199242645e-16,4.1016428979394293e-16,8.431312884362532e-13,8.441490221064387e-13,7.060493116386361e-13,2.9972172328834795e-16,5.376265819957743e-10,3.993251681106576e-16,7.957331526313812e-13,8.849096865429575e-13,7.125863907219618e-13,3.565943246147578e-16,5.202988607667373e-16,6.42094487387107e-13,6.537966263273062e-13,6.94485845888424e-13,8.21032248954201e-13,4.088978569783741e-16,3.581065279663685e-16,5.415844012495167e-13,1.0731586772993574e-06,8.643279506106313e-13,1.0731588191111447e-06,1.0731587669192009e-06,5.376267298117376e-10,5.814811022461327e-13,6.846666794929679e-13,4.059822641971909e-16,4.676607258687034e-16,8.714900619336767e-13,4.1724094161052026e-16,3.787849204064493e-16,8.672776649211267e-13,7.622814681293473e-13,5.559517537733632e-13,3.4641169731706664e-16,4.112978079400893e-16,6.768186740225441e-13,1.073159055438406e-06,5.376267316556876e-10,8.444487153987079e-13,8.241907056763193e-13,6.96053750433085e-13,5.712989161786707e-13,6.411455767287764e-13,3.6600139616050336e-16
5.408602597609858e-06,1.1794209522623639e-06,9.494538221962525e-13,6.158116181715951e-16,3.9858970497932917e-16,7.595129959722546e-13,5.046228093777036e-16,1.0170025373914169e-12,4.463657617746481e-16,4.0787351383596495e-16,1.179421502142192e-06,5.072462826306696e-16,-2.377774330652987e-06,1.1794213443195584e-06,3.8610663289798027e-16,1.1297390882949917e-12,3.639454332446549e-16,7.551776375011011e-13,1.1765069364330815e-12,8.988866413139643e-13,4.010883718826735e-16,4.06111012131622e-16,5.908616728239467e-10,6.302898929498126e-13,7.149550235878715e-13,4.949180651534867e-16,8.731636812027735e-13,3.986476275032646e-16,8.187039505746709e-13,5.346143610203907e-16,8.234090571586623e-13,6.781481724225394e-16,1.1794215150055308e-06,4.946760716101233e-16,3.118993304589254e-16,4.682052250768649e-16,5.06677252140078e-16,7.625024820779459e-13,3.2996338012259877e-16,9.45622905164855e-13,3.761597176821507e-16,8.435596449303057e-13,9.910137167054549e-13,5.908616784718951e-10,5.707719231639695e-16,3.7543126567671406e-16,7.918551306643254e-13,3.977091673226259e-16,1.179421223151312e-06,8.88190412343578e-13,3.9973564272263544e-16,3.746037379075695e-16,4.0137865202266966e-16,7.264051274364724e-13,3.361925587392311e-16,6.781077272522479e-13,9.029745631468438e-13,1.1794219077502925e-06,5.016526763091089e-16,1.3339847793187e-12,9.685248753883986e-13,7.994237520284958e-13,5.199536592790351e-16,7.042454650650344e-13,4.450034012781659e-16,5.908614962207489e-10,8.537677554389222e-13,5.749633067541404e-16,7.389272174867434e-13,7.598455147033686e-16,4.653999169365368e-16,9.695872719209966e-13,6.542798518342105e-16,3.8772280884323898e-16,5.908615336740297e-10,8.96411477582597e-13,5.908614503523317e-10,3.8661410374568995e-16,5.185036664925717e-16,3.772272707713057e-16,8.563911072251511e-13,3.1396108040419185e-16,5.295488742607281e-16,8.338837917427561e-13,4.284550154897285e-16,8.818592043131556e-13,8.882096320247844e-13,3.7037883148632796e-16,3.141591065863383e-16,1.1794212938821085e-06,4.1642410845681484e-16,8.347671984973617e-13,4.648172998282376e-16,7.428710476254511e-13,7.466559547478037e-13,5.426789644165984e-16,3.368132322873544e-16,6.885020107833194e-13,7.270827175421629e-13,4.3399592063267335e-16,8.576548890986717e-13,7.495801239167238e-13,2.839837397882188e-16,1.179421049099518e-06,4.500674018652829e-16,1.179421217579576e-06,1.1794211538147452e-06,5.908616463843685e-10,3.0721890601199627e-16,7.198571598753708e-13,4.2636121780056924e-16,9.759279204428975e-13,9.134799060550744e-13,4.389115923899172e-16,7.951872821128652e-13,9.086855948931095e-13,8.018776937349197e-13,5.82941713761239e-13,7.266824605124309e-13,4.323482397157272e-16,7.109655649148117e-13,1.179421493577727e-06,5.90861650737076e-10,8.831785699811519e-13,8.660854699711353e-13,7.323933100706107e-13,5.996807941293927e-13,3.375643368257273e-16,3.836637519264906e-16
1.0000331562498703,1.000081391165109,5.273054879690862e-10,1.3259504983667035e-06,4.3532511299599583e-10,8.2005344483185e-07,5.509912070330428e-10,5.399038370852178e-10,9.738541149123867e-07,4.5489326781781147e-10,1.0000816727413289,5.376266033123555e-10,1.1794213443195584e-06,1.000079210001187,4.1525851181060494e-10,1.2411899502863603e-06,3.885465808846339e-10,3.99659587128826e-10,1.279297506653851e-06,9.782314359744756e-07,8.373029262398113e-07,4.3249969570955526e-10,1.0000817792051226,3.4199043807276737e-10,3.9198059637542045e-10,1.084400058308356e-06,9.568524731397907e-07,8.693532404822213e-07,8.895878361389882e-07,5.95445669966452e-10,8.914381407182592e-07,1.4809705323000999e-06,1.0000816819600404,1.085696727923043e-06,3.536582211400566e-10,5.0627851068463e-10,5.518837329124152e-10,8.22519759942736e-07,3.6041350467350375e-10,1.0488063599359338e-06,4.0723038335485135e-10,4.5552565341461717e-10,1.0881440235229797e-06,1.0000817924424381,6.250629760884089e-10,4.062812874637384e-10,8.303412622788939e-07,4.2504943179307873e-10,1.00008150959017,9.714288117995215e-07,8.727002843914786e-07,8.295404874408044e-07,8.737629702540308e-07,3.966566153768369e-10,7.45419204406734e-07,3.618355664585985e-10,4.798993903878821e-10,1.0000819084679984,1.066220247563832e-06,1.4111064670920456e-06,5.195018160813629e-10,8.521452962472474e-07,1.0962995681576448e-06,7.741658417447713e-07,4.737977937347471e-10,1.000081586804924,4.720346299380748e-10,1.3094518672625172e-06,8.030160107188493e-07,8.479261258102464e-10,1.0347503249571532e-06,5.548318076843058e-10,1.4431845494059627e-06,8.148531116246889e-07,1.0000816336416374,4.895603848871708e-10,1.000081542530643,4.156476190256255e-10,1.1193751884044337e-06,4.081505798904658e-10,4.601357281200404e-10,3.341357143129686e-10,5.908456324574666e-10,4.416191171963134e-10,4.733030874593911e-10,9.651377095795003e-07,4.734594888862329e-10,4.021449385573013e-10,3.405342854291941e-10,1.0000815633747695,9.213504212178063e-07,4.513334819781395e-10,5.028656231026649e-10,8.255303529899122e-07,4.051210122001944e-10,6.019359544181845e-10,3.665722202783773e-10,7.296348744277074e-07,7.921858622847885e-07,4.548055711731298e-10,9.188231438893386e-07,8.107624138149362e-07,3.095025958092498e-10,1.000081442243878,1.0090709816721578e-06,1.0000815236121752,1.0000815007299866,1.0000817522958543,3.236024103969473e-10,3.8510965774096485e-10,4.57626573630544e-10,1.072336785219277e-06,9.897325819383212e-07,4.683040878204675e-10,8.474960706634548e-07,9.864699624908235e-07,4.279272801217236e-10,3.1589927476588994e-10,3.888072733992602e-10,4.6269744147657326e-10,3.819829338616384e-10,1.0000816783769004,1.000081739797446,9.668804017323366e-07,9.272444055211846e-07,3.9038011420852846e-10,3.2331771979873884e-10,7.190974638637223e-07,8.262730863923026e-07
