1.0000000000000175,1.6886409128861783e-11,-8.052397372690933e-12,-7.012775558020924e-12,9.835652148799065e-12,-4.2935918860564236e-12,-2.642640720187141e-11,-4.827642873000353e-12,4.37512262666581e-12,1.1155518046557435e-11,1.0000000000093339,1.8066634403610088e-12,1.000000000005681,-1.6728100843726766e-11,1.1096349365470506e-13,-1.2276567193742132e-11,-6.516667984515348e-12,-9.872854019692994e-12,-8.08718374873446e-12,1.5032271143764267e-12,1.2345237703176046e-12,-7.991553025908232e-12,4.430249456954078e-12,1.0000000000228917,-1.48416616215247e-11,-1.9160169472138563e-11,1.0000000000086535,7.723001425803197e-12,1.0844304153385202e-11,-4.177289837271446e-12,-3.367434904499506e-12,2.0850043449027683e-11,3.3211985124441125e-11,-1.8229793422230902e-12,-1.3723023432285568e-11,1.0000000000145814,1.6383479858146543e-11,1.0000000000254936,2.496835686380106e-11,1.539493025935505e-11,2.0262241466984792e-12,2.856051805770621e-11,9.300706225098765e-12,-9.578299472880337e-12,-2.9283899194120046e-12,-4.544979720489198e-12,1.0000000000216132,-1.4880508749778396e-11,1.000000000014068,-1.4396223442501371e-11,1.5430582930015206e-12,1.990987254631861e-11,3.0972141764486815e-12,1.000000000022216,1.0000000000250553,1.286360861448997e-11,1.0000000000140612,-2.59663288368805e-12,1.0000000000256655,-1.0716873755736151e-11,-1.9411535336702946e-11,-1.4359735864931623e-11,-1.419049038640102e-12,-2.0246002911021006e-11,-2.633105378538712e-11,-1.6637417666538633e-12,7.94836584630123e-12,-7.49887990887496e-12,-8.369674915267564e-12,-2.3116090948393567e-11,-9.997320676985081e-12,1.0000000000099354,-2.0920988216438252e-11,1.0000000000075866,9.755542899712829e-12,-1.109612699277725e-11,-1.7279525454046467e-11,-1.0351567331218708e-11,6.459173064753626e-12,-2.0048342386656198e-11,-2.004454378762485e-11,6.47355873640743e-13,1.485182475568236e-11,2.7480575856658703e-11,-1.3129641840676937e-12,-8.189221720470059e-12,4.7761199443348373e-11,1.0000000000186446,-2.478629590268886e-12,-1.5104429081241906e-12,1.0000000000127869,-1.3315483837238827e-11,-1.1792716424879626e-11,-1.4144004978832793e-11,4.402663144304898e-13,1.0000000000108147,1.0000000000195453,-6.834711616580453e-12,1.0000000000292264,2.87423531232433e-12,8.007295693983652e-12,-2.816787679052267e-12,-1.020268766108131e-11,5.9875452923656375e-12,-7.812015987489267e-12,1.0000000000262865,5.1391458730751e-12,-6.3727257408841025e-12,2.41176478237964e-12,2.3668321130603397e-12,1.4776355522353893e-11,3.193029965474254e-12,-1.154008839062631e-11,-1.653833012604589e-11,1.6148478907890524e-12,-6.735156257757253e-12,2.419994224466679e-12,-1.9306664716237665e-11,3.917332991122473e-13,-3.743189388058644e-12,-1.547474837954568e-11,-7.638308886073174e-12,4.8826053744323175e-12,1.7757236001591356e-12,5.758506047444164e-13,-1.1502931340181506e-11,-1.022616617406013e-11,-7.794515694156984e-12,3.350107922770727e-12
1.6886409128861783e-11,-2.363851772791641e-13,8.607164253184792e-16,5.542699765463605e-16,7.64772638086828e-16,6.264819334831552e-16,9.059185431910382e-16,5.439720582827583e-16,6.61127841048144e-16,6.661641577188862e-16,2.1244389522960908e-11,6.423513010318151e-16,2.1244017386935475e-11,5.051980795430895e-16,5.907187291146472e-16,6.237313215803167e-16,6.888823547639444e-16,6.14356025965126e-16,5.70555407616676e-16,4.8285580154308755e-16,5.87519107204415e-16,6.980450995175244e-16,4.186492482484433e-16,2.1244345478241176e-11,4.9404437391292565e-16,6.001802134073401e-16,2.1244227869563673e-11,4.921841389175748e-16,6.21074879261285e-16,6.361402719473331e-16,6.786222374905927e-16,6.438512375257315e-16,6.77332867930763e-16,4.901273858026049e-16,8.936891260518757e-16,2.124383688704215e-11,5.72359949307442e-16,2.124424416389879e-11,8.052358174462329e-16,1.0068968033374078e-15,7.801989598540839e-16,7.275685123771493e-16,9.314997197654197e-16,5.028556255013156e-16,7.78713751800188e-16,6.644603058640473e-16,2.1244033744272107e-11,6.398169342332501e-16,2.124400828251922e-11,6.507879282434746e-16,6.885514711768259e-16,8.668836109148453e-16,6.464511603372464e-16,2.124383770839168e-11,1.0642730409913088e-14,9.138310863806124e-16,2.124400708558862e-11,3.338028892992069e-16,2.1243876543540262e-11,7.29132067955792e-16,6.731423456708221e-16,6.085582797140684e-16,9.470961953250699e-20,-4.7865820416997526e-20,3.8579642385183684e-19,-2.488730879688636e-19,1.1170862493791071e-18,1.0509968461991351e-19,4.298469400755709e-19,4.546434921877585e-19,6.195077749454089e-19,1.0642340100217304e-14,2.0169688773076634e-19,1.064284945238563e-14,3.837893467917764e-19,2.25214238082514e-19,3.3003570708327046e-19,3.6784803066099904e-19,5.261283596167089e-19,5.63175850469145e-19,3.3903109051354086e-19,-3.2321899725293086e-20,5.078651987480929e-19,4.964651909330573e-19,4.0396832728748775e-19,2.32164794182325e-19,5.045739167731295e-19,1.0642882057859037e-14,2.2141267233726044e-19,2.622342711636259e-19,1.0642829530324742e-14,1.3966486523041094e-20,2.6940226709609926e-19,3.270957780857635e-19,2.3443054635004303e-19,1.0642974367545218e-14,1.0642463749344478e-14,3.2841759338691276e-19,1.0642836082228945e-14,3.768979536075893e-19,6.167712729233322e-20,2.1879759151026376e-19,1.4896588980388483e-19,3.428617468671889e-19,2.9869503219977444e-19,1.064259141539705e-14,3.560780793093445e-19,6.9262984135843585e-19,2.6738321918261753e-19,1.153873868960589e-19,3.169591615408905e-19,3.9906321491028166e-19,4.197072387455284e-19,3.9480822788639286e-19,6.581920056284786e-19,3.238202578668609e-19,7.408352915370552e-20,1.737622859172712e-19,6.755234402499139e-19,8.05037992384563e-19,3.827652191067331e-19,1.0752775782773147e-19,3.485172340859357e-19,3.611797351110809e-19,2.0617032354769567e-19,-1.0677565232706516e-19,3.8532826714385377e-19,2.9717390622414335e-19,3.3641366765924195e-19
-8.052397372690933e-12,8.607164253184792e-16,-2.3570699539148933e-13,7.264446209988941e-16,3.1417419117699235e-19,5.016927035933293e-19,1.3920304590513886e-15,-2.0393671417089716e-20,6.477683582102998e-16,1.1965000997010466e-15,-1.852326531535807e-15,5.447394840379387e-19,-1.852385926608744e-15,-1.2316546972762614e-19,4.178238299781532e-16,4.933801322313787e-16,9.643081284323167e-16,-2.7892770270751098e-18,5.862371607147117e-16,7.784250849464075e-16,3.5172573474369054e-16,4.776181317351109e-16,-6.446377375686054e-19,-3.697896835721282e-12,9.337626285820045e-16,4.85860691162211e-16,-3.697576570107791e-12,3.5602589404382183e-19,-4.345772481740626e-20,1.9911747020716958e-19,2.4944318310144925e-19,4.1884271550886826e-16,5.648943791600813e-16,4.510653701447894e-16,3.5768274668075943e-19,-3.6977201379500664e-12,4.0179427987867697e-16,-1.8521764264774405e-15,7.078111264301499e-16,8.134531973619716e-16,2.5081358078498848e-20,5.683989653753733e-16,4.982938189874939e-19,-1.5372370199186812e-19,7.541012364936681e-16,3.596508410909678e-16,-1.8521413578969808e-15,4.267489232955094e-16,-3.6976063891109455e-12,5.160121447012492e-16,3.886352085152578e-19,3.939099640828065e-19,8.079996128581668e-16,-3.69796948645563e-12,-1.852435633510395e-15,6.738557341417367e-16,-1.8522203516781354e-15,1.666040718305716e-19,-1.852719908920962e-15,6.675453830393641e-16,-2.240549042213807e-19,1.0758154442403871e-18,3.1642590224771513e-16,6.466663128145536e-16,5.380311896851193e-16,1.0474164138756029e-15,7.180375731677385e-16,7.786439836479005e-16,6.634482968798301e-16,1.2301716006221874e-15,1.1705317837508662e-15,-3.6978745420624815e-12,7.482601145543665e-16,-3.697462578073224e-12,1.2235046177827167e-15,6.104650236156615e-16,7.082136260009245e-16,8.735529620815205e-16,5.967932741807332e-16,1.2051868394626386e-16,2.650432017808129e-16,7.204447934725706e-16,6.468230882889624e-16,3.8643287732219265e-16,7.249897207134804e-16,1.123296589554391e-15,4.837434810203466e-16,-3.697320325754745e-12,4.899078409182482e-16,8.713737822223257e-16,-3.697348188978185e-12,4.585974801106086e-16,4.116546320643419e-16,5.969132403565952e-16,1.9392279301535309e-16,-1.8525484129001087e-15,-3.697439357564265e-12,6.369080564114562e-19,-1.852229128081828e-15,-1.0406392824949633e-19,1.7133870929174573e-20,7.670571284968205e-20,1.9778055551117995e-19,3.190670434875702e-19,2.3391339952886663e-19,-1.8526281553123607e-15,5.295642703423758e-19,3.0727845486246566e-19,4.0188939907380946e-19,-1.9969316424591085e-19,-3.1682987748311027e-19,2.999091690582189e-19,3.7879100592872903e-19,1.404503048584268e-19,1.073964379109207e-19,4.902515126226552e-19,1.2696357670398356e-20,7.175657646756012e-19,-7.116128381124284e-20,2.338946044491707e-19,6.990371423183797e-20,4.760596815937769e-19,1.0569315552691776e-19,3.65239474710862e-19,2.302910909983827e-19,6.232787068719721e-19,2.6479578980258935e-19,3.766675463680295e-20,2.565608338109315e-19
-7.012775558020924e-12,5.542699765463605e-16,7.264446209988941e-16,-2.3644631889863256e-13,2.0621874194664243e-19,2.8674644752755305e-19,7.071197550822714e-16,-9.651725083461098e-20,4.48977405178222e-16,5.706863613438781e-16,-1.3344544665276852e-15,2.7969213697943244e-19,-1.3344565565883087e-15,1.9784736094153002e-19,2.1966338166952563e-19,8.648496497247015e-20,5.283031172004381e-16,2.8819088160437845e-16,-4.066153192591677e-20,3.976371607440119e-16,3.6491054352769957e-20,-1.9886724174445303e-19,2.854498534420971e-16,-1.3343109898059522e-15,5.448914347459236e-20,3.995860652929729e-16,-2.663313236464734e-12,3.811072504599875e-16,2.832793249594098e-16,3.5832876385541186e-16,1.7421687547535986e-19,4.0685379163580865e-16,4.465361380986625e-16,1.5806196909547522e-19,4.962060609158702e-16,-2.6635100241943283e-12,9.403664413453949e-20,-2.663386246261237e-12,4.44052926584125e-19,5.750252568753302e-19,4.6719633172822e-19,-7.496475293414348e-20,6.187023844856658e-16,2.064978097350398e-19,5.199899964487794e-16,3.754243872524908e-16,-1.3344068547312859e-15,1.628558212246589e-19,-2.663437799865845e-12,4.2518260669627485e-16,3.591819788105785e-19,2.3872514779218825e-19,3.004760419746538e-19,-1.334671893669101e-15,-1.3343976741416919e-15,5.841752060731371e-16,-1.334037125297401e-15,2.186829784798725e-19,-1.3345197333344408e-15,4.3064244920276446e-19,1.3409552938507465e-19,2.411917059322383e-19,3.3501409160358925e-16,1.8924424362258617e-19,1.118218047436787e-19,5.061735405843131e-16,1.4102913621296982e-19,4.837160338424168e-16,2.5955720031201197e-19,3.97080371874222e-19,6.559699587079928e-16,-2.6634373844640314e-12,4.656410358478546e-16,-1.3341612078113805e-15,1.1507087167980473e-19,4.297664995767103e-16,4.592168626290572e-16,2.541093312226201e-19,-2.4466697550478088e-20,3.964860134069061e-16,3.812068607648427e-16,4.512517460735485e-16,1.6375089758320315e-19,4.0326392320869075e-16,4.1255852624201063e-16,3.578709310829941e-19,-2.0557912899354982e-20,-1.3348469190397517e-15,3.397416362975449e-16,5.047966360628322e-16,-1.334288411495454e-15,4.881451763173268e-19,3.1078435925200115e-16,2.3504562608219566e-19,3.2619403540860426e-16,-2.6635199059344254e-12,-1.3344126933895811e-15,6.193786507576264e-16,-1.3342521051883742e-15,2.2027747242391603e-16,3.549983448075879e-16,2.8977669710049357e-16,3.1520070798232005e-16,4.1849831523238847e-16,4.744917638711526e-19,-1.3346869291957143e-15,1.1970873491016232e-19,1.5135694324442225e-19,2.264177045644243e-19,7.792160001957001e-20,3.0565538220300766e-19,3.0225452975222973e-19,2.1146463319985505e-19,3.291741313730088e-19,2.177176636167865e-19,2.9760353071032436e-19,2.790323872295621e-21,1.5316978272874442e-19,1.347819936777905e-19,-1.2559664636044759e-20,2.634141078334727e-19,4.732771020842335e-19,1.2127606697143128e-19,1.3535909614853325e-19,1.8368940000547975e-19,2.3556576768259644e-19,2.90222522441847e-19,3.2541605172276915e-19,2.551975523554352e-19
9.835652148799065e-12,7.64772638086828e-16,3.1417419117699235e-19,2.0621874194664243e-19,-2.3623224540731086e-13,6.731254891320484e-16,6.246624984730501e-16,2.6228080026377504e-19,1.1399421782211523e-19,3.4817674448563736e-19,1.42021649827628e-11,6.391014775905473e-19,1.420211991901227e-11,7.508969925171768e-16,7.561880126080771e-16,6.56695510958975e-19,5.531683119338376e-16,8.491259609402587e-20,2.7626822039214873e-19,3.840683726999788e-19,3.8837805175559103e-19,7.037427975151966e-16,7.551218864840479e-16,1.4202211250394404e-11,5.15148926436886e-16,4.418678522336969e-19,7.114806416168976e-15,8.144966500219324e-16,3.012599672797209e-19,3.9909061886209185e-19,2.818113151010337e-19,8.047040926261353e-16,3.953960546992847e-19,1.842220589576544e-19,6.342264502112276e-16,1.4201781398491067e-11,8.908661370597152e-16,7.11501978193857e-15,4.738820656393011e-19,-4.537619903140372e-19,2.609543506584109e-19,3.669483008569232e-19,9.362234838733329e-16,-2.1840389974199465e-19,7.375800431270366e-16,2.251023547081202e-19,7.114193109976304e-15,4.523859961707341e-16,1.4201692792310466e-11,6.145828370317617e-16,7.164535341707668e-16,4.038666588793014e-20,6.890070075187126e-16,1.4201422376197882e-11,7.114314753231406e-15,7.871213295020026e-16,1.4201878108579346e-11,3.4093437366003037e-19,7.114474382473367e-15,5.686318445308501e-20,3.70201345380013e-19,7.315500492380315e-16,6.389792452197368e-16,3.8114042379388915e-19,9.362771208140723e-19,4.1500267741497497e-19,2.3724686676421647e-19,6.231807544158819e-16,5.357404427531552e-16,9.191437752047673e-16,6.97994953582502e-16,7.114807774288994e-15,1.9583714302701352e-19,1.4202035120189274e-11,4.316107244799884e-19,6.091157562528011e-16,5.379662553725111e-16,5.981831256091343e-19,8.067842013666637e-19,-1.2228474121082861e-20,7.717769434631295e-16,5.528274442842641e-19,1.0103308578115636e-15,7.67805234856782e-16,9.907001916607673e-20,7.633062837926038e-16,8.446468662574898e-16,1.4202357093041327e-11,6.824010420032573e-16,4.698432356539097e-19,1.4202263082745112e-11,4.979129094911336e-16,2.8847436623261005e-19,4.741654366215316e-19,2.9513348809994715e-19,1.4201587026137153e-11,7.114788326456789e-15,3.513318107751588e-19,7.114867993424007e-15,7.418761424869583e-16,8.318669627205484e-16,2.0862751929298336e-19,5.975868702571296e-16,6.556783667433614e-16,4.866701252614592e-16,1.4201659851713558e-11,1.0897545627012323e-15,8.565815196772813e-16,6.186761485315505e-16,7.019543180306615e-16,6.776404522835363e-16,5.707475156896906e-16,7.443736233730584e-16,8.534076638261471e-16,5.087782755868714e-19,6.672803904286621e-20,3.467469166923007e-19,3.130683811799849e-19,5.007716885584808e-19,3.92340601509906e-19,5.786735277718605e-20,3.19385920433514e-19,2.062368261605959e-19,4.2918211994704455e-19,1.726947395161056e-19,4.2029369853553354e-20,3.6871484534343507e-19,3.961342080621928e-19,1.585670354081206e-19
-4.2935918860564236e-12,6.264819334831552e-16,5.016927035933293e-19,2.8674644752755305e-19,6.731254891320484e-16,-2.361993278596432e-13,9.60171241587948e-16,1.8764750662956705e-19,4.541796952543788e-16,4.833381791030601e-19,2.5711761565600895e-17,4.982810063227765e-16,5.2167709885866123e-14,6.602910726944367e-21,2.1660939606302387e-19,-7.722376050713335e-20,2.21117738837874e-19,6.145136099010687e-17,5.682496359241328e-16,3.570694110512701e-19,7.040387480699555e-20,2.618302293730428e-16,4.531196096928152e-16,2.5761247811373314e-17,6.108267332407029e-19,5.733597315080293e-16,2.593230494562361e-17,5.54063657580413e-19,2.148208906640825e-16,3.957499692433539e-16,3.808552293690042e-16,-6.058863184719512e-20,5.081128655312981e-16,3.4059247552462344e-16,2.852651365946922e-16,5.165094042208717e-14,4.853435706817143e-16,2.5598014937129893e-17,1.951857283108107e-19,5.582478856724691e-16,2.928001121287625e-20,6.267451490695413e-16,4.0721684721902493e-19,5.064379875439993e-16,1.6548332919830473e-19,-8.147963111240097e-21,5.172466717042717e-14,-1.6905855628952756e-19,2.5794393092957703e-17,6.585770544972149e-19,6.111302148184157e-16,6.302452084793602e-16,6.835547780661441e-16,2.5657777496872866e-17,5.165346279271427e-14,1.1333905737788787e-19,2.59551461372084e-17,1.2922058616515518e-19,5.149474430081041e-14,4.742031600645486e-19,-1.719588103404655e-19,3.605703738247743e-16,1.6151065570339885e-19,2.993287005292746e-19,6.576967247051473e-16,6.131934426433215e-19,3.380051356958834e-19,3.46386513217807e-19,8.116266053119854e-19,9.217525645793466e-16,7.307829696495836e-16,2.565482220222547e-17,2.9758276135421045e-19,5.1815722225757944e-14,4.2293333495057575e-19,4.279280093265575e-16,4.162155286442973e-19,3.2241462861650027e-19,3.2236208395185397e-19,-3.860708204976585e-19,2.3424254247454958e-20,7.74648797707246e-20,5.867459006952991e-16,2.376348825684793e-19,2.687926403145135e-19,2.900665675531385e-19,2.477201871739409e-16,2.5855226621543184e-17,4.604064272073481e-19,7.202660593901269e-16,2.581579693967508e-17,3.604476781112084e-16,4.341220525535202e-16,5.041782428958659e-16,-3.241419601809501e-19,2.5935937316551435e-17,2.5708334718216808e-17,8.12567593438463e-16,2.5881064325210296e-17,-3.614211288746594e-19,5.314396383178236e-16,3.8538747094323e-19,2.0391558447238535e-19,3.0759997229707745e-19,4.936394273007871e-16,5.157309610391487e-14,3.7650799606199295e-19,5.130314274701784e-16,1.3347369240206832e-19,-2.665780448848837e-19,3.7493119222529856e-16,4.581336051484698e-16,6.437430182307211e-16,3.6421317163330754e-16,2.2705428593210397e-16,5.611772554843224e-16,4.762372582238462e-16,8.61966875920678e-16,1.6775064986840468e-16,1.3757202980582146e-16,2.2752891933869417e-16,6.670696396109318e-16,9.325696906030141e-20,7.122479841655358e-20,2.0727565091493364e-19,2.0712583218748413e-19,2.8769793125727812e-19,3.847748462032119e-19,4.988167062875174e-20
-2.642640720187141e-11,9.059185431910382e-16,1.3920304590513886e-15,7.071197550822714e-16,6.246624984730501e-16,9.60171241587948e-16,-2.3574799360851065e-13,4.3975562892470663e-16,3.97190333085103e-19,1.207103028941916e-15,-2.2073676767770743e-11,5.244357335997326e-19,-2.2073182290931838e-11,2.0628640283434225e-19,-2.4932850886316123e-19,5.331953555755802e-16,1.082194249232133e-15,1.9648474599524484e-17,6.169905209073915e-16,2.948293257504523e-19,5.732605892568356e-21,2.5126650672477584e-19,1.9117271501123368e-19,-1.1058548545874565e-14,8.655295387916484e-16,5.08922968843128e-19,-1.1058383984738941e-14,2.909908246816361e-19,-5.201608445678182e-20,5.470401899446381e-16,4.0338017083435287e-16,-5.209938083037401e-20,5.627401223428921e-19,3.2502468588539125e-16,2.2919607802352388e-21,-1.105847356852862e-14,6.140248965285044e-19,-1.1058565622626795e-14,2.9835418695854604e-19,1.0040265460607334e-15,3.8686914572123034e-19,9.263807842345618e-20,8.490113256416613e-16,5.20409032904772e-16,6.317295056680895e-19,2.202712767844251e-19,-2.2073432299952762e-11,5.592000981712076e-16,-1.105893329237973e-14,-6.906451240603514e-20,8.123030920481017e-16,2.406741538000038e-19,8.407099646569285e-16,-2.207399894195395e-11,-2.2073659645289784e-11,5.548644614681032e-16,-1.1057993135521426e-14,2.135203319477978e-19,-1.1058605713985115e-14,5.675983922462004e-16,2.7716026221964046e-16,4.897408609568582e-19,2.4881463763751073e-16,5.704871773672554e-16,4.766021650368545e-16,8.995863116012018e-16,6.286530218167922e-16,6.056899880931754e-19,4.1565131308007475e-19,1.2697358184289259e-15,8.023481457422194e-19,-1.1058707855009827e-14,2.9113688189501365e-19,-2.207353240857398e-11,6.671802827610349e-19,5.463934572985077e-16,6.832072768017588e-16,4.454394809804032e-19,5.508385360664981e-16,2.090944684123562e-16,3.322963955092241e-16,6.294115076506183e-16,1.276006240285794e-19,3.6536133700884474e-16,7.462001800104422e-16,1.0549226197157396e-15,4.032400180581767e-16,-2.2073488766992255e-11,3.526667863941672e-19,8.424241737441427e-16,-2.2073524933071764e-11,5.6118013707955425e-16,-1.8984540796530317e-19,5.414109863221114e-16,-1.97357449483665e-20,-2.2073864444243347e-11,-1.105832866091931e-14,5.3949767148251e-19,-1.1058124671979104e-14,1.393921435177533e-19,4.744523697055688e-16,3.5747042203738025e-16,2.7740049003560114e-16,2.692108975080152e-19,5.066847954259195e-19,-2.2074096695320508e-11,1.9588182699722169e-19,3.3031563004550227e-19,2.683771403737294e-19,-9.097542952000804e-20,3.410739863868116e-16,4.392089167003539e-19,7.574759404366781e-16,1.4205350454143417e-16,9.325640126667209e-17,9.24904367215056e-16,6.357679120127479e-16,7.023799520451039e-19,5.228895216668497e-20,-2.507722850206288e-19,3.668763652588474e-19,3.903986750912685e-19,3.325857380707686e-16,8.285511704797189e-16,5.501627940285179e-16,2.3017271890506357e-19,5.754886004537734e-19,4.651686372685835e-19,1.2736035946765578e-19
-4.827642873000353e-12,5.439720582827583e-16,-2.0393671417089716e-20,-9.651725083461098e-20,2.6228080026377504e-19,1.8764750662956705e-19,4.3975562892470663e-16,-2.3650326228612223e-13,5.024662259162003e-16,2.464105626139994e-19,-4.790028007858911e-13,1.7395539800410849e-19,-4.792480316137911e-13,3.99573713196676e-19,5.777290397597607e-16,4.469501445242533e-16,2.253881733241316e-19,6.449553773471069e-19,2.679022756977209e-19,2.8095278693815775e-19,4.008471267175188e-19,2.43436735564649e-19,5.194546163217476e-16,-4.789131077217742e-13,8.935859446487978e-20,6.094488219807772e-16,-2.3993869333987245e-16,5.171397848522432e-19,2.366864717666477e-19,8.445353929422188e-19,5.733573438683818e-19,6.28555464415822e-16,4.955963578259332e-19,2.7515434688474275e-19,4.779470863913693e-19,-4.793942577864209e-13,5.363924746147595e-20,-2.4006766628863565e-16,5.443927336201486e-16,5.449600002287999e-16,4.555431973578615e-16,1.9667240715875808e-19,6.980168425909884e-16,2.930860703398708e-19,5.727758619464572e-16,2.11170057408442e-19,-2.406821969002726e-16,2.2082462285702505e-19,-4.793994062317915e-13,5.016531687649415e-16,4.251984267118986e-19,7.616178292160936e-19,4.708766070907687e-19,-2.3979942354790254e-16,-2.400265119770339e-16,6.591292767735605e-16,-2.403731403166177e-16,5.059908377723889e-16,-2.398665546008787e-16,4.707596765028979e-19,6.091056972152544e-16,2.4138824846349037e-19,7.140759129000053e-19,5.94338308425914e-16,4.705610097953896e-19,5.203009858517745e-16,5.580353754237231e-16,4.876922584213417e-16,4.3350651108656637e-16,2.321715678438846e-19,5.073960783089336e-16,-2.401497808023088e-16,5.358952434520991e-16,-2.403112337127189e-16,8.45372547706589e-16,1.9328644468901345e-19,1.4140173144855725e-19,3.1007587729809407e-19,1.3826698567904346e-19,6.005224171523246e-16,2.1251320357339892e-19,4.595116989974522e-19,4.884848460285069e-19,5.194638711279712e-19,2.80557941919644e-16,4.772539516613022e-16,8.682206231637463e-21,-4.788805620453358e-13,4.632881239774913e-16,6.349134771522878e-19,-4.789746372570022e-13,2.0350085939723884e-19,4.2179318995128125e-16,-2.0765785873344943e-19,5.316164861212962e-16,-4.794741447319253e-13,-2.400975393564339e-16,2.69537643451011e-19,-2.4042119347908727e-16,2.486912335599883e-19,5.93194709403197e-16,5.701769153877334e-19,2.7544815792968524e-19,5.107782291551919e-16,1.1438682965868393e-19,-4.795273279477658e-13,4.0202472398662646e-19,1.4138716571904754e-19,4.2911256618950336e-16,1.1727852003777714e-21,8.93313058689408e-20,1.734392101846717e-19,5.089605138253768e-16,1.3695334798979972e-19,5.949762876161581e-16,3.256310099479104e-16,4.929713777121551e-19,4.497568729422405e-19,7.067519357978528e-16,2.09995024596794e-19,3.348768151809834e-19,4.2250747377987017e-16,4.768147358845875e-16,6.537379586743202e-19,4.828856555616534e-16,1.2571158686166555e-19,3.934321881790038e-19,-2.0031718465588008e-19,3.0162669167838356e-19
4.37512262666581e-12,6.61127841048144e-16,6.477683582102998e-16,4.48977405178222e-16,1.1399421782211523e-19,4.541796952543788e-16,3.97190333085103e-19,5.024662259162003e-16,-2.365103427169296e-13,3.070626869650111e-19,8.724796310723306e-12,5.92620939870781e-16,8.72456006069099e-12,4.2789319767564057e-16,-1.4013545414127956e-19,4.767894740474832e-16,2.1888814793189817e-19,6.637044747177055e-20,3.9026677829801215e-16,2.376761486153906e-19,5.2977227520305e-16,6.312576581688442e-16,4.1753937326449584e-16,8.724776992503365e-12,4.626747443660824e-16,3.7784922004908224e-19,8.724682817871801e-12,1.5683240592578388e-19,4.1000562071421305e-16,3.569619658309777e-16,5.490726508225359e-16,5.945865653572598e-16,5.361393102364308e-16,5.217375683385234e-16,6.000512889809742e-16,4.370772868854175e-15,2.936165132837385e-19,4.371144907986658e-15,1.4230511626902846e-19,6.31427583140425e-16,9.747458828219205e-20,2.566711408184105e-20,7.601043009347283e-16,3.947352846785957e-19,5.283997992940074e-16,5.515034834365744e-20,4.370709013023215e-15,4.0821841297177856e-16,4.3705868619603435e-15,5.439035973818862e-16,6.106313822696811e-16,6.13030218040473e-16,5.437565693738388e-19,8.724309039689242e-12,4.3706207616079595e-15,7.975645254406142e-16,8.724548721942774e-12,3.925851599591698e-16,4.370550045291213e-15,5.677682447719936e-16,4.462589555601509e-16,3.6754904515008474e-19,4.3879141049526366e-16,4.748388143502477e-16,4.506293743854186e-19,5.339634438605427e-16,1.974693180912686e-19,2.0058994528966875e-19,4.932475435700594e-16,7.150799008198884e-16,6.329738316166213e-16,4.370690745447823e-15,5.5038368637413385e-19,4.370418742749701e-15,7.871710430021431e-16,2.5633955533808927e-19,3.290673450855779e-19,4.203837239864058e-19,3.6627164622048806e-16,2.613179074791283e-19,5.07386914975268e-16,3.396335110477136e-19,6.736619289242303e-16,9.613421447206448e-20,3.8990432693899545e-16,4.862313377118103e-20,3.0119179876818626e-19,4.370521847518165e-15,3.280686424051001e-19,2.293521381129682e-19,4.370876134736092e-15,4.470958806521209e-16,6.372325315029414e-19,6.139235143884675e-16,4.812085928557352e-16,8.724371790227031e-12,4.3705480872389075e-15,6.114910471058018e-16,8.724720370229701e-12,4.185961618109617e-16,4.2473895585624345e-16,3.2582992426959603e-19,3.826085689631778e-16,4.961677142186465e-16,2.2697179088191156e-19,8.724254940857427e-12,3.823433487009089e-19,7.21025664401057e-16,5.084918946407053e-16,3.8142160524994866e-16,3.5729810204994627e-19,6.668764395547463e-16,4.757968654510536e-16,2.364159056981367e-19,4.583544854728659e-16,5.017017144337045e-16,4.2562398350872386e-16,5.728916517472511e-16,5.063928264282918e-16,3.588343287720633e-16,1.1663524039616758e-19,4.5824299101131345e-16,5.255172034639053e-16,9.161252672349851e-20,5.113194677216673e-16,3.786255995877832e-16,6.54020611018077e-16,4.967763145045495e-16,5.10271061439075e-19
1.1155518046557435e-11,6.661641577188862e-16,1.1965000997010466e-15,5.706863613438781e-16,3.4817674448563736e-19,4.833381791030601e-19,1.207103028941916e-15,2.464105626139994e-19,3.070626869650111e-19,-2.359426123129269e-13,1.551069649654838e-11,3.558521853389261e-19,7.77089648110127e-15,1.1602443945795735e-16,4.126448918433354e-16,2.5445700989666943e-19,8.374707876376105e-16,-9.669440578428452e-20,1.8279061752541606e-19,7.572166812949017e-16,3.5315115369508943e-16,1.439420818031785e-16,4.1135781747654084e-19,7.769983105423003e-15,7.951548439381287e-16,3.2793385623918754e-19,7.770356462524062e-15,5.995634976025251e-19,1.0026295215910424e-16,1.502918765782492e-19,2.0075137733598638e-19,2.5047071477590875e-16,5.246800846064802e-16,4.783865056544964e-19,1.710746857484116e-16,7.770315958929148e-15,5.383537299696191e-16,1.5510520018639704e-11,9.432159950973706e-19,5.540187966385199e-19,3.438824236780435e-16,6.716765277098178e-16,1.8779301953723513e-19,2.4054610084068522e-19,6.815263519675352e-16,1.9195496354370518e-19,7.770483817703589e-15,3.991995133412499e-16,7.770479859497395e-15,3.7750946922425723e-19,6.716747107343361e-16,6.769973205605494e-16,7.64499151877152e-16,1.5510410016562073e-11,1.551077951344153e-11,-9.728161077913207e-20,1.5511002345469553e-11,6.155561352361582e-16,1.551060095627398e-11,3.9835448817281097e-16,1.2087521760185742e-19,2.6357464917298555e-16,1.2466800637450706e-19,7.661411356206571e-16,7.926869925459299e-19,1.011444649276472e-15,7.902960609190129e-16,6.765134092626755e-16,2.6588701392075916e-19,6.422636346475919e-19,3.5260255009773035e-19,7.770254879282922e-15,5.978061775628939e-16,7.770388545136003e-15,1.200628648122022e-15,4.1279035082375946e-16,1.7553552746778148e-19,8.114444647585263e-16,8.613143262888194e-16,-7.564293142995605e-19,9.306040329757936e-20,5.036295470889337e-16,6.375275928822011e-16,3.882095423060367e-16,2.7610398473052968e-19,5.526448817304339e-19,1.4471555570639427e-16,1.55110772625821e-11,3.2694569181187784e-19,8.890463690481614e-16,7.770337389415817e-15,4.29604533015803e-19,3.415051699207093e-19,5.131536778486709e-19,-1.103713111635491e-19,1.5510745488957456e-11,1.5511003083994117e-11,1.0017068569641442e-15,7.770612218558884e-15,9.345383660749699e-20,5.93035320600932e-16,1.0004389942221418e-19,3.101475164650565e-16,4.668112642159877e-16,5.469693477318497e-16,7.770462557997849e-15,4.675921057518354e-19,8.833273430470977e-20,3.0208732236675394e-19,-7.766090865463202e-19,3.50435193037548e-16,8.41589366266059e-19,2.1834638480760037e-19,3.7500470459007185e-16,1.5617047414331247e-19,4.1554974399142237e-19,2.4667370675011723e-19,5.418186831906953e-19,-2.23801336800067e-17,-7.23532599034517e-20,1.2112692054924553e-16,8.216076065730332e-16,-1.9255267258953723e-17,5.489199896378519e-16,1.8318547393561376e-19,3.58112348118015e-16,3.20742830578e-19,3.478697258896645e-19,2.2892247897902523e-16
1.0000000000093339,2.1244389522960908e-11,-1.852326531535807e-15,-1.3344544665276852e-15,1.42021649827628e-11,2.5711761565600895e-17,-2.2073676767770743e-11,-4.790028007858911e-13,8.724796310723306e-12,1.551069649654838e-11,0.9999999999920577,3.0827982172012318e-15,0.9999999999886422,-6.200434442996572e-15,2.235145334954676e-15,-7.92468368110865e-12,-2.1720162630930696e-12,-2.7688954879407746e-15,-3.738810461905477e-12,5.8513273718972705e-12,5.591549644341512e-12,-3.639721961088073e-12,4.3951744634175395e-15,1.0000000000058613,-5.2603861310141905e-15,-7.420560574291705e-15,0.9999999999916267,6.048335116538597e-15,7.610926046009725e-15,1.8077597737892783e-13,9.836832901084745e-13,2.5203577359061123e-11,1.8819640718410244e-14,2.525699145395789e-12,-4.69115269577932e-15,0.9999999999975343,1.0389997420187187e-14,1.0000000000084626,1.4692767216082206e-14,1.975269093769508e-11,3.1919551168602133e-15,3.292171526410738e-11,6.8474669806563904e-15,-2.6205455196143432e-15,7.117320000879794e-16,-9.755220437713198e-17,1.0000000000045743,-1.0528835903280374e-11,0.9999999999970284,-5.0311376570520895e-15,2.9502272014962592e-15,2.4280761234976284e-11,3.730366493767435e-15,1.0000000000051712,1.0000000000080214,1.723002112642959e-11,0.9999999999970274,8.753630216686405e-16,1.0000000000086275,-6.361736021868141e-12,-1.5062051259753484e-11,-1.000570751072178e-11,2.9304215682620437e-12,-7.962845244887126e-15,-1.1005047833438241e-14,1.3448802328788998e-15,6.162053097770357e-15,-1.5778798792897084e-15,-4.018995085838617e-12,-1.87566364575164e-11,-2.822651790138724e-15,0.9999999999928978,-8.300747246523982e-15,0.9999999999905527,1.4134425088192566e-11,-3.3843793593822526e-15,-6.478014640647239e-15,-3.0067578545204558e-15,5.411968437412027e-15,-7.859849168501789e-15,-1.5690199260057576e-11,4.993397133416698e-12,1.9219312669669513e-11,3.183000474235598e-11,1.5176066355830093e-15,-1.916862251020164e-15,5.213511455951449e-11,1.0000000000016136,9.337130113478487e-16,2.841833869064733e-12,0.9999999999957546,-8.96978230656671e-12,-3.733184195787259e-15,-4.897364810436952e-15,2.399753843789363e-15,0.9999999999937776,1.0000000000025018,-1.2434916262796932e-15,1.0000000000121907,3.619654292394966e-15,1.2359835178861477e-11,7.652936460890993e-16,-2.933583567974039e-15,1.0334114712605514e-11,-1.7371543762626303e-15,1.0000000000092368,9.496693272862214e-12,-1.0035842339028446e-15,3.383858585871952e-15,3.366025407124031e-15,9.580680913029711e-15,7.5532713212044e-12,-3.6005008254053095e-15,-1.2186924929257163e-11,5.96834766816562e-12,-2.3939359392060946e-12,3.3918020174363307e-15,-7.496406343296583e-15,2.376038641875729e-15,3.012587281665732e-16,-1.1117919803776817e-11,-1.653043131574791e-15,4.6288855014658134e-15,3.069934385895558e-15,4.929864432562889e-12,-3.585935351526541e-15,-2.938397622490533e-15,-1.7275066294207922e-15,3.8568339361034595e-15
1.8066634403610088e-12,6.423513010318151e-16,5.447394840379387e-19,2.7969213697943244e-19,6.391014775905473e-19,4.982810063227765e-16,5.244357335997326e-19,1.7395539800410849e-19,5.92620939870781e-16,3.558521853389261e-19,3.0827982172012318e-15,-2.36331033180165e-13,3.0819962621032734e-15,4.005817993192084e-19,2.402926646496891e-19,4.547838742653908e-16,-4.818565938308506e-20,2.0086731993373726e-19,-4.824379243798032e-20,5.340323150012068e-16,1.918465087445091e-19,7.714249539838141e-16,2.762970518639601e-16,3.0829365346684274e-15,5.671492555747086e-16,3.9873037485100745e-16,3.0826904156537447e-15,7.062740533756823e-20,6.161347008205828e-19,2.706873488730122e-16,4.8176903699415805e-19,3.212908822611314e-19,3.7915396423633893e-19,5.215596676899053e-16,6.023243752695458e-16,6.15340388337671e-12,3.3184431412857844e-16,6.153482887908371e-12,6.432865888519902e-16,6.354684347443428e-16,5.447225318995743e-16,3.0857597571759774e-19,3.7895538588305436e-19,6.030427683495092e-20,5.33797556226622e-16,9.153852456742178e-20,3.082723689365869e-15,4.034577315618539e-19,3.0826695652531985e-15,5.941635816641303e-16,2.320100852904625e-19,2.117022089404354e-19,1.0956436960196086e-19,3.0825146820341366e-15,6.153546911651352e-12,4.1827559979815e-19,3.082509835109466e-15,3.3927773041491307e-19,3.082946862667643e-15,4.956921234403397e-19,5.353731256506482e-19,4.883679614439503e-16,4.3389410180763176e-16,2.3166396815457074e-19,4.934688942887979e-16,6.272775169827492e-16,5.098946961373486e-16,5.161220364654491e-19,4.934342436763701e-16,7.604161176940543e-16,6.923644313999198e-16,6.153418027284709e-12,3.026394905547185e-19,6.1535338550914895e-12,3.6578996500929824e-19,5.614596480248705e-16,2.6022968520132694e-19,5.7194388746907e-16,2.6971774525205883e-19,1.7971450928482332e-19,3.736002073736134e-16,2.8795551844339486e-19,5.617441192730478e-19,4.780869811216862e-16,4.772260589509689e-16,6.371555758425374e-16,3.1733359980235012e-19,3.0830235740077115e-15,2.291525235571014e-16,2.1253766760382318e-19,6.153727466795756e-12,2.5532793278601504e-19,7.255640810949509e-20,5.939689616590235e-16,4.510654617812437e-16,3.082274832414258e-15,3.0827029014732905e-15,7.717255354134978e-16,6.153760811477427e-12,3.078402284661439e-16,3.0853335505803693e-16,4.182531104120521e-16,3.448350613782689e-16,-1.4375797216396287e-19,4.167933639605991e-16,6.153246588713007e-12,6.617605811774258e-16,8.106311334035897e-16,4.913729411521553e-16,1.5875758665236605e-16,3.349257676482982e-16,2.904169218144017e-19,4.71004628079733e-16,2.0112561479864362e-19,3.261049020173266e-16,6.340602198643662e-16,1.29615070380303e-19,8.055438519812037e-16,1.321166789294855e-19,3.910928995450641e-19,5.189448296420556e-16,5.714821928791664e-16,4.743055621064149e-16,3.6065356245377256e-19,5.449865861172092e-16,3.9095148680549114e-19,7.273872548858298e-16,-2.838376533015703e-19,4.2512093084363746e-16
1.000000000005681,2.1244017386935475e-11,-1.852385926608744e-15,-1.3344565565883087e-15,1.420211991901227e-11,5.2167709885866123e-14,-2.2073182290931838e-11,-4.792480316137911e-13,8.72456006069099e-12,7.77089648110127e-15,0.9999999999886422,3.0819962621032734e-15,0.9999999999847451,-6.200616238407996e-15,4.461307874981567e-12,-3.97006113907492e-15,-2.171794993886241e-12,-5.52790608066626e-12,-1.8729053073749643e-15,5.8516509273238696e-12,5.591278652180051e-12,-1.8234412026031085e-15,8.772770001875306e-12,1.0000000000021998,-5.260075639545827e-15,-1.481228379949444e-11,0.9999999999879658,6.048539719510651e-15,7.611022201656105e-15,1.8069420862209506e-13,4.923409768933167e-16,1.2625798179014872e-14,3.756576645346657e-11,1.2648760541234642e-15,-9.365697526556561e-12,0.9999999999938745,2.0739537384387336e-11,1.0000000000048024,2.932776329944618e-11,1.9752058404519045e-11,3.192147484092296e-15,3.2921612642214324e-11,6.847970675340535e-15,-5.23045227127265e-12,7.113358557045583e-16,-9.748933307429136e-17,1.0000000000009142,-1.0529163572120669e-11,0.9999999999933682,-1.004326505381931e-11,5.889464523162312e-12,1.2164129257593738e-14,7.446705111509078e-12,1.0000000000015108,1.0000000000043612,8.630662688463494e-15,0.9999999999933664,1.749013925552175e-12,1.0000000000049662,-3.1878579466336135e-15,-7.546081557830994e-15,-1.0006466507165559e-11,2.9299799859924306e-12,-1.5894330454470776e-11,-2.196633998949721e-11,1.3451684367569443e-15,6.162336736308175e-15,-1.5777086851895382e-15,-2.0134407033639866e-15,-1.875647680122949e-11,-5.63414027322104e-12,0.9999999999892378,-1.656935064970998e-11,0.9999999999868927,1.4134624781001083e-11,-3.3848819176702965e-15,-6.478208430115893e-15,-3.006690596567858e-15,5.412140448766924e-15,-1.5690708694537556e-11,-1.569067105520897e-11,2.5013546810208805e-15,1.9219072686018383e-11,3.182957906727108e-11,1.517613141625678e-15,-3.826351385336389e-12,2.6118025224956396e-14,0.9999999999979533,9.33732748788207e-16,2.8423287491031094e-12,0.9999999999920937,-4.493683662481758e-15,-3.73329285577936e-15,-9.77707104229217e-12,2.3995355148753647e-15,0.9999999999901171,0.999999999998841,-2.481608832844042e-12,1.0000000000085298,7.224640796742634e-12,1.2359969501990474e-11,7.649834512548012e-16,-5.855623000710346e-12,1.0333868784157031e-11,-3.4681328200896056e-12,1.0000000000055769,9.496787142945692e-12,-1.0042279391649017e-15,6.75461784113064e-12,6.717890788754752e-12,9.580710209129208e-15,3.783579642391607e-15,-7.1864290251585205e-12,-6.105656504041807e-15,5.967719786991998e-12,-1.199150837566069e-15,6.770185055528181e-12,-7.496227623830811e-15,2.375912026286029e-15,3.0140106020705773e-16,-5.570428137934911e-15,-3.2992279589547014e-12,4.628587304925277e-15,3.0698541757723094e-15,4.929704740260574e-12,-7.158543146255278e-12,-5.865428345906179e-12,-3.447573859086589e-12,7.698930851615963e-12
