1.0000000020423527,-4.368390454988627e-08,-4.214068649998563e-08,-4.226132654997721e-08,-4.101036184369663e-08,1.000001199513021,1.0000012543729146,-4.090575963657709e-08,-3.8979051893137123e-08,-4.214815695930916e-08,-3.779546892155184e-08,1.0000014222517746,-3.938974698272069e-08,-4.073912040062618e-08,-3.9633266561533326e-08,-4.5137634343706455e-08,-4.486140750885633e-08,-3.9013009528340235e-08,-3.938340761953322e-08,1.0000013727373582,-4.0042255624486655e-08,1.0000015539654088,-4.1069738580786106e-08,-4.248126525492082e-08,-3.926053407427276e-08,-4.065353636511298e-08,-4.481414396840077e-08,-3.894086303422808e-08,1.0000013113765238,-3.9081894989732354e-08,-4.01931543942389e-08,1.000001407549986,-4.330298378875096e-08,1.0000012246001246,-3.8257246792127685e-08,-4.5520357466407434e-08,1.000001464026853,-4.3447849050682323e-08,-4.230199669775587e-08,-4.4413143367797056e-08,-4.253426011100264e-08,-3.9149049577248375e-08,-4.3473362162712545e-08,1.0000013315499956,-4.466556202839025e-08,-3.941679286210474e-08,-4.239934253854302e-08,-7.317548697647392e-08,-5.508412633887986e-08,-4.465042012766757e-08,-4.232870696919214e-08,-4.210723107746049e-08,-4.489452362563813e-08,1.0000013816580862,-4.0219261761900304e-08,1.0000013288183578,-4.247181964929183e-08,-3.929734653093595e-08,-3.8981218282163966e-08,-4.286057572068253e-08,-4.0555950535503566e-08,1.0000013070218428,-4.2489358472294665e-08,-4.4716140203977544e-08,-3.895665524107682e-08,1.0000015103871631,-4.217701948877292e-08,-4.110377139310072e-08,-3.762922186965393e-08,-4.0642579747008544e-08,-4.49818328003555e-08,-4.289901884633073e-08,-3.954151184829516e-08,-3.982179231794994e-08,-3.935008087233778e-08,-4.1220732744209874e-08,-3.7788735114171015e-08,-4.271860570043923e-08,-4.047478385220055e-08,-4.0920459521932176e-08,1.0000013342595364,-4.2343363359111063e-08,-4.4637220978431066e-08,1.0000014313717054,1.0000013633082103,1.0000015083778895,-3.824407230492965e-08,-4.560410869157635e-08,-4.195913349818499e-08,-4.292035100164437e-08,-3.815800391090676e-08,-7.187640076449065e-08,-3.892744027351582e-08,-3.965121868936811e-08,-4.028964226618311e-08,-4.047294657923395e-08,-4.377770867872215e-08,-4.460220876469577e-08,-3.737681063626905e-08,-3.8301669048742105e-08,-3.831086955815907e-08,-3.893115521872686e-08,-4.533277345783771e-08,-4.208494363832767e-08,-3.773466994206062e-08,-3.906527540652416e-08,-4.2648835686612415e-08,-3.7177465526654476e-08,-3.7205658898286884e-08,-3.803065842891688e-08,-3.930303065657891e-08,-3.836848026960764e-08,-4.51957274686809e-08,-4.096648767567782e-08,-4.4946997241479995e-08,-3.715891814051231e-08,-4.54331103828597e-08,1.0000015202773236,-4.509738665842265e-08,-4.550933010971336e-08,1.0000013114613477,-7.125043399692052e-08,-4.285651061421184e-08,1.0000013236579635,-4.448974369120304e-08,-4.147577538245759e-08,1.000001316115966,-3.679796044519899e-08,-4.2199650284093436e-08
-4.368390454988627e-08,1.91800156195112e-07,1.0873804156694481e-16,1.0859881514995908e-16,1.1350884342358876e-16,-1.9929276026190852e-08,-1.9929277067526573e-08,1.1103311502401002e-16,1.1082778278045091e-16,1.0826626154327154e-16,9.319096813754855e-17,-1.9929280260289667e-08,1.1288516964003252e-16,1.0312814354178736e-16,1.066961801665836e-16,1.4100670775838064e-16,-7.603792731461254e-17,1.0588617393278483e-16,1.0297177791378559e-16,-1.9929279316400785e-08,1.1405784288068738e-16,-1.9929282757278782e-08,1.1508779161946014e-16,1.2087411773112202e-16,1.118036870783429e-16,9.894848321196417e-17,1.4335847692705164e-16,1.0370687968303428e-16,-1.9929278149376175e-08,1.087840647508486e-16,9.473927995178507e-17,-1.9929279979832836e-08,1.2384149833892471e-16,-1.992927649964635e-08,1.0191811848147098e-16,1.4334180707328549e-16,-1.9929281049336813e-08,1.254963450549753e-16,1.1157992865614603e-16,1.3455559796832447e-16,1.1671837299657827e-16,1.0760139589620517e-16,1.1462947212211975e-16,-1.9929278534956144e-08,1.382124790397534e-16,1.1594064926891191e-16,1.0671142271820393e-16,7.714997658855557e-16,8.429585556589445e-17,1.4462661877738497e-16,1.1330949657605544e-16,1.1046303940486759e-16,-6.86449209792903e-17,-1.992927948329145e-08,1.1696318741213438e-16,-1.9929278479797255e-08,1.0787858243935953e-16,9.79719495909299e-17,1.08132147905199e-16,1.2032209334950396e-16,1.2195316123850305e-16,-9.984086283519804e-12,1.0088251426565205e-20,-9.505039884966017e-21,-2.6492544631166386e-20,-9.984088290246478e-12,9.685627034682677e-20,5.667927721960894e-20,8.214783991866153e-20,1.1058636434523578e-19,1.3796688221872796e-19,2.710247251520459e-20,5.971091665698808e-20,-1.4566710840690822e-20,5.068264698398409e-20,6.558444812291595e-20,2.962801846064779e-20,9.213173402787081e-20,8.487770697911014e-20,3.9185875766239847e-20,-9.98408663009211e-12,7.898370980964472e-20,1.303632033183118e-19,-9.984087521517772e-12,-9.984086956134987e-12,-9.984088228631521e-12,5.284985105423972e-20,1.1028626303876554e-19,6.297489095250584e-20,4.219317584640668e-20,8.637619957310348e-20,3.0207144651954973e-19,1.3186553732146853e-19,6.963413805476848e-20,5.886379822699646e-20,7.28060112116007e-20,5.857678369737849e-20,7.046545062091183e-20,1.6640075782038188e-19,5.65887710693653e-20,9.337596110227481e-20,5.2068340159302695e-20,1.4619916472118574e-19,-1.4196534168860248e-20,1.1413533479063622e-19,2.2238033307773126e-20,9.476407143779253e-20,1.2094117890552023e-19,-5.403165073629253e-20,6.880047415594262e-20,2.9705319034318244e-20,2.3690034152619294e-20,2.773314786447761e-19,1.0502539588183122e-19,1.9563755503507141e-19,4.256649724246774e-20,1.5187955988198583e-19,-9.984088323867003e-12,9.978136015983206e-20,7.442445433484423e-20,-9.984086381858555e-12,3.2128449031737876e-19,4.7938600385446206e-20,-9.984086538796597e-12,2.0725069736338197e-19,1.4234932898972232e-19,-9.984086396057345e-12,4.0057620691563056e-20,4.7105003602519075e-20
-4.214068649998563e-08,1.0873804156694481e-16,1.9180015825765575e-07,2.0331955566499978e-19,1.0313297741024644e-16,-1.83860582963304e-08,-9.210971208451773e-12,-2.3232410554756975e-20,1.0084610916316198e-16,9.789437862437693e-17,8.458691283798786e-17,-9.210972599094076e-12,1.0265053552221172e-16,-6.174405962779316e-20,1.0709733009511671e-19,-1.9987774804961822e-20,-7.411226110852791e-17,9.618984170457343e-17,1.7028692067016998e-20,-9.210972188207772e-12,8.532741583361012e-20,-9.210973731697071e-12,1.0467420780150193e-16,2.301626294053697e-19,1.347090369967304e-20,8.959562678837563e-17,1.3013380105308929e-16,2.9038551717669464e-20,-9.210971592231545e-12,5.055945706081182e-20,8.573087662493111e-17,-1.838606194208436e-08,8.113994101964312e-20,-9.210970911608053e-12,9.263978614221657e-17,1.303884839718904e-16,-1.8386062928271245e-08,1.1363783774932812e-16,3.927855508857361e-20,9.623058991707467e-20,5.330838108619074e-20,9.77672228874966e-17,1.0373385311192827e-16,-1.8386060609741904e-08,1.2600863082080358e-16,6.673040626103405e-20,2.0697870513422872e-20,7.099944386316598e-16,3.4098959693078045e-20,1.313819493322913e-16,1.0262876155758826e-16,4.057709169260887e-20,-6.721092265237608e-17,-9.210972251983717e-12,7.102909880296918e-20,-1.838606055881375e-08,9.743006965081878e-17,4.030940808058573e-20,3.0836958293919843e-20,1.0901427887840548e-16,-3.1496834207337003e-20,-1.8386060178590643e-08,1.0247577702095683e-16,1.2790560200906977e-16,9.579545806908097e-17,-1.838606374044089e-08,1.0002088967625138e-16,1.0077450288394841e-16,9.492112081755269e-17,1.1244619172774652e-16,1.3539606680351782e-16,1.5689562098412395e-17,9.5115232363096e-17,1.0646529328627478e-16,9.390868389621756e-17,1.052165905884567e-16,8.53793298106789e-17,1.0125345238036361e-16,8.845629114167252e-17,9.824230437437963e-17,-1.8386060656384918e-08,9.597834164106639e-17,1.322710564179167e-16,-1.838606235796474e-08,-1.8386061165118144e-08,-1.8386063707671652e-08,9.1938222334639e-17,1.4850347643037917e-16,9.791493588496541e-17,1.1320045444719392e-16,9.097584850506844e-17,2.853612201230684e-19,2.997719985326818e-20,7.218511736492587e-20,9.181261252297037e-20,7.55331579602712e-20,5.31119971929764e-20,1.9173218712488312e-20,7.254981030609922e-20,4.8905427851227784e-20,6.552021514212373e-21,4.552313295647573e-21,1.1719753609222944e-19,7.108744520391572e-20,4.1330795607787357e-20,2.936806971517493e-20,4.255668585371013e-21,1.8870945566598608e-20,1.7928244722470595e-20,5.530800488143279e-20,3.194259143821927e-20,-1.0560940415644603e-19,4.951687896179816e-20,4.483203162274377e-20,9.368736035801779e-20,3.635355745568039e-20,1.487082018837093e-20,-9.210973469410815e-12,5.952974439796376e-20,1.0179287216088126e-19,-9.210971597438795e-12,2.457187797943662e-19,1.217681357843587e-20,-9.21097172851867e-12,3.523614029661038e-20,6.129517259772685e-20,-9.210971634169689e-12,3.785211683778699e-20,6.992783605193855e-20
-4.226132654997721e-08,1.0859881514995908e-16,2.0331955566499978e-19,1.9180015778290927e-07,1.210890857569832e-19,-9.271408320991635e-12,-1.8506699175133487e-08,1.0078420365837878e-16,1.0091957485676127e-16,9.772832829436357e-17,8.450778832127882e-17,-1.850670213826445e-08,5.842285852142077e-20,-6.19498171218324e-20,5.06457221961686e-20,1.2828512034968616e-16,-7.62229606565929e-17,9.621307921826462e-17,9.37035211031017e-17,-1.8506701262226444e-08,1.0390083255528527e-16,-9.271411438361232e-12,1.0528294627903358e-19,5.233845260978613e-20,1.7717667026641072e-19,8.94181656988438e-17,5.277126956711901e-20,4.776654692098196e-20,-9.27140925986578e-12,9.895601880188984e-17,8.554214107103158e-17,-1.8506701877931437e-08,1.1205195367730487e-16,-9.271408594875614e-12,9.260081150289226e-17,1.8855599378347488e-19,-1.850670287044291e-08,1.1355546870413446e-16,1.0080423674951799e-16,1.1468695712810003e-20,1.0562345872701578e-16,1.0971664108557165e-19,1.035524369478522e-16,-9.271409472650108e-12,1.259361543372657e-16,1.0556843023266297e-16,6.997516185684663e-20,7.143901007300929e-16,7.121042791543147e-17,1.3143569973807445e-16,1.0248695893464604e-16,-7.295243913938044e-20,-1.538714495468044e-21,-1.8506701417025834e-08,1.0651089548409787e-16,-1.8506700485756625e-08,9.723402981257888e-17,4.4144014019154183e-20,7.897572745021136e-20,1.0892100258808356e-16,1.1111676176586786e-16,-1.8506700103090582e-08,6.801181702166219e-20,1.2791073767963436e-16,9.583038631874618e-17,-9.271411076820539e-12,1.151056718917955e-19,1.0068282566675059e-16,1.0874436327654485e-19,1.1253540555066962e-16,1.3539371975225258e-16,-1.5244931292295678e-20,-7.792619436641783e-20,1.0654855104733481e-16,5.5983945032872794e-21,1.0517185743312268e-16,7.229554105276738e-20,5.380709329394953e-20,5.1765114311878e-20,3.088766415907332e-21,-1.8506700583964878e-08,7.180744235646741e-20,6.868274534325655e-20,-9.271410377672519e-12,-1.8506701095967637e-08,-1.8506703654861516e-08,9.190687599893209e-17,1.4868146121261804e-16,9.77623912503402e-17,1.131477018421237e-16,-4.355125720530607e-21,6.547041947861685e-16,1.0379242230938026e-16,9.514645492794095e-17,1.0914785351895637e-16,8.83971386682869e-17,1.1688138850221476e-16,1.2904207941823775e-16,8.948819872775837e-17,9.138463790600251e-17,9.403734532415668e-17,9.4434080308328e-17,1.2766478725265369e-16,9.701444822732226e-17,8.379712267809193e-17,9.143673631139072e-17,1.1213628265956232e-16,8.5475610440387e-17,8.822012640029664e-17,8.981322418938736e-17,4.225184643398005e-20,-1.1511992900881253e-20,-1.2845349205270933e-20,9.920883594529363e-20,1.2434576858738215e-19,6.037231700838359e-20,4.141425901162035e-20,-9.271411248769859e-12,1.021212218842342e-19,2.3661583863723486e-19,-9.271409305017203e-12,2.6126195164205833e-19,6.319236390863777e-20,-9.271409368580984e-12,3.483552596595103e-20,8.644851124113905e-20,-9.27140930951407e-12,-1.1578731050845336e-19,-3.8431816944224164e-20
-4.101036184369663e-08,1.1350884342358876e-16,1.0313297741024644e-16,1.210890857569832e-19,1.918001571523728e-07,-8.644705653966876e-12,-1.7255735242764994e-08,5.575934199441342e-20,1.0262907811547392e-16,1.0265580631617494e-16,8.730950415745646e-17,-1.725573801217282e-08,1.04544097242446e-16,9.758551602959831e-17,7.830367633062289e-20,1.3213025256311256e-16,-4.844349061934905e-17,9.852954805731844e-17,1.081932841377677e-19,-1.725573719351185e-08,1.0619959333947202e-16,-8.644708647919857e-12,-1.6512889551580252e-20,7.969476200572936e-20,1.035942142658017e-16,3.7900238034735546e-20,5.338204763451514e-20,9.669997573148278e-17,-1.7255736181217624e-08,1.0097508614235274e-16,9.030734918357482e-17,-8.644707385885383e-12,-9.368608154305739e-20,-8.644705906138431e-12,9.478677660847114e-17,1.3428891619001522e-16,-1.7255738696740905e-08,5.975006781105025e-20,7.061501875608944e-20,-4.548903059289808e-20,5.660447922168833e-20,6.612329528670739e-20,1.0891432182367231e-16,-1.7255736515625792e-08,6.47110424660063e-20,4.802896350272963e-20,1.431746959615616e-19,6.737897909097205e-16,1.6384275465332685e-19,1.3445516274220904e-16,1.0173849366983509e-19,2.634968430198282e-19,-4.228361667770912e-17,-1.7255737338319946e-08,1.0862966735727684e-16,-1.7255736467860777e-08,1.0254124047562709e-16,9.243050334608758e-17,2.9022656669889582e-21,1.1100070041097864e-20,1.129536050431107e-16,-8.644706425887889e-12,-4.138399615070319e-20,1.3141184373672117e-16,9.812891456633861e-17,-1.7255739460750717e-08,1.0459066180522472e-16,1.0440761772781534e-16,4.5749845897846763e-20,3.973761734094768e-20,7.391631643339423e-20,-2.390504860337897e-20,9.802511898145495e-17,1.083120538483113e-16,2.2806495934016836e-20,6.90431196458197e-20,8.803110285842165e-17,8.174265809937083e-20,3.949178335398028e-20,1.0196646991968965e-16,-8.644706822007013e-12,1.0117186921861405e-16,1.8448666885964657e-19,-1.7255738160178534e-08,-8.644707034752084e-12,-8.644708283008383e-12,9.418524245808766e-17,3.4949794716060074e-22,8.720056445093203e-20,1.1692730711398748e-16,9.326433844253564e-17,6.199949422283207e-16,1.0512455965355381e-16,1.1147859030134809e-20,3.455930696549012e-20,9.30690300753311e-17,1.2090367264281502e-16,1.3231340180199228e-16,9.104009024996397e-17,9.376126411315107e-17,1.585483987834087e-19,-2.6656905314807617e-20,1.317468805840263e-16,1.0196974740723918e-16,8.664763983030429e-17,9.442089451205244e-17,7.37646405367838e-20,6.898000595130999e-20,2.0988847486573065e-19,9.213584448065922e-17,1.015184776096842e-16,9.742067258284282e-17,1.5003993094185846e-16,1.0584706254065432e-16,1.4029713715682924e-16,8.928281721371651e-17,1.4145140787915185e-16,-8.644708290950714e-12,1.4018789537610116e-19,8.260932855866159e-20,-8.644706519182079e-12,3.3057276756525374e-19,6.6321836748096836e-21,-8.644706733242615e-12,9.724014164630557e-20,5.57026088765261e-20,-8.644706625579919e-12,5.497715318819751e-20,3.457540353514445e-20
1.000001199513021,-1.9929276026190852e-08,-1.83860582963304e-08,-9.271408320991635e-12,-8.644705653966876e-12,0.9999998993334218,0.9999997623930745,-1.7151133706067585e-08,-7.627069897464503e-12,-9.214713631082935e-12,-1.4040847837158378e-08,0.9999999302716823,-7.832818070027608e-12,-1.6984495108401143e-08,-7.954815717119993e-12,-2.1383002409786957e-08,-2.110678081772838e-08,-7.64408220779887e-12,-7.829642166594769e-12,0.999999880757343,-8.159709566966131e-12,1.0000000619851204,-8.674452481185406e-12,-1.872663622165175e-08,-1.550591038713729e-08,-1.6898911161932794e-08,-1.0550305844973683e-11,-1.5186240072483165e-08,0.9999998193965993,-1.532727042956802e-08,-8.235304867786199e-12,0.9999999155699147,-9.793252983960564e-12,0.9999997326203292,-7.265464212829372e-12,-2.176572435235256e-08,0.999999972046697,-9.865827415302162e-12,-9.291782532983245e-12,-2.0658511864672183e-08,-9.408140840474384e-12,-1.5394426297228443e-08,-1.9718731973696444e-08,0.9999998395700416,-2.0910929810236064e-08,-7.846367564838863e-12,-9.340551491937114e-12,-4.942080907546267e-08,-3.132948428374178e-08,-2.0895787765721115e-08,-1.8574078254702675e-08,-9.194210441233629e-12,-2.113989493812949e-08,0.9999998896780558,-1.6464636889789343e-08,0.9999998368384068,-1.8717190922606937e-08,-7.786527851669836e-12,-1.5226596344287852e-08,-1.910594876620751e-08,-1.6801323721991118e-08,0.9999998150419237,-1.8734730103205395e-08,-2.0961511485639345e-08,-1.5202029844815718e-08,1.000000018406939,-9.229173166804636e-12,-8.69150198303919e-12,-6.950838725840482e-12,-8.460456402297414e-12,-2.1227200842917647e-08,-1.9144391769643833e-08,-1.57868870439446e-08,-8.049261969839925e-12,-1.5595456840432355e-08,-8.750096786726961e-12,-7.030751496830323e-12,-1.8963979050931095e-08,-1.6720156979701498e-08,-8.599666734248154e-12,0.9999998422795761,-1.8588736095034526e-08,-2.0882589478251042e-08,0.9999999393916011,0.9999998713282082,1.0000000163976699,-1.4489448907156903e-08,-2.184947483657473e-08,-1.8204505592727806e-08,-9.601562443701178e-12,-7.215746061300163e-12,-4.8121726899537096e-08,-1.517281761925649e-08,-7.96380917662073e-12,-8.283643512406893e-12,-8.37547427708657e-12,-2.0023078353197014e-08,-1.044413137338555e-11,-6.824386554326663e-12,-1.4547046294185029e-08,-1.455624451160666e-08,-7.603076241801472e-12,-1.0810126541540902e-11,-1.8330315285400397e-08,-7.003665727791744e-12,-1.531065109615172e-08,-9.465540694508505e-12,-6.724520116305284e-12,-1.3451037685399129e-08,-7.1519482775651245e-12,-7.789375382855137e-12,-7.321189416036971e-12,-2.1441096729076953e-08,-8.622726268493468e-12,-1.0616862450794849e-11,-6.715227916283368e-12,-1.086039405616365e-11,1.0000000282970858,-2.134275380577825e-08,-2.1754698242199405e-08,0.9999998194814227,-4.7495760952131935e-08,-1.9101881995158072e-08,0.9999998316780191,-1.0387789799051613e-11,-8.877867138225881e-12,0.999999824136036,-6.534398430653769e-12,-9.240510938153749e-12
1.0000012543729146,-1.9929277067526573e-08,-9.210971208451773e-12,-1.8506699175133487e-08,-1.7255735242764994e-08,0.9999997623930745,1.0000000090530488,-1.71511346035439e-08,-1.5224428325561433e-08,-1.8393530691288346e-08,-7.034125737319274e-12,0.9999999851315086,-1.563512292812857e-08,-1.6984495995923394e-08,-1.587864269307676e-08,-1.0712367637220411e-11,-2.1106781882192304e-08,-7.644082664394875e-12,-7.829642453062765e-12,0.9999999356171647,-1.628763254137778e-08,1.0000001168449533,-1.731511299643566e-08,-9.38159232701552e-12,-1.550591120077784e-08,-1.6898912044219113e-08,-1.0550306369278896e-11,-1.5186240868222576e-08,0.9999998742564192,-7.678592290324295e-12,-8.2353053685915e-12,0.9999999704297404,-9.793253523828426e-12,0.9999997874801444,-1.4502625207997322e-08,-2.1765725491741655e-08,1.000000026906525,-1.969322205973153e-08,-9.291783040155875e-12,-2.065851294613144e-08,-9.40814131948873e-12,-7.712235646172806e-12,-9.878608345516836e-12,0.9999998944298613,-2.0910930904673793e-08,-7.846367937229247e-12,-1.8644716250063252e-08,-4.942081174855794e-08,-3.1329485902703375e-08,-1.0468284678846692e-11,-9.305164790616882e-12,-1.83526042970612e-08,-2.113989600572311e-08,0.9999999445378802,-8.248385322362245e-12,0.9999998916982286,-1.8717191899685425e-08,-1.5542722590930143e-08,-1.5226597142933923e-08,-9.571618726141734e-12,-8.417057286998964e-12,0.9999998699017436,-9.38564714012025e-12,-1.0501210736591861e-11,-1.5202030641715955e-08,1.00000007326677,-1.8422393427556603e-08,-8.691502486216765e-12,-6.950839086556307e-12,-1.6887954737100294e-08,-1.0634315184805138e-11,-1.914439275106046e-08,-7.908849046848353e-12,-8.049262233215599e-12,-7.812947268620064e-12,-8.75009727394554e-12,-7.030751833977095e-12,-1.896398004134822e-08,-8.37639492619434e-12,-8.599667175967109e-12,0.999999897139397,-9.312507841454327e-12,-2.0882590573170517e-08,0.9999999942514274,0.9999999261880318,1.0000000712575008,-7.258863895118437e-12,-2.184947598438804e-08,-9.12001755082932e-12,-9.60156297178802e-12,-7.215746530376438e-12,-4.8121729494291895e-08,-1.5172818416193375e-08,-7.963809595500509e-12,-1.6535017586069668e-08,-8.375474715780848e-12,-1.003107851942885e-11,-1.0444131942562501e-11,-6.8243868332362636e-12,-7.287718809458474e-12,-1.4556245275021348e-08,-1.517653417333371e-08,-2.1578141734562124e-08,-1.8330316242598277e-08,-1.3980048035957782e-08,-7.670266481015067e-12,-1.889420788603026e-08,-6.724520500723997e-12,-6.738645063019671e-12,-7.151948647513934e-12,-1.5548406897992744e-08,-7.32118959411987e-12,-2.144109785496989e-08,-1.721186182474174e-08,-1.0616863049404026e-11,-6.715228243594891e-12,-2.1678480680393305e-08,1.0000000831569165,-1.069220384760833e-11,-2.1754699385713395e-08,0.9999998743412428,-4.7495763504708484e-08,-9.569581471793637e-12,0.9999998865378401,-2.073511406761402e-08,-8.877867695354072e-12,0.9999998789958551,-6.534398797183717e-12,-9.240511374871062e-12
-4.090575963657709e-08,1.1103311502401002e-16,-2.3232410554756975e-20,1.0078420365837878e-16,5.575934199441342e-20,-1.7151133706067585e-08,-1.71511346035439e-08,1.918001571771419e-07,1.0071242799068796e-16,1.0035636638209313e-16,8.549902083109859e-17,-1.7151137355120628e-08,1.0258718281462479e-16,5.3166656284371874e-20,9.792575505501667e-17,1.2954234312340658e-16,-5.132702194841806e-17,2.0935342972944325e-20,5.2205068091889297e-20,-8.592304697704098e-12,5.777417845765059e-20,-8.592306177427514e-12,1.0571172642203414e-16,1.5890082654877347e-19,1.0162924498354026e-16,9.203779197174185e-17,1.3086770812575446e-16,2.4108903685564687e-20,-1.7151135535932148e-08,1.790579507242722e-20,4.693680127828451e-20,-1.7151137113389435e-08,6.463386313253594e-20,-1.7151134114187584e-08,9.29514242622943e-17,5.856539060964968e-20,-8.592305448511916e-12,1.1004081761991836e-19,1.0324406471797927e-16,-1.6773487201653648e-20,1.0413542084079535e-19,1.0063781886223265e-19,1.064594732543627e-16,-8.592304369291918e-12,-8.917436183623181e-21,1.051422791116857e-16,9.920304900963534e-17,6.680966817711839e-16,1.3346299765495733e-19,7.568452419176591e-20,4.299078308956619e-20,1.0219296351468909e-16,-4.5168761386208203e-17,-1.7151136685557296e-08,1.0658732852417189e-16,-8.592304390724817e-12,1.0019560802120217e-16,6.18595205929131e-20,9.849541494749666e-17,1.200238436666872e-19,1.1088193678402175e-16,-8.592304174647677e-12,8.435487104603529e-20,8.960997712572191e-20,1.06906988590642e-19,-8.592305802457131e-12,3.404808040749619e-20,1.0227693985701121e-16,2.2224319493083348e-20,1.3706220874205176e-19,6.945394493825819e-20,2.7616723390089235e-17,9.608200491338754e-17,2.837999929440488e-20,2.6957609139024657e-20,5.053773042081789e-20,8.621100979638172e-17,1.355100253266016e-19,9.090539485874139e-17,1.1871911635841074e-19,-8.592304461276669e-12,6.05068296396938e-20,1.3265538782391054e-16,-8.592305222401402e-12,-1.7151136387293844e-08,-8.592305804955669e-12,9.233636244944628e-17,2.8026645990456224e-19,7.102237203080471e-20,5.599333244566859e-20,9.142658049708523e-17,6.14374441730714e-16,5.820920585985617e-20,4.097209721063746e-20,1.0897932792453172e-16,5.809208702627333e-20,9.289843664360542e-20,6.750286274322323e-20,4.83660675588832e-20,9.20761624565245e-20,9.421096206044309e-17,7.496799988326504e-21,1.290970737896792e-16,9.967872854759822e-17,4.2302564270876493e-20,9.255986305675669e-17,2.7096348055190564e-20,8.571407212914921e-17,8.812613734124487e-17,9.030745383274045e-17,-1.7968238399502196e-20,9.558258897918801e-17,3.8238442516820473e-20,1.0375242272624616e-16,3.362948150671849e-20,4.835191680100158e-20,7.18251882541935e-20,-1.715113895811248e-08,8.129088560061336e-20,1.4985999415980065e-16,-1.7151135541262248e-08,3.131245685490052e-19,6.089637433552408e-20,-8.592304326059497e-12,1.320995022660716e-16,1.0811292581215754e-16,-8.592304213927825e-12,3.962181236286948e-20,4.802777584455877e-20
-3.8979051893137123e-08,1.1082778278045091e-16,1.0084610916316198e-16,1.0091957485676127e-16,1.0262907811547392e-16,-7.627069897464503e-12,-1.5224428325561433e-08,1.0071242799068796e-16,1.9180015615051423e-07,5.878811976194873e-20,6.897066686081401e-20,-7.627071612799208e-12,9.967686903175019e-17,9.514597413927176e-17,9.598382007558026e-17,1.2718196543041685e-16,-1.5767057503661628e-20,8.271950502338969e-20,9.29692033331078e-17,-7.627071275883688e-12,1.0153073281736383e-16,-7.627072527003691e-12,1.0356769085121387e-16,7.202754198899262e-20,9.8949433510507e-17,9.200892157005397e-17,1.140863383946403e-19,1.7487339373894288e-19,-7.627070821690956e-12,5.0282585277706807e-20,8.862205750149748e-17,-1.5224430559838137e-08,3.888788619683937e-20,-7.627070173630607e-12,9.00514913792704e-17,1.2869735223358308e-20,-1.5224431380655968e-08,2.8838944607098335e-20,2.6367632608762342e-20,2.758128160841273e-20,1.0686378598515402e-16,9.593226042768023e-17,1.0678299838485968e-16,-7.627070923899231e-12,5.0615763472926695e-20,1.1013233904583809e-19,5.729365368729493e-20,1.8866392353591064e-19,1.3365797931803548e-20,1.2915798551811049e-16,6.146500934979928e-20,1.0211330736700807e-16,-1.8529294697346562e-17,-7.627071196614338e-12,1.0376989871727243e-16,-1.5224429409256478e-08,6.635298516054095e-20,4.4898939729359996e-20,-2.6299605530266442e-20,7.010255653125726e-20,1.0748743074531775e-16,-1.52244290927483e-08,1.0445561052193271e-16,8.31991117503975e-20,9.43041322231528e-17,-1.5224432056426063e-08,6.737868046110546e-20,1.0076202392272259e-16,-8.504548776946487e-21,3.249575770308851e-20,6.91526221667419e-20,3.9608034843248026e-17,9.443633216791354e-17,3.901334539400567e-20,3.025252636334471e-20,1.0410217397695676e-16,8.44456668088621e-17,1.0168176299560325e-19,9.037499166300377e-20,9.877280708742135e-17,-1.5224429490268552e-08,7.743124811175484e-20,1.2968251021558095e-16,-7.627071638453252e-12,-7.627071147759148e-12,-1.5224432028938735e-08,8.97562923796096e-17,7.567921548793611e-20,1.0026157512054552e-16,1.130147333998943e-16,8.893062769115517e-17,3.2101904532877286e-19,9.888321604799055e-17,3.092985551397397e-20,9.091770837284323e-20,4.0945063338686834e-20,2.6079989356917177e-20,-4.593145200125573e-21,-1.4826560408021955e-20,8.930860400848708e-17,9.120716094671205e-17,9.315179214135416e-17,6.111904874930094e-20,-2.1518873729715263e-20,5.633812361739274e-20,1.787489871881951e-21,5.351297129522457e-20,5.157964254078076e-20,2.3280009433722487e-20,1.2655109113125556e-21,2.1254037942670872e-20,9.246121058664691e-17,1.4163523658773545e-16,1.0180294870300839e-16,7.751313284577837e-20,2.172498189433245e-20,1.350314704964723e-16,-7.627072303259822e-12,5.94580276519502e-20,1.4499969827226302e-16,-7.627070765574673e-12,5.182974709688356e-16,1.0819731827589381e-16,-7.6270708652398e-12,5.839518308268488e-20,1.0591895062399441e-16,-7.627070823748857e-12,8.301134950365076e-17,3.0001192734208114e-20
-4.214815695930916e-08,1.0826626154327154e-16,9.789437862437693e-17,9.772832829436357e-17,1.0265580631617494e-16,-9.214713631082935e-12,-1.8393530691288346e-08,1.0035636638209313e-16,5.878811976194873e-20,1.9180015783218787e-07,5.773838601163258e-20,-9.214715516011248e-12,1.0233745818451276e-16,9.29608840853545e-17,3.9953799542296986e-20,1.276514659091005e-16,-7.541199094048683e-17,9.591629716835627e-17,9.323268613108425e-17,-9.214715058792322e-12,4.017555072463686e-20,-1.8393535939963857e-08,1.0411340110985495e-16,6.370590021196718e-20,1.0138976042084908e-16,8.905608294117177e-17,1.9175980820051408e-20,9.38950375759104e-17,-9.21471462745725e-12,1.6079971615914865e-19,8.524670328946816e-17,-1.839353337787018e-08,4.6149647968150584e-20,-9.214713791694939e-12,9.227710847401409e-17,1.2053047132968133e-19,-1.8393534364425562e-08,1.1317588696678498e-16,6.252328143553049e-20,1.216220447373388e-16,1.0526506782017045e-16,9.748720008742698e-17,1.0321919658776108e-16,-9.214714763224675e-12,5.83025782991281e-20,1.0520769620770874e-16,9.587674209437774e-17,3.150880864851331e-19,7.206783323503418e-17,1.3101982024449308e-16,1.0210092685436473e-16,9.9585696947808e-17,-2.923023878591739e-20,-1.8393532919754606e-08,-1.5534087446524393e-21,-1.8393531994062417e-08,5.2218366455591486e-20,-3.241001802291089e-21,9.804523502930233e-17,1.0854665570115803e-16,1.1063719970324088e-16,-1.8393531613672732e-08,7.295560899641091e-20,1.2749708049539046e-16,6.151769327013986e-20,-1.8393535176900214e-08,9.128312955461366e-20,-1.1317400853551014e-20,9.478888150647978e-17,3.3963484395463815e-20,1.345120738699195e-16,1.4320590090789496e-17,1.8529487906364018e-20,1.0607171884707725e-16,9.344775409488578e-17,1.0463829353563113e-16,8.504615271678774e-17,1.0071365936169253e-16,8.793984622266585e-17,9.211354173565712e-20,-1.839353209168378e-08,5.788859562297563e-20,1.3186081975912814e-16,-9.214715619332043e-12,-9.214715022684353e-12,-9.214716265807221e-12,1.055395035392952e-19,4.1330384082325986e-20,1.6110969917047545e-20,1.1277697953888566e-16,2.3340316507644547e-20,6.518639240881036e-16,1.0000324824080247e-20,1.5410796627024854e-20,1.137943792903208e-19,8.805645714164714e-17,6.654715095621675e-20,-2.614298745269001e-20,4.5267739413112497e-20,-1.395839437575293e-20,9.372123186757084e-17,-8.355092979982028e-20,1.27158445461614e-16,9.602315084081745e-20,1.5512441028758675e-19,-6.562800174574016e-21,1.118096368354462e-16,8.530473988538264e-17,7.477164728077257e-20,-9.184543723636762e-20,9.89821694386838e-17,4.8068840766437986e-20,8.586874012508753e-20,9.914246227960782e-22,1.3734408504061254e-16,8.743720642869948e-17,1.378405370746278e-16,-1.839353535231985e-08,3.9171986327811976e-20,6.348943515890127e-20,-1.83935316951226e-08,6.003461093369071e-16,1.0641897485374578e-16,-9.214714677753897e-12,1.3139212344715298e-16,1.1964048075020805e-19,-9.214714534710228e-12,6.691924198207398e-20,3.851822079714104e-20
-3.779546892155184e-08,9.319096813754855e-17,8.458691283798786e-17,8.450778832127882e-17,8.730950415745646e-17,-1.4040847837158378e-08,-7.034125737319274e-12,8.549902083109859e-17,6.897066686081401e-20,5.773838601163258e-20,1.91800157484108e-07,-7.0341267994873045e-12,8.502182292159224e-17,6.105322107678224e-20,7.538281995884238e-20,1.0844090377953486e-16,-3.847778386746213e-17,-4.395445419008318e-20,1.2292087246954104e-21,-1.4040850159819814e-08,8.700801044765858e-17,-7.034127768346221e-12,2.878683343864778e-20,9.295780131979627e-17,8.42950810531294e-17,7.723479589965745e-17,1.0925257045105837e-16,7.886278304948697e-17,-1.4040849336004399e-08,4.261177354442678e-21,1.8839975046914064e-20,-7.034126705241023e-12,4.400934821142605e-20,-7.034125432231173e-12,7.631299923151186e-17,9.146645229774368e-20,-1.4040851383153847e-08,9.6121378871283e-17,8.657317719484654e-17,-1.6532553517006735e-20,9.003120560696153e-17,3.421494000195879e-21,9.889271498226027e-20,-7.034126162870591e-12,1.0629214472787246e-16,8.719828786625811e-17,-5.330593780304245e-20,1.8580607173315947e-19,7.441187289971684e-17,3.4989348510684084e-20,8.763502645765214e-17,7.563114795714033e-20,-1.1697475453549695e-19,-7.03412648993611e-12,1.3041079098766247e-19,-7.034126117028689e-12,5.036355274351128e-20,7.607829740192576e-17,8.189554434122615e-17,9.255081675088127e-17,6.652326833605826e-20,-7.034126003221814e-12,8.773627456087159e-17,2.9453709965998063e-20,8.033563382035158e-17,-7.03412738334222e-12,1.3277714005786394e-19,8.540819566454888e-17,6.615379428193594e-20,4.2457366092928264e-20,1.1334234316742682e-16,-2.1863193717791768e-20,8.062602550371531e-17,8.89296033196552e-17,7.966204753695087e-17,8.870082505136725e-17,7.091510882400685e-17,8.674133180438058e-17,7.646291514388875e-17,3.9564978458837034e-20,-1.4040849643891388e-08,5.568524072727086e-20,1.107721149991553e-16,-7.034126838645328e-12,-1.404085003335386e-08,-7.034127354814067e-12,7.589602308455567e-17,1.2306796596418869e-16,1.336874057416864e-20,6.910881636404342e-20,7.508884648053033e-17,5.056644040522548e-16,8.45125771044013e-17,-1.5596704649537317e-19,9.088682238797507e-17,7.649685427118167e-17,-4.0705989567936555e-20,1.0844617433727151e-16,6.674801567824524e-20,7.545341254406054e-17,7.742065305742329e-17,2.6110833237371728e-20,1.0811771782691785e-16,8.370295050759395e-17,6.974535035316726e-17,-5.97203187449899e-20,1.0592649364984212e-19,7.019627348049132e-17,2.4189590364835606e-20,1.0276902514938811e-19,8.252110265373158e-17,3.4648787741722566e-20,-5.449319895474415e-21,8.674182794345696e-17,5.570232031815312e-20,7.166396372844343e-17,1.159128052299482e-16,-7.034127462297249e-12,1.1203334421747814e-16,1.2475174924371085e-16,-7.0341260912957895e-12,4.678674221862765e-16,9.105328076527973e-17,-1.4040849501292446e-08,8.85446192395785e-20,6.512817970178452e-20,-7.03412599929443e-12,7.155171123721911e-17,1.0317338059561922e-19
1.0000014222517746,-1.9929280260289667e-08,-9.210972599094076e-12,-1.850670213826445e-08,-1.725573801217282e-08,0.9999999302716823,0.9999999851315086,-1.7151137355120628e-08,-7.627071612799208e-12,-9.214715516011248e-12,-7.0341267994873045e-12,1.0000003448103105,-7.832819830083198e-12,-8.508823228604851e-12,-1.587864524255343e-08,-2.1383006960771303e-08,-1.0573989916649136e-11,-1.5258388980838277e-08,-7.829643695939871e-12,1.0000001034958013,-8.159711326558484e-12,1.0000002847236202,-8.674454353180828e-12,-1.872664020617032e-08,-7.768087715340123e-12,-8.465947771201543e-12,-1.0550308051728443e-11,-7.607940614439286e-12,1.000000042135045,-1.5327273697890102e-08,-8.235306601558383e-12,1.0000001383083827,-1.9548359033853868e-08,0.9999999553587571,-7.26546575939415e-12,-1.0904103875731114e-11,1.0000001947851767,-1.9693225218666067e-08,-9.291784651102375e-12,-1.0349416822342025e-11,-1.877963459813811e-08,-7.712236887583448e-12,-1.9718736159825834e-08,1.0000000623084915,-2.091093426014026e-08,-1.5662171761999452e-08,-9.340553572681509e-12,-2.4758632485366454e-11,-3.1329490868480814e-08,-1.0468286396968475e-11,-1.8574082201581604e-08,-1.835260723718831e-08,-2.113989928391879e-08,1.0000001124165183,-8.248386608557319e-12,1.0000000595768566,-1.871719489560616e-08,-7.78652949923458e-12,-7.62815810774015e-12,-1.9105952829272334e-08,-1.6801327306556263e-08,1.0000000377803682,-9.38564873443616e-12,-1.0501212352856921e-11,-7.615850861823147e-12,1.0000002411454294,-9.229175088660341e-12,-1.7349148297385932e-08,-1.3874602295960453e-08,-8.460458214444797e-12,-1.0634316838848184e-11,-1.9144395762886368e-08,-7.908850374269791e-12,-8.04926356366053e-12,-7.81294853130401e-12,-8.750098648529914e-12,-1.4034116440876461e-08,-9.500497009000596e-12,-1.67201605291702e-08,-1.7165835579952904e-08,1.0000000650180267,-1.858874003990398e-08,-1.0461674431075874e-11,1.0000001621300734,1.000000094066666,1.0000002391361598,-7.258865101518544e-12,-2.1849479502741245e-08,-9.120019049383107e-12,-1.9165724674722513e-08,-7.215747631854913e-12,-4.812173743884731e-08,-7.601216310273654e-12,-7.963810895597193e-12,-8.283645223516469e-12,-1.671832380361851e-08,-1.0031080102124817e-11,-2.0847580739849955e-08,-6.824387975341433e-12,-7.287719927107951e-12,-7.292328081945603e-12,-1.5176536611429745e-08,-2.1578145197056772e-08,-1.833031917749156e-08,-7.003667161293508e-12,-7.670267888009321e-12,-9.465542606355873e-12,-1.3422846527659513e-08,-1.3451040554454447e-08,-7.151949770474981e-12,-7.789377016697578e-12,-1.4613860786323119e-08,-1.0741473529307661e-11,-1.7211864586565136e-08,-2.1192370208680285e-08,-6.71522935769537e-12,-2.1678484164239982e-08,1.0000002510355768,-1.0692205641523004e-11,-1.0898579702280524e-11,1.0000000422198683,-2.3794229913002344e-11,-1.9101886055545497e-08,1.0000000544164678,-1.0387792271698005e-11,-1.7721152740307583e-08,1.0000000468744827,-1.3043343871094045e-08,-9.240512831031203e-12
-3.938974698272069e-08,1.1288516964003252e-16,1.0265053552221172e-16,5.842285852142077e-20,1.04544097242446e-16,-7.832818070027608e-12,-1.563512292812857e-08,1.0258718281462479e-16,9.967686903175019e-17,1.0233745818451276e-16,8.502182292159224e-17,-7.832819830083198e-12,1.9180015722653012e-07,9.677772432495667e-17,9.776025517132465e-17,1.2983961130588306e-16,-2.6020017165247897e-17,5.428713589398805e-20,-3.084006263443194e-20,-7.832819318279773e-12,1.034790893315578e-16,-1.5635127410557152e-08,7.178866960958118e-20,1.1178109948324896e-16,1.0065140315327381e-16,-1.5188553606596248e-19,8.622040419227932e-20,1.0231169467388175e-19,-7.832818877696148e-12,9.831215833890457e-17,9.008849012663678e-17,-7.832819655096377e-12,5.708104033231964e-20,-1.5635122480926405e-08,2.3367496266653527e-20,7.821112602640708e-20,-7.832820058659615e-12,1.16205677425415e-16,3.417042751934793e-20,5.249535283861474e-20,-2.117239304672504e-20,9.754264963249021e-17,1.0872012465362107e-16,-7.832819027741123e-12,1.2714008457904466e-16,4.604507916668657e-20,6.88103405855518e-20,3.1502433187371315e-19,2.3165254698399827e-20,1.3169795794140884e-16,1.0610392035722835e-16,1.0389840978363061e-16,-4.954978512414496e-20,-7.832819362296947e-12,1.0575252341647341e-16,-7.832819050530492e-12,1.0241877826187921e-16,9.708375934104322e-20,1.0128258725608681e-19,6.628019000654173e-20,4.8206299065347975e-20,-1.563512371586136e-08,6.062062585102791e-20,1.2907197335610818e-16,9.583161986385606e-17,-7.832820417268972e-12,-5.318712935799539e-21,1.027200860771106e-16,3.2993356263604905e-20,-3.543484051830333e-21,1.347772871781693e-16,-1.2313518714612605e-19,9.614653029092148e-17,6.36851965441478e-20,-9.725014706443398e-20,3.5909495998146746e-20,-5.138205097660443e-20,1.0561360019136031e-16,9.254730532178995e-17,1.0060865957582699e-16,-1.563512412401063e-08,1.0108688325541327e-16,7.508529158991035e-20,-7.832819819779316e-12,-7.832819260006053e-12,-7.832820313773481e-12,6.06131900407003e-20,-1.4901171274064665e-20,5.3494219438875025e-20,1.2910836323931508e-19,-3.432103641116961e-20,3.3054301241359474e-19,1.388321615538816e-19,9.630798480486765e-17,-3.147000435079386e-20,9.261176565618318e-17,1.192756315869035e-16,7.110520870987918e-20,4.0906197758133865e-20,1.802904006970182e-19,1.6017779149740233e-19,3.294202001143018e-20,1.2921587283232413e-19,1.0165980098652483e-16,8.441612893014733e-17,9.257919072882948e-17,1.140926176185048e-16,3.013839774542435e-20,8.638587633339812e-17,8.94250116809416e-17,9.889886794003995e-17,1.1004109632111013e-19,1.0828942666448898e-19,1.038470586244419e-16,1.3763121571967164e-19,7.69462855043854e-20,2.52081270193132e-20,-1.5635126908488765e-08,7.226728914504772e-20,-1.0171458068951398e-19,-1.563512378508942e-08,2.545147413744298e-19,1.1021808174192414e-16,-7.832818969539264e-12,2.720680897926188e-20,7.608831713804699e-20,-1.5635123851417958e-08,-4.2590024955768065e-20,1.0120851588231865e-16
