1.0000000000000346,-6.663724378383209e-12,-5.306379854515185e-12,-1.5210874246098283e-11,1.0000000000326816,1.000000000040677,-1.9752340299397195e-11,-1.3835547845937795e-11,-4.74743526771459e-12,-2.673759160673993e-11,8.394267727279649e-12,-1.6411878901091892e-11,6.443978941941797e-12,4.636214407482517e-11,-3.233598677052676e-11,3.9251500922294234e-11,-1.1463310353754999e-11,-1.3063676082908425e-11,2.4534262973817115e-12,-5.001754460847617e-11,4.6844982619792045e-12,1.0000000000521854,-2.5232885569178987e-12,1.0000000000370453,2.30704276725739e-11,1.9221507006097032e-11,5.37840023996169e-11,7.284605163621272e-11,6.601854453989566e-11,-4.2180789485039615e-11,-4.981063149459043e-11,-4.414263942342366e-11,-2.9441727774319e-11,5.2919853292345565e-12,1.000000000008723,-1.821986298706004e-11,-1.905220473847653e-11,-3.92024273834247e-12,1.0000000000110456,-2.0328016599886264e-11,-2.6816541270700223e-11,-1.4198236265146079e-11,-7.610283218586555e-12,-1.3669710043701498e-11,-1.1854511632563503e-11,3.437053498607153e-11,2.3860296488816336e-11,2.3095944301394628e-11,-8.726152731563918e-11,2.2199220691517403e-11,1.0000000000445126,9.945257482238963e-12,2.7388616597270935e-11,8.578286960162107e-12,1.4026918106158247e-11,-3.0963026658688517e-12,-2.000204698968072e-11,-5.504491978035126e-12,8.368888251520038e-11,-1.9443119783606968e-11,-3.8603565298702484e-11,1.1309569130585177e-11,-4.944002805963071e-12,-1.9595667949312837e-12,-5.0179443621693164e-11,-4.4567476146688314e-12,2.8544131208977546e-11,-1.1447505272121951e-11,-4.164162255710872e-11,-7.454547445370212e-12,-6.2125165531303195e-12,-2.953642172485819e-11,4.5253544214516066e-11,-1.0482396035096869e-11,-4.8254334034274325e-12,1.6147269214626696e-11,1.0000000000107714,1.0000000000256495,8.161684927413697e-12,-2.4471676039905095e-11,-4.266388917162763e-12,6.005910037217841e-11,0.9999999999920933,-5.7612239925652466e-11,-4.635108111630745e-12,-2.0618805868957515e-11,2.5418238464305335e-12,-3.650007722747315e-11,1.00000000003315,-1.57526724696078e-11,3.4707327739815196e-11,-3.076488199459726e-11,1.0000000000321945,7.117272087617668e-11,-6.638750335485426e-12,-1.2362177540050437e-11,-8.676764814425785e-12,-4.221170978401523e-11,-3.008318933833956e-11,-2.0698066395977597e-11,3.1596719644148855e-12,-1.6654896934915744e-11,-3.227212810007425e-11,-4.4801657574557944e-11,1.0000000000378662,1.000000000034511,-4.696627983125978e-11,2.599243671946912e-11,-4.41252455761507e-11,1.0000000000175873,-8.800879709570911e-12,1.1949862617019614e-11,-1.4911889074504793e-11,1.0000000000618046,7.095488945669322e-12,-5.178740017004258e-13,2.4885986432154905e-11,-4.559372460769664e-12,-4.966754599062494e-12,1.0000000000108844,-1.5858935842946445e-11,-6.292252828236802e-11,1.0000000000408382,-3.370186926704827e-11,2.8545622972640702e-11,1.4769873631219217e-11,1.000000000039064,9.188875066239935e-11,0.9999999999918462
-6.663724378383209e-12,1.944644804142187e-13,4.0895617403653005e-16,5.170588740961031e-16,2.3713022654290052e-12,2.371133640720917e-12,9.722185514195121e-16,2.6706722507937127e-16,5.419566442833438e-16,3.840678162039612e-16,5.368833293056902e-16,5.528126344294563e-16,6.485213008184742e-16,7.521620919856359e-16,5.058236535703358e-16,4.100214926821108e-16,5.484176122310423e-16,7.658141236254176e-16,5.716998296167694e-16,5.191646665468042e-16,3.189714003471985e-16,2.371434207831753e-12,5.92486500684716e-16,2.370604109131097e-12,8.60478661696645e-16,5.82127402406266e-16,7.498855880386731e-16,5.379889586830339e-16,7.141863440759938e-16,8.215884006185259e-16,6.189302493280536e-16,6.023161237360398e-16,7.183522707859836e-16,7.235172055771297e-16,2.370825357196917e-12,5.011222675519332e-16,4.807801297369424e-16,6.929494792411497e-16,2.3704914343690434e-12,7.826816797124593e-16,1.1169305571850407e-15,6.063694621277608e-16,7.626723741960712e-16,6.139333572267198e-16,6.637084408531498e-16,9.110514775781235e-16,8.085614542731826e-16,7.542781617718639e-16,8.14475661368472e-16,7.902848583599708e-16,2.3709719602231125e-12,7.174232042346832e-16,6.785961120611257e-16,8.200047335932726e-16,5.951647954045406e-16,4.069329545818724e-16,6.823039936756186e-16,6.031656296569804e-16,8.550730370216317e-16,3.674106540210679e-19,3.0060152918127105e-19,6.682649536959818e-19,1.331734696175072e-19,2.627971008990169e-20,5.4175512047641535e-19,2.7232549308216023e-19,3.2361217132760248e-19,1.0874486622005807e-19,7.254266914198024e-19,2.4787261364421764e-20,4.384322005592639e-19,5.30041946361311e-19,7.677667122961592e-19,6.404592172191592e-19,7.99746926628116e-19,7.097509581280868e-19,1.1878090850547012e-15,1.1878708901289497e-15,3.129701890286632e-19,5.227886397536058e-19,2.1467493173473356e-19,2.8272311614387406e-19,1.1875766041653744e-15,4.527076231222212e-19,4.982262796572505e-19,5.352339281241975e-19,2.841495214173925e-19,2.3678766706002283e-19,1.1881379109481615e-15,1.3529329497695313e-19,5.573603820188267e-19,3.5149140023087855e-19,1.1878898791572221e-15,3.28649285468022e-19,2.950434749773989e-19,6.546889138321544e-19,3.494734865253763e-19,3.4371098139600176e-19,4.147402611501512e-19,1.9905015190461845e-20,6.668459130240741e-19,2.2705349603983405e-19,3.529650382297301e-19,3.9688999144713916e-19,1.1877387353685768e-15,1.1878983455193138e-15,1.9455302533503686e-19,5.984090382484019e-19,2.768713510886184e-19,1.1875399293119178e-15,2.1137753892245575e-19,2.617579400915445e-19,1.536979358970253e-19,1.188031846013216e-15,1.956228699996214e-19,2.73922788702656e-19,4.117520659164705e-19,3.6635623980447687e-19,4.47873058540984e-19,1.1878721275652681e-15,4.583116523249813e-19,5.799685323278209e-19,1.1877886493887527e-15,6.091007832804008e-19,1.6544971671743849e-19,3.390076624766691e-19,1.1878734758878498e-15,3.143167315240176e-19,1.1872109044453914e-15
-5.306379854515185e-12,4.0895617403653005e-16,1.9459410088850434e-13,2.520093293788411e-19,3.7254987949978296e-12,1.866737521977616e-15,7.860434095104475e-16,1.8068117109423895e-19,3.7535145785295856e-19,3.9765788904114383e-16,4.726806556769755e-16,6.338887150518543e-19,4.983565474248126e-19,4.791116380427505e-19,3.2990561082119154e-19,2.795314138863332e-19,5.463149650412322e-16,3.129253718930794e-19,5.430424154574916e-16,5.497582146582192e-16,2.840275224758657e-19,1.866765186733556e-15,5.395396281331429e-16,3.724888862659138e-12,6.712725834131135e-19,1.9839523045828045e-19,3.6774390075318203e-19,5.458708183500955e-16,3.078569048764602e-19,6.360881897023674e-16,4.948201250177579e-19,3.894726562078321e-19,6.986475438543215e-16,9.235576996598417e-20,1.8660841661155734e-15,4.2690235734930885e-16,7.15573878980495e-20,4.7166560544673825e-19,1.8660516181981535e-15,1.2433187212313028e-19,4.0811653502524855e-19,4.927298668642687e-16,4.394590122546666e-19,3.545406831943071e-19,6.13417925517537e-16,5.90128918559491e-19,7.429389565352054e-16,7.619808701381388e-16,7.52766013806668e-16,5.682140374576411e-19,1.8662458067132097e-15,6.838086133106476e-16,6.813596483277608e-16,4.451235012054988e-19,8.847901559573689e-20,4.0100968805101613e-16,2.87824676547608e-19,2.4583360039207515e-20,1.5189334175982614e-18,6.111140798585835e-16,7.073274462317032e-16,4.578281011618547e-16,3.239610436132326e-16,4.704342504140577e-16,7.408601451145069e-16,5.502468391716829e-16,5.962717604976263e-16,3.1511770384252407e-16,6.358965930062139e-16,3.3634193808902933e-16,6.926246220231336e-16,5.058232673825713e-16,9.752331842833347e-16,5.69042769325356e-16,6.843879214169458e-16,6.712350485751201e-16,3.724889651202257e-12,3.725281376796557e-12,6.68355488150568e-16,6.972647875593305e-16,5.910111458837412e-16,6.617792323101351e-16,1.8659280796166928e-15,6.341868444307369e-16,4.945251230445288e-16,5.854667828411958e-16,5.594535800149682e-16,5.162317397936396e-16,3.724976264136335e-12,5.280648061123702e-16,8.515065504128291e-16,8.255779044910487e-16,3.725164755974309e-12,6.572602402670422e-16,4.328231084095134e-16,5.8761621928655485e-16,5.823001127824671e-16,8.318460358800483e-19,3.828543789862244e-19,1.2893761028999774e-19,5.680478642347202e-19,5.39563556869613e-19,5.0518253607095e-19,3.7727823233005116e-19,1.8661732687623225e-15,1.8661704088669366e-15,2.984067788429662e-19,1.886766400077595e-20,-8.941504861925857e-20,1.8659084118855293e-15,2.217864983890255e-19,3.5769901982759466e-19,1.4547732361605358e-19,1.8662548507607457e-15,2.0227592295677646e-19,3.0166089510150027e-19,2.604624165655552e-19,6.935500681445181e-19,5.058242415078364e-19,1.866354220581145e-15,2.7799555049765445e-19,3.772891151952121e-19,1.8663241226768452e-15,3.3460205731714395e-20,2.1331179802955687e-19,4.3731645244122e-19,1.8662796325945447e-15,1.9267676711287657e-19,1.8659461042748796e-15
-1.5210874246098283e-11,5.170588740961031e-16,2.520093293788411e-19,1.9458853849640834e-13,-3.091415605796729e-15,-6.170545678167289e-12,2.252637364195834e-19,2.1738765519773106e-19,5.689455811291021e-16,1.0541096791945994e-20,1.1916132122100772e-19,4.2002041545798025e-19,1.569973266016127e-19,3.15392531031275e-19,4.654208894834393e-19,6.483033251905166e-16,6.300501999201299e-16,2.3594235269211827e-19,5.217194576907045e-16,9.453553406347741e-20,4.379445903450096e-20,-6.170261093754969e-12,6.069680122728063e-16,-3.091542609228286e-15,3.7364999641971027e-19,7.265038294443414e-16,7.627216737775962e-16,1.030870933293851e-18,6.483863138442233e-16,3.192229890477609e-19,2.86633311916154e-19,-1.6037504236790403e-19,4.997317228139643e-19,7.385737309789733e-20,-3.091585070918092e-15,4.74914829530787e-16,5.209055858287845e-16,5.686118978222768e-16,-6.171110253783937e-12,4.790311955854834e-19,9.801394797762105e-16,4.511167620555565e-16,7.474250274387761e-16,6.102297187127966e-16,6.255390625006037e-16,8.258714014125897e-16,5.010174970631897e-19,7.699279086291572e-16,4.760129298912232e-19,5.781868951277938e-16,-3.0913864430524687e-15,6.6075500226995645e-16,7.035237930634677e-16,2.1540277320342257e-20,2.7200500283912695e-19,-1.3244818982762805e-19,4.49008028871542e-16,5.352464793376968e-19,3.174947876370684e-20,5.731279840098146e-16,5.73257733508743e-19,3.894436137683134e-19,2.11273393647985e-19,3.064458289238315e-19,2.737226606348846e-19,5.603342272078551e-16,7.439343178434609e-16,3.9443453051904376e-16,3.322535801252613e-19,1.183159043674568e-19,3.196731661862987e-19,2.792595511959121e-19,6.049466064510534e-19,5.778579622888654e-16,5.744354923605815e-16,1.5330753862698551e-19,-3.0917599382782905e-15,-3.091542043870326e-15,5.259271037019641e-19,6.849858300663278e-16,2.0313963478636167e-19,-1.3517554124292048e-20,-3.091735540870683e-15,3.5643252117060615e-19,2.637182423809574e-19,5.580474098079866e-16,1.5518359749094107e-19,5.861175632776293e-19,-3.091582778068103e-15,5.6516805130138e-16,8.006965096405912e-16,8.422932728178058e-16,-6.170693593903774e-12,4.0955669895437988e-19,1.7377555267675566e-19,2.8032682395179363e-19,5.466178163737215e-16,6.34895111981551e-16,7.67887251172929e-16,4.900768667461037e-16,5.586014206493264e-16,4.594508714704951e-16,6.903039109092298e-16,6.142414177420059e-16,-6.170815503992886e-12,-3.0914600186333998e-15,6.523378209523409e-16,6.723719634084533e-16,5.879419601797177e-16,-6.17100546571822e-12,5.591382914153866e-16,5.856989884717966e-16,5.534264602761193e-16,-6.170373393801301e-12,5.701111369683087e-16,6.642429465159163e-16,5.407204139117471e-19,2.401589351311782e-19,5.296376679220952e-19,-3.091559499658059e-15,1.889574180518002e-19,4.228076266396036e-19,-3.091122988785402e-15,4.21134984390123e-19,3.8191986112055006e-19,3.166128607944859e-19,-3.0920674940378554e-15,1.717648682263856e-19,-3.091748950781824e-15
1.0000000000326816,2.3713022654290052e-12,3.7254987949978296e-12,-3.091415605796729e-15,1.0000000000153981,1.000000000023194,-1.0712869733785982e-11,-4.806630549943688e-12,4.286127009727266e-12,-1.7692598787021258e-11,1.7432922000163337e-11,-7.33434004061747e-12,1.549181845711749e-11,2.7767111891933163e-14,-1.166704393965946e-14,4.8301968917923356e-11,-1.2104478687218357e-15,-2.0184390212138746e-15,5.757787760765359e-15,-4.096311096980079e-11,6.872025331679623e-15,1.0000000000347182,3.2712246907015465e-15,1.0000000000195477,3.21275648408281e-11,2.82897608973636e-11,3.148878114894937e-14,8.189782385278776e-11,7.507208548548957e-11,-3.312193759119344e-11,-2.0419891627113257e-14,-3.509677031398854e-11,-2.0390278176899514e-11,1.434898501650766e-11,0.9999999999912299,-9.184182110113094e-12,-5.013225088270316e-15,5.120831078189012e-12,0.999999999993537,-1.1286763380935702e-11,-8.875458747993494e-15,-2.588946068816219e-15,1.4576889592089093e-12,-4.620434539741101e-12,-2.7988536960951453e-12,4.345734662946465e-11,3.2923418771796486e-11,1.6114354591436917e-14,-3.9178816988681444e-14,1.5653134745898902e-14,1.0000000000270297,1.89891534042302e-11,3.644109328425755e-11,8.829067494548257e-15,1.1560909802241604e-14,2.9714804922885098e-15,-1.0970554063141264e-11,3.548279312303265e-12,4.6464564568064124e-14,-5.21023444403975e-15,-1.4805170690246338e-14,1.0195694825273171e-14,2.0469135553197144e-15,3.540958775527776e-15,-4.1115764376303e-11,2.294937991059533e-15,1.8840407839733e-14,-1.2154908820513547e-15,-3.258374362179149e-11,7.900982665973847e-16,1.4196924197249541e-15,-2.0491770626276804e-11,5.434374728034874e-11,-7.226371023579528e-16,4.21174499286613e-12,2.5205660646111382e-11,0.9999999999932635,1.0000000000081628,1.7218851150431782e-11,-7.726516420691813e-15,2.3968740640052747e-15,6.912392375360904e-11,0.9999999999745931,-4.855860438191083e-11,2.20402253139671e-15,-5.7999597169723184e-15,1.1592055450500499e-11,-2.7460931697566728e-11,1.0000000000156466,-6.711855525327803e-12,4.377477677014668e-11,-2.1694369277467313e-11,1.0000000000147045,8.023353006595178e-11,1.2018549911824217e-15,-1.6648846636694623e-15,1.8020257932187094e-16,-3.3167099446627544e-11,-2.1017238375419344e-11,-5.8450200008071645e-15,1.2199555716802364e-11,-7.616372169171882e-12,-2.322198980715213e-11,-3.574722506303645e-11,1.00000000002038,1.0000000000170362,-1.89931219754475e-14,3.5050444109629816e-11,-3.507704620001698e-11,1.0000000000000842,1.2137349804843987e-16,2.099410249841199e-11,-2.942140747171197e-15,1.0000000000443279,8.088834062106254e-15,8.535007399119767e-12,3.3931636551723427e-11,4.4792628831589134e-12,4.0847229682422976e-12,0.9999999999933864,-6.811275329173607e-12,-5.386082745145937e-11,1.0000000000233729,-1.2354495967959285e-14,1.8845391477173943e-14,1.1933798884218312e-14,1.0000000000215765,5.057586192165645e-14,0.999999999974332
1.000000000040677,2.371133640720917e-12,1.866737521977616e-15,-6.170545678167289e-12,1.000000000023194,1.0000000000313864,-5.367094416332383e-15,-2.4081038567804065e-15,4.285965712433884e-12,-1.7692769241330685e-11,1.7432752959049623e-11,-3.67431109513551e-15,7.760816927147912e-15,2.7767464812899403e-14,-2.3288943385531217e-11,4.8301811177511753e-11,-1.2107318600023996e-15,-2.0186992654864526e-15,5.758002088944984e-15,-4.096330909024745e-11,6.871850970426988e-15,1.000000000042708,6.52828686601232e-12,1.0000000000275382,1.6094803891692888e-14,2.8289515928474748e-11,6.285527321067866e-11,4.102851475494006e-14,7.507179316919225e-11,-3.3122250936444035e-11,-4.076151239819912e-11,-3.509694747060387e-11,-1.0215042914092398e-14,7.188500702681331e-15,0.9999999999992196,-9.184375659356587e-12,-1.0007276194899994e-11,2.5650933978220215e-15,1.0000000000015246,-5.6545958706801906e-15,-1.771695500048568e-11,-2.5901620075391097e-15,1.457379973469184e-12,-2.3143379069966346e-15,-1.4022389344499678e-15,4.3457078959643194e-11,3.292315651361849e-11,3.2165635526434005e-11,-7.820678993293151e-11,1.5653223311274714e-14,1.000000000035018,9.513085105773036e-15,3.644090466116004e-11,8.828953315571386e-15,1.1560754888301107e-14,2.9714213075937382e-15,-5.495925099527875e-15,1.7775940515079145e-15,9.274790895337802e-11,-5.2099799764268895e-15,-1.4805465891115285e-14,1.0195856143513157e-14,2.046772222109942e-15,7.0681898222736465e-12,-4.1116069755722084e-11,2.2952673554457995e-15,3.7607458333064e-11,-1.2154981347407622e-15,-1.6323603205366228e-14,7.898580126130758e-16,1.4197422354420935e-15,-1.0265713658478256e-14,5.434343763076587e-11,-7.23018686173734e-16,2.109837083509121e-15,2.5205413900554377e-11,1.0000000000012526,1.0000000000161524,1.7218560111734406e-11,-1.5422986699917394e-11,2.396835044835115e-15,6.912366033244618e-11,0.9999999999825823,-4.8558795285834116e-11,2.203958183985547e-15,-1.157727550078576e-11,1.1591876880145457e-11,-1.3757223550857404e-14,1.0000000000236375,-6.71206599227226e-12,4.377448375358263e-11,-2.169469431053251e-11,1.0000000000226943,8.023323136269413e-11,1.2018489492020313e-15,-3.322917065984788e-12,1.8028136485893162e-16,-3.316731257928524e-11,-1.0529193093571903e-14,-5.8454442557917456e-15,6.1115230791277965e-15,-7.6165524098531e-12,-1.1633900580061864e-14,-1.7908583494317446e-14,1.0000000000283693,1.0000000000250246,-3.7912388627949946e-11,3.50501536569429e-11,-1.757308253344891e-14,1.0000000000080735,1.213381467943431e-16,1.0517427234183045e-14,-2.9420736294625982e-15,1.000000000052315,8.088440812557331e-15,4.275794452991064e-15,1.6998834344859688e-14,2.2439434420530465e-15,4.08442681541845e-12,1.0000000000013745,-3.4123512878070965e-15,-2.6983210615469078e-14,1.0000000000313616,-2.4660391029372768e-11,3.761689269465373e-11,1.1933673576216042e-14,1.0000000000295648,5.057593425771651e-14,0.9999999999823216
-1.9752340299397195e-11,9.722185514195121e-16,7.860434095104475e-16,2.252637364195834e-19,-1.0712869733785982e-11,-5.367094416332383e-15,1.9396022533473266e-13,4.970891361742013e-19,3.813877126825171e-19,2.882179102819085e-19,1.369684958632641e-19,1.3744007479546484e-15,6.967088496400163e-16,6.510773832089078e-19,4.874393386937063e-19,1.1090000038285088e-18,1.0588444962820183e-15,3.2482647218104276e-17,5.049299386498665e-16,3.397301697692487e-19,1.126926432821589e-15,-1.0712882350047549e-11,8.274690362081126e-16,-5.367272133192927e-15,4.071497642615247e-16,2.7342382831793607e-19,5.539733567732666e-19,1.8231884329884926e-19,8.082507228729729e-16,5.972188711136092e-16,3.376703521067248e-19,3.511348280335389e-19,4.0930434637272442e-19,6.732460929690348e-16,-5.367174067563391e-15,5.842205844976818e-16,4.763905540145546e-19,5.6438792382440746e-21,-5.367275224460454e-15,3.088613295914783e-19,8.552833365674801e-16,2.4005461770203485e-16,7.759191433831961e-19,9.281427605582163e-16,4.439398580235437e-19,6.811762741091488e-16,8.843441590568805e-16,9.529972323065478e-16,5.1475109022840685e-19,-9.099251548549109e-20,-5.3668460017412866e-15,1.6519699789379908e-19,4.462745526091057e-19,-1.4005095516406868e-16,8.645753105548817e-16,7.766299515300198e-19,5.932651195575355e-20,5.9300367318098e-16,8.206342992058067e-16,4.196107865201559e-16,-1.1851128569183327e-19,8.294024599928722e-16,1.5420805271690118e-18,3.97919221058535e-16,2.687873075797632e-19,3.2867993355699293e-19,1.461290078982187e-15,7.381256273998371e-19,6.038201932940779e-16,8.931145273355545e-16,2.3578057063210596e-16,1.5760817018559307e-19,1.5347288444007195e-15,3.567033045647842e-19,3.253216024743223e-16,1.1190936306000961e-15,-5.367365605197476e-15,-5.367104173937281e-15,1.7085873038912465e-19,6.10760996310561e-19,8.900646243191981e-16,5.456276307683843e-19,-1.0714085471575443e-11,9.068751503087792e-16,3.316886252003477e-19,3.7354079776562673e-16,3.8884187249474063e-19,4.127129125300187e-19,-1.0713712093526648e-11,3.4112967487332293e-19,5.881457913292821e-16,7.361694221135537e-16,-5.366672973809893e-15,6.377433477495037e-19,5.902886027578311e-19,3.5540495579294185e-19,4.525420318683502e-16,6.539227856126995e-16,5.785213065976468e-19,2.815440832459151e-16,1.5566899401507545e-19,7.214110782200173e-16,8.850178264000197e-16,2.705188417870739e-19,-5.367342560720451e-15,-5.3667775122127734e-15,4.969992434681425e-16,4.4618601836780735e-19,5.558791277376336e-19,-1.0713464369659039e-11,2.5750635341371775e-19,8.085158326817987e-16,8.48672581901548e-16,-5.366876400096181e-15,4.731575555204427e-19,1.0388489443789907e-15,5.860565441669314e-16,3.0153324478541953e-19,1.5339045769763e-19,-1.0713581243512276e-11,1.3963313854599986e-20,7.367676194066187e-16,-1.071290562133383e-11,9.962213927664912e-16,1.1802855433325258e-15,8.494086481047465e-16,-5.367266355045399e-15,3.514765003732238e-19,-5.366527152459441e-15
-1.3835547845937795e-11,2.6706722507937127e-16,1.8068117109423895e-19,2.1738765519773106e-19,-4.806630549943688e-12,-2.4081038567804065e-15,4.970891361742013e-19,1.9430214444738973e-13,4.3993135694804417e-16,8.216235983381171e-20,5.929533386830653e-19,2.0445100297085226e-19,4.488546148416406e-19,5.986830559513842e-16,3.709601483168128e-16,1.1773937845276668e-19,7.468226829561379e-20,7.876404266526695e-16,1.0172309395167026e-19,-2.3301849966488656e-19,1.7252703778428977e-16,-2.407975805600586e-15,-5.913400536175553e-20,-2.40841617555215e-15,1.8184398996868364e-19,4.0124762463608377e-16,5.6369810335410445e-16,9.795563411645889e-20,5.573972138451835e-16,7.547997229126431e-16,5.565969123368698e-19,2.372144894678685e-19,5.83684618800557e-16,6.378862478257158e-16,-2.4082125863329794e-15,4.253997262329208e-16,3.6907109814838287e-16,6.424172411919946e-19,-2.408288906052111e-15,3.704387118517188e-19,3.827389990910118e-19,5.582164389956517e-16,3.3828507848922523e-19,1.0274057949091862e-19,5.596429336583733e-16,6.916252712271642e-19,7.08228709193956e-16,6.275888667387674e-16,7.395751155034868e-16,4.736811413721695e-19,-2.4080854847678655e-15,6.916626186664931e-16,6.054279114333887e-16,5.458016384537623e-19,2.46210050154009e-19,1.8067465255597082e-20,5.74699606572769e-19,2.9348778224763466e-19,7.193112892318166e-16,3.5430200591910957e-19,1.888918941465344e-19,3.4150828747244777e-16,2.818893641965118e-17,3.0328613665071636e-19,7.491961557518607e-19,2.600625734503861e-19,3.7113343820274255e-19,2.2917052342197506e-16,6.216912005440644e-16,2.2613277183990903e-16,6.487775816402505e-19,3.0614055122707484e-16,7.863845412051528e-16,4.934559394560808e-16,6.63816157741377e-16,4.707480779473642e-16,-4.807169533721074e-12,-4.806790383430579e-12,8.083844274706143e-16,5.663002294698573e-16,4.601325563599778e-16,3.0489427461038147e-19,-2.40839289173106e-15,5.264304337272357e-16,4.84240644145055e-16,2.758389292775498e-20,2.344135529979829e-19,4.3174332099571314e-16,-4.807096285617718e-12,5.080079450552344e-16,4.3144023305643445e-19,4.638365462434254e-19,-2.4079186947502953e-15,2.9859899715028234e-20,3.2659869968617093e-16,2.1664035253081816e-19,5.907501825302635e-16,2.702500302603256e-19,1.6677713716601067e-19,4.852434111036575e-19,3.3859268613828917e-19,5.0320594158608035e-20,3.267030820829672e-19,6.925138271541769e-16,-2.4084015026101388e-15,-2.408262891058754e-15,2.319704486688246e-19,3.3531671829909804e-19,3.6747526784997555e-16,-4.807242349533641e-12,7.089934436869235e-19,2.217084766553652e-19,1.7562718141260585e-19,-2.4082681687044564e-15,3.3433204083481657e-16,4.700858056394069e-16,5.993901383931e-16,1.2648664901488416e-19,6.875493955488599e-16,-2.4082315560539562e-15,8.375345183394203e-16,6.704584849748251e-16,-2.408096905649327e-15,3.470719321556666e-16,2.8576095389992317e-19,4.544598796205954e-16,-4.80677406556066e-12,6.484714002126863e-16,-2.4086302472217236e-15
-4.74743526771459e-12,5.419566442833438e-16,3.7535145785295856e-19,5.689455811291021e-16,4.286127009727266e-12,4.285965712433884e-12,3.813877126825171e-19,4.3993135694804417e-16,1.9467412918123528e-13,3.493564938397661e-19,5.454570656325425e-19,7.405421792373474e-16,4.370917947289971e-19,2.8425701924547613e-19,2.3162524554300795e-19,5.811201304360425e-19,4.871796537017222e-19,3.130510344337942e-19,6.13167399070379e-19,6.835518862513331e-16,5.318700358826835e-16,2.1471768161955732e-15,3.3391778076230696e-19,4.285445657630167e-12,7.765855803036739e-16,6.843297431278114e-19,7.217144485150443e-19,3.309246794312229e-19,3.9658213566803044e-19,7.622511396215451e-16,7.045155809334684e-16,7.111836286348356e-16,-1.517089218945566e-19,7.383162540770798e-20,2.1473135091295543e-15,1.517332859483e-19,5.954635001654962e-19,6.503338292585353e-16,2.1465890797605225e-15,3.5932613598847827e-19,9.19707944242766e-19,2.9709771163881727e-19,8.123089998410094e-16,6.434296453952303e-16,4.1555439528538037e-19,9.519149687966686e-16,8.685716116109656e-16,8.605224023669029e-16,4.7891900975735975e-19,7.054473453782852e-16,2.146872525481978e-15,7.749046189144908e-16,7.973109648310566e-16,4.580405239790353e-19,2.1598711666105e-19,6.876518934481633e-19,5.488473484292658e-16,4.383705015292981e-19,8.684069122660642e-16,4.20976667875136e-19,7.468626392106878e-16,5.650456808837814e-16,4.792867057514166e-16,1.8061574816817188e-19,8.117621457608914e-16,6.246908390625992e-16,7.683727472651328e-16,-8.154936394700937e-20,4.424474790444876e-19,4.707203009450063e-16,7.059436528422965e-16,3.1867414942367987e-19,1.180325078375754e-15,6.288092430000266e-19,6.910513100409403e-16,7.934867880016776e-16,4.285430314780366e-12,2.1469000595251127e-15,7.49261706388596e-16,7.728314619509343e-16,6.934196225478998e-16,3.771691106602968e-19,2.1467212502778566e-15,7.470349466284977e-16,-5.553333619197152e-19,6.519150016973208e-16,1.9234817047028403e-19,-1.0852736676970234e-19,4.2854923190159285e-12,8.430424795525629e-19,4.744536102533776e-19,9.611559362415554e-16,2.14701992848471e-15,8.786687002081287e-19,2.4026929235983296e-19,6.485012774575335e-16,3.7314738831451203e-19,7.281625002856627e-16,4.209795699249649e-19,5.909155138619726e-16,5.153061246131208e-19,4.868431026825e-16,7.804656520301544e-16,1.634151410266828e-19,4.285690795093313e-12,2.1472200499432093e-15,5.695970529835096e-19,7.432037138791055e-16,6.393962594022018e-16,2.1468113889351616e-15,3.7076769908536226e-19,2.5751963600428056e-19,5.101234252107145e-19,2.147088362897429e-15,5.968986361597106e-16,7.209081844809392e-16,6.755915069002104e-16,2.5531523593224913e-19,7.005876143287042e-16,4.285591000686314e-12,6.678210570165905e-16,7.753111772095002e-16,2.147088597503752e-15,6.460005035688996e-16,3.519398742107111e-19,6.956256429401564e-16,2.146863006275262e-15,8.51973283522832e-16,2.1466164601201072e-15
-2.673759160673993e-11,3.840678162039612e-16,3.9765788904114383e-16,1.0541096791945994e-20,-1.7692598787021258e-11,-1.7692769241330685e-11,2.882179102819085e-19,8.216235983381171e-20,3.493564938397661e-19,1.9444063220527412e-13,7.572446834444357e-16,3.9996869718289503e-16,-5.876357182803356e-20,1.3179689114661565e-18,5.19117953633729e-16,3.946096988845977e-16,4.78706044262112e-16,5.450333300104909e-19,7.260739756052804e-16,5.076487173430006e-16,1.4433418539345095e-19,-1.769242610142286e-11,6.73584029347052e-16,-1.7693465575239947e-11,4.028819952215508e-19,6.008171207815514e-19,3.880346666649947e-19,6.963676387589176e-19,6.827370046708362e-19,1.0518359054536221e-15,6.737834964046242e-16,7.13962609745401e-16,8.011602144228046e-16,8.812880647452679e-16,-8.86427635470418e-15,5.940202889225744e-16,5.134990775125126e-16,8.4363620199619e-16,-1.769365690248066e-11,7.11864032354852e-19,1.4253831535167446e-15,4.2416490901596706e-19,7.920068037720865e-16,5.677532668175933e-16,3.8746483684792827e-19,1.2753529588058176e-15,3.3848975285550677e-19,8.761430961070697e-16,1.0320513131817626e-15,6.082067375585609e-19,-1.7692976205776556e-11,5.164095379983982e-19,2.908087975799326e-19,8.748452685703204e-19,7.517841454314291e-16,3.5541262834258836e-16,8.507471667950227e-19,6.733436635106342e-16,6.247437945563812e-19,8.842819280642938e-16,1.2628985285795828e-19,4.671943789250788e-16,2.508801309986574e-20,4.780622943553405e-19,3.096395612515941e-19,4.876421172071055e-19,2.47198563701242e-19,1.775636652455532e-19,8.151820363486454e-16,1.643453048045879e-19,5.227286751534272e-19,4.392820565430521e-16,4.932774068536082e-19,6.698827787678541e-16,9.213027301171527e-16,2.863913904701588e-19,-8.863917619012647e-15,-8.86393259277881e-15,5.554052920886936e-19,7.69810406829633e-19,6.703200120549212e-16,8.384114074067784e-16,-8.864214169604432e-15,4.505474053687095e-19,3.9843019381962425e-19,9.39629697322843e-16,2.3528376718223687e-19,5.803713565366542e-16,-8.863547892499479e-15,4.095672105526903e-19,1.2705996876714057e-15,1.313945845848018e-15,-1.7693107555024707e-11,2.334035353862723e-19,-8.286200421562119e-21,7.694206264387985e-16,8.238315157527586e-16,8.137470365818251e-16,9.228762687987808e-16,2.7037218817874396e-19,1.0558560119701573e-15,3.5608643852232704e-16,1.4821780424418759e-19,5.119215539777127e-19,-8.863834275058637e-15,-8.863934087403691e-15,7.47487034147681e-19,8.219035804209689e-16,2.8914135298527956e-19,-8.864220461729892e-15,2.2761860854757147e-19,6.423751526864907e-16,5.381045489177136e-16,-8.863939024328419e-15,2.344593791938382e-19,6.872144272540993e-16,8.094800765346605e-16,6.413601096199175e-16,2.0927583030117979e-19,-1.76930597470818e-11,1.1908262184182617e-15,9.303321186947747e-16,-1.7692553063524165e-11,4.888603762283298e-16,4.851453844741264e-16,3.9440656716562554e-19,-8.863776839646457e-15,9.344907178841579e-16,-8.86429067614395e-15
8.394267727279649e-12,5.368833293056902e-16,4.726806556769755e-16,1.1916132122100772e-19,1.7432922000163337e-11,1.7432752959049623e-11,1.369684958632641e-19,5.929533386830653e-19,5.454570656325425e-19,7.572446834444357e-16,1.947011510702534e-13,1.2210098858971808e-19,4.997820428719882e-16,6.880210848871967e-16,2.2900974467318053e-19,7.28028908813712e-16,5.555917791439267e-16,6.052898302573653e-16,4.2700832544332116e-19,3.832204152726395e-19,3.763157391187701e-19,8.733070206952699e-15,6.40689623888741e-16,1.7432256187405792e-11,3.6235267667827594e-19,2.1126137119903408e-19,3.9853769281347204e-19,3.6181448054828405e-19,2.809022859749229e-19,2.825763720381965e-19,6.356891914239538e-16,3.290753539769494e-19,6.386907201232247e-19,3.3184066488596253e-19,8.7332579486588e-15,5.122647945414743e-16,5.523678356557144e-16,5.938199102387544e-16,8.73298362249746e-15,3.1048594351355605e-19,1.0612787280119577e-15,4.3062278353985887e-16,9.096792318646627e-19,3.5734020340074994e-19,6.948254903839609e-19,5.185868297736157e-19,3.852861506662474e-19,7.969356059772402e-16,2.739701998399794e-19,3.772965806605096e-19,1.743266008584553e-11,8.388427132380141e-16,8.501496495455482e-16,3.0929826165377643e-19,7.408981163507118e-16,5.482509729836421e-19,5.366128413041526e-16,5.282138308354276e-16,7.400852053221331e-16,5.816129554833486e-16,3.832005240875536e-19,7.977733054516314e-20,4.881281578733057e-19,1.426216579985385e-18,6.23580998021582e-19,5.640753448512213e-16,7.069611419348981e-16,2.2762433758490686e-19,5.70684993734996e-16,4.686777523035674e-16,5.730802993829594e-16,7.935290159311249e-19,1.1429127539106897e-15,3.056651259896842e-19,5.057160763553765e-19,3.477721287797833e-19,1.7432168155341526e-11,8.733704084812821e-15,5.308651068865268e-19,4.1354308205362947e-19,6.971453199715101e-16,7.652169269580114e-16,8.733121608649824e-15,7.540845841429785e-16,2.378567176695077e-19,6.541659273144903e-16,6.813127395405739e-16,5.406954945326997e-16,8.732844486602957e-15,2.149321277225921e-19,4.897904155205481e-19,9.927874305799204e-16,8.733442304722549e-15,1.0809525109740053e-19,5.466268307665677e-16,5.351802132920415e-16,5.929138953178973e-16,5.576094640103292e-19,8.101010705034947e-16,4.887994201658022e-16,6.574705312808167e-16,6.293181989639105e-20,3.443493397683883e-19,7.518409887396546e-16,8.733089316396225e-15,8.73328622901554e-15,7.008746473506439e-16,6.439487436528605e-16,4.303102175811801e-16,8.732879627301356e-15,2.653180996466657e-19,2.833092524599369e-19,5.793914073631566e-16,1.7432874391821933e-11,6.333034458328241e-16,7.512852019186138e-16,5.891060111909394e-16,5.828450834414751e-16,6.087094348241326e-16,1.7432466975418093e-11,2.246461050632945e-19,7.5068110679841975e-16,1.743294127060595e-11,5.965959209893808e-16,1.6375007715891686e-19,4.231872273967659e-19,8.733231052332949e-15,8.81500254882605e-16,8.732985100001455e-15
-1.6411878901091892e-11,5.528126344294563e-16,6.338887150518543e-19,4.2002041545798025e-19,-7.33434004061747e-12,-3.67431109513551e-15,1.3744007479546484e-15,2.0445100297085226e-19,7.405421792373474e-16,3.9996869718289503e-16,1.2210098858971808e-19,1.945723322313621e-13,5.944280907177698e-19,1.1608208258706266e-15,2.0279152374668853e-19,4.960453599162016e-16,8.526693230331194e-16,1.0217855862634428e-15,-4.0481923235172184e-19,7.235695510940053e-16,1.7039414171916668e-19,-7.33407468183405e-12,8.47712844274014e-16,-7.335449344665821e-12,1.2575939130997464e-15,8.394794557854767e-16,7.672160143042853e-19,7.718841702923494e-16,6.830057042133038e-19,1.167951734077862e-15,4.97541592236135e-19,8.352249260181791e-16,1.0410619435732727e-15,7.032079166724072e-19,-7.335081375263917e-12,7.020893448671632e-16,2.8344517675144975e-19,7.833435519232616e-19,-7.335614908915951e-12,1.1534950588156841e-15,7.237854552120659e-19,1.0506410025111523e-19,6.856323278921257e-19,9.71547257824853e-16,4.293715322404213e-19,2.3164185956298105e-19,5.584562482083179e-19,8.979560184786714e-19,1.137167641048371e-15,5.906915021697047e-19,-7.334896091547553e-12,8.52086724305327e-16,5.711053778752023e-19,8.932232914994427e-19,7.589186778330578e-16,6.37990212730166e-16,9.182578144651896e-16,5.510837894687259e-19,1.2621450551916574e-15,5.73975130704059e-19,1.1000046642448233e-15,3.6223163999536667e-19,3.064312541431356e-19,7.331639017567691e-16,9.387805560670711e-19,1.5565115969582075e-19,8.046562800740093e-16,3.5711244200487323e-16,3.41750278415338e-19,4.942065211511237e-16,1.1478134722854476e-15,6.769062157787078e-16,5.913347253927477e-19,8.812649800888358e-16,9.802540465470245e-19,1.0076692266222765e-15,-7.335310115005876e-12,-7.33454848828455e-12,6.446247546110922e-19,4.337418933018332e-19,2.477015109670532e-19,1.0122316236688008e-15,-3.6747794764722135e-15,4.340224873357499e-19,3.9378972043687624e-19,7.865276122208769e-19,3.632848136088854e-19,8.577597558188622e-16,-7.335210399527402e-12,4.005778260546382e-19,4.2566779742640306e-19,8.3548760480102275e-19,-3.674663518296558e-15,1.1517523631369699e-15,5.839244783600204e-16,5.052803829359711e-19,6.584606361284236e-19,3.422977360241387e-19,2.497579660928982e-19,8.264606248965978e-16,6.570100057832684e-19,3.385109503642042e-19,8.589316123070131e-16,3.6406257653468973e-19,-7.334950658204945e-12,-7.334425142617108e-12,1.108175430595082e-15,1.119436504564136e-15,6.670888582574157e-19,-3.674834789821503e-15,6.665375129764935e-16,4.66896553810648e-19,5.168896046953718e-19,-7.334408509913638e-12,4.030902398748488e-19,7.666417365680969e-16,1.009861016987739e-15,2.8090819063025374e-19,6.316346267977546e-19,-3.674420656943282e-15,5.663886978954815e-19,2.572402732604131e-19,-7.334169336950268e-12,7.107125428472238e-16,2.797685058639736e-19,3.6104564269921464e-19,-3.674401356282889e-15,2.525159851589765e-19,-3.67524978707205e-15
6.443978941941797e-12,6.485213008184742e-16,4.983565474248126e-19,1.569973266016127e-19,1.549181845711749e-11,7.760816927147912e-15,6.967088496400163e-16,4.488546148416406e-19,4.370917947289971e-19,-5.876357182803356e-20,4.997820428719882e-16,5.944280907177698e-19,1.9479045315759591e-13,1.0466231877991004e-15,6.911718634064599e-19,6.992202250657237e-16,6.424937338870473e-19,5.690900977746329e-16,4.0816179467508867e-19,7.894830874143723e-16,5.270542516753714e-20,7.760676052090214e-15,7.606591814739901e-16,7.760577440198578e-15,5.205525538271087e-19,9.126424535531302e-16,1.0713730876841057e-15,3.051465015884508e-19,4.550880917608382e-19,3.094890921814602e-19,2.595628932941487e-20,3.745461736383731e-19,6.559160055808817e-19,8.164503454906792e-16,7.760698358977291e-15,6.04629530490253e-16,6.861017135262808e-16,4.182505118398199e-19,7.760277919841826e-15,2.1383933263935734e-19,1.1163943315479267e-15,2.8117211305191006e-19,1.0531684132023885e-15,5.797203589193314e-19,7.888825618563223e-16,4.2242357953653547e-19,2.4036481377652897e-19,8.949063463202033e-16,8.286635032199666e-16,2.1305578098789385e-19,1.5491416983355944e-11,5.958701513717702e-16,6.815593990759811e-16,1.2053474025677353e-19,3.7514995363028273e-19,6.479315623998886e-16,5.4896674004196525e-16,5.770217826690966e-19,4.898088823962309e-19,7.411257765818393e-16,5.127706952114299e-19,6.846074030793515e-16,6.176770998685181e-16,3.9689557949522895e-19,7.62116239173279e-19,6.811556425340567e-16,9.74938158261123e-16,4.125886801538784e-16,9.178751128456843e-16,4.7940050305653785e-19,4.130495704063217e-19,7.84252826039557e-16,1.203132143901712e-15,4.875985081611554e-19,6.273021169991975e-16,6.161356209352028e-19,7.760693937993216e-15,1.549164571697257e-11,8.003678636991255e-16,8.073980335237652e-16,2.4804352424636744e-19,8.830406234382278e-16,1.5490921391013208e-11,6.510735822491173e-19,2.345443608379717e-19,6.111392233632207e-16,4.597153420444405e-19,4.075380355699457e-19,7.760444389595542e-15,3.6977500875051834e-19,8.811889993370034e-16,9.442476655851572e-16,1.5491504054868672e-11,5.14268798867695e-19,6.120320116631903e-16,7.445894861452337e-16,2.7884991213329373e-19,3.2918743897665066e-19,9.294055108174528e-16,5.199904482621094e-16,2.764729288438264e-19,4.65177329508871e-19,4.2936232795486877e-19,3.697292980030611e-19,7.760731488508369e-15,1.5491803309083797e-11,6.309279933366541e-19,9.425403215050003e-16,9.12004091327609e-16,1.5491137499117505e-11,4.751847644672098e-19,2.2520975487800463e-19,4.1726305851783565e-19,1.549180753358101e-11,1.2863853705114664e-19,-3.3081021691365503e-20,8.124079545148128e-16,6.223190753434951e-19,4.180571973561636e-19,7.760876099226904e-15,2.08537629852977e-19,8.584093189502583e-16,7.760984650378503e-15,7.309952162746725e-16,5.957564544582067e-19,2.679378963529889e-19,1.5491407773317278e-11,2.643733019016213e-19,1.5490816694800465e-11
