1.0000000031124008,3.1105210031831775e-07,3.068112895768444e-07,1.6817996042609175e-07,1.0000002216409944,1.667622168734175e-07,4.139983116818475e-07,4.7311438877716275e-07,4.73496183554208e-07,1.000000225155661,3.391946692978329e-07,3.7771699525728014e-08,1.0000001386910793,3.130204295519645e-07,2.2461642519141794e-07,2.804383349832572e-07,2.685516430414684e-07,1.0000002191942001,2.433535050484354e-07,1.370964281681626e-07,1.8132084204591988e-07,1.771173508719804e-07,2.8073142775246716e-07,1.8974911491311947e-07,6.993235162068921e-09,-4.729430159165834e-08,2.096532569318427e-07,2.2620834447219116e-07,3.1494920087359787e-07,1.5941146798831613e-07,1.6675435143751617e-07,2.712690774721349e-07,1.9722573588370591e-07,6.623519354271275e-08,4.67715498520975e-08,2.9069396069472185e-07,3.7111513437742563e-07,4.260810338947743e-07,2.729073122286097e-07,9.057276345895294e-08,3.8810029181298385e-07,2.1891426882567775e-07,3.5037326199801954e-07,3.340176352657269e-07,3.8917793218698883e-07,2.4177461301963944e-07,1.634685031681638e-07,3.725175477952624e-07,2.2886720832686527e-07,6.830376768708322e-08,1.0000001926239825,1.0000002218866864,5.364671211984104e-07,3.077795696144676e-07,2.546100785543885e-07,-7.449273997101347e-08,4.170857401064632e-08,3.8922157899957235e-07,1.0000002183734096,2.656908041351114e-07,7.028562479029756e-07,1.000000155964003,3.643898581372409e-07,2.96252987540679e-07,2.3666746408602805e-07,2.488874624181051e-07,1.00000011191424,2.9043764157582344e-07,1.2224957991257036e-07,2.426015899427217e-07,1.247667565745383e-07,1.6777239538560903e-07,9.946997491499821e-08,3.640469212951979e-07,1.5824259517230568e-07,1.0000002147813671,3.0278545172693346e-07,3.109236097081197e-07,7.255918645456162e-08,1.0000002284726015,2.985333237545953e-07,1.087688803246631e-07,2.484179995866619e-07,1.717758432001376e-07,7.459567426973902e-08,2.1442298205322408e-07,1.0889640745593255e-07,2.702166380032886e-07,1.9954443290587618e-07,2.1309275740261719e-07,3.845971064684485e-07,2.138973274621554e-07,1.4941160882193856e-07,2.155892862119543e-07,3.319017235743674e-07,1.0000003211137407,-2.0356097101116477e-07,1.0000001885099798,1.0000002440424742,1.7734289906864898e-08,2.615105518350323e-07,1.8371006743410616e-07,1.785350716345019e-07,1.9571892036425586e-07,4.2435937238952993e-07,1.0871274152976657e-07,1.1201113322484136e-07,2.81605577209241e-07,-9.213447556015934e-08,1.3822739782882848e-07,9.962473462264845e-08,1.2510074716388013e-07,2.6109878939540173e-07,1.0000001319510634,1.0000001468250688,1.0000001555999696,6.826124996657627e-07,1.3826119249237186e-08,1.000000146567013,4.06044633593511e-07,8.087779685082614e-07,2.2251922229523963e-07,2.364632689560497e-07,3.2692223564195624e-07,2.4850980262252895e-07,-2.9946654531931694e-08,1.440199273719024e-07,2.7716222441982404e-07,2.7819417290120756e-07
3.1105210031831775e-07,9.327320854225234e-07,-1.2886098440610136e-08,-1.1526564856467033e-08,-1.8490096202559267e-07,-1.851096406180063e-08,-1.4129285301055307e-08,-1.6382977471318776e-08,-1.6092014806966476e-08,-1.638310291472485e-07,-2.1185866918154286e-08,-1.7906858330603577e-08,-1.8587599100716856e-07,-1.4171035780938412e-08,-1.8312029552204923e-08,-1.8202683737742125e-08,-1.3886288205408484e-08,-1.729334900619214e-07,-1.60346714183474e-08,-1.2888820872881682e-08,-1.4274767583600854e-08,-2.1096669316884995e-08,-9.71568838902875e-09,-1.605606175574682e-08,-1.7933421540140722e-08,-2.0944381514765164e-08,-1.2767573974747407e-08,-2.0941755988050176e-08,-2.1439269120016493e-08,-1.600960501995757e-08,-1.049628209186351e-08,-1.3957663814495591e-08,-1.1627372798837454e-08,-1.5819710043707425e-08,-1.1605724206146059e-08,-2.112722911561088e-08,-2.4592170573311915e-08,-1.4604407659450283e-08,-1.3049352799170854e-08,-1.158584248311099e-08,-1.4234650240890237e-08,-1.5992756132754483e-08,-1.456505109597374e-08,-9.951878843180247e-09,-2.5426506018856523e-08,-1.4034326464822656e-08,-1.7968832219505534e-08,-9.520397755370394e-09,-1.4274039984067776e-08,-1.1315815604474846e-08,-1.6901489694471784e-07,-1.4853374151577015e-07,-2.499838600549865e-08,-1.0908943112581315e-08,-1.1054396244518923e-08,-1.7864791940786175e-08,-1.1282064809948235e-08,-1.612597883202844e-08,-1.5923250324868202e-07,-1.0849332741175238e-08,-3.1826876626075666e-08,-1.6955687456871002e-07,-1.8383393132480164e-08,-9.842574431309689e-09,-1.614408228932651e-08,-1.389629831107639e-08,-1.6971011625895309e-07,-1.3184444900773492e-08,-5.862045862089725e-12,-5.874888140960754e-12,-8.034713080233718e-12,-5.8358800559036745e-12,-6.2847928771749405e-12,-8.015278816335268e-12,-1.061283433451026e-11,-8.035492345770671e-11,-5.922034326933201e-12,-7.98914155605937e-12,-5.743042629266365e-12,-8.61099215387816e-11,-7.952134820844593e-12,-5.977703111880878e-12,-8.198337124987946e-12,-5.932245696755781e-12,-7.954052060836213e-12,-6.512149771568129e-12,-9.233165297225925e-12,-6.548857926060628e-12,-1.0601920115501181e-11,-7.1532439036971275e-12,-8.028828891736837e-12,-7.929803231077079e-12,-4.158216443462232e-12,-7.118746866081273e-12,-8.207102651590702e-12,-8.798189639116939e-11,-9.25331816253944e-12,-8.467207501853242e-11,-7.956545021675608e-11,-1.0262761025969354e-11,-7.042371722226962e-12,-5.762745922252485e-12,-7.213266142730966e-12,-5.8931861337792055e-12,-7.1262523578734245e-12,-6.500887186187328e-12,-7.938390657804887e-12,-7.1491011201546205e-12,-8.932806529806283e-12,-9.219349475388445e-12,-6.323242660603697e-12,-7.879069742117764e-12,-6.054846325773357e-12,-8.71357387889577e-11,-8.420682274008176e-11,-8.701593311383808e-11,-1.2641958787142527e-11,-1.0542335676353982e-11,-8.857711349007552e-11,-1.0962785314602065e-11,-1.2281905281990523e-11,-7.218120658140195e-12,-7.983288016980776e-12,-7.0908539451458134e-12,-6.561741067508293e-12,-1.0329694319640114e-11,-6.490466483349715e-12,-7.161967753712392e-12,-7.328388604247032e-12
3.068112895768444e-07,-1.2886098440610136e-08,9.379483998721653e-07,-9.424309687432028e-09,-1.052791672029528e-10,-7.592793724572667e-12,-1.155761431698939e-08,-6.7199985883948366e-12,-1.3170516601080313e-08,-9.656185729788342e-11,-8.69025138010425e-12,-1.4649066357956333e-08,-1.0568406113650026e-10,-1.1590357013248864e-08,-7.509206516779321e-12,-7.463573571440992e-12,-1.1348449787659689e-08,-2.0023368419910508e-07,-1.3119128757121465e-08,-5.281794621315776e-12,-1.167601589434388e-08,-1.726582119572079e-08,-3.977177951451868e-12,-1.3139456720849426e-08,-1.4670623018175233e-08,-8.590759304366355e-12,-1.044271742921829e-08,-8.588134364384303e-12,-1.75611489936307e-08,-1.3098788790724143e-08,-4.297155323153351e-12,-5.717902911134613e-12,-4.7640856372072565e-12,-6.481267490933096e-12,-4.753631062488872e-12,-8.664101665294683e-12,-2.013316960777015e-08,-5.9901812755051785e-12,-5.349490368524016e-12,-4.746706760320419e-12,-1.164394784882107e-08,-1.308560141735041e-08,-5.97253249886564e-12,-8.137952491297917e-09,-2.082807918037951e-08,-1.1478285592723205e-08,-1.4697034479893736e-08,-3.903651139079989e-12,-5.8501256564104496e-12,-4.632411495898386e-12,-9.870788881952075e-11,-9.023163440066554e-11,-2.047129058164002e-08,-4.471265723509617e-12,-4.534420488985405e-12,-1.4613689617859713e-08,-4.618673502508675e-12,-1.3197405363321709e-08,-9.465488923236124e-11,-4.447568938309137e-12,-1.307105471178665e-11,-1.9744483477033905e-07,-1.5050575872540974e-08,-4.031293121889427e-12,-6.619352161599e-12,-1.1360766379175558e-08,-1.9757340432030016e-07,-5.406069239110208e-12,-9.571454422876596e-09,-9.59242771842539e-09,-1.3125479913355464e-08,-9.525155364126397e-09,-1.0252225611457648e-08,-1.3089101952942304e-08,-1.7337825734907116e-08,-1.8984837358987072e-07,-9.669884585087025e-09,-1.3044398085480967e-08,-9.369263327936924e-09,-1.9934536132183372e-07,-1.2982087910046312e-08,-9.76464596729746e-09,-1.3399293295123553e-08,-9.687557247415131e-09,-1.2985977899855719e-08,-1.0635587413257349e-08,-1.508908591482181e-08,-1.0699328044500728e-08,-1.7326890908954078e-08,-1.1684127887124093e-08,-1.3114511504525912e-08,-1.2946230027615085e-08,-6.792035555778888e-09,-1.1621966930586804e-08,-1.341192829950302e-08,-2.024190196712421e-07,-1.5125940260843012e-08,-1.9697481384732394e-07,-9.447556454931784e-11,-8.39228208035866e-12,-5.759116285077155e-12,-4.710185773398941e-12,-5.9018366895052986e-12,-4.819952826096202e-12,-5.8301211295404086e-12,-5.3197322565326885e-12,-6.493480408443673e-12,-5.847905391382004e-12,-7.304088420847798e-12,-7.547844831146268e-12,-5.168576885363136e-12,-6.444650628999758e-12,-4.95675359133141e-12,-1.0073018300104377e-10,-9.831254142725653e-11,-1.0063003712468941e-10,-1.0352223575201076e-11,-8.628714129548376e-12,-1.0192000516951719e-10,-8.984096300745036e-12,-1.0049784541707251e-11,-5.907531482598172e-12,-6.5310533334849405e-12,-5.799600083575006e-12,-5.369667869176403e-12,-8.450938429924677e-12,-5.310407169278501e-12,-5.859378037448702e-12,-6.001270259498905e-12
1.6817996042609175e-07,-1.1526564856467033e-08,-9.424309687432028e-09,9.400556332834906e-07,-1.8076954107523704e-10,-6.7775751012291644e-12,-5.177241104322121e-12,-1.1973449546652492e-08,-1.176365476419104e-08,-3.4550591673487486e-07,-1.548216308521321e-08,-1.309455778686027e-08,-1.8112290465552405e-10,-1.0365168549098122e-08,-1.3385530252368112e-08,-1.3306644784793293e-08,-1.0163925424656932e-08,-3.521109128437577e-07,-1.1724971714644723e-08,-9.426678312750702e-09,-5.230841726320707e-12,-7.7264797571902e-12,-7.111286659258846e-09,-1.1738037675561992e-08,-6.570181286364809e-12,-7.668435174214472e-12,-9.338340367105426e-09,-7.668676908870013e-12,-1.5661443854059164e-08,-1.1706177088584324e-08,-7.682440406013416e-09,-1.0211775321876924e-08,-8.505171240809494e-09,-5.797803082308487e-12,-8.491686898505877e-09,-1.544268569299609e-08,-9.004252779586493e-12,-5.347720588365804e-12,-4.780294652769209e-12,-8.47520054437159e-09,-5.215773896450231e-12,-5.85850262628604e-12,-1.0647423290270432e-08,-3.647094659693624e-12,-9.305657830201077e-12,-1.0265322771055657e-08,-1.314217385878588e-08,-6.958974883443751e-09,-5.229839873608667e-12,-4.1498557017911455e-12,-1.7499263029936572e-10,-1.6754785966750218e-10,-1.8265439568558213e-08,-3.996495552464544e-12,-8.078139580524328e-09,-1.306439297523284e-08,-4.137616005569395e-12,-1.1789064860094536e-08,-1.7144009979273616e-10,-3.974058518017771e-12,-2.3237257754148807e-08,-3.4966101447429863e-07,-1.3434903425906665e-08,-3.607835772360674e-12,-5.912860344124628e-12,-1.0167968164278293e-08,-3.497706331642611e-07,-4.8288953264497494e-12,-4.286858786754107e-12,-4.296311346373792e-12,-1.1722479803384853e-08,-8.521246051905578e-09,-9.18104885841073e-09,-1.1698557304374448e-08,-7.757476895002126e-12,-1.7185438627686365e-10,-4.330501102620182e-12,-1.1661659637246733e-08,-4.202936313200294e-12,-3.5132851737238615e-07,-1.1609235048235612e-08,-8.722162402763648e-09,-5.990631526626729e-12,-4.3377866304766e-12,-5.8171462304099595e-12,-4.761455218422809e-12,-1.3467405255446179e-08,-4.786916944453818e-12,-1.5463015869931757e-08,-1.0438385222352024e-08,-1.1715889019081725e-08,-5.79967417630813e-12,-3.039603136137285e-12,-1.0392162288777899e-08,-1.1971247654234217e-08,-1.7738896160060065e-10,-6.760116995502612e-12,-1.7498302847084306e-10,-3.4185459390123945e-07,-1.4983791267338312e-08,-1.0282354416604615e-08,-8.417654166162849e-09,-1.0527347655846631e-08,-8.603155493606914e-09,-1.0401791406652758e-08,-9.486501494607036e-09,-1.158794291365464e-08,-1.0436623823793685e-08,-1.304300435538373e-08,-1.3448069333017139e-08,-9.236180905100563e-09,-1.1501875267185536e-08,-8.832235235018934e-09,-1.7677049019074344e-10,-1.7464432741660833e-10,-1.7668446241321206e-10,-9.237291529310727e-12,-7.705978346773997e-12,-1.7781677237205086e-10,-8.005296876215749e-12,-8.979662838603674e-12,-5.276510236187842e-12,-5.8378696685324814e-12,-5.18648221718817e-12,-4.797449044493912e-12,-7.553073364861748e-12,-4.745867710517268e-12,-5.2372954528214635e-12,-5.354521132834021e-12
1.0000002216409944,-1.8490096202559267e-07,-1.052791672029528e-10,-1.8076954107523704e-10,0.9999963261609218,-3.017852208637234e-07,-4.678327026839052e-11,-1.2550126317744242e-08,-1.6012233732245097e-08,0.9999951593173135,-1.077551697319063e-07,-4.3981689327192376e-07,0.9999953059848286,-1.9452467020315114e-07,-2.471049729187735e-07,-9.653200574046622e-11,-1.2251688664552356e-10,0.9999952494367651,-1.2439619981770837e-10,-3.799764982365822e-07,-3.251453998159517e-07,-2.73044356649187e-07,-2.6379916212003383e-07,-3.005351325610125e-07,-2.357096656416392e-10,-2.487793789469695e-10,-1.5456677387416453e-10,-2.240943420316536e-07,-1.268471562387284e-07,-3.322517793866292e-07,-1.8624684940025322e-10,-1.1983053292382877e-10,-3.3003939136691786e-07,-4.293811211402726e-07,-2.4141236127420645e-10,-1.5833899215313154e-07,-4.901414167725422e-08,-7.395053613191872e-08,-1.2101523391398254e-10,-2.1906301692628574e-10,-5.932336648217313e-11,-2.7271654109881023e-07,-1.5110998570813228e-07,-2.0640495899871742e-07,-2.0051893553792304e-08,-1.3372265090782017e-10,-3.147226495326148e-07,-1.688093670717099e-07,-2.7710087443410286e-07,-2.326402963615763e-10,0.9999951822825893,0.9999949943571349,1.2163345545744273e-07,-2.238542148422351e-07,-1.3694010651559883e-10,-5.528237977105425e-07,-2.460948572319351e-10,-1.0032609369454726e-07,0.9999951011131083,-1.332024835980553e-10,3.518145351502559e-07,0.9999951503714323,-1.0516471439144976e-07,-1.2316965019942424e-10,-2.527102199886926e-07,-2.625934644017787e-07,0.9999951086809604,-1.1128039381236584e-10,-2.0213711505568782e-10,-1.4179031432257808e-10,-1.8289312409668529e-10,-1.802244110829779e-10,-2.1210038976832806e-10,-6.409353794585164e-11,-2.906483681544038e-07,0.9999951090102538,-1.1116137849527326e-10,-1.8214170441263816e-07,-4.5798243366002386e-07,0.999995247710726,-1.9586178830950063e-07,-2.0718776541285632e-10,-2.3651037203678957e-07,-1.7654016967718362e-10,-4.1940199489241765e-07,-3.003407042289575e-07,-3.600489859398324e-07,-1.215599722508255e-10,-1.2377791938044237e-10,-1.4591837237099724e-10,-5.309221674532501e-11,-1.406395821698463e-10,-2.0131046179701184e-10,-2.9139827415593195e-07,-7.688775275880798e-11,0.9999953756000658,-3.359296107134043e-10,0.9999951772897065,0.9999951235103469,-4.4216940478166763e-07,-1.2402131763667244e-10,-3.4649898769723693e-07,-3.2557754452089415e-07,-1.654323767832484e-10,-4.0919431646409654e-11,-2.0333518726673658e-10,-1.9143667160800945e-10,-2.247182954535822e-07,-5.729330815838252e-07,-1.6600360585807364e-10,-4.2203810513133055e-07,-3.701453740501936e-07,-2.589244422399325e-07,0.9999951727829646,0.9999951267792343,0.9999951930807867,2.6943103707194454e-07,-4.362137684896013e-07,0.9999952173691168,-2.9086611429754887e-08,3.844201261324431e-07,-2.8029385881429306e-07,-2.562765741728754e-07,-9.053460405278099e-11,-1.3284445918638734e-10,-2.434893223611803e-10,-1.860487761437925e-10,-1.1433753692843206e-10,-1.103843337484689e-10
1.667622168734175e-07,-1.851096406180063e-08,-7.592793724572667e-12,-6.7775751012291644e-12,-3.017852208637234e-07,9.266349530153138e-07,-8.325136031060406e-12,-9.690639202409495e-12,-1.897224871545492e-08,-1.3825956478815884e-10,-1.2533674217636071e-11,-1.0556100425159273e-11,-1.5180587190579055e-10,-8.34526701439355e-12,-2.1594563848403846e-08,-2.145590880136587e-08,-1.62640250623588e-08,-2.871213180300879e-07,-9.457189693289504e-12,-7.592385682518436e-12,-8.408733923452883e-12,-2.486920462422465e-08,-1.1370175802029383e-08,-9.479210227556088e-12,-1.0571309438012762e-11,-2.4726700222379518e-08,-7.519515082610293e-12,-1.2376899721588539e-11,-1.270971486815844e-11,-1.88483590806513e-08,-1.2288580169786102e-08,-1.638598408865241e-08,-6.844268691567478e-12,-1.858064657655404e-08,-1.3615350353689608e-08,-2.49206338205861e-08,-1.4545379094752545e-11,-8.63680535763817e-12,-7.699106263989565e-12,-1.3607735421158362e-08,-8.38768634386452e-12,-1.8832233020333368e-08,-8.603913938386999e-12,-5.856075847786605e-12,-1.507621549543081e-11,-8.263898090289739e-12,-2.112469234962323e-08,-5.623123309085699e-12,-1.6791750116060596e-08,-6.6353536428738944e-12,-2.823319519244639e-07,-2.5719802586893487e-07,-2.9546211045742803e-08,-1.2837314603377217e-08,-1.3053439200699471e-08,-2.101419054196792e-08,-6.61583757931612e-12,-1.9006713494432322e-08,-1.3540783165863685e-10,-1.2776642042535435e-08,-1.8928536545447653e-11,-1.4177538913516423e-10,-1.0874041274336922e-11,-5.784693886804283e-12,-9.533008374317375e-12,-8.167684594536188e-12,-2.8318027506534946e-07,-7.786464950889364e-12,-6.89589860935562e-12,-1.3794257168156027e-08,-1.890851031857577e-08,-1.3679259540461002e-08,-7.362482989118036e-12,-9.43491655475138e-12,-1.251530976480689e-11,-1.3610065591846123e-10,-1.3908377889629505e-08,-1.8757782489500335e-08,-1.3433486462597574e-08,-1.4319277276539608e-10,-1.8658499193560387e-08,-7.045868626822519e-12,-9.686792361289202e-12,-1.3938042882789165e-08,-9.353136312853923e-12,-7.669157545960124e-12,-2.1765091108474122e-08,-1.541792539802989e-08,-1.2524281063421211e-11,-1.6823824701225635e-08,-9.461375823442064e-12,-9.323782787591731e-12,-9.781319753242841e-09,-1.670587051059271e-08,-9.6915778966513e-12,-2.9031345358975843e-07,-1.0941677173966361e-11,-2.822859562905613e-07,-1.3515101050895368e-10,-2.406041790378109e-08,-1.651239488078586e-08,-1.3480265650658519e-08,-1.6951114226136886e-08,-1.3825954682609687e-08,-1.6738984452126682e-08,-7.658647716482154e-12,-9.335935890438474e-12,-8.40736933824695e-12,-2.0933848742228553e-08,-1.0884326369346309e-11,-7.412207852281715e-12,-1.8491122133592477e-08,-1.426384434864317e-08,-2.8831833342295507e-07,-1.4086676548435924e-10,-2.88009789063772e-07,-2.981902589349654e-08,-1.2432239194014105e-11,-2.9183890254624836e-07,-1.2999202620296951e-11,-1.4466019889331717e-11,-1.6984434027905088e-08,-1.8750414426478325e-08,-1.663639951284148e-08,-7.730914781259023e-12,-2.426697222185053e-08,-1.5251588630888255e-08,-8.42887610485168e-12,-8.661787202003614e-12
4.139983116818475e-07,-1.4129285301055307e-08,-1.155761431698939e-08,-5.177241104322121e-12,-4.678327026839052e-11,-8.325136031060406e-12,9.358167632793044e-07,-1.4706428764078883e-08,-1.444076924371818e-08,-7.428144892309097e-08,-9.528419875431522e-12,-8.047338107392478e-12,-4.722710488690272e-11,-6.367045058311356e-12,-1.643382618300613e-08,-8.183504770381876e-12,-1.244347902990091e-08,-8.252171417279733e-08,-1.4384604973563527e-08,-5.791396895540332e-12,-6.414119198775588e-12,-9.484772403024752e-12,-4.361178421094954e-12,-7.217994729855882e-12,-1.6086004000207914e-08,-1.8800711514043528e-08,-1.1450220255183001e-08,-1.8795128827875823e-08,-9.646803453107853e-12,-1.4362400946994265e-08,-9.40505567439903e-09,-1.2513822282355836e-08,-5.223814846931718e-12,-7.106629442815194e-12,-5.212405369479491e-12,-1.8961321717354913e-08,-1.1059759362500014e-11,-1.3109306898450762e-08,-1.1707449703507083e-08,-5.204802444437582e-12,-1.2767220788726829e-08,-1.4347867932182663e-08,-6.548588795332663e-12,-8.923281180958529e-09,-1.1441391351738462e-11,-6.305503417970561e-12,-8.073711589853886e-12,-8.543298685607347e-09,-1.2803173463818703e-08,-5.079553225846925e-12,-7.89767467562615e-08,-6.043161294947432e-08,-2.244549939299619e-08,-9.78568797584281e-09,-9.92362344422192e-09,-8.027925091823384e-12,-1.01085393948274e-08,-1.4470336724355353e-08,-3.5136891114877935e-11,-9.733823661207552e-09,-1.4331131065576902e-11,-7.946454431228406e-08,-1.650211719949795e-08,-8.823021610733209e-09,-7.257863139828829e-12,-6.240956617508528e-12,-7.960546782873786e-08,-5.927539876947536e-12,-5.258099528695952e-12,-5.269563279777416e-12,-7.210345895725554e-12,-1.0444336662263189e-08,-1.1241630827174698e-08,-1.4351700544023856e-08,-9.524336544307352e-12,-7.113753333403791e-08,-5.312135818432209e-12,-1.430281937024195e-08,-5.147101015865499e-12,-4.086790887519004e-11,-7.1315940338535974e-12,-5.364178747515525e-12,-7.36063832309142e-12,-1.0622217840885049e-08,-1.423888120784233e-08,-1.1661584076180089e-08,-1.65443364687269e-08,-5.877505935836223e-12,-9.518163561137552e-12,-1.2811135696675548e-08,-7.204238294886093e-12,-1.419514755026979e-08,-7.4472992215648516e-09,-6.384427171112086e-12,-7.36760086982928e-12,-4.255620695038818e-11,-8.309190675768647e-12,-7.894928189757259e-08,-3.4940255971453167e-11,-1.836717787435536e-08,-6.31474262769127e-12,-1.0308819036867758e-08,-6.471193178131844e-12,-5.285083529261624e-12,-6.3924800434157565e-12,-1.164243447832515e-08,-1.4211237628212812e-08,-1.2798263847270149e-08,-8.008892354316987e-12,-8.275828114717393e-12,-5.667347134703333e-12,-1.4104365129484605e-08,-5.434944150150044e-12,-4.1796589990281607e-11,-3.914629995210827e-11,-4.16868338258763e-11,-2.2655474724379578e-08,-1.8884010413749564e-08,-4.310089785230155e-11,-1.9660844703958064e-08,-2.1994098502355848e-08,-1.292865066259476e-08,-7.161109968068454e-12,-6.359106427390715e-12,-1.175156628431942e-08,-9.266240514848871e-12,-5.8227364579548815e-12,-1.282334344728858e-08,-6.58005297297463e-12
4.7311438877716275e-07,-1.6382977471318776e-08,-6.7199985883948366e-12,-1.1973449546652492e-08,-1.2550126317744242e-08,-9.690639202409495e-12,-1.4706428764078883e-08,9.313715184587642e-07,-1.679079044367173e-08,5.149860626889873e-12,-1.1092509866768384e-11,-9.342513225071583e-12,-1.3624415394851542e-08,-1.4742025401768347e-08,-1.9111583827973547e-08,-1.8988937092590867e-08,-1.4394783587656526e-08,4.2625499381304253e-10,-8.369910466414061e-12,-6.7198155583179075e-12,-1.485441284124653e-08,-2.20097754516926e-08,-1.0064252469423175e-08,-1.6744941399291338e-08,-1.867425521489716e-08,-1.0963915639967306e-11,-1.3283730736087032e-08,-1.0953850495700418e-11,-2.245115373942557e-08,-1.6681460045184384e-08,-5.449457863813192e-12,-1.450246250127476e-08,-6.057930479221142e-12,-8.23901778000982e-12,-1.2051211482977787e-08,-1.1049947622180204e-11,-1.2872852300493585e-11,-7.643822464367375e-12,-1.3600703488955726e-08,-1.2044524771993412e-08,-7.423455159338718e-12,-1.6667088527939663e-08,-1.5198740998994128e-08,-1.0345232674901273e-08,-1.3342592294058756e-11,-1.4598516924754697e-08,-9.366914977588146e-12,-4.976695554761592e-12,-7.445682702401703e-12,-5.873139954597705e-12,2.3256432344816333e-12,1.3469304355677246e-11,-1.3100860538119632e-11,-5.692510718185206e-12,-1.1553068327552191e-08,-1.859825442277574e-08,-5.8558026553806225e-12,-1.6821369992840005e-08,1.5337955974788836e-08,-5.66568165193797e-12,-1.675153730903775e-11,4.091583602167128e-09,-9.623752422610923e-12,-5.120061234357931e-12,-8.436958685713193e-12,-1.4428579262768829e-08,3.9138018036436884e-09,-6.891348971157389e-12,-1.21825416865144e-08,-1.2208943947734319e-08,-8.384202633393905e-12,-1.2107588476044581e-08,-1.3006784737052245e-08,-1.666668664680766e-08,-2.210796102232921e-08,7.060160250931302e-12,-6.167391160755281e-12,-1.6601308439693655e-08,-5.957144137020686e-12,7.843254781562323e-13,-8.273417197099208e-12,-1.2447345649795977e-08,-8.573020803271065e-12,-6.1806348539665246e-12,-8.277931476010353e-12,-6.78765942888487e-12,-9.650760321109234e-12,-1.3645550207059915e-08,-1.1084183256335186e-11,-7.459975400521503e-12,-8.373600727477963e-12,-1.647043145680704e-08,-8.656822736449552e-09,-7.407638950190596e-12,-8.577313778955538e-12,-2.398309456056084e-09,-9.683641856307719e-12,2.346033729203949e-12,7.900658652197824e-12,-1.0668683883549633e-11,-1.461425143297928e-08,-1.1931491810018253e-08,-1.5002496696991487e-08,-6.130999388176835e-12,-7.422321744199652e-12,-1.3529616358352652e-08,-8.262713044292494e-12,-7.44100081781891e-12,-9.282324859710902e-12,-9.63285710252665e-12,-6.560487127693593e-12,-1.6365456969302988e-08,-6.324992543356517e-12,-6.330216097909279e-10,2.8425987756002558e-12,-1.9180066550512846e-13,-1.3221833566176422e-11,-1.100285621812525e-11,-3.748418631704739e-09,-1.1504370308110829e-11,-2.555393425325687e-08,-7.53114045645502e-12,-8.314178949061764e-12,-1.4724070817876431e-08,-6.842318669613722e-12,-2.1476963182134433e-08,-6.763020887897811e-12,-1.488977921139225e-08,-1.530075819500235e-08
4.73496183554208e-07,-1.6092014806966476e-08,-1.3170516601080313e-08,-1.176365476419104e-08,-1.6012233732245097e-08,-1.897224871545492e-08,-1.444076924371818e-08,-1.679079044367173e-08,9.320133778976243e-07,6.172757554957378e-09,-1.0879970365520863e-11,-9.172568795146271e-12,-1.705073815412856e-08,-1.447790440943425e-08,-9.3951509659229e-12,-1.8634349346989183e-08,-7.089641093586931e-12,-1.7213271027043956e-12,-1.6399823803451876e-08,-1.3171001956179313e-08,-7.308205735271366e-12,-1.0820971725523729e-11,-4.957941422995184e-12,-8.233358335390932e-12,-1.8334847807633335e-08,-2.146543105027836e-08,-6.535773952042293e-12,-1.0746903137777184e-11,-1.1026430479481078e-11,-1.637530499600011e-08,-5.357675538181042e-12,-1.4247368313451514e-08,-5.949975390504693e-12,-8.093103198802683e-12,-1.1841330894647026e-08,-1.0841420478451445e-11,-1.2627011787277817e-11,-1.4965844013859712e-08,-1.3349976704043657e-08,-5.9273855760896155e-12,-1.4549105641863213e-08,-1.636034550714116e-08,-1.491354851301977e-08,-5.091337150695837e-12,-2.610464092460213e-08,-7.183109433785203e-12,-1.8360356314078958e-08,-9.74753213038735e-09,-1.4591827311936668e-08,-1.1526106269197984e-08,7.042251021541222e-10,2.2289400985107348e-08,-1.2846445140554789e-11,-1.11549131936541e-08,-5.677234835234146e-12,-1.826146386830165e-08,-1.1491854870742784e-08,-8.270435050955327e-12,5.525094236329409e-12,-5.561207895794391e-12,-3.274658220083596e-08,6.112259394188248e-14,-9.439699794506217e-12,-1.0041995724657298e-08,-1.652584826165298e-08,-1.4177600257753083e-08,-2.5493687530498957e-11,-6.7624812193788525e-12,-5.992756317207326e-12,-1.1987398076301444e-08,-1.64208672771327e-08,-1.1893390107511941e-08,-6.405631611988319e-12,-1.636158492472931e-08,-2.1692403327196724e-08,9.858561627144514e-09,-1.2085775573537444e-08,-8.166700628682946e-12,-1.1686716289983928e-08,-2.28379089040134e-09,-1.6217214118228023e-08,-6.119651788040039e-12,-1.6780537794137954e-08,-1.2110160486500683e-08,-8.128761052290443e-12,-1.3297977249063942e-08,-9.465392013130784e-12,-6.707518393017366e-12,-2.169712940361225e-08,-7.321212463187363e-12,-8.217745502485559e-12,-1.617411320358779e-08,-4.2564447256743334e-12,-7.274372091021464e-12,-1.6791610252294557e-08,-3.103123791723742e-12,-1.8950499836480318e-08,7.410730275175235e-10,5.748580494114094e-12,-1.0479704686078182e-11,-1.4354826223525593e-08,-5.875377482831967e-12,-7.378322414719048e-12,-6.021105056001979e-12,-7.286845021686119e-12,-6.6527178681407214e-12,-8.11349235460108e-12,-1.458365173224032e-08,-9.119021546322737e-12,-1.885941179604822e-08,-1.2869495192126677e-08,-8.051627777469663e-12,-1.2384040916899391e-08,-2.2356806013033135e-12,8.444537134885156e-13,-2.1046794850576882e-12,-2.587885520552081e-08,-1.0795943286347192e-11,-3.751691317861121e-12,-1.127085033621974e-11,-2.508192464884908e-08,-7.390152724263024e-12,-8.162721263204449e-12,-7.244622453598176e-12,-6.715243469720651e-12,-1.0563556781275951e-11,-6.638785365357078e-12,-7.323691986756194e-12,-7.516975305814549e-12
1.000000225155661,-1.638310291472485e-07,-9.656185729788342e-11,-3.4550591673487486e-07,0.9999951593173135,-1.3825956478815884e-10,-7.428144892309097e-08,5.149860626889873e-12,6.172757554957378e-09,0.9999958507972743,-3.9167411484051435e-11,-4.1554558010863795e-07,0.9999950896223234,-1.7548324240622426e-07,-2.2181158297002403e-07,-8.39825131960339e-11,-2.2642991104507334e-07,0.9999950091582915,-2.2645293575456874e-07,-3.626111288828127e-07,-1.5327059297332806e-10,-2.439935261689524e-07,-2.512277827295612e-07,-1.3952982800269822e-10,-4.4617731991420007e-07,-4.673682654054288e-07,-1.4596268803780878e-10,-1.9508730255244097e-07,-9.639085497974131e-08,-1.5553603717789242e-10,-1.7941850528939161e-10,-2.2060369396808913e-07,-1.575597426790083e-10,-2.045430569560217e-10,-2.3372485718562936e-10,-1.2909384678363788e-07,-7.389801870038741e-12,-5.3614396080336734e-08,-1.1208777328396808e-10,-4.217605616763781e-07,-9.91605416793856e-08,-2.508940345757418e-07,-6.564894166301802e-11,-1.931203993415477e-07,1.6123845564105417e-08,-1.2428215237561903e-10,-2.905422916649385e-07,-7.802476761773324e-11,-2.577864103340477e-07,-4.496769416935642e-07,0.9999949349395332,0.9999947090909292,1.5682004387476e-07,-2.0904791551162253e-07,-1.29201830007383e-10,-2.648612258164306e-10,-2.3877248900958447e-10,-3.91617777722221e-11,0.9999948350996529,-1.2577732941133273e-10,3.9822282829329396e-07,0.9999949038585707,-3.984747348296533e-11,-1.1665485778513297e-10,-2.3051381554076935e-07,-2.4422970849094174e-07,0.9999948625777563,-1.0218564733057394e-10,-1.9420319911430778e-10,-1.3383953715365672e-10,-3.4293190804268564e-07,-1.7244050953594294e-10,-2.0389697401000308e-10,-5.3189951301297265e-11,-1.309583383036248e-10,0.9999948449720023,-2.058235403545389e-07,-8.045649775525925e-11,-2.2193803584093233e-10,0.9999950055245131,-8.744141490959605e-11,-1.9896046726175318e-10,-2.1353704312976363e-07,-3.362427545538091e-07,-1.9939946287308435e-10,-1.4158349188715836e-10,-1.674725492715496e-10,-1.124950469072823e-10,-2.173966764829487e-07,-2.716466967104575e-07,-4.2066910941590725e-11,-1.2995626084906827e-10,-1.9559774241135217e-10,-1.3641081400326528e-10,-1.305639312370689e-07,0.9999951395454868,-6.444413967525222e-07,0.9999949297825017,0.9999948569306879,-2.0782356120096598e-10,-2.2873659953573976e-07,-1.6605816883593781e-10,-1.5328950028757936e-10,-1.5751177205020446e-10,-3.124407393553777e-11,-3.8806918765986145e-07,-1.8072105093335247e-10,-1.029449002428556e-10,-2.751526597162293e-10,-1.5314770570549278e-10,-2.031497382220027e-10,-3.489556564028566e-07,-1.2130498933299915e-10,0.9999949343627095,0.9999948777445286,0.999994954069081,1.5274328619157842e-10,-2.0397943898610434e-10,0.9999949841792498,1.2639988557595595e-12,4.1793896669568225e-07,-2.604441203406897e-07,-2.3466264854233088e-07,-1.6166233017646165e-07,-2.4718446093828603e-07,-4.579895197977921e-07,-3.536920927579986e-07,-1.046096524733659e-10,-1.9972509461348722e-07
3.391946692978329e-07,-2.1185866918154286e-08,-8.69025138010425e-12,-1.548216308521321e-08,-1.077551697319063e-07,-1.2533674217636071e-11,-9.528419875431522e-12,-1.1092509866768384e-11,-1.0879970365520863e-11,-3.9167411484051435e-11,9.198543689005597e-07,-2.4115509577363648e-08,-5.468971719545396e-11,-9.55134169305171e-12,-2.4717877316631974e-08,-1.2304240252453158e-11,-9.32503169566405e-12,-9.095260841362158e-08,-2.1605261406246247e-08,-8.689712284753717e-12,-1.9209277177224345e-08,-2.8465802854561854e-08,-1.3011854765348705e-08,-1.0849974156548168e-11,-2.4150268783051163e-08,-1.4180641896275078e-11,-1.7177803687483826e-08,-2.8276994139401536e-08,-2.9039677774216344e-08,-2.1573425260137328e-08,-1.4062962685686534e-08,-9.395636004906647e-12,-7.833247491923857e-12,-1.0654229355029551e-11,-7.806776022990152e-12,-1.4291391848094643e-11,-1.6649568081780922e-11,-9.886162834408071e-12,-8.812242775114543e-12,-1.557387285488367e-08,-9.60003674116772e-12,-2.1555107894076133e-08,-9.848215104460273e-12,-1.3377609275205192e-08,-1.7258388080928014e-11,-1.8878220414242557e-08,-1.2113377978422647e-11,-6.436396545688118e-12,-1.92190479477975e-08,-1.5156189522636806e-08,-8.546515583526351e-08,-2.839440066408332e-11,-1.694499522377149e-11,-7.361367243207841e-12,-7.48605825239125e-12,-1.2050267753886136e-11,-1.5111586355350085e-08,-2.1755294399532067e-08,-7.164243385256212e-08,-1.4623902945036566e-08,-4.325247390280965e-08,-4.319601265402944e-11,-2.48439825198135e-08,-6.620362073940214e-12,-1.0911622350302823e-11,-1.8657495468469116e-08,-8.64371103298109e-08,-8.912492168987222e-12,-1.5753480873258645e-08,-7.910015399486052e-12,-1.0843518668269615e-11,-7.84364219942791e-12,-1.6817496572586616e-08,-2.155424918979672e-08,-2.8593004942446717e-08,-7.322652261298952e-08,-7.975526631841013e-12,-1.075628694161137e-11,-1.537351591916696e-08,-8.94483880392397e-08,-2.1355158716446022e-08,-8.064734708124935e-12,-2.2131967983140232e-08,-7.992599143282183e-12,-1.0705059062447857e-11,-8.777963933813045e-12,-2.4914123777986706e-08,-8.841768336734475e-12,-1.4336388182992835e-11,-1.9256574258006267e-08,-2.1615347694463325e-08,-2.1299844548789158e-08,-5.609259913792532e-12,-9.579521073884775e-12,-1.1093665610661376e-11,-9.460831228194613e-08,-2.499980252696186e-08,-8.54120989675427e-08,-3.5604979343619645e-11,-1.3796402932465821e-11,-1.8898525528298297e-08,-1.542708217266691e-08,-9.720532095591022e-12,-1.5824081409343087e-08,-1.915868762970279e-08,-8.766012819677778e-12,-2.132771005010763e-08,-9.622498122817668e-12,-2.3958753429513004e-08,-1.2458960804587346e-11,-8.48273364976889e-12,-2.1163741049797918e-08,-8.180091519393828e-12,-4.626128477919284e-11,-8.412924286000517e-08,-4.608389928042997e-11,-1.7101351927607175e-11,-2.8403231100531403e-08,-9.635838278754481e-08,-1.48815380607723e-11,-1.6557531144860036e-11,-1.9440715943949657e-08,-1.07521648876216e-11,-9.539559199017939e-12,-8.848742446378017e-12,-2.7775311804591745e-08,-1.745648268315653e-08,-1.9255812257931108e-08,-9.915176030217281e-12
3.7771699525728014e-08,-1.7906858330603577e-08,-1.4649066357956333e-08,-1.309455778686027e-08,-4.3981689327192376e-07,-1.0556100425159273e-11,-8.047338107392478e-12,-9.342513225071583e-12,-9.172568795146271e-12,-4.1554558010863795e-07,-2.4115509577363648e-08,9.281297147561327e-07,-2.2091537081051305e-10,-1.610706291158439e-08,-1.0438775272332027e-11,-2.0708091365937224e-08,-7.898564104762051e-12,-2.1344310393313974e-10,-1.8234137695375662e-08,-1.4650724414026971e-08,-8.129459277473272e-12,-2.4001096941301347e-08,-5.52473426435758e-12,-9.150538676533679e-12,-1.0215502017741965e-11,-1.194361274351007e-11,-7.270661773321213e-12,-2.383004781019973e-08,-2.4419713936117656e-08,-9.121426111710817e-12,-5.96937521554577e-12,-1.5858227708970023e-08,-6.620064777495864e-12,-9.006406530225887e-12,-6.604602327976877e-12,-2.4040516698449757e-08,-1.4023638843855782e-11,-1.6621764941318013e-08,-7.435358211446504e-12,-6.595684513022132e-12,-8.107497065525192e-12,-1.818814332547509e-08,-1.657108455835651e-08,-5.665688268053349e-12,-2.896310519550086e-08,-1.5951014853803218e-08,-2.0425013801934746e-08,-1.0831223407223814e-08,-8.130552729022328e-12,-6.434822552127643e-12,-2.1118348789355564e-10,-3.9791898755527524e-07,-2.846365480815337e-08,-1.2403574393371361e-08,-6.3040826509874305e-12,-2.031032035351312e-08,-1.2805706706764339e-08,-9.191055680855727e-12,-2.055264521557211e-10,-1.2338573662752178e-08,-1.818116459720748e-11,-4.2214128461450593e-07,-1.0483312015415677e-11,-1.1179904462005587e-08,-9.20130187690244e-12,-1.5785055152479595e-08,-2.1158415343839122e-10,-7.514709045670155e-12,-6.664364504990701e-12,-1.333129842134783e-08,-9.141408603929288e-12,-6.631042342839812e-12,-7.135644264622756e-12,-9.11451515163686e-12,-2.4102040267711184e-08,-2.06181277934866e-10,-1.3439391328543905e-08,-1.8129170537789114e-08,-6.52116646810881e-12,-4.247934962408982e-07,-1.804139334753308e-08,-1.357283564741388e-08,-1.8629908694200823e-08,-1.3464123130112928e-08,-1.804742403450883e-08,-7.406199654857932e-12,-2.0978494698691048e-08,-7.451708474353703e-12,-2.4090442261717366e-08,-1.6240837882093614e-08,-9.133113887807832e-12,-1.7991948724008876e-08,-4.730326704975585e-12,-1.615142352947147e-08,-9.342049392798809e-12,-2.1496772326576392e-10,-1.0537436292503512e-11,-4.214860777059188e-07,-4.0973414691369635e-07,-2.3277827440510796e-08,-1.597377409503571e-08,-6.543732900675995e-12,-8.203002115987657e-12,-6.698106902338329e-12,-8.102862743678288e-12,-1.475857288620164e-08,-1.8012573124598676e-08,-8.126963576226179e-12,-2.025862753186788e-08,-2.0944747572856994e-08,-1.4332636874783803e-08,-8.956398723538135e-12,-6.890923221414023e-12,-4.271521817334398e-07,-2.106322359653647e-10,-4.268720321648602e-07,-2.872948389828323e-08,-1.1995099882991865e-11,-4.304645418712086e-07,-1.2495241262180703e-11,-1.3969094013533064e-11,-8.211897224596207e-12,-1.8117805414762317e-08,-8.059624385510465e-12,-7.463610702196563e-12,-2.3444747045514675e-08,-1.4731802746880561e-08,-1.6254432748049478e-08,-1.665480063894131e-08
1.0000001386910793,-1.8587599100716856e-07,-1.0568406113650026e-10,-1.8112290465552405e-10,0.9999953059848286,-1.5180587190579055e-10,-4.722710488690272e-11,-1.3624415394851542e-08,-1.705073815412856e-08,0.9999950896223234,-5.468971719545396e-11,-2.2091537081051305e-10,0.9999961827175355,-9.790962994495384e-11,-2.4828972018844455e-07,-1.9383623747136044e-07,-2.45348920017916e-07,0.9999951788866138,-2.492975224567655e-07,-3.807823229108456e-07,-3.260378405201191e-07,-2.744035248753058e-07,-1.3247593143307713e-10,-1.5108893142963857e-10,-4.716063534912306e-07,-2.494670693529384e-10,-3.092948943728693e-07,-2.2545432173291201e-07,-1.2828800251822516e-07,-3.332681262204274e-07,-1.865591111239548e-10,-2.400193549627708e-07,-1.6572206905844349e-10,-4.303576808832649e-07,-4.825499935126092e-07,-1.597099266183137e-07,-2.537123294090852e-11,-7.490594064357528e-08,-2.423588364599348e-07,-2.194214436952486e-10,-1.19278342176196e-07,-1.3714730477753735e-10,-1.520508115383451e-07,-1.0373801095676468e-10,-2.1764482255204215e-08,-1.3416017311147936e-10,-3.1584431986625795e-07,-8.490447078900638e-11,-1.3928521195742172e-10,-2.3297568717246075e-10,0.9999951120914081,0.9999949261067697,1.199740648473057e-07,-1.1251171419758901e-10,-1.3730401236840634e-10,-5.539462866545511e-07,-2.464294540194513e-10,-5.079310243184337e-11,0.9999950318843507,-1.335487659790993e-10,3.4959812477022615e-07,0.9999950801399538,-5.329937737828144e-11,-1.234696385842207e-10,-2.537480855369152e-07,-1.31992970437953e-10,0.9999950384269666,-2.2294698408228413e-07,-4.041859303829907e-07,-1.421598646077451e-10,-3.6608551658660685e-07,-1.8058416560884761e-10,-4.2408720379328966e-07,-1.2892429698879274e-07,-2.920188286602252e-07,0.9999950396823972,-2.2259838677251693e-07,-1.8314406242086767e-07,-2.2980509409673694e-10,0.9999951772569179,-9.863247367071109e-11,-4.1430223984884853e-07,-1.1903932489283924e-10,-1.7691621763914315e-10,-4.20395551271413e-07,-1.5089399131440853e-10,-1.809941615852339e-10,-2.434672658782895e-07,-1.2447758904716268e-10,-2.92156722418358e-07,-5.3607558878889503e-11,-2.816930803756011e-07,-2.0157737262059468e-10,-1.4644356962132188e-10,-1.5452968606429676e-07,0.9999953048424051,-6.717645724453496e-07,0.9999951071083731,0.999995054307456,-4.434343750219885e-07,-1.2445699467053275e-10,-1.7395504461901572e-10,-3.264920351653472e-07,-1.6579951201831912e-10,-4.1369797552670704e-11,-4.0667858539478076e-07,-3.830936810331019e-07,-2.2561274192140904e-07,-2.8758760525559195e-10,-3.32545395154211e-07,-4.227990232373308e-07,-1.8594045503940287e-10,-1.3012653271572737e-10,0.9999951021369133,0.9999950566736554,0.9999951224668898,2.6775877768834696e-07,-4.3757528923027897e-07,0.9999951464566165,-3.0591632497548293e-08,1.9179068326781922e-10,-1.4089890617121204e-10,-1.289053965185528e-10,-1.8156819450953875e-07,-1.3326472473640325e-10,-4.873125615117143e-07,-1.8646083238928023e-10,-2.2910451239023508e-07,-2.212879284913959e-07
