1.0000000000000007,-4.88831596769314e-12,5.485252596418395e-12,0.9999999999996694,-1.1409621160106798e-10,8.384364175252042e-11,-7.265373402197077e-12,1.0264228441852257e-11,-3.986664136461534e-11,1.7666587766975477e-11,9.937600549085469e-12,-3.947946870180069e-11,7.280246460963996e-12,-5.3209407334211615e-11,3.425802667585482e-11,-4.1567567598937386e-11,-1.4849474895188006e-11,5.584805985296083e-13,-1.7538716478422497e-11,1.000000000080527,1.1929772110110064e-10,4.942853411584037e-11,-7.70500600710086e-12,5.0047141874399354e-11,1.213199080712356e-11,-5.958644959639135e-11,2.925225808444734e-15,-5.9622414858473245e-12,-7.154412661847288e-12,1.409294951500434e-12,1.0283814273971441e-10,6.252864754225754e-11,-1.3365498546989295e-10,1.0000000000348335,-8.573719872393092e-12,-7.198445433140785e-11,-1.0487037053685825e-10,-3.3115142447702115e-11,-3.000329225814824e-11,4.131122713338436e-12,1.0000000000019436,2.1021730200372095e-11,-1.4443992720015651e-11,-2.127032145845119e-11,1.0000000000287612,1.2841512694596758e-11,1.2339449810924161e-11,1.2075803062816378e-12,9.095171807916816e-12,7.159841177195293e-11,-5.6654530516605905e-12,1.0890188759614998e-10,1.642287014431553e-11,8.62777141143918e-12,-1.7367952715389587e-11,-8.84964066472704e-12,0.9999999999811412,-3.729883891001441e-11,1.1781977868100251e-11,2.6459742935806528e-11,6.847730088247191e-12,-1.570855120154436e-11,-7.229328290293451e-11,2.5146785764537682e-11,1.0000000000023086,1.4092924838430315e-11,-1.598033485794829e-11,-1.3473382750938594e-12,-2.722857786902022e-12,-3.1900251899274354e-12,0.9999999999873986,6.970962463463725e-11,-1.7353907450225893e-11,0.9999999999995535,6.48269720519066e-12,3.446496692762287e-11,5.672732042648652e-12,-3.665313699536707e-12,9.28727766975624e-12,7.107104424706211e-11,8.161786696869915e-11,6.1170256994985324e-12,1.577707486019979e-11,-6.178618455806703e-12,1.0000000000236977,3.4411868637246114e-11,-3.714948845437848e-11,1.0000000000099725,-3.16338064056582e-11,-4.9215548144395124e-11,-7.772103569624785e-13,-1.5636477786901505e-12,-9.83874353823148e-11,3.569930499521463e-11,2.3908610074505673e-11,1.6812629449766288e-11,-5.485919342581011e-11,-3.43559951300318e-11,1.9346595266062672e-11,4.1420820724080064e-11,-7.355121239816881e-11,2.447448659716311e-11,1.823974647446754e-12,-1.349972121436139e-11,-6.800777554051865e-11,7.832355392597727e-12,3.7496808423975344e-11,4.722967679674245e-12,1.0000000000342857,-3.034522508602178e-11,-1.1065426170999655e-13,1.3912769682027429e-12,-5.8830186362317654e-12,0.9999999999944122,-2.0950459203339037e-11,1.0000000000054308,0.9999999999656943,4.358007093584044e-11,1.0000000000176525,0.9999999999819624,0.9999999999977074,-6.547521798669695e-12,1.0802809790613165e-11,4.745356083275552e-12,3.671614339638953e-12,-2.0633733693534176e-11,3.8553870492202485e-11,1.0000000000134193,0.999999999948184
-4.88831596769314e-12,-1.6920804429219455e-13,1.1714230054393473e-15,-5.904491300344524e-12,1.5600023360127872e-15,1.6293887381353325e-15,1.3937328351379244e-15,1.3258176486050201e-15,1.57253195894509e-15,1.473227289040234e-15,1.12507607450469e-15,2.486453094683177e-15,1.3934986291310164e-15,1.7414712420344944e-15,1.311013095064015e-15,1.493646991324314e-15,1.304957082743907e-15,1.5487539177459592e-15,1.481982146521282e-15,-5.902521337114085e-12,2.22690081049137e-15,1.441873794610079e-15,1.2867300211770214e-15,1.6832534496302044e-15,1.1061875644298784e-15,1.815358501176976e-15,1.1141503891756497e-15,1.2168551284283632e-15,1.3604680026261436e-15,1.226184771820055e-15,1.8268721645471047e-15,2.0044669259159213e-15,2.4345926687188066e-15,-5.90293950516831e-12,1.4826162167815352e-15,1.4721092649323243e-15,1.7257312328821415e-15,1.5392854894796978e-15,1.4441691775793451e-15,1.5997611333892036e-15,-5.902831211655027e-12,1.4958265585247776e-15,1.1361338982589488e-15,1.778090047217714e-15,-5.9034139301953995e-12,1.1803348487012761e-15,1.4460719513928094e-15,1.2938850215435305e-15,1.2011472897430316e-15,1.5973524577918978e-15,1.976035269873179e-15,2.0557523104801417e-15,1.3179493428759827e-15,1.0863057520962299e-15,1.52226295482521e-15,1.1562446283967867e-15,-5.9021627749691414e-12,1.6568114876514273e-15,1.2852683916750262e-15,2.0112098791445965e-15,1.1549076769921255e-15,1.6033221759648575e-15,1.888640577742458e-15,7.223568680476664e-19,-2.9573291404521574e-15,2.985787632449879e-19,6.636896651758854e-19,7.199322604937537e-19,8.154695873159909e-19,9.779368610978853e-19,-2.957084556750472e-15,9.508051296157216e-19,7.499366547622061e-19,-2.957885412114899e-15,3.5102674572344246e-19,8.271923436313466e-19,4.862222737551249e-19,5.100862014650042e-19,7.242202050616117e-19,1.0642328223051406e-18,9.114666943826622e-19,8.348318498302331e-19,2.5751007055517226e-19,8.023743671574526e-19,-2.9574110142552773e-15,5.960871667886249e-19,7.787936428294506e-19,-2.9573934918293143e-15,5.583493146957619e-19,1.0359151542831825e-18,8.295113302539812e-19,5.064210331246815e-19,9.305753054347301e-19,7.6332925890023995e-19,7.313927742192147e-19,7.950206831977824e-19,5.338336952805254e-19,9.782299815153041e-19,1.2135981172766076e-18,1.1167175982351047e-18,7.301291543826319e-19,1.1829564781320822e-18,5.872464609589473e-19,4.7007175765927695e-19,7.138476171293343e-19,7.287236496793385e-19,4.803274445401139e-19,9.464244508811536e-19,-2.9576145293240404e-15,7.086140983292763e-19,1.0681411952621274e-18,5.478510963290414e-19,2.678967978102545e-19,-2.9575543818120874e-15,6.8322816788513e-19,-2.957949026667959e-15,-2.9577153737897966e-15,9.94793221143774e-19,-2.957704533762782e-15,-2.9574318156110963e-15,-2.957876535019049e-15,7.202437641798648e-19,7.931084870146308e-19,5.592239738331735e-19,1.4527899504018797e-18,8.627658456294764e-19,8.053739823356015e-19,-2.957253498233627e-15,-2.9577877723186183e-15
5.485252596418395e-12,1.1714230054393473e-15,-1.6906042970571394e-13,2.2391927397686775e-15,1.5698269018870131e-15,1.7508218185401368e-15,1.5670729148724961e-15,3.3556543459930567e-19,6.757317182425185e-19,5.360224038661773e-19,5.2520874931739705e-19,2.6574118769765e-15,1.3273125015936765e-15,1.891792533661766e-15,7.91674581730915e-19,1.606654297648347e-15,7.128237171464553e-19,7.180354859273495e-19,1.0970890883273178e-18,2.240483525848983e-15,1.1939302392405155e-18,1.4030539424794187e-15,3.616859507425168e-19,8.538447790823481e-19,6.726400682078711e-19,1.8168738464589327e-15,1.250243213883734e-15,1.2392665043927707e-15,7.56695695252855e-19,6.263884099088126e-19,1.0517523553214037e-18,2.109994747774047e-15,1.1195932089838974e-18,2.2399794525546565e-15,1.5179217282848497e-15,1.6817322848880206e-15,8.293726440632421e-19,7.104762861172363e-19,9.58700994596266e-19,1.4992248310381595e-15,2.2401210144466354e-15,7.059441211059016e-19,6.049498201748785e-19,1.783785836627612e-15,2.2401469060374133e-15,1.0301552211754268e-18,1.4634184160093618e-15,1.2894238366595102e-15,6.07346344020281e-19,6.247647861356047e-19,1.8676520467909946e-15,1.9539937600238995e-15,1.304901805792044e-15,7.976475474912005e-19,1.4447272114358825e-15,1.3432888857790626e-15,4.472395102306965e-12,1.5531787803819167e-15,6.81379445985373e-19,9.682948538343582e-19,1.193776982215979e-15,7.960584080240489e-19,1.8989242295600575e-15,1.4544432195580983e-15,4.471692649676305e-12,1.359300122423184e-15,1.3539584608979806e-15,1.3315871244146072e-15,1.492705405413372e-15,1.3290597462275573e-15,4.472504938818545e-12,1.5433594567518346e-15,1.4764185295310578e-15,4.471100419894507e-12,1.4713871158567676e-15,1.3888052754949363e-15,1.4610016770907707e-15,1.2332222371550543e-15,1.7377136693602633e-15,1.8770578194960182e-15,1.6794516379932976e-15,1.2846922173191205e-15,1.3492981535172117e-15,1.8616580267022174e-15,4.470868679901364e-12,1.5325915564799855e-15,1.6173841465825636e-15,4.4712159081266675e-12,1.43327366464453e-15,1.7428895690698542e-15,1.5189347808416372e-15,1.3275485990121088e-15,2.5020908425415977e-15,1.5336990984849917e-15,1.5834817982230897e-15,1.4589195274710754e-15,1.5326668942694188e-15,7.877439428091014e-19,7.895948167625994e-19,1.3999598559923591e-18,4.882903597890813e-19,1.5300804998509077e-18,7.571671976556121e-19,6.273367032307055e-19,9.517502485625743e-19,7.579771223784175e-19,8.260865141886675e-19,1.0545254955367594e-18,2.2397855485194056e-15,9.927596841952448e-19,8.64588008507414e-19,-8.393899094545739e-20,5.622704519599447e-19,2.2399523093184873e-15,6.707116291490137e-19,2.2395631319366187e-15,2.239523738884571e-15,2.4361145902826813e-19,2.2396881591181622e-15,2.239968256283503e-15,2.239662114365798e-15,5.084460946361484e-19,5.445268362515655e-19,5.105801152349403e-19,9.417120012369064e-19,1.1008147251609542e-18,7.80919205774816e-19,2.2402185524008976e-15,2.2395163623472036e-15
0.9999999999996694,-5.904491300344524e-12,2.2391927397686775e-15,0.9999999999944591,-1.1507324461943522e-10,8.287815239004554e-11,-4.13020637430653e-15,9.260474030123853e-12,-4.0842838161355345e-11,8.353148184471955e-15,4.470131806820475e-15,-2.0221888733274464e-14,3.1469351285746604e-15,-5.416345526627651e-11,1.6665549954115085e-14,-4.2547981598627664e-11,-7.93736078297911e-15,-2.1041773766035362e-16,-9.281289736717301e-15,1.0000000000755425,1.1837673977318735e-10,2.4263124768896765e-14,-4.368191245789074e-15,2.4587214798777675e-14,5.572541530106886e-15,-3.0334859304240545e-14,-1.009328249766207e-12,-6.964262167836056e-12,-8.145861244366226e-12,2.0466474702255785e-16,5.1038137179550646e-14,3.0862100858868323e-14,-1.3458160877813887e-10,1.0000000000298366,-4.781122207958576e-15,-3.6545105777228776e-14,-5.302051409573441e-14,-3.4094240773642963e-11,-3.097855163685547e-11,1.5747785962965584e-15,0.9999999999969569,1.0029644533343199e-14,-7.734910919546408e-15,-2.2224487685279033e-11,1.0000000000237557,1.1833483184511016e-11,5.6873118376360325e-15,2.0388136195238378e-13,8.083877847966186e-12,7.062970201432032e-11,-6.607583413631653e-12,5.408211194433904e-14,1.5411769777683855e-11,7.61755774286535e-12,-1.8346452044568175e-11,-4.932428907156708e-15,0.9999999999761725,-1.9177748871246735e-14,1.0775825228186772e-11,1.2781341129790125e-14,2.922030632487816e-15,-1.6686940221439365e-11,-3.669161765999054e-14,1.2099477970675343e-14,0.9999999999973193,6.5644855356086175e-15,-8.506595316821623e-15,-2.3413398125070263e-12,-1.857539456169487e-15,-2.1012426565563584e-15,0.9999999999824427,6.873207382563171e-11,-1.8340406962394984e-11,0.9999999999945479,5.4955999676895604e-12,1.6767381556937186e-14,2.3493612042959446e-15,-2.339113090163265e-15,4.165630499452632e-15,7.011533100595539e-11,4.0405485560224176e-14,5.11347767850117e-12,7.407514894784263e-15,-3.570816814983633e-15,1.0000000000186793,1.674532980146967e-14,-3.8115963614852186e-11,1.0000000000049694,-1.634458674594828e-14,-5.0188328378236724e-11,-1.768375965858454e-12,-1.286130248706692e-15,-4.973515662292825e-14,1.738610558909043e-14,2.2924478615668068e-11,1.582384094599189e-11,-2.79739483642705e-14,-3.53192614462259e-11,9.195111115649676e-15,4.050040426380218e-11,-7.453579872241055e-11,2.355049040128262e-11,8.346830841780203e-13,-1.449782879514038e-11,-6.89507465328798e-11,6.850435447225444e-12,3.6523128375812434e-11,3.7769124828744276e-12,1.0000000000292777,-1.5676218592090488e-14,-5.430491366650983e-16,1.8214181452404226e-16,-3.4587289523351394e-15,0.9999999999894159,-1.0999747421729742e-14,1.0000000000004106,0.9999999999606821,2.1331849972006542e-14,1.0000000000126448,0.9999999999769793,0.9999999999926923,-3.782594557277754e-15,4.90644861693418e-15,1.8674138780427164e-15,1.3986877533223852e-15,-1.0811271303626004e-14,1.882411859675854e-14,1.0000000000084233,0.9999999999431662
-1.1409621160106798e-10,1.5600023360127872e-15,1.5698269018870131e-15,-1.1507324461943522e-10,-1.6869378980366024e-13,1.122001041402886e-18,9.340175460227599e-19,7.556772669532248e-19,9.379739826826285e-19,8.230269049126856e-19,7.506994718475215e-19,3.373511892934514e-15,1.100440076807252e-18,1.1827122455559581e-18,1.7071941946070026e-15,2.078934856785466e-15,1.6582486179996431e-15,2.0050234070704678e-15,1.101273102330015e-18,-5.764755428866681e-14,1.5596368678948503e-18,1.037117884437501e-18,1.0776699591851232e-18,2.2158312427922325e-15,1.3862550058222744e-15,2.4091125560033953e-15,1.526417503739644e-15,1.5583616400937648e-15,8.26307909491731e-19,1.5991561803722317e-15,1.2667487291652626e-18,2.7516030528676236e-15,1.769104086243188e-18,-5.764768804015104e-14,1.8705889129700985e-15,2.056576624173344e-15,1.109744795060401e-18,1.0092062721791481e-18,1.8819297298703924e-15,1.0612630915887402e-18,-1.1507114028427178e-10,7.29745713166295e-19,7.839902397859414e-19,1.4464364308617489e-18,-1.1507181889223166e-10,1.0567894459576504e-18,1.2425497704280397e-18,6.052874208711292e-19,9.215867966390763e-19,9.074298496810656e-19,1.3319984671593685e-18,1.449378649285508e-18,1.7800560327886828e-15,1.5291934942437544e-15,1.9688743149818195e-15,1.6005370059185754e-15,-1.1507018967068145e-10,2.1846144226063556e-15,1.67343365390834e-15,2.671816315023584e-15,8.965837516369953e-19,2.1256342872217796e-15,1.2158436574411309e-18,1.0713754160833255e-18,-1.1507119374554103e-10,7.912022081473502e-19,4.819533303533433e-19,9.746345046471011e-19,1.036062484850773e-18,8.361756329151656e-19,-1.1507001595838445e-10,4.1544346238167265e-19,1.930436674844998e-15,-5.764828123600234e-14,8.099199141387214e-19,9.226729216098825e-19,9.71112011162449e-19,1.5857849999435895e-15,2.3348206129208587e-15,1.1988096546409561e-18,9.76925995773919e-19,8.346533804546262e-19,9.379518677615047e-19,1.2231594375035957e-18,-5.764825782688095e-14,2.0008612794269826e-15,1.0900712793541564e-18,-5.764814978508207e-14,2.051491172391808e-15,2.3161674395985522e-15,2.0615621049178846e-15,8.785340239122404e-19,3.2404803464275287e-15,1.9777390130345785e-15,2.0894368555232464e-15,2.019612081014899e-15,1.1167774313404142e-18,2.3745494861304306e-15,1.779999832082898e-15,2.8375977612587205e-15,2.137090777645098e-15,1.4903866464037908e-18,9.681719797895766e-19,9.603817116525937e-19,1.1536994995373736e-18,1.099271014430215e-18,2.1799606938618365e-15,1.2662322436348975e-18,-1.1507185901639874e-10,2.4944463957936757e-15,2.2525436195019403e-15,1.235152843929551e-15,1.346132380702978e-15,-1.1507160135784197e-10,1.923469923291818e-15,-1.1507246676059088e-10,-1.150720884418485e-10,9.615708375385476e-19,-5.764847936993818e-14,-5.764788222781011e-14,-5.764847869146854e-14,7.54079228584219e-19,9.574279275791103e-19,7.930297728193734e-19,1.865260666189561e-18,9.377158744805709e-19,8.164834227176949e-19,-5.764779447511933e-14,-5.764828061810373e-14
8.384364175252042e-11,1.6293887381353325e-15,1.7508218185401368e-15,8.287815239004554e-11,1.122001041402886e-18,-1.6839626100335838e-13,2.5855150122786527e-15,1.789401987902789e-15,1.1171077014843898e-18,2.036977063865551e-15,1.6520170234304844e-15,2.145636859078151e-18,5.793690929866043e-19,3.0826787674004198e-15,2.1364089945617417e-15,1.2856225820290795e-18,1.796868340552189e-15,1.2558728899750095e-18,2.028234342368411e-15,8.288095198098297e-11,1.361691880014583e-18,1.9378812771246497e-15,1.6435379192657116e-15,2.547656263770038e-15,1.894055746653771e-15,8.055960978190734e-19,2.0087385334352856e-15,1.0228460630417743e-18,2.3141770439290754e-15,2.011023476225422e-15,2.297098811258864e-15,3.2756520151223337e-15,2.875366027082525e-15,4.1520631697818256e-14,1.311742376874493e-18,1.4659048429050486e-18,1.4802033402770823e-18,1.2872079058811815e-18,8.725332834994586e-19,8.145586904277487e-19,4.1520589950693515e-14,1.618936417683643e-15,2.2040948954453816e-15,1.299061073146796e-18,8.287968402246404e-11,1.8644227799241454e-15,1.1618979240814957e-18,6.67255150308175e-19,9.135424582390586e-19,2.5375573883062535e-15,1.21982741850744e-18,2.6798720308927266e-15,7.098196519884874e-19,2.1095075408199143e-15,1.3558021970805904e-18,2.234857212875765e-15,8.288151288347844e-11,1.050831107321409e-18,1.6485885762667748e-15,2.792214270027349e-15,1.8528392516623777e-15,1.2494058431084865e-18,1.4664963329509147e-18,1.8212847631200973e-15,4.152086736509079e-14,2.052210595504801e-15,9.83462475763662e-19,2.0808997184251504e-15,1.347495499381858e-18,1.1642946114737306e-18,8.288157249547111e-11,1.2058898264776364e-18,8.818305635619559e-19,4.152035481397864e-14,2.30272319120265e-15,2.0053115070109626e-15,2.2359907388506132e-15,1.0427696562431745e-18,1.2346665588405462e-18,2.875239203231945e-15,1.1628940154089636e-18,7.646468628137742e-19,8.5776896181065635e-19,1.5527742916988111e-18,8.287916081024176e-11,2.272969373399121e-15,1.1781830083664123e-18,8.287968049873268e-11,1.8277192551014516e-15,2.535558452853235e-15,2.1231989220519066e-15,1.0766343235229364e-18,3.8400334407065105e-15,1.1047361865957105e-18,2.3232870664647933e-15,1.1231783347940982e-18,2.1647372977530353e-15,1.378245898618288e-18,2.208062522436678e-15,1.7371722694693436e-18,8.322533254688956e-19,3.33531549294778e-15,2.2584551607394554e-15,1.100682783809853e-18,1.3662130694936084e-18,1.3185254276765272e-18,2.321986640224879e-15,2.947276597162646e-15,4.1520668984441425e-14,1.2092177143411348e-18,2.3914420719835538e-15,1.6052265222900945e-15,8.471652711394222e-19,4.1520646250341884e-14,6.722920908534047e-19,4.1519586364353946e-14,8.287927588187067e-11,2.0226310465434313e-15,8.28791278132171e-11,8.288050077756489e-11,8.28792850726287e-11,1.8379399321351787e-15,1.864274282605172e-15,1.880741375656278e-15,3.674166954670456e-15,1.6294625032396328e-18,7.21147443710881e-19,4.1520656790266893e-14,4.1520182375258483e-14
-7.265373402197077e-12,1.3937328351379244e-15,1.5670729148724961e-15,-4.13020637430653e-15,9.340175460227599e-19,2.5855150122786527e-15,-1.6830110706475118e-13,1.5671680186519597e-15,2.0940758609194216e-15,7.166542772780935e-19,1.435020998810616e-15,3.890975528018057e-15,7.975552077661441e-19,3.166942106505825e-15,9.752548341085926e-19,8.7163198118923e-19,2.2080768200999775e-19,1.3462999210060036e-18,1.7378424715800306e-15,-4.128993151279234e-15,1.6801081797414628e-18,7.285695161903289e-19,6.451075588197012e-19,1.149863625481006e-18,1.0536057609691298e-18,9.340184962830188e-19,2.0203957879482188e-15,1.92982077315751e-15,2.3280596102705685e-15,2.012910403692245e-15,1.7307710425476158e-15,1.7581268807735956e-18,-1.2911594761857722e-19,-8.242337209771973e-12,2.672601617019753e-15,2.835596004321435e-15,2.5339368036825874e-15,6.478618048756685e-19,2.0716180506803968e-15,7.937403525012153e-19,-4.1294359747809336e-15,5.012836039298151e-19,2.353503198514518e-15,1.3615157551240819e-18,-8.243105270727377e-12,1.729636147384632e-15,9.24782286553841e-19,1.8047415777285124e-15,1.617328741529862e-15,1.1597911499376e-18,9.911387099239557e-19,2.270733076474512e-15,9.395110835872024e-19,2.1475907698356796e-15,1.7671460402782524e-15,1.0200474960561896e-18,-8.241437675724596e-12,8.715309714476239e-19,6.937641611838125e-19,1.152725921609096e-18,7.656233055899955e-19,1.925537201554626e-15,2.69917574265676e-15,1.3126804712723478e-15,-4.129204212764867e-15,1.5455744743613947e-18,1.7848759066859428e-15,2.08773828871672e-15,1.7013853256101355e-15,2.1114091649278893e-15,-8.24151674358573e-12,1.146698433550149e-18,1.0307863550458357e-18,-8.242777551073901e-12,9.507789439725682e-19,5.222739281844345e-19,2.140795296722153e-15,1.853842509140466e-15,1.2951175034444349e-18,1.3293329427500332e-18,1.174724567450122e-18,1.833128474566706e-15,1.6391553301624606e-15,1.5701693937600967e-18,-4.130242510388146e-15,2.0123894624897204e-15,1.2522269576802693e-18,-4.129562095209914e-15,1.3825647046224372e-15,9.375930514319868e-19,1.786270623528566e-15,1.79852308973481e-15,1.7942263644302735e-18,1.0346321707977466e-18,2.1091630429364712e-15,4.2102582236455143e-19,9.227696909764115e-19,1.078665849267758e-18,2.1689749018597192e-15,2.8095347673296913e-15,2.063572242041793e-15,3.009004619424153e-15,2.146159244688556e-15,2.0596826397117028e-15,1.403687103624506e-18,1.1309417055674676e-18,8.6371155759578215e-19,2.787920353849673e-15,-4.129676238918657e-15,1.3003083505400357e-18,2.117120558401687e-15,7.672503063847027e-19,1.6580594396912015e-15,-4.1295755398840465e-15,7.3614213627379495e-19,-8.2439045768385e-12,-4.129783072982331e-15,1.911954061285041e-15,-8.243563643023151e-12,-4.129983382689115e-15,-8.243546984982207e-12,1.5517359204138976e-15,9.525173125332967e-19,1.844727664097838e-15,1.685177553592645e-18,3.208684148044266e-15,2.1964577028656913e-15,-8.242941312737294e-12,-8.24381293739472e-12
1.0264228441852257e-11,1.3258176486050201e-15,3.3556543459930567e-19,9.260474030123853e-12,7.556772669532248e-19,1.789401987902789e-15,1.5671680186519597e-15,-1.6902586772024968e-13,9.63183623391272e-19,7.525507911599984e-19,5.795500672289617e-19,2.7548587573013425e-15,1.552805316542388e-15,1.9924961611810792e-15,1.513585926292996e-15,1.0484582492192338e-18,1.498870064612706e-15,1.7585399055194503e-15,1.6247111243756173e-15,4.640287641572232e-15,1.1507850992488146e-18,7.193391814495512e-19,1.4500361971931087e-15,8.936736488634219e-19,1.2728444929165962e-15,1.975087905221486e-15,5.909622350239031e-19,5.662742447787073e-19,1.5234822800342084e-15,7.124642884732973e-19,8.037255612434821e-19,1.0994544947988452e-18,1.2592238276417997e-18,9.262228751079394e-12,8.666685909820598e-19,1.0838579030131637e-18,1.9668152327792867e-15,8.390766006975747e-19,8.616890318278062e-19,9.433503626584419e-19,4.640041724389738e-15,9.086436454301528e-19,6.65730714394354e-19,2.0690750025649167e-15,4.63997245011614e-15,4.629436931948363e-19,8.060545462707373e-19,1.0581953842738794e-18,1.1279261116887296e-18,9.140968200587983e-19,1.1631403344388951e-18,2.2863930620018248e-15,1.408367063829414e-15,1.1869793683343596e-15,1.2381158128554412e-18,6.676206341796556e-19,4.640650188592197e-15,1.840976550160907e-15,7.145497017469548e-19,9.567217208362823e-19,1.3160235049433434e-15,1.7741053980594724e-15,2.1499379514528814e-15,1.7319785078931271e-15,9.262194535092718e-12,7.397110544702984e-19,1.5013899964263226e-15,1.5307517011952406e-15,1.0012035329868804e-18,9.05375999277555e-19,4.640549154841911e-15,1.6524481544430593e-15,8.333275616146311e-19,4.639509998637851e-15,1.5464924678715178e-15,1.5517352832106934e-15,1.530317666385309e-15,9.85006090964971e-19,1.9402978045544865e-15,2.056032448612868e-15,8.630751674887367e-19,1.4019420426123126e-15,8.958411618716806e-19,1.0189720966007662e-18,9.261507939773597e-12,1.4968721831877412e-15,9.762562289269e-19,9.261805387894364e-12,1.724873587443818e-15,9.852611788281567e-19,7.195325133175059e-19,1.3856832364788532e-15,1.44317572886126e-18,7.847246866300254e-19,9.0854078821575e-19,1.752146492944356e-15,1.8083945912463763e-15,8.07735718321365e-19,1.4703263272998293e-15,1.1601286413510187e-18,1.0022605780319994e-18,1.2046002043127987e-18,1.591841143962829e-15,1.4475478315218297e-15,1.3106127419075595e-18,1.0019657528456594e-18,1.807030966921426e-15,1.1494920146637307e-18,4.640175506094063e-15,2.0842958627162354e-15,1.018183491707717e-18,1.428876088976373e-19,1.104649514945498e-15,9.261873434698636e-12,1.4943486593566017e-15,4.639988262729891e-15,4.6396846813136605e-15,1.3977306010738442e-15,4.639660077567784e-15,4.640188854985652e-15,4.639595272955118e-15,1.4738327948734364e-15,1.3269942939086718e-15,1.0552326409797994e-19,1.4095427970789702e-18,7.995564416409968e-19,6.725612356835872e-19,9.26219233602592e-12,9.261313659101994e-12
-3.986664136461534e-11,1.57253195894509e-15,6.757317182425185e-19,-4.0842838161355345e-11,9.379739826826285e-19,1.1171077014843898e-18,2.0940758609194216e-15,9.63183623391272e-19,-1.6874557304841258e-13,9.67353637698058e-19,1.5907317820789168e-19,1.7545034537882416e-18,1.7968228045591815e-15,2.5757528784128477e-15,6.931628984946026e-19,9.955325484503723e-19,1.7372437992865362e-15,2.160023942804033e-15,1.9462966053577716e-15,-2.0459908699573838e-14,3.0206699901321404e-15,1.099096833823735e-18,5.081168859440005e-19,2.308699913504705e-15,9.210135001915853e-19,2.3985301880423706e-15,1.1701655730083438e-18,8.218048340800488e-19,7.70264039514681e-19,9.13191987467844e-19,2.3181766618122466e-15,1.644386060181001e-18,1.1183687430219148e-18,-2.0460521285773736e-14,1.3218194005585914e-18,2.214184078604962e-15,1.220792692031744e-18,2.0794902697511642e-15,2.016039451592626e-15,2.019864191660255e-15,-4.0840728461286896e-11,1.0233909488909646e-18,6.038259169147635e-19,1.375740684754914e-18,-2.0460773746865433e-14,1.6398998833158819e-15,1.9408492827937553e-15,9.074687715653903e-19,7.954640256118871e-19,2.252056722549573e-15,2.5395615823822963e-15,2.6710278495467287e-15,1.7014933719684266e-15,1.6366668974946241e-15,1.9930027640255984e-15,1.7467263367656594e-15,-4.083969505406508e-11,2.120907423321243e-15,1.663087246587833e-15,2.6576160075935348e-15,9.008241229928779e-19,8.621682322983001e-19,2.599527272812571e-15,9.361110901621238e-19,-4.0840712149599215e-11,1.0247184620615217e-18,1.825508287799185e-15,1.857795753429364e-15,1.1673951310297979e-18,8.188179049479542e-19,-2.045980380420875e-14,8.135864129959947e-19,1.1012456115973076e-18,-4.084153063458095e-11,1.2448822866019766e-18,1.8851581253449842e-15,1.064017109219247e-18,7.785981469358032e-19,2.3252439500207194e-15,2.5449424203373113e-15,1.1743948830458505e-18,7.747097600679151e-19,1.866616990783375e-15,1.0576329073099924e-18,-2.0461057712639354e-14,8.83136592789072e-19,2.2274911536704136e-15,-4.084132557718241e-11,8.648170127378758e-19,1.1496429603696567e-18,1.974913582698038e-15,9.798224650787738e-19,1.507335474149824e-18,2.0207906877841013e-15,2.1171023489305645e-15,6.788470303370606e-19,2.1175893703721845e-15,2.4106856121486107e-15,4.748179556379302e-19,1.648089804555823e-18,2.16300410029343e-15,2.9177118060347973e-15,2.0077173589713146e-15,1.8096052709986923e-15,2.526731510625889e-15,1.1351536688839952e-18,1.151764829067081e-18,1.2685449882660987e-18,-2.0460514985788416e-14,2.5357992065785506e-15,1.2529464643934576e-18,1.3355434205697205e-15,1.4446823602042708e-15,-2.046058359483171e-14,9.037703810916854e-19,-2.046134804357309e-14,-2.0460750689927457e-14,9.525046822948653e-19,-4.084190415492545e-11,-4.084078050243012e-11,-2.04612333602401e-14,1.759336806378364e-15,7.812876969478598e-19,1.5756950949853284e-15,3.3849735527975276e-15,1.26190101762845e-18,2.130530647069173e-15,-4.084088735843252e-11,-4.0841955611924406e-11
1.7666587766975477e-11,1.473227289040234e-15,5.360224038661773e-19,8.353148184471955e-15,8.230269049126856e-19,2.036977063865551e-15,7.166542772780935e-19,7.525507911599984e-19,9.67353637698058e-19,-1.6881511354243146e-13,4.363438393165519e-19,3.126832599325202e-15,7.548763928845422e-19,1.4444732539907178e-18,7.408860175260971e-19,1.4142509518848607e-18,6.091257852816199e-19,1.977906633587194e-15,9.339699112256378e-19,1.667718348485734e-11,2.0761482794621302e-18,7.527495550411506e-19,1.60843731022591e-15,2.0982856866093244e-15,1.4544378714224785e-15,2.2141499102290954e-15,1.4154305516478355e-15,1.5777614838952975e-15,1.7471443337662947e-15,1.5817052062836397e-15,1.4048637637595418e-18,2.533267602430121e-15,2.8788001894517588e-15,8.354295162531182e-15,2.0001435822370265e-15,8.12069757340771e-19,1.0735487569266267e-18,1.9084105559574307e-15,6.46633220633312e-19,1.9231689122360056e-15,8.354509506112103e-15,1.7528503149850702e-15,7.498390158139086e-19,2.2964986948506075e-15,1.6676096452518637e-11,5.918310435605737e-19,8.28715240897041e-19,7.449041192699662e-19,1.512037285804713e-15,1.0644020829605083e-18,2.3851243754793423e-15,2.5239895774683137e-15,7.85494512514685e-19,9.643179993520542e-19,7.593843816770296e-19,1.4865392840980802e-15,1.6677680180725195e-11,9.934829636021806e-19,7.974226822823863e-19,1.2268334935952138e-18,6.193280672134732e-19,9.908120391634777e-19,1.1958952720719885e-18,1.9011447518271942e-15,8.354631775425466e-15,7.751471226882795e-19,8.73776723595461e-19,1.718778340011967e-15,1.9691576767163703e-15,1.0126088244370058e-18,1.6677762623353226e-11,8.223531948160092e-19,1.8703382334558035e-15,8.353875869227697e-15,1.7615501390402322e-15,1.709068974092713e-15,4.517942573777057e-19,1.5407437990258873e-15,1.297771706639195e-18,1.1906022341406474e-18,1.1444696204912576e-18,8.904589479801054e-19,9.727772626994702e-19,2.2615605734292473e-15,8.354083744402071e-15,1.7075682463167506e-15,9.605306725686258e-19,1.667619499367358e-11,7.734399098212313e-19,1.2281372527268192e-18,1.7826657036528076e-15,1.5465139809397158e-15,1.462845122923413e-18,1.0240701131759934e-18,1.9199725753384756e-15,1.937451496359861e-15,1.994025542033011e-15,1.0822447115689268e-18,6.575784983157861e-19,2.6033813890050514e-15,1.9739804262113875e-15,2.585901520192806e-15,1.0756036283452075e-18,1.658900542803791e-15,2.2762177333521462e-15,1.030483476659288e-18,2.011994568267375e-15,1.307734235916576e-18,8.354128103598782e-15,1.1941324516469393e-18,2.1140480589102538e-15,1.1722134188830039e-15,1.2768780620059415e-15,8.354033756517364e-15,8.922516763303165e-19,1.667547435404474e-11,1.667594122646785e-11,1.030895029321494e-18,1.66756583569052e-11,1.667664342414586e-11,8.353932467126524e-15,1.6256226445634744e-15,1.4763478667439701e-15,1.377954127401699e-15,1.4401765636971408e-18,2.303781692689183e-15,1.0723627986100522e-18,8.354513488163665e-15,8.353967047117232e-15
9.937600549085469e-12,1.12507607450469e-15,5.2520874931739705e-19,4.470131806820475e-15,7.506994718475215e-19,1.6520170234304844e-15,1.435020998810616e-15,5.795500672289617e-19,1.5907317820789168e-19,4.363438393165519e-19,-1.6928598001332543e-13,1.2504108469424653e-18,1.286770698066523e-15,7.28329624832277e-19,1.2786962485039132e-15,1.5170842232282699e-15,1.0454219708673692e-18,1.4871494719291783e-15,4.535731210630176e-19,8.92555898417448e-12,1.0871213102882538e-18,1.3867719833140892e-15,1.1484597845318025e-15,1.6320695162318377e-15,1.2708159870124828e-18,7.050728775022535e-19,5.751747880588268e-19,4.340495075526675e-19,1.357135639394382e-15,1.1848991033337638e-15,1.0057360332018504e-18,1.130647480184753e-18,2.2510495738921118e-15,8.925167531539404e-12,1.4068341404630216e-15,1.5603533073768462e-15,7.316872487198576e-19,1.478772071739736e-15,5.4295842597848935e-19,1.468647044495518e-15,4.4709458761528545e-15,9.148916149820713e-19,1.1774730684322626e-15,1.705535484014326e-15,4.4709035023851575e-15,1.1868398194790793e-15,8.323646002878049e-19,8.247997170235102e-19,1.1093187533127313e-15,5.013420656394052e-19,1.0658255882919123e-18,1.905864322176035e-15,1.2641506368822727e-15,1.152300567032034e-15,1.4229220080200062e-15,1.2293610287030745e-15,4.4710585084548976e-15,1.5338612637072426e-15,1.1867166072843478e-15,1.9270405700117053e-15,8.364282221354831e-19,1.5180283950297237e-15,1.803467334186206e-15,7.345939802629375e-19,4.470697310780334e-15,1.2811447901005353e-15,1.2794630890910062e-15,1.2432301821728336e-15,7.609395252213669e-19,1.2292310819959872e-15,4.471576161436281e-15,1.15768433246335e-18,6.474404620102754e-19,4.470331949811594e-15,1.3553661111287405e-15,1.3426896115709364e-15,9.98389509981338e-19,6.647313718235589e-19,9.227063975724136e-19,1.0464096663176424e-18,1.6071725937091033e-15,1.2183356399416984e-15,1.3207208522301983e-15,1.729120340350528e-15,8.924388038800083e-12,7.459352799192767e-19,6.643760173358693e-19,4.470600141728584e-15,1.4289077475644215e-15,7.690179600920681e-19,1.4710583521748824e-15,7.547810462406181e-19,1.3525869472483447e-18,7.377110180317226e-19,1.0256793892439894e-18,1.4475226472307269e-15,8.2010030830020605e-19,1.7436222644386698e-15,1.106120269392779e-18,9.079172734076682e-19,1.5245363059050175e-15,2.142641723204853e-15,1.4148045298324949e-15,1.2362362536741282e-15,1.0516931760142046e-18,1.4619169390580392e-15,1.5707263257757385e-15,9.160624104194297e-19,4.470951099806853e-15,1.799988435429477e-15,1.6301196092519356e-15,4.1982668886213234e-19,1.0223622702239265e-15,4.470950104340597e-15,8.544757908387587e-19,8.924228239424045e-12,8.924509218841538e-12,6.474983931621603e-19,4.4706217132139966e-15,4.471147938675796e-15,4.470736313872305e-15,1.277718264036101e-15,1.245859793785301e-15,1.1001910527629436e-15,2.37459591992712e-15,8.678577042666613e-19,4.621860714009666e-19,8.9250707968254e-12,4.470298271037023e-15
-3.947946870180069e-11,2.486453094683177e-15,2.6574118769765e-15,-2.0221888733274464e-14,3.373511892934514e-15,2.145636859078151e-18,3.890975528018057e-15,2.7548587573013425e-15,1.7545034537882416e-18,3.126832599325202e-15,1.2504108469424653e-18,-1.6560881639009005e-13,1.446176773037908e-18,2.2836711668160903e-18,1.5965244516068555e-18,3.6933919889898655e-15,2.818412687311501e-15,2.0114044323291728e-18,2.0423266182891948e-18,-4.0361148943964104e-11,2.194372690687046e-18,2.9799250322534143e-15,1.1766496147775477e-18,3.853000818744656e-15,1.207406182128491e-18,3.922272259828694e-15,1.5023306556029301e-18,2.990177598105852e-15,1.74472904146454e-18,3.093924452049893e-15,3.5268518830173525e-15,4.9745440176050016e-15,4.387782236259974e-15,-4.036185616259778e-11,3.901322143676998e-15,4.179751229520885e-15,4.058952702752649e-15,1.6149971112756781e-18,3.3702726050460195e-15,1.6844821424320979e-18,-2.0220491061590774e-14,2.530304345767242e-15,1.6689812125475912e-18,2.140138355047682e-18,-4.036303744097908e-11,1.4572397171219768e-18,3.196279713932339e-15,1.4484994415493821e-18,1.414082709286386e-18,2.0939346822741305e-18,3.8879553921749205e-15,2.0857955630466433e-18,2.710151027982341e-15,1.584998659542415e-18,1.357288005217796e-18,3.3257290603677396e-15,-4.03602260011785e-11,1.877839034907131e-18,1.093864618537453e-18,2.2936510939365e-18,1.4885239558723207e-18,1.6138660806079504e-18,4.4009511162000346e-15,1.4046331163171639e-18,-4.0361746484132285e-11,3.2084551659143337e-15,2.976843404962332e-15,3.1998198570531336e-15,1.5359917683793524e-18,1.839126233509734e-18,-4.036017294871864e-11,3.616352488116999e-15,1.792219842951491e-18,-2.0220733660272405e-14,1.6164622572221608e-18,1.5919671461662402e-18,3.415649164759503e-15,2.9363488439962442e-15,1.904892251521523e-18,2.1841634443732776e-18,3.908149278698945e-15,1.537016845328067e-18,2.950334095016186e-15,2.2521686566703814e-18,-2.02210218704116e-14,3.4055548019142457e-15,1.9059409561230033e-18,-2.0221017008228016e-14,1.5487091261995856e-18,3.9157834406739295e-15,1.837180829524559e-18,1.6372380936208193e-18,5.8201810782541455e-15,1.945782269741456e-18,1.781874863554912e-18,1.4483031358450358e-18,3.3982030435858565e-15,4.120164394470558e-15,3.3567442138686688e-15,2.442503328232505e-18,1.93377673456894e-18,2.6445852378763685e-18,1.81819529584794e-18,3.1919972061040912e-15,4.462017453403122e-15,3.574105886049125e-15,3.578384576361541e-15,4.5133818134306595e-15,-4.036304555154724e-11,4.2627594822286314e-15,3.710703606750057e-15,2.4514816043921462e-15,2.5979805956598892e-15,-4.03626801140905e-11,1.5401934732555199e-18,-4.036425148316938e-11,-2.0221798123117742e-14,3.1051373584658914e-15,-4.0363858523889265e-11,-4.0361836039995466e-11,-4.036362701566489e-11,1.2987795908187127e-18,2.778684943212551e-15,1.416804913684599e-18,5.742436608879784e-15,4.8126737861077085e-15,1.8475979063436476e-18,-4.036245283397899e-11,-4.0364110218544644e-11
7.280246460963996e-12,1.3934986291310164e-15,1.3273125015936765e-15,3.1469351285746604e-15,1.100440076807252e-18,5.793690929866043e-19,7.975552077661441e-19,1.552805316542388e-15,1.7968228045591815e-15,7.548763928845422e-19,1.286770698066523e-15,1.446176773037908e-18,-1.6880706326848579e-13,1.0085498480124648e-18,1.340964795105871e-18,1.6863150525165866e-15,1.555135840971751e-15,7.173174902719734e-19,1.7381447143983023e-15,3.1477724826740095e-15,2.5973854256371407e-15,7.436850637767362e-19,1.5217543542347782e-15,1.580082913909219e-18,1.2615719619071601e-15,8.254958138093291e-19,1.2475657275489152e-15,8.095424350783355e-19,5.088252053001353e-19,7.92599072810233e-19,1.1820673482903465e-18,2.309074143075151e-15,1.401226947042116e-18,3.147467650605385e-15,1.7539070921103002e-15,8.294876582554764e-19,2.0081480126187153e-15,1.7726632348346326e-15,1.7121056968575788e-15,1.2736584641594805e-18,6.2831882532949886e-12,1.77881403819702e-15,1.2720713330604882e-15,1.0300435310870705e-18,3.146975613127464e-15,1.3609529667022368e-15,8.652839859425439e-19,6.426933077427607e-19,1.4126499109039863e-15,1.8581402207567312e-15,1.348637529469833e-18,2.426863932248258e-15,8.739409649457535e-19,1.1650336194273221e-15,1.7702402074630619e-15,6.325908133816655e-19,3.1476830085191595e-15,1.3841371546858992e-18,7.015268200422886e-19,2.335178723990646e-15,1.3281170688217492e-15,1.851745195259696e-15,2.201563234286884e-15,1.899533705180313e-15,3.146652478737242e-15,1.6211499737306963e-15,8.717146117548154e-19,1.5404843599551532e-15,7.468724183482399e-19,1.3764101111630592e-15,3.147849531158379e-15,1.7216263704939135e-15,1.7450177160151387e-15,6.282270761605565e-12,1.5788160259525505e-15,6.369723590790427e-19,1.1529086955764251e-18,1.3909527810181713e-15,2.0388412045055656e-15,2.083562306598721e-15,9.770309305143396e-19,6.98604997995688e-19,1.6942867682998302e-15,1.1542482759016159e-18,3.1471880147724437e-15,1.5876801894694632e-15,5.982899392905853e-19,6.282627059918433e-12,1.8692389223449484e-15,9.947752084658253e-19,1.7131737491439505e-15,1.4136862705632723e-15,2.7434040172438234e-15,4.1117748607417097e-19,1.7981939446350112e-15,1.908752451251376e-15,9.92523274352744e-19,2.0132809766559343e-15,1.0381451128566277e-18,2.4646922751950496e-15,1.8654767060674794e-15,1.1851891485233162e-18,9.239518726503854e-19,7.807732006289885e-19,1.0372815389816919e-18,6.846020299241482e-19,1.0550209677940574e-18,2.152641112532224e-15,6.2824987435774406e-12,1.2064433665081677e-18,1.0145478066017784e-18,2.9001093584592013e-19,1.153387016262554e-15,6.2826994696145986e-12,7.536230268871131e-19,3.146983640558288e-15,3.1468732598032356e-15,1.471662577482572e-15,6.282088398697611e-12,6.282932490921898e-12,3.1472008969605905e-15,1.5508029392271764e-15,5.673502447126832e-19,1.3986730505190353e-18,1.494481677709656e-18,2.02051819328844e-15,9.356691842095979e-19,3.147512680770624e-15,6.282155616059993e-12
