1.0000000000000009,9.721435456874738e-13,-2.5872133935080844e-13,-3.845775003959417e-11,-1.2333063923875003e-11,2.7019804378878924e-12,1.0568528492620902e-11,7.054966166760076e-12,-6.781779037940199e-12,-1.5298005427431326e-11,6.937959132146326e-11,-4.619372088952662e-11,-4.448940030318777e-13,4.591579261032622e-11,1.000000000004192,-7.82544024288939e-12,1.3206131631172625e-12,1.0000000000076725,2.8448182195165323e-11,-5.400860663461006e-13,7.860887052766023e-11,1.0000000000178084,1.000000000006741,-9.428410211735445e-11,7.099680806279556e-13,-3.5304327518878902e-12,1.5555008277045525e-11,-6.051037080335188e-11,1.337883354073594e-11,-1.8513218555407642e-11,1.0000000000169174,3.4793978641077046e-11,-7.563908539267217e-12,0.9999999999908112,5.2957529507034094e-11,5.36641461884717e-11,0.9999999999403432,-1.0762600371435693e-11,-3.793419633032596e-11,-1.7696835059108326e-11,-6.851396192212083e-11,-1.794729110230533e-11,-1.4524392871953662e-11,-6.8879727577063984e-12,1.6206116865304648e-11,-3.166795797358243e-11,-4.028013170479309e-11,1.4669888728159957e-12,-1.637542381677902e-11,-1.5239984814694348e-11,4.869101824674619e-13,-1.4356035534006883e-11,-5.043069421083377e-12,1.1287765921901016e-11,3.6907555750669536e-11,-6.881043665086665e-12,-2.7260016845183544e-11,1.0000000000156273,2.1483358167810864e-11,1.0000000000083937,-4.076921135134684e-12,-8.062390557932027e-12,-3.203741638238419e-11,4.711648719568183e-11,1.0000000000095886,1.0000000000139162,-2.277747816502496e-13,-7.357321072290151e-11,4.434745159952213e-11,1.0000000000216835,-4.947007345352875e-11,-1.2348347568622688e-11,-2.4795636925257665e-11,-3.784175285783623e-11,3.854181873972952e-12,5.722445845327884e-12,8.186316583642034e-12,-5.1910061796871714e-11,5.772711414598337e-11,0.9999999999656666,-1.2119761210756357e-11,-6.141609230173748e-12,1.5821883813664192e-11,1.0000000000244151,3.630826995400321e-12,3.975885621519871e-11,8.726452446135926e-14,1.4255275587317686e-11,9.907772995756282e-12,-4.094511959054024e-12,6.947163640031962e-12,0.9999999999888054,-5.454982162109407e-11,5.989378388198152e-14,-4.799124864756555e-12,7.545115644287788e-11,0.9999999999968626,7.620781274325584e-11,1.5492918909760994e-11,-4.149985832110234e-12,1.0000000000050036,4.676144932374059e-12,0.9999999999882038,-2.155142482795274e-11,-1.7311483284500947e-13,-1.9765989855853767e-11,-2.0361074040454073e-11,1.0000000000173341,9.33929446602255e-12,-3.6445410997811485e-12,-7.382687776753423e-13,1.037192716647112e-11,1.300699240507251e-12,5.967763630160519e-12,8.085382290675618e-12,-1.9353178626691858e-11,-2.081132521733608e-12,2.1916609943704477e-11,1.3982310764261133e-11,1.2343389791046612e-12,8.579021759216311e-11,1.9277009958454835e-12,-2.056407490401658e-11,-6.787707858094429e-12,-2.1921742565522218e-11,4.8791067430874564e-11,1.0003768190707915e-11,5.310257336705121e-12,1.0000000000138352
9.721435456874738e-13,5.854284498101064e-14,7.453844605930646e-16,1.0510185903723896e-15,6.572100841153021e-16,6.596825101484744e-16,7.412391099393066e-16,7.279516970470301e-16,7.739736312747851e-16,6.947951633644023e-16,8.912173545430547e-16,8.426759412996351e-16,6.040109906810663e-16,7.756815490367638e-16,1.710785325925816e-12,6.230249233423062e-16,5.710114996760635e-16,8.5660823582813065e-16,7.412813260375895e-16,5.476330846940436e-16,8.590276981551956e-16,1.7102505101036475e-12,1.7108219613057579e-12,7.262159878419637e-16,5.762180609741351e-16,6.626944244694411e-16,6.261190654732357e-16,9.816369111353815e-16,6.968716607640985e-16,8.334685484785434e-16,1.71072877864979e-12,8.127781020091296e-16,5.717224285101587e-16,1.7102422084613137e-12,8.074388626645676e-16,1.1750016455321552e-15,1.7105380980069239e-12,6.780165353335157e-16,9.050673015784521e-16,6.449751928657773e-16,8.510192170691625e-16,7.660979629005713e-16,6.828518729219108e-16,6.426950912511001e-16,8.802001709109522e-16,7.041244990246064e-16,8.584623706976516e-16,5.009736412616601e-16,9.970909674889773e-16,6.939945099591013e-16,7.124365898393385e-16,7.961429102733296e-16,9.02310370015333e-16,6.966327106885497e-16,8.090840761668651e-16,7.262687370184087e-16,9.607831433634854e-16,1.7102577575659754e-12,4.928396305739509e-19,8.567367438979675e-16,2.414562632888396e-19,2.724837139533876e-19,4.34046266061489e-19,3.880979818106651e-19,8.568001020065341e-16,8.569680467812984e-16,2.528748999157948e-19,4.675594359814454e-19,3.659140209396114e-19,8.569833378892657e-16,1.448600496088163e-19,2.2476005591153536e-19,5.175273567170177e-19,1.26702232036002e-19,2.796583605949462e-19,4.291132447927608e-19,7.209805404088033e-19,4.8932425817871715e-19,6.469163707656243e-19,8.567724254152158e-16,5.422652050087339e-19,4.504728167577427e-19,2.5093357815430876e-19,8.57175474500384e-16,6.5823650656085955e-19,4.82888931671531e-19,-2.2823214591909903e-19,2.86701937185653e-19,4.061053704636849e-19,2.271118894028135e-19,4.864544259718413e-19,8.569670830675706e-16,4.82870811939561e-19,4.69599108036393e-19,2.748734839819872e-19,8.559444209853604e-20,8.569194933934223e-16,1.0480669721993428e-18,2.1708968879638174e-19,1.2172144436203642e-19,8.566727478760036e-16,2.3751754245192293e-19,8.567128220666996e-16,1.8611621491994223e-19,1.2733972530211156e-19,6.739831781019892e-20,2.355107413752512e-19,8.569056480237092e-16,4.350764084377735e-19,1.728536103029838e-19,2.368781341511326e-19,1.8937012262577835e-19,3.290378528518562e-19,2.659793232573013e-19,5.305924266040574e-19,4.2083600235299283e-19,9.762587378466292e-20,1.1681491448887102e-19,5.327548813507956e-19,4.638181196470352e-19,4.349743348219383e-19,3.2834374440762107e-19,6.872409771936491e-19,4.0292770198458294e-19,4.128803063246117e-19,4.973889946437871e-19,6.282449984237565e-19,7.018578679120984e-19,8.56885237746703e-16
-2.5872133935080844e-13,7.453844605930646e-16,5.870883455052122e-14,1.290242232860484e-15,7.18109697314739e-16,8.358373059630895e-16,9.128724157116992e-16,5.780095901596824e-19,1.0466236228776157e-15,9.853864880914438e-16,5.809019708764258e-19,1.016887344386502e-15,7.116051799533698e-16,3.553634893297871e-19,2.477771499875718e-16,7.351271285405353e-16,6.488328608334474e-16,4.953131122500285e-13,8.645294289245506e-16,4.641021093847586e-19,1.1060659693098001e-15,2.476952838867179e-16,2.4853505308107583e-16,4.0860340480772336e-19,7.28828055538746e-16,8.192836737046321e-16,7.310332026525014e-16,1.1968139719960095e-15,1.4169261250293066e-19,1.0257115535260664e-15,4.951056425591678e-13,4.0947618860093415e-19,3.826659254351635e-19,4.944084433813241e-13,9.766559511287962e-16,1.5135744995214673e-15,2.4781112467264656e-16,-2.1397096175850524e-19,1.1119290139569293e-15,4.1870471452461365e-19,1.2830059270223141e-20,3.7335008928133507e-19,8.264746297727454e-16,8.19955073052623e-16,1.165251077543815e-18,2.0621253586600724e-19,1.0525853893802753e-15,5.627786607661638e-16,8.624046019817091e-19,7.848954477933038e-16,9.384225208365153e-16,2.682722416732772e-19,1.226819989168297e-18,3.567312688208005e-19,9.706709690339127e-16,8.663984757181959e-16,5.034223069134656e-19,2.4772654774309657e-16,1.1191477371808833e-15,2.475152845178765e-16,5.726311258493231e-16,7.706247759591004e-16,1.034440042457213e-15,1.0608061990600577e-15,4.948990734869929e-13,4.953406056573586e-13,6.44484389384154e-16,1.2104070195840871e-15,9.92370138716145e-16,4.952737685703452e-13,9.441316535094153e-16,6.73368992844033e-16,1.2629003670258664e-15,8.803617033133624e-16,6.173555043943211e-16,1.1085188083134826e-15,8.481950219275021e-16,1.0411420645086061e-15,1.268949935611683e-15,4.942867031027667e-13,1.3273928168008528e-15,8.441623296821799e-16,1.1273083264970555e-15,2.479638369967999e-16,8.857038178551572e-16,1.1580091958351595e-15,6.129094752497452e-16,8.640989460550155e-16,9.800488543359006e-16,6.45842170470246e-16,8.660520078543422e-16,4.950948944657999e-13,1.13979917499641e-15,8.38723869750827e-16,7.259856100556675e-16,1.0333203222574591e-15,4.948682990768021e-13,2.0722844837723756e-15,9.149614412129722e-16,2.6800555712873846e-19,2.477867096508435e-16,3.332590960873913e-19,2.474802082439467e-16,1.2247657533212393e-19,4.517808498071142e-19,8.175612608195399e-20,6.758916524138532e-19,2.4791611755410447e-16,3.841004833514129e-19,2.592040462655198e-19,8.946171457397852e-20,2.709747797985914e-19,4.957752896324105e-19,4.447811884170113e-19,4.415014974023097e-19,7.661181111071278e-19,2.947541803815031e-19,-1.64534466953766e-19,6.55457165125371e-19,2.420985951045279e-19,7.1252977482307665e-19,3.0695497470165977e-19,9.938228307372452e-19,5.543253367187424e-20,8.303306236226011e-20,4.051897104391265e-19,6.373247062036615e-19,5.573678028871486e-19,2.4778814942362205e-16
-3.845775003959417e-11,1.0510185903723896e-15,1.290242232860484e-15,5.89116929165799e-14,6.748243992631338e-19,1.2555350292869451e-18,7.948211139616497e-19,1.1560836046031972e-15,1.410583843703052e-15,1.4413421095386117e-15,6.370628323553158e-19,1.4513633336559869e-15,1.1748858595229318e-15,1.590182482101143e-15,-3.767189332729904e-11,1.155031554141793e-15,9.408105939219862e-16,-1.8873139637363036e-14,7.651375460741078e-19,8.411219843869793e-16,8.381355153753608e-19,-3.767300490512682e-11,-3.7671896323954753e-11,6.205951178510682e-19,4.977037584751287e-19,1.3035599300442823e-15,1.4404133058520943e-15,1.6463001906200036e-15,7.305827815957071e-19,7.117058066410945e-19,-3.7672172606453874e-11,7.371821877129732e-19,5.347861172954733e-19,-1.8873750729789646e-14,3.4359295755703414e-19,1.2365122430742788e-18,-1.8873789532742668e-14,1.1387592421733169e-15,1.5372948066955182e-15,4.241574323884833e-19,5.534723577830138e-19,6.456129201809532e-19,1.0794977741235697e-15,9.420787794988386e-19,1.52017990955449e-15,1.351691060847693e-18,8.450060539787304e-19,8.669203987940258e-16,2.0774999709049883e-15,1.2004793653707994e-15,1.35212963309709e-15,9.70931832399843e-19,4.0946205482420024e-19,2.136692026437648e-19,1.3407080686489915e-15,9.089235040196753e-19,1.91316156232105e-15,-3.767297630100289e-11,1.754199022654355e-18,-1.8872858988125607e-14,3.1556504868616347e-19,1.0139086610120204e-15,7.363898967093858e-19,1.2186292430726678e-18,-3.767229598860747e-11,-1.8872783401570732e-14,8.00873248980369e-16,1.91335989199307e-15,1.4285550362418946e-15,-3.767166579998863e-11,1.4416975073139468e-15,9.304035951874933e-16,1.301649328179292e-18,1.4424641074414498e-15,5.402737312348868e-19,1.583035263378225e-15,1.2964561736098376e-15,1.5146312212541673e-15,1.9862029798651447e-15,-3.767308428478674e-11,8.553903793625276e-19,1.2185277269562809e-15,1.824861231140451e-15,-3.7671563549638597e-11,7.271909030892981e-19,1.081190359062191e-18,6.557751938391312e-16,5.712568699713091e-19,6.920229268308857e-19,9.380396294954008e-16,1.092500177831921e-15,-1.887299518348244e-14,1.5706660436311893e-15,1.2166869538673723e-15,4.582051920781662e-19,1.4821973138385486e-15,-3.7672160602170946e-11,1.5280406455668064e-18,6.427729642007103e-19,1.2312277776194025e-15,-3.7672760554399887e-11,1.3358519259975699e-15,-3.7673623460550295e-11,1.0948325068988202e-15,1.8536224160217605e-15,2.2459052668722504e-15,1.759317308501841e-15,-3.767210122583936e-11,1.2816085565443276e-15,1.2982303980474753e-15,1.5171027817276577e-15,1.2528742843069323e-15,5.597749996667258e-19,7.360040308406509e-19,6.658459309522024e-19,8.011657622089441e-19,4.67622747056169e-19,5.723266097551175e-19,8.730367604073522e-19,5.694195365166557e-19,5.545899110950386e-19,7.394601777311992e-19,6.46282698456473e-19,6.685994353548508e-19,1.0894882293272076e-18,7.797074802107111e-19,8.81062846571306e-19,7.191308542771532e-19,-1.8872896650958428e-14
-1.2333063923875003e-11,6.572100841153021e-16,7.18109697314739e-16,6.748243992631338e-19,5.867680389783762e-14,3.6492763602475743e-19,8.709368023048246e-19,4.922340413780505e-19,2.9109378831145684e-19,4.1062047747113476e-19,9.380078247176168e-16,6.368707434107405e-19,4.3288361608472423e-19,8.568797490614975e-16,-5.8054093162042056e-15,7.060186987642149e-16,8.209124425644927e-16,-1.1588788999536581e-11,3.8685702161241918e-19,3.5551909022046334e-19,2.0430315989220717e-19,-1.158947378560705e-11,-1.1588647686954459e-11,9.03220883482961e-16,4.448553273723867e-16,7.644598929989903e-16,8.38566968551457e-16,5.183923368215408e-19,6.52474906683147e-16,4.606903066699341e-19,-1.1588803213035143e-11,3.2398259744125856e-19,6.087740070652331e-16,-5.805979843534723e-15,3.941090439513069e-19,6.837172488170062e-19,-5.8058512572427655e-15,2.6820040338530294e-19,6.834219609930241e-20,3.593060403526911e-19,9.363402759384501e-16,7.344210185419139e-16,7.161527318124574e-16,2.9104274083360043e-19,5.012758509700831e-19,4.6598867832321075e-19,5.922947926183621e-19,7.091893001973937e-16,9.827749709995064e-16,9.148735236243046e-16,6.480151793096256e-16,8.064489346390584e-16,1.0316314674897467e-15,6.288277795482658e-16,9.121007989867196e-16,4.097822806820789e-19,5.187792953650106e-19,-5.806120670883389e-15,3.8866059589286677e-19,-5.806153151014883e-15,1.5605952630269475e-19,6.015086371086791e-16,1.2003600766290284e-15,9.043157482392181e-16,-5.8058623870109914e-15,-1.1588834200298938e-11,5.887917427361832e-16,1.0794157833158436e-15,3.682950591082704e-19,-1.1588899498979022e-11,1.0149240193338052e-15,8.5542177170241155e-19,1.7424056408491575e-19,4.825556956000758e-19,6.682575656329992e-16,9.944748395595224e-16,9.701612485327427e-16,9.729617303077116e-16,1.2880515349769576e-15,-1.1589300168825125e-11,5.44076400639155e-19,3.3788666523505326e-19,3.770834665616075e-19,-5.805922470637751e-15,8.144119356572698e-16,1.0898624937124402e-15,5.7758507864111485e-19,6.854412944151783e-16,3.4055087236716965e-19,7.243225956360651e-16,6.403618311298827e-16,-5.8056844191233e-15,8.5439125057037e-16,6.675275759484878e-16,5.883245887607106e-16,4.704738503537202e-19,-5.8057452836969006e-15,1.4731090522993283e-15,4.674268369216314e-19,3.7078964751974177e-19,-5.806166032411981e-15,9.66837416322798e-16,-5.806133493011436e-15,5.534125630995068e-19,4.0528037974719133e-19,5.698519754653383e-19,3.50452395078001e-19,-1.1588792294435984e-11,3.0303184599497406e-19,3.444211178948248e-16,9.94475563852115e-16,8.851412268883071e-16,6.257066871169662e-16,7.461386214516799e-16,7.205486203951954e-16,9.969579501502016e-16,7.516466092358973e-16,3.7128619700752877e-19,6.933541515200082e-19,5.708222373779366e-19,4.526211471781073e-19,4.732300154461656e-19,5.705581274113083e-19,6.981914744514511e-19,4.677221859951825e-19,1.2407158082694707e-18,5.255588405129069e-19,2.229885902227234e-19,-5.80613878658428e-15
2.7019804378878924e-12,6.596825101484744e-16,8.358373059630895e-16,1.2555350292869451e-18,3.6492763602475743e-19,5.846698792133815e-14,7.709251254543874e-16,2.5306133218720043e-19,8.553822832805096e-16,7.308945895862399e-16,1.0642948684859027e-15,9.38504088293564e-16,5.024395124505111e-16,4.02868127323119e-19,1.7258718345273244e-15,5.786750161828184e-16,3.2824852974998885e-19,1.7255178199559079e-15,4.341529212218106e-19,4.0408490644495633e-19,3.5682107506628394e-19,1.7253858092120652e-15,1.7257541386552059e-15,8.51131278637304e-16,5.243906410863922e-16,6.202835687035229e-16,3.9477212234743666e-19,3.2324544490799546e-19,5.865958332694344e-16,4.404635454658033e-19,3.4446376377636695e-12,2.0399931973588564e-19,2.9231455693783704e-19,1.7252989560282483e-15,8.192203124749975e-16,6.422564105717215e-19,3.4442165498592554e-12,3.2114070259852953e-19,1.0078889466133833e-15,3.199195217493216e-19,7.725546707744989e-19,8.017777759170206e-16,7.978821417192143e-16,5.07434891973381e-19,8.771849017608511e-16,6.127530793513798e-20,8.514804266569981e-16,-7.322425752901795e-20,8.274178638582711e-16,2.3757783219550576e-19,7.572445850412282e-16,6.064885487450085e-16,3.9603992063636756e-19,3.8900339575035185e-19,3.44932909357205e-19,2.774796910155697e-19,4.534115918886247e-19,3.444083876484561e-12,3.004393359540849e-19,1.725062153970032e-15,3.7657998529980133e-19,7.247398471943482e-16,8.944770747445263e-19,3.963319712353328e-19,1.7254130057603418e-15,1.7256499518635353e-15,4.042680520089962e-19,9.217433435934293e-16,8.577882704018854e-16,3.444516633143607e-12,2.7304499396257203e-19,6.587358200629481e-16,9.526600740871741e-16,6.75753723306204e-16,4.93114363869094e-16,9.764187546737524e-16,7.395454676838675e-16,4.939563976417678e-19,1.0378200768251148e-18,1.7252081873984748e-15,1.0817956231743782e-15,6.671962627425322e-16,7.845181288735863e-16,1.7256386285782212e-15,3.3583449504284414e-19,4.142007339563848e-19,7.279352712101327e-16,4.11279946194536e-19,7.539741767810356e-16,2.9781775112637764e-19,8.348573287762714e-16,3.444361425997393e-12,3.719564301735784e-19,2.8786300891611707e-19,5.133648499167732e-16,9.353352629464513e-16,1.7253677202120786e-15,6.130210660060084e-19,6.274380393427971e-19,1.8825272022751648e-19,1.725518769113501e-15,3.780945512819559e-19,3.4437770341823757e-12,2.1001244536297236e-19,7.575360268702196e-16,1.448556998422892e-15,6.869052108639212e-16,3.4442724536410435e-12,3.266796294830839e-19,1.786443389193764e-19,7.727934441685498e-16,6.651646574562161e-16,7.745710586407204e-16,7.903699281151503e-16,3.8093038649706966e-19,9.905261133464857e-16,5.504594705709528e-16,7.082485076120091e-16,1.076680943212704e-15,5.195721035687244e-16,9.035073001586506e-16,5.178064981581159e-16,9.487382175963545e-16,9.135519698505162e-16,6.888238591971511e-16,4.259397935579581e-19,6.107615866632232e-19,6.815605678440994e-19,1.7254163923660266e-15
1.0568528492620902e-11,7.412391099393066e-16,9.128724157116992e-16,7.948211139616497e-19,8.709368023048246e-19,7.709251254543874e-16,5.866827187266968e-14,2.913240036062412e-19,5.068044899927857e-19,6.398883844914797e-19,6.008907261546946e-19,1.0580650581402403e-15,4.0225650518909797e-19,1.4735944246806369e-19,1.131768658714878e-11,7.409617021735887e-16,3.242986472511957e-19,5.669873527209181e-15,2.894586860960742e-19,6.146764663778602e-19,1.0498192309260423e-15,5.669467049782426e-15,5.6697118124171014e-15,9.052222860813925e-16,6.768266595892527e-16,5.490848760987628e-19,7.597168523511422e-16,6.203016787820808e-19,8.186046230833799e-16,4.798726842516211e-19,5.670158097738573e-15,9.61010101800232e-16,6.794929725294164e-16,5.6693688568878154e-15,6.426624339081444e-19,1.4317152092772403e-15,5.66933045097799e-15,8.386973054871192e-16,4.0925005699700674e-19,4.359667115180301e-19,1.0557606825866933e-15,9.207223089677862e-16,8.241594526065287e-16,2.536607415473726e-19,4.0542326263503065e-19,2.0515022900393376e-19,8.544839214617557e-19,6.056790031841952e-16,7.415745760687873e-19,3.8170443471744936e-19,9.488469258369567e-19,6.797909438013361e-19,6.03427963352515e-19,7.158187749259829e-19,9.791911589756454e-16,6.0539717797165265e-19,1.179292309427742e-15,1.1317062715492868e-11,5.748465495046721e-19,1.1316850150199055e-11,5.557880866751422e-19,7.504313140671885e-16,1.0789598286503327e-15,1.0368226020828082e-15,1.1317423028888777e-11,5.669817800848364e-15,6.502187891942139e-16,1.2012483369669537e-15,9.820732461905227e-16,1.1317744183989862e-11,9.71152943011199e-16,7.088453004676422e-16,1.241627335180354e-15,3.310500386448049e-19,6.354481412388312e-16,1.109214701051092e-15,8.873967705511296e-16,1.0437842152902578e-15,1.286203977402154e-15,5.669502134261375e-15,1.258575447533427e-15,1.9313589269071552e-19,1.083297570366654e-15,1.131786132670613e-11,3.7959702605072605e-19,5.078177912478219e-19,2.5529314580375783e-19,3.7033708602692945e-19,9.450619923607144e-16,6.779364059666946e-16,2.1605222084336254e-19,1.1317600816244343e-11,6.53655681853444e-19,8.129823468930831e-16,6.992366788855584e-16,4.404098581149551e-19,5.669804859121086e-15,9.706046885071244e-19,9.212022451316343e-16,7.646696995080371e-16,1.1317253736276942e-11,5.744288528791646e-19,5.669266879000471e-15,6.924711155010498e-16,7.639357959063432e-19,7.843785140478384e-19,3.9162821495950163e-19,1.1317494141149669e-11,8.130384391419912e-16,2.4701798659324704e-19,9.73739832225184e-16,8.300078964724937e-16,8.201476842116253e-16,8.240780391548748e-16,9.762155717581222e-16,6.062786686877306e-19,6.509611239613224e-19,8.043921590890164e-16,1.2195846227727573e-15,7.044183736178883e-16,1.0320916390249428e-15,8.157634629435318e-16,6.419245807743982e-19,6.854454611279431e-19,9.353173751038706e-16,1.0242678018868716e-15,4.64488879950494e-19,5.68043915915134e-19,5.669471794329946e-15
7.054966166760076e-12,7.279516970470301e-16,5.780095901596824e-19,1.1560836046031972e-15,4.922340413780505e-19,2.5306133218720043e-19,2.913240036062412e-19,5.857757826027289e-14,9.482710420729797e-16,1.415906042073409e-18,4.848067026283357e-19,9.991863227736936e-16,4.302615545336878e-19,7.304015897962213e-19,3.909657914193944e-15,1.2407035522341125e-19,6.367506576310097e-16,7.804267379018928e-12,5.870579397505156e-19,5.800755826450616e-16,1.1661179245315887e-15,3.90899222046922e-15,7.804009064721189e-12,8.157910103283832e-16,7.46313274893579e-16,8.957641768335723e-16,4.968201299314659e-19,1.135474504069737e-15,9.258889279768642e-16,9.605007661124232e-16,7.803841254028036e-12,5.2515822025698475e-19,3.982118112211429e-19,3.909596861655811e-15,9.163475490447275e-16,1.5350151449366668e-15,3.909437432562725e-15,4.975014738356863e-19,4.618973309795152e-19,6.521758550829973e-16,4.857286375173847e-19,5.656821436274864e-19,7.233915427237334e-16,3.0879181931884616e-19,1.0028728858524186e-15,1.4547755557089721e-18,1.0962570532783404e-15,5.816794473547559e-16,7.1778104447662695e-19,8.026037384362291e-16,9.243014771446483e-16,1.0971289869598854e-15,8.016486808578958e-19,8.399666918916685e-16,7.661604917020085e-19,9.405772849175363e-16,4.672696749061142e-19,3.909318921413869e-15,6.732976146483092e-19,3.909221182630268e-15,3.7374586728533817e-19,3.1333603615908535e-19,1.0539100765272515e-15,1.1330827275286991e-15,7.803764838924608e-12,3.909812017120086e-15,5.40820731967488e-16,1.2917397609188106e-15,4.401014362098823e-19,3.910199500264002e-15,9.476721766002028e-16,9.215871396232102e-20,3.2120504413344103e-19,4.763766989001182e-19,2.572267511687596e-19,5.827634376903717e-19,4.191178242113496e-19,5.34461845901536e-19,5.579501902758826e-19,7.803206773034059e-12,7.988540635731869e-19,8.295881051049587e-16,1.2329330519949964e-15,7.80422529380969e-12,9.62499597653671e-16,1.2310978128148528e-15,4.408074805946287e-16,8.560983556813955e-16,9.916943707492115e-16,2.960391672862146e-19,1.8299996163382858e-19,3.909554414950969e-15,7.175523049346208e-19,8.107793933352135e-16,7.57419360340425e-16,7.285233220234277e-19,7.803817748922888e-12,2.021121780880055e-15,8.197996188977073e-16,8.112441927591738e-16,7.803444911651162e-12,6.2995846017537665e-19,3.909132544389e-15,4.065178876952342e-19,1.2147150215361952e-15,1.5095783121358867e-15,4.1930075829935264e-19,7.803895607629184e-12,3.7471330193277255e-19,2.466710233121075e-19,4.1509520957850136e-19,8.481247540420492e-16,7.679784986069782e-16,7.396328528130834e-16,7.225166208789258e-19,7.927749804526467e-19,6.95877531461511e-16,4.524435840409684e-19,4.775453239638418e-19,7.38466236660869e-16,9.75111999252653e-16,1.000845958965204e-15,1.0378873996417728e-15,8.315426542429847e-16,4.669669180443948e-19,4.022995744754314e-19,1.2309286862595404e-15,4.0422510660322024e-19,3.909370520594726e-15
-6.781779037940199e-12,7.739736312747851e-16,1.0466236228776157e-15,1.410583843703052e-15,2.9109378831145684e-19,8.553822832805096e-16,5.068044899927857e-19,9.482710420729797e-16,5.901665680850494e-14,1.0735929646766238e-15,1.2629915464696942e-15,9.765544943472261e-16,2.3735842663584185e-19,6.991002787612607e-16,-6.037435579509881e-12,6.328892161776937e-16,5.02830370282404e-19,-6.037337760681853e-12,5.04573225040087e-19,8.860971011110295e-16,2.646899018715203e-19,-6.037803403047525e-12,-3.0249230850938497e-15,9.155443133707984e-16,7.285812701477208e-16,6.809326108462119e-16,3.2408624052178893e-16,1.219960536357667e-15,7.362893407931876e-16,1.1124309265177383e-15,-3.0246307251595924e-15,8.542802825926743e-16,1.654035669698128e-19,-6.0382757359263426e-12,1.0392690796071053e-15,7.622828179947007e-19,-3.0249387427204938e-15,8.52678623403071e-16,1.175838877743505e-15,6.215639978818763e-19,4.036276775234547e-19,9.929604546955667e-16,9.287387468050976e-16,2.1733125838589374e-19,9.243152358593404e-16,7.562982378514249e-19,5.843195207971742e-19,4.414562619384766e-16,3.696233328498306e-19,6.517725800845277e-16,1.0029868372933014e-15,7.347142694742691e-16,4.237209297418168e-19,8.049599133577012e-16,1.0058478257804102e-15,7.262668162074395e-16,-9.706618167617274e-21,-3.024922935563672e-15,9.873613819747578e-16,-6.03821854386784e-12,5.633400859590362e-16,4.898001722733467e-19,1.8940066241580308e-19,6.918103057663625e-19,-3.024896189466243e-15,-3.024563067661443e-15,3.884223084875133e-19,1.0675612562261582e-15,1.0102837867726898e-15,-3.0246582288483404e-15,3.754237246680371e-19,3.952520157776521e-19,4.616785019110702e-19,7.023429867299763e-16,7.674987385456492e-20,1.1127847164961527e-15,4.850001804974593e-19,1.0291574115225747e-15,4.598140054012148e-19,-3.0248117276112152e-15,6.730638213189786e-19,9.193343929841493e-19,9.849987684471745e-16,-6.037091903876745e-12,3.971193032228197e-19,9.919990509326919e-16,7.839301600926199e-16,4.013715105510581e-19,9.395336458852578e-16,3.933029946072944e-19,1.0529051042598752e-15,-3.0248119363826724e-15,1.2608050609808272e-15,8.602060220531881e-16,6.372395231423397e-16,2.8131439376275417e-19,-6.0378366939204375e-12,1.1212121653275915e-18,6.569777775389523e-19,-1.7627244313613627e-19,-3.0247617731203878e-15,5.161106005201512e-16,-6.03834317874866e-12,1.2547747889213034e-19,9.335716094654917e-16,1.2305209786437027e-18,8.702523566776277e-16,-3.0246029852572883e-15,8.157020782079287e-16,6.496811994991927e-16,8.140729055474993e-16,6.277307520216448e-19,5.124421360218835e-19,4.547789626600495e-19,1.2447829257905468e-15,7.878329293408653e-19,6.005066983161466e-19,4.472722301604523e-19,4.2895677066075063e-19,4.442930409517333e-16,2.3495462053168976e-19,2.755260034180107e-19,1.3719559813409127e-19,1.1048424725710554e-15,9.024844134952238e-16,6.126028552987337e-19,6.639585890035155e-19,1.2709414800875036e-15,-6.037433215019565e-12
-1.5298005427431326e-11,6.947951633644023e-16,9.853864880914438e-16,1.4413421095386117e-15,4.1062047747113476e-19,7.308945895862399e-16,6.398883844914797e-19,1.415906042073409e-18,1.0735929646766238e-15,5.862835511539327e-14,6.034911321644802e-19,1.0087044959395426e-15,5.723229215236266e-16,6.156241320462998e-16,-7.292607907527215e-15,-1.088924419731833e-19,6.727347448965072e-16,-7.29270701768851e-15,4.700059416527434e-16,8.776487783767318e-16,8.410640044469298e-16,-1.455726399522197e-11,-1.4556811736305782e-11,9.4606929809058e-16,6.292489599733578e-16,2.951468618701414e-19,2.3969907470191954e-16,7.614055362305198e-19,6.560442823719291e-16,1.0807933908439269e-15,-1.4556716169848912e-11,7.285972495982711e-16,2.867868734740557e-19,-7.293055698538997e-15,4.863551221412216e-19,1.303716394159109e-15,-7.292831966256122e-15,5.420024885268243e-19,1.1777173537123802e-15,9.821542397419317e-16,1.2882879944141833e-15,9.553633693175888e-16,9.841227978159964e-16,5.267940481622061e-19,1.0129084356614632e-15,1.7764015192158658e-19,7.288617201389104e-19,5.317812464982235e-16,8.331133080147777e-16,5.299341202811863e-19,8.315657802487142e-16,6.236015787482721e-16,1.098905305800753e-19,7.693630054553475e-16,4.395381778762908e-19,6.913521838628887e-16,8.794270425533071e-16,-1.45573302627621e-11,5.393598647232079e-19,-1.4557769207950328e-11,3.1153783351369694e-19,9.339708748657117e-16,8.652280478525666e-20,4.982441620216653e-19,-7.29286873269725e-15,-7.292643355841544e-15,2.0290826506086366e-19,5.505756972040971e-19,1.0370375809553705e-15,-7.29291262028967e-15,9.150889698694856e-16,5.388341371096444e-19,4.870785704634896e-19,-1.814018762079285e-20,6.369568194763813e-19,1.1611149343652698e-15,8.282645992789105e-16,9.910539003577974e-16,5.327312492592158e-19,-1.4557686424505127e-11,1.2719380057534912e-15,7.541024094200563e-16,-8.239407797734966e-20,-7.29253281262429e-15,6.791275140225474e-16,6.098505573617903e-19,3.0854361109143037e-19,4.3117751252474293e-19,4.638146951323338e-19,6.122811715301865e-16,1.0263709958540681e-15,-7.292763811504458e-15,4.403330666157872e-19,8.24090305167247e-16,1.6754806144448493e-19,1.0172535038142552e-15,-1.455729126997935e-11,1.8961857443542595e-15,1.048981108462346e-15,6.439506383036697e-16,-7.293098811045733e-15,5.667203593234379e-16,-7.2929316562719e-15,3.691589717684575e-19,8.805507375227669e-16,9.460649778687125e-19,5.031411408583228e-19,-1.455729304451881e-11,7.303177241192718e-16,4.2934509573017055e-16,9.283359716557762e-16,6.654485477276731e-16,4.273320429481002e-19,6.558460510358645e-19,1.2394061890119993e-15,5.983683849272735e-19,5.662714196779141e-16,6.066130619981971e-19,4.978747535507853e-19,4.963945779935991e-16,5.753578107035309e-19,1.7705658269569547e-19,5.292689276692318e-19,1.0358665320390432e-15,7.093508619419697e-16,1.2233816483546078e-15,6.261732158676388e-19,1.1492577888541948e-15,-7.292720387308464e-15
6.937959132146326e-11,8.912173545430547e-16,5.809019708764258e-19,6.370628323553158e-19,9.380078247176168e-16,1.0642948684859027e-15,6.008907261546946e-19,4.848067026283357e-19,1.2629915464696942e-15,6.034911321644802e-19,5.885581384129712e-14,4.538324278975647e-19,9.165877056740481e-16,1.2228599287408813e-15,7.014369120751803e-11,9.07806048855689e-16,4.577060026568868e-19,3.514000777263059e-14,5.545067491680034e-19,4.0462902286009414e-19,6.9274165225204495e-19,3.513953221837147e-14,7.014368262471551e-11,1.3821492123707212e-18,3.5186920532898802e-19,1.0436335042506164e-15,1.0528238290117645e-15,5.643657314171717e-19,4.947037937537363e-19,1.2089926593086696e-15,7.014354034145953e-11,1.303185617739887e-15,8.551090624545559e-16,3.513928033840546e-14,3.4559956217301613e-19,1.8994600311125573e-15,7.014323815756479e-11,4.251227441057666e-19,5.410015133426605e-19,8.2970400896426825e-16,1.144774688527747e-15,4.486170699591987e-19,4.716570752169255e-19,9.24901350806865e-16,6.98551566460373e-19,5.322268635986375e-19,1.3042519744978451e-15,6.60442811668787e-16,1.6506718477574711e-15,4.989601145905723e-19,1.155505952005427e-15,1.4001922985922752e-18,8.338020673581884e-19,1.0297183905090064e-15,1.1069268182832673e-15,1.1047485057025358e-15,1.5279580353455399e-15,7.014288560245533e-11,1.3716482126164197e-15,7.014274583617393e-11,6.082951443744993e-16,7.015942873431912e-19,6.584843542448627e-19,1.3472538906347406e-15,3.513993179786854e-14,3.5140132257968526e-14,6.931331261896984e-16,8.278946641441714e-19,1.1666807782619216e-15,7.014392082375452e-11,5.618671818670347e-19,2.725859036964614e-19,8.1573121555403e-19,7.326619480337398e-19,7.314915644430988e-16,1.2953608924453357e-15,9.96493237028346e-16,1.2407804510531573e-15,7.97134325959159e-19,7.014265726357218e-11,1.6154534265799496e-15,1.0427728664353662e-15,9.236746428382644e-19,3.5140390224795004e-14,1.1269545538405572e-15,3.335284303120323e-19,5.869774644825414e-16,1.0518261714563225e-15,1.2085610787798782e-15,7.566969517567989e-16,9.635563753961798e-16,3.514034781064997e-14,1.3471761286607574e-15,1.0026815258998464e-15,5.565155020254643e-19,1.2076319891444986e-15,3.5139936857876043e-14,2.528552580351757e-15,1.01815336755947e-15,9.459403319403271e-16,7.014308371841952e-11,1.0065466681783979e-15,7.014235629344676e-11,5.512393090996385e-19,1.438020077202688e-15,1.8975165408282688e-15,4.584201297619223e-19,3.5140079956303215e-14,1.0524437008998693e-15,1.2742023577760428e-19,1.146741800653492e-15,7.81663739157843e-19,9.832690130831018e-16,9.230544327501078e-16,5.116134168704954e-19,1.2666606871761807e-15,6.2178142087119995e-19,8.966983787361853e-16,1.4113482129964588e-15,8.185133452947983e-16,6.227761593386427e-19,5.155135426470161e-19,1.1932520097051706e-15,8.758565810061705e-19,1.2846207848696265e-15,1.1493983879354909e-15,1.532387958393334e-15,1.260609689954305e-15,7.014332426163916e-11
-4.619372088952662e-11,8.426759412996351e-16,1.016887344386502e-15,1.4513633336559869e-15,6.368707434107405e-19,9.38504088293564e-16,1.0580650581402403e-15,9.991863227736936e-16,9.765544943472261e-16,1.0087044959395426e-15,4.538324278975647e-19,5.888403035969087e-14,3.6702663476085057e-19,1.2525460997554177e-15,-2.2757424847416888e-14,9.568458344767508e-16,4.737641123711232e-19,-4.5426301059085294e-11,7.190103368150071e-19,6.96951963014683e-16,7.569474003622199e-19,-4.542740845048832e-11,-4.5426470470781725e-11,1.035826023952783e-15,3.9540979256939524e-19,1.0691576450288157e-15,1.169204127467658e-15,1.4258415715926508e-15,3.855266769848823e-19,5.265070321687231e-19,-4.5426706501009594e-11,7.310012952280615e-19,4.0096542456532897e-19,-2.27579115519958e-14,-1.4429623684057436e-20,8.464692968179897e-19,-4.542679467788772e-11,7.288780913003993e-19,1.2734629464866686e-15,7.287772497881282e-19,5.554518313993548e-19,5.500821592185765e-19,9.19445423894838e-16,8.27872227485431e-16,1.3024910125819694e-15,1.1240892148777938e-15,1.3019361589574964e-15,7.946202863495248e-16,1.56726679757101e-15,1.0750843664064113e-15,1.0085046056855545e-15,1.272390909433933e-15,1.3886758894912353e-15,7.356394172627691e-19,1.1419857712661009e-15,1.1314662565548345e-15,8.821335405263713e-19,-4.542733779955884e-11,7.166632141099429e-19,-2.275786243376824e-14,4.826881094105933e-19,6.005722472206095e-19,1.3948133643319708e-15,1.3515958015884999e-15,-4.5426838933466014e-11,-4.542638524851976e-11,6.945498581878907e-16,6.400478192521417e-19,6.699133289860808e-19,-2.2757419561923975e-14,1.2320952422261691e-15,5.193993587581668e-19,5.518585153155381e-19,3.11080569594889e-19,8.731275673175221e-16,9.90905538455344e-19,1.1369925317623871e-15,5.595267262764967e-19,8.322123327306927e-19,-2.2757383695866233e-14,1.451526298883347e-15,3.916940024918223e-19,6.673216993483007e-19,-2.2757386098733048e-14,5.128704969319067e-19,8.565297300347381e-19,4.953675211030367e-19,2.809690597954389e-20,8.726211629548135e-19,4.0714148310078085e-19,3.716394386176092e-19,-2.2757350796088912e-14,1.2299380919522678e-15,7.601122786785622e-19,9.304370198560754e-16,1.2577979305628598e-15,-2.2758113417164e-14,1.312155906492707e-18,6.412481160702233e-19,1.02017855857439e-15,-4.542716378747948e-11,6.207544258628334e-19,-4.542777627453849e-11,4.818179307941441e-19,1.4404307233441428e-15,1.7713400389341271e-15,9.683201753330806e-19,-4.542664161461922e-11,9.959974604682058e-16,8.955737478302414e-16,5.857023538643857e-19,1.0541435247383847e-15,8.874521393006544e-16,5.137030248052104e-19,3.784084744229285e-19,3.2110155405995423e-19,4.735729181288354e-19,9.80294628435049e-16,7.597287674654134e-19,9.61353896539057e-16,1.2558609793222098e-15,7.826138981574549e-19,1.4332889020554198e-15,4.931362895131607e-19,1.170325267085407e-15,1.0690733658551296e-15,1.4381170024548966e-15,1.0968279847625046e-15,-2.275772801635942e-14
-4.448940030318777e-13,6.040109906810663e-16,7.116051799533698e-16,1.1748858595229318e-15,4.3288361608472423e-19,5.024395124505111e-16,4.0225650518909797e-19,4.302615545336878e-19,2.3735842663584185e-19,5.723229215236266e-16,9.165877056740481e-16,3.6702663476085057e-19,5.852208086559231e-14,3.9064211779243864e-19,1.4378471981998135e-16,6.075636696842124e-16,6.808826856244106e-16,1.4308293642777507e-16,7.537599122358364e-16,-5.040645179164026e-20,2.47962037068746e-19,1.4260066817216687e-16,2.8585182085258414e-13,8.099595349287995e-16,4.553273141502308e-16,-3.2933717738840535e-20,9.283470249998645e-20,1.0895605916664052e-15,3.5176915570853314e-19,7.619770357894002e-16,1.4286066898976453e-16,6.899772053274822e-16,-1.8971746617288421e-19,2.853608228291084e-13,6.339211529210845e-19,1.0084634479016288e-15,2.856014198159666e-13,2.2532488012844007e-19,5.81599568180053e-19,7.256285398246679e-16,9.136223332012252e-16,2.6945515389240428e-19,7.030586597054767e-16,6.13094664861126e-16,8.999877539438575e-16,1.8831467321230808e-19,1.557711061385302e-19,5.757156277894443e-16,3.8666515704825193e-19,3.9749405952183945e-19,1.8842527694161862e-19,6.646751994852148e-16,8.610559319676545e-16,5.8204828602286e-16,8.417400620923188e-16,3.983216118963749e-19,9.15270712624788e-16,1.4275136789149454e-16,4.0766877524881402e-19,1.4272077557045354e-16,6.071109105080488e-16,6.075070884465947e-16,9.634862760220741e-16,3.6733403353921297e-19,2.8555636403973584e-13,1.431444711781244e-16,5.744264199747034e-16,9.366329905307459e-16,5.946631819983978e-19,2.857005029012664e-13,8.453290300456035e-16,4.763413713042379e-20,9.464078571811143e-16,3.715391364807812e-19,5.509245031460578e-16,4.0678638411843303e-19,4.504996860738315e-19,4.3160894023117416e-19,1.0729821713667957e-15,1.4279783022235568e-16,9.155177576633417e-16,1.606870392876293e-19,3.3269492518490207e-19,1.4323777257436512e-16,3.122408793153445e-19,4.553940639682427e-19,2.799656411102296e-19,1.3990618127583053e-19,1.8320353019247233e-19,1.3968622526204133e-19,-3.4084250607232996e-19,1.4303160601473718e-16,2.9792036316088116e-19,4.589555143712221e-19,5.110602384524513e-16,3.4519934862159173e-19,1.4301121962424229e-16,1.4547204995819854e-15,5.165583093842883e-19,2.4324607915408494e-19,1.4294156965006833e-16,7.590876204568256e-16,1.427498181166797e-16,6.358517526815183e-16,7.804120500827996e-16,1.251172332632254e-15,7.088426304772517e-16,1.4296725356181211e-16,2.925395883464032e-19,3.5579754000179735e-16,8.223692753563912e-16,3.8941863701999117e-19,6.400244271622864e-16,7.102566329188e-16,7.586092024130183e-16,9.273614612728682e-16,6.04548575087609e-16,7.176716355333097e-16,5.439576259190639e-19,6.415767670579299e-16,8.91989199147187e-16,5.59087870053002e-16,1.0634765257994242e-18,-2.1047650189417335e-19,3.3121290216478955e-19,5.535910306155003e-19,9.803790308324748e-16,5.350614461993429e-19,2.8545875409041627e-13
