0.9999999999999596,0.999999999894517,2.050702439253431e-11,-3.658778126222417e-11,-1.0647065071881734e-11,0.9999999999198497,8.349356925402297e-11,-3.609087412799262e-11,3.145981172684188e-11,1.8991202200365646e-11,-5.290176878563689e-11,-3.4433720356103974e-11,-6.920287711323644e-11,9.737730231297313e-11,1.7103462773109286e-11,0.9999999999759203,4.6133432969080206e-11,6.03115081954121e-11,1.108658678418658e-10,0.999999999836369,-3.456890226866003e-12,5.2944481472972066e-11,4.661761034229906e-11,-3.6959231648510185e-11,-1.7998812706975535e-12,4.6890094460616256e-11,3.203592289490615e-11,-9.824094910177543e-12,1.2694638175217114e-11,2.890742403428885e-11,-5.492179155042006e-12,2.1734690453765186e-10,1.0000000000695557,4.06351904948392e-11,0.9999999999417662,3.38429135875428e-11,-5.4419234524953976e-11,8.568959729097627e-12,3.0128133681971736e-11,-7.853920574663054e-12,3.329001194221445e-11,3.2288826454256095e-11,0.9999999999045583,-2.420508211627521e-10,3.130774635892223e-11,-3.149348279805668e-11,2.8274554351117114e-11,-6.945514142696038e-12,1.768082369549582e-11,0.9999999999549389,2.3207112311664837e-11,4.008982407982648e-11,2.5998230978978756e-11,0.9999999999406655,3.058891365510478e-11,-4.3165558521217887e-10,2.7719758836049008e-11,8.08192437896348e-11,0.9999999999212404,6.08956034744077e-11,4.3214924858208394e-11,1.8697912476801275e-11,3.927132387200319e-11,2.5277425263023562e-11,2.5380439285496482e-11,3.386753353949081e-11,4.566889620296097e-11,4.987320817500438e-11,8.1077979500536e-11,-3.2374199438373944e-11,0.9999999998742852,3.454483428753315e-11,2.71438356993203e-11,1.8403005207673954e-11,6.17276224690765e-11,1.0000000000837894,8.486845349748624e-12,-5.9834921718564516e-12,3.4921679854333734e-11,-3.092348662664797e-12,-4.2748109524977725e-11,-1.4006076011444336e-11,8.962435985331024e-12,0.9999999999070202,-6.072368307470374e-12,0.9999999999598065,-1.275331851356081e-11,0.9999999999213598,1.171332914730565e-11,1.6311901050421038e-11,4.646755535751914e-11,2.6408678662925357e-13,0.9999999999187075,7.145465395145645e-12,2.3919559535568835e-11,1.0000000000947689,1.666676150543801e-11,-6.388291762446554e-11,1.4298578924906572e-11,4.5416577629913266e-11,-1.3177022306539997e-11,1.838267168058123e-11,-4.058312051589768e-10,-1.7824180796946288e-11,0.9999999999268417,1.6392646208789324e-11,1.1559827709419788e-10,9.707271258621454e-12,-1.428210423286886e-10,2.2033960668994688e-11,1.939871504120165e-11,2.146826443783484e-11,4.036527626860253e-11,1.9686756523937955e-11,1.4799747903530368e-11,2.395995088922786e-12,1.0000000000403915,6.0391194033786934e-12,-8.133989881501185e-11,-1.252482719461037e-12,8.918674846371669e-11,-2.3800248440508748e-12,3.2009611123607376e-12,-7.0931895304124416e-12,2.1758718365991252e-11,1.045614230903121e-11,0.9999999999115611,-3.043622854534805e-11,2.922604331855014e-11
0.999999999894517,0.9999999998580407,5.7521486977690025e-12,-5.136411967921271e-11,-2.541189733374366e-11,0.9999999998801617,6.871241202248048e-11,-5.0875769716913666e-11,1.666933035185992e-11,4.241472244081911e-12,-6.767468514181455e-11,-2.4654771907656384e-14,-4.2067125990733766e-14,8.258304632707767e-11,1.1806078290296948e-15,0.9999999999362179,3.1245944696028535e-11,4.554437578541662e-11,9.607127987583081e-11,0.9999999997966992,-9.111710929141654e-15,3.816328366878078e-11,3.186463925081044e-11,-5.172793795674425e-11,-1.6539602153634092e-11,3.2005211867844006e-11,1.7290555819262862e-11,-1.23255160373988e-14,-2.070535633029464e-12,1.416650993483843e-11,-2.0247882850972644e-11,2.0253501615227384e-10,1.0000000000298634,2.587882435280872e-11,0.9999999999020731,1.9019915251081345e-11,-6.916829030276579e-11,-6.1867323149518194e-12,1.5277758228132338e-11,-2.2617423520955284e-11,1.853190707421826e-11,8.762748906460713e-15,0.999999999864838,-2.5687338115265284e-10,1.65504141549786e-11,-4.627356427825603e-11,1.352339946167371e-11,-2.169577392533314e-11,2.8997372319503224e-12,0.9999999999152647,4.2452663400247485e-15,2.5330670949076934e-11,1.1270320806855411e-11,0.9999999999009809,1.5847744745299372e-11,-4.4663839923575266e-10,1.2969624300530416e-11,6.604963055147674e-11,0.9999999998815512,2.3091105491261045e-14,2.841543290141624e-11,3.918575505733829e-12,2.4509504253420167e-11,1.0524955694579628e-11,1.0634371058769604e-11,9.579419634114451e-15,1.5495383625388152e-14,1.7584350753928856e-14,3.3230865195134403e-14,-2.3617938394315247e-14,0.9999999998346016,9.898468117320294e-15,6.193308012090933e-15,1.8212866086418607e-15,2.353996406802103e-14,1.0000000000440958,-3.1350609086977432e-15,-1.0375178316281326e-14,1.0105471180792936e-14,-8.943092006128378e-15,-2.882832451753967e-14,-1.4394169366410166e-14,-2.895249402245918e-15,0.9999999998673098,-1.044465605351658e-14,0.9999999999200821,-1.3784983037539361e-14,0.9999999998816966,-1.5143754530920433e-15,7.794558248321413e-16,1.585408503459779e-14,-7.2486120444989e-15,0.9999999998790585,-3.808476751784301e-15,4.59586420182451e-15,1.0000000000550757,9.601975872772014e-16,-3.9407988480193525e-14,-2.2260451618396843e-16,1.5357614708861774e-14,-1.3991495440347706e-14,1.8126883026077507e-15,-2.1075166987272172e-13,-1.633336700211836e-14,0.9999999998870978,8.33433520718126e-16,5.049680608372236e-14,-2.5360635350018848e-15,-7.899225089981543e-14,3.638889328568859e-15,2.337945583320114e-15,3.368252437342041e-15,1.283235299805478e-14,2.4641893602838034e-15,2.516346663387706e-17,-6.201266951960212e-15,1.0000000000007419,-4.3635364378016574e-15,-4.8191820098433914e-14,-8.023287409280294e-15,3.7274764379609185e-14,-8.574479252117345e-15,-5.781695720608789e-15,-1.0943147828581502e-14,3.502331227061444e-15,-2.139071626103447e-15,0.9999999998718263,-2.2645828048519468e-14,7.256584388210715e-15
2.050702439253431e-11,5.7521486977690025e-12,3.190132290488363e-12,-7.626309742666902e-19,-1.0095452023471143e-15,2.8812987418780778e-15,-1.2062392537985112e-15,-1.2711473707617815e-15,-9.480173535192745e-19,-3.7164977595267044e-19,-9.633280873653733e-19,-1.2896174535669256e-15,-1.1240362663078861e-15,-1.416771243234056e-15,-6.837398110001924e-19,2.8811101263678457e-15,-2.169574338908721e-15,-3.0793044584892676e-19,-1.4426754559960148e-15,2.8821813668145603e-15,-4.4850602893809025e-19,-1.1874892441020911e-15,-5.641400768179425e-19,-1.1251281991452772e-15,-7.938778703222159e-16,-2.239012334495783e-15,-4.1505900206251786e-19,-4.520587287743743e-19,-1.161533144038475e-15,-9.350331482652088e-16,-4.602484078016522e-19,-8.221134942069909e-19,2.881143780048726e-15,-1.0019329478372382e-15,2.8815675625282113e-15,-1.1606490438006782e-18,-9.546880320235985e-16,-4.104193784224421e-19,-8.809573125826957e-19,-5.44968539161428e-19,-5.448746674391705e-19,-1.4232445109389192e-15,5.750605112984382e-12,-1.5606510444015861e-15,-1.0335756260726149e-15,-7.54565389981952e-19,-9.608695148225409e-16,-9.437457316972551e-16,-4.510521018062357e-19,5.751677782027813e-12,-7.741475219127738e-16,-1.0669645717110054e-15,-7.807673100627637e-16,2.8814158430480995e-15,-8.883663903656143e-16,-2.374986780353313e-15,-8.984709859531972e-16,-5.474863994840594e-19,2.881210106993552e-15,-1.3514331021735135e-15,-6.052033094013214e-19,-1.5930896962660933e-18,-1.0280888017778674e-15,-9.583243011130975e-16,-9.296792227623987e-16,-9.284807259464277e-16,-8.016633372383684e-16,-1.2509877338789344e-15,-9.19446333261759e-16,-1.1332757422456994e-15,5.751514633184471e-12,-1.2542785462147326e-15,-1.2269577961953453e-15,-1.1347564362082464e-15,-8.502205089288301e-16,5.751525959900747e-12,-9.374057114489327e-16,-7.812205985576455e-16,-9.32141222241474e-16,-9.858416304617457e-16,-1.3426872154634842e-15,-7.85276450309178e-16,-8.89680497727918e-16,5.751011404354188e-12,-1.2646581834129054e-15,5.750313726493043e-12,-1.0787418156484408e-15,5.752071388851091e-12,-8.401101269325336e-16,-1.0081083071032503e-15,-1.5761949446900581e-15,-8.136691742261187e-16,5.75253863672633e-12,-3.791061874334685e-19,-6.17233843018273e-19,2.881412429870484e-15,-4.42371463074939e-19,-3.342328735327583e-19,-4.670005077239146e-19,-6.560277525805701e-19,-3.908843371508783e-19,-4.945493864531012e-19,-9.527007560240417e-19,-6.455092274549601e-19,2.8803161506099498e-15,-4.90504010786936e-19,-5.944240193872373e-19,-5.837415751055509e-19,-9.404256672617553e-19,-1.0187794458264474e-19,-2.271256368408178e-19,-2.447724283214876e-19,-3.3715423339888136e-19,-3.230317593825615e-19,-5.997988492029406e-19,-6.029045207544651e-19,2.882210481763855e-15,-8.534445569852257e-19,-9.271810586405004e-19,-5.220390482500765e-19,-6.2276425787281e-19,-3.659365590178511e-19,-3.1924450424593385e-19,-2.767811108047973e-19,-6.716233565014767e-19,-8.371788777518838e-19,2.880828930442081e-15,-4.742455880937168e-19,2.326450096784624e-19
-3.658778126222417e-11,-5.136411967921271e-11,-7.626309742666902e-19,3.1898027065346266e-12,-7.501114145987198e-19,-5.136513775130486e-11,-1.425498861462529e-15,-7.865242693421724e-19,-1.762584083784741e-15,-1.102269277725328e-15,-7.574141270816978e-19,-6.954681987980868e-19,-3.8491023218662657e-19,-8.0571056852219075e-19,-6.443458396659022e-19,-5.1365679605551e-11,-1.372567699997537e-18,-6.60445952645864e-19,-1.7175112361423875e-15,-5.1363794205686056e-11,-9.62988673498004e-16,-5.763093936960697e-19,-1.2329114871069227e-15,-1.3356641172815993e-15,-1.0794338712514041e-15,-2.683776614510223e-15,-1.101329177022086e-15,-6.975497305094707e-19,-1.3684536749264996e-15,-5.759416666852968e-19,-1.2648361408433751e-15,-9.049400501753687e-19,-2.5732648499136536e-14,-5.169624493439822e-19,-5.136507032200074e-11,-9.663711929308507e-19,-1.1366266152318854e-15,-6.102617437223253e-19,-2.246929978326674e-15,-1.2944278904829304e-15,-1.2417056863230217e-15,-9.472242525726156e-19,-5.136610311494314e-11,-1.2189631489065506e-18,-1.238032795906328e-15,-7.0537917391696265e-19,-5.963438785643151e-19,-5.406010549882863e-19,-1.4662180229852859e-15,-2.573222055130059e-14,-2.8659354358550003e-19,-1.3026886660021353e-15,-8.877637546358701e-16,-2.57326053259028e-14,-1.0333848018874063e-15,-1.684517354648595e-18,-5.984033676111432e-19,-6.290012849087991e-19,-2.5732557142203817e-14,-1.6499621346201038e-15,-8.044351966992188e-19,-1.5174762714618676e-15,-1.248468088568958e-15,-1.1449511101559487e-15,-8.239045649533758e-19,-3.351328560804745e-19,-1.0354402322425088e-15,-6.204086410079291e-19,-1.0917350030176935e-15,-1.3601662199144828e-15,-2.5732746358882303e-14,-8.329538049946149e-19,-1.4498927977954162e-15,-5.713554691403094e-19,-5.735856292393042e-19,-5.136481589557224e-11,-5.815011138077793e-19,-1.0078717666349186e-18,-5.05346010996784e-19,-1.2682092989486583e-15,-1.6389034135992207e-15,-7.992790062188543e-16,-5.725721815294575e-19,-5.136552564454122e-11,-7.583252773505802e-19,-2.5733378376971963e-14,-7.014164563563926e-19,-2.573227047371854e-14,-6.185653207676573e-19,-1.169085082192461e-15,-9.306036667669467e-19,-5.623751264599839e-19,-5.136369923575666e-11,-1.1539912548482344e-15,-1.0385141713963422e-15,-5.1365011891145825e-11,-1.1536548688084197e-15,-1.5051782836129461e-15,-1.1235037940690677e-15,-1.2047971451505986e-15,-1.183290440460116e-15,-1.3485096189036713e-15,-2.191325940977118e-15,-1.5329534687290502e-15,-5.1366886833151104e-11,-1.0730489498325642e-15,-1.6911397016697546e-15,-1.2953544713182256e-15,-2.134863623980886e-15,-6.157163469448585e-19,-6.261287274225782e-19,-5.739056251505185e-19,-4.2616272062117777e-19,-1.0660673584188931e-18,-3.776311928687124e-19,-5.405750422485703e-19,-2.5731293322856606e-14,-5.7067035389932105e-19,-1.0398506519396215e-18,-6.699097433495537e-19,-5.44441003843045e-19,-4.673828714478059e-19,-4.439506432253861e-19,-5.304201192628824e-19,-6.569979788594977e-19,-3.9179095200618504e-19,-2.5733314632958038e-14,-9.533279718251987e-19,-4.454207380827363e-19
-1.0647065071881734e-11,-2.541189733374366e-11,-1.0095452023471143e-15,-7.501114145987198e-19,3.190712196961526e-12,-2.5412748880909805e-11,-5.808599672004557e-19,-5.818387161118789e-19,-1.3922179672173736e-15,-3.028650939802536e-19,-5.611850887736943e-19,-4.522383144549126e-19,-2.698201969043386e-19,-1.3931427124710254e-15,-4.357989732896057e-19,-1.2731308695179308e-14,-1.093959105042781e-18,-5.058586446847389e-19,-7.192386769411915e-19,-1.273062277687124e-14,-3.3742412552471716e-19,-1.2001835890179627e-15,-9.865298837266305e-16,-1.1014348422581898e-15,-7.625483327711813e-16,-1.466551207717946e-18,-7.94819660439236e-19,-1.221733017902969e-15,-1.1419165626636812e-15,-9.02642659099917e-16,-5.357437823520755e-19,-1.5776109635701275e-15,-2.541277926754966e-11,-1.0016747906315913e-15,-2.5412702185009702e-11,-1.5668630528103028e-15,-4.008399254591759e-19,-6.02350614600069e-19,-1.8107683492338456e-15,-1.149368673720922e-15,-4.814282310866684e-19,-1.3978168038957236e-15,-2.5413459311119158e-11,-6.180406009808315e-19,-1.036783254604208e-15,-1.1884201530881205e-15,-7.788699211192479e-19,-6.227152853922181e-19,-8.724437475499682e-19,-1.2730914127924681e-14,-3.7618681425117343e-19,-1.0477882423532852e-15,-3.5370153165440823e-19,-2.5412463586600566e-11,-4.179739661039167e-19,-1.5373143696504867e-18,-3.337344396575601e-19,-8.941592499914143e-19,-1.2731124156355705e-14,-4.651347046005474e-19,-6.253679795804269e-19,-7.806521377181171e-19,-1.0188563343240435e-15,-2.827420034695788e-19,-1.1887488863041587e-18,-5.735137646483417e-19,-5.935168985497866e-19,-6.128024067600645e-19,-3.544676368637514e-19,-4.411243417859297e-19,-1.2731037408201764e-14,-4.904788690084745e-19,-1.229035174725223e-15,-1.1370400734563517e-15,-8.392501523826272e-16,-1.2731156240578147e-14,-9.461577151042527e-16,-7.813490720379029e-16,-9.257991377469682e-16,-5.98862665791121e-19,-5.802523072706523e-19,-4.392091256312541e-19,-8.15834936154599e-19,-2.5413043113386883e-11,-1.2482125933821515e-15,-1.273171841679562e-14,-1.0749767927777263e-15,-2.5411976200987954e-11,-4.604129029364736e-19,-1.0144675053400191e-15,-7.91862898996494e-19,-8.115077167973102e-16,-1.2730573791385865e-14,-9.057961781410261e-16,-8.830339138642514e-16,-1.273106858873266e-14,-4.863542422675607e-19,-1.2108014605390269e-15,-2.526698285531783e-19,-7.353762383144254e-19,-4.578089091157165e-19,-1.1541946921083078e-15,-8.61985416188556e-19,-1.2568915699991657e-15,-2.5414139551173866e-11,-7.805114439821298e-16,-1.4104171576114462e-15,-1.0638695477132178e-15,-1.7333541466209045e-15,-1.1643905409704082e-15,-7.879189154097057e-16,-8.967107535222365e-16,-9.103242358389887e-16,-1.0656557766693498e-15,-9.142277801352475e-16,-6.466304734149263e-19,-1.2730209911249739e-14,-7.943051017801189e-19,-8.706167192714863e-19,-4.31546560530949e-19,-7.239382724149508e-19,-1.7321116183162252e-19,-7.261062681192526e-19,-4.680471473064746e-19,-6.113107346315038e-19,-2.1413064972061705e-19,-1.273159328209086e-14,-5.332835561544463e-19,-5.773914485245938e-19
0.9999999999198497,0.9999999998801617,2.8812987418780778e-15,-5.136513775130486e-11,-2.5412748880909805e-11,0.9999999999086658,3.442270135839444e-14,-5.0876802544167615e-11,8.350125786079934e-15,2.1241756161169223e-15,-6.767578895731838e-11,-4.92148501003998e-11,-8.397221462524993e-11,4.137200888930373e-14,1.1809254840841424e-15,0.9999999999615301,3.1244023698088405e-11,2.2816956212259327e-14,9.607013908341228e-11,0.9999999998220136,-9.11170272311265e-15,3.8162234619568894e-11,3.186375517648407e-11,-2.5914951945760283e-14,-8.286092500942118e-15,1.603258790488808e-14,8.661409817276063e-15,-1.2325464844293273e-14,-1.037787579438655e-15,7.096511654270029e-15,-1.0144108993068311e-14,2.0253361919602438e-10,1.0000000000551756,1.2964119840545368e-14,0.9999999999273868,9.528226271114315e-15,-6.916904709208755e-11,-3.0998636550372046e-15,1.5276132104970636e-11,-1.1331164939232953e-14,1.853103032891332e-11,1.7489972657955107e-11,0.9999999998901508,-2.5687479851212474e-10,1.654957659423096e-11,-2.3182677236158383e-14,6.7745397965520916e-15,-1.0869302472143936e-14,2.898699612541214e-12,0.9999999999405779,4.2449263176552995e-15,2.532987065647002e-11,1.1269705960607756e-11,0.999999999926293,7.938938331643878e-15,-4.4664097442870334e-10,6.497280636186996e-15,3.308859195312413e-14,0.9999999999068644,2.3090689720139778e-14,1.42353278166747e-14,3.9175187396351686e-12,1.2278329081726826e-14,1.052417361379122e-11,5.3271443132852775e-15,1.912068619116225e-11,3.092986184927573e-11,1.758331760751576e-14,3.3230793431595826e-14,-4.714445767263148e-11,0.9999999998599144,1.9757083577828566e-11,6.19319437900742e-15,3.6346118928683806e-12,4.698820157989473e-11,1.0000000000694085,-6.259076270392348e-12,-1.0375427188129499e-14,1.0104674595607582e-14,-1.785223943499186e-11,-2.8829581812524184e-14,-2.8732893898520132e-11,-2.8955940260241145e-15,0.9999999998926226,-2.0850250081979683e-11,0.9999999999453926,-2.7517488039810946e-11,0.9999999999070095,-1.5143666080974044e-15,1.5550026416220777e-12,3.164430607574846e-11,-7.249061299629555e-15,0.9999999999043728,-3.8091753662643075e-15,4.59556856575119e-15,1.0000000000803886,1.9156605726602387e-12,-3.9408578055127055e-14,-2.2300307813277567e-16,3.0654441317235536e-11,-1.3991791169660225e-14,1.812305930248902e-15,-4.206852949498587e-10,-3.260395719974587e-11,0.9999999999124087,8.331572154690731e-16,1.0079693321524048e-10,-5.06293041463282e-12,-1.5767893891294075e-10,7.2628128179933176e-12,4.666118409541919e-12,3.3677862862953042e-15,1.2831875105539197e-14,4.91759516750175e-12,4.969890560047557e-14,-1.2379028772188068e-11,1.0000000000260558,-8.711222918844586e-12,-9.619753595398564e-11,-1.6016175814964372e-11,7.440350255826988e-11,-1.7116286110826085e-11,-5.782095561258255e-15,-1.0943548253231437e-14,3.5020381109638653e-15,-2.1393884159409664e-15,0.9999999998971382,-2.2645797159791545e-14,7.256074103423264e-15
8.349356925402297e-11,6.871241202248048e-11,-1.2062392537985112e-15,-1.425498861462529e-15,-5.808599672004557e-19,3.442270135839444e-14,3.1899913285412783e-12,-1.4689505570968089e-15,-1.3271492163500573e-18,-6.619883698611893e-19,-9.23645529146971e-19,-1.503681511552848e-15,-1.339743118516723e-15,-1.6672769037949449e-15,-5.647524527139804e-19,3.442206761838515e-14,-1.352790906956779e-18,-7.941615673673015e-19,-1.6595278257880132e-15,6.871271821457779e-11,-9.816236666788223e-16,-7.263315562598501e-19,-1.2391067273308967e-15,-6.276983391827436e-19,-2.680327541436218e-19,-2.668924022933938e-15,-5.162733546500972e-19,-4.463703672432297e-19,-1.3520811540666966e-15,-1.1217619156065435e-15,-1.2266535038044518e-15,-5.800756125634786e-19,6.871131010805576e-11,-1.2477546371257446e-15,3.442200583009614e-14,-1.888961802300936e-15,-1.1000462344746582e-15,-5.163532378712585e-19,-1.3570672382028327e-18,-1.5788450157922038e-19,-6.405002333807666e-19,-1.44151530300613e-18,6.871043634948729e-11,-1.8729958237767235e-15,-9.381493323141621e-19,-1.4789701949271684e-15,-1.116193502180858e-15,-1.1403643745389497e-15,-1.5057715885207991e-15,6.871177171306328e-11,-4.855616808344299e-19,-1.2236262168496183e-15,-2.0517829497881696e-19,3.442297950673017e-14,-5.078969732385198e-19,-2.927276831228566e-15,-1.1486099984246633e-15,-8.321727443364153e-19,6.871134840901656e-11,-1.667691193625129e-15,-1.2414856201360674e-18,-1.002258388231983e-18,-1.2612961676952006e-15,-1.1381852165372532e-15,-3.165546627198117e-19,-1.6954176645508809e-18,-9.572343527885927e-16,-7.6633500433950205e-19,-1.0763139021549534e-15,-1.3235786553140995e-15,3.4422788138713784e-14,-7.244706846081374e-19,-1.469922052981676e-15,-6.468193553427593e-19,-6.158609465264257e-19,6.871162664908906e-11,-7.306632551004401e-19,-9.123452852208536e-16,-5.95256236328028e-19,-1.1888727588507701e-15,-7.785348408556766e-19,-8.975153999156387e-16,-1.0491040745396702e-15,6.871091320575305e-11,-8.833530966961347e-19,6.87100516962947e-11,-6.698555069534056e-19,3.4423106700237793e-14,-9.371865667129063e-16,-5.39233068730402e-19,-1.9031270099780014e-15,-9.751549417995307e-16,6.871284346004606e-11,-1.1212683404845323e-15,-4.769084672629287e-19,3.4422767434356496e-14,-5.901965558199058e-19,-7.172793382677794e-19,-7.224449972637847e-19,-1.1795174498559037e-15,-1.1525841902232965e-15,-1.347501395458373e-15,-1.0990550283857095e-18,-7.961488483285159e-19,6.870954887219463e-11,-9.48785090847763e-16,-6.338077523403565e-19,-5.724318947270885e-19,-1.7984730557048653e-18,-6.555963160741233e-19,-9.096591642616572e-16,-7.501627326101402e-19,-1.0962273543892776e-15,-7.692571587314959e-19,-5.961538636435759e-19,-6.843227685054825e-19,3.4423677869085914e-14,-4.256580768730928e-19,-9.695409086783423e-19,-6.000581816195146e-19,-6.77236559051435e-19,-9.197292102326246e-16,-9.88640607128848e-16,-1.0891011814108036e-15,-1.32014643134078e-15,-8.902360142614412e-16,3.4421920855351765e-14,-1.0951333872338742e-18,-4.1663337762446088e-19
-3.609087412799262e-11,-5.0875769716913666e-11,-1.2711473707617815e-15,-7.865242693421724e-19,-5.818387161118789e-19,-5.0876802544167615e-11,-1.4689505570968089e-15,3.1911516215109493e-12,-5.361534003777657e-19,-1.1701473585225142e-15,-1.4984656298181444e-15,-1.5636505876052433e-15,-1.4050084805719107e-15,-1.7269145574026099e-15,-7.423437679434192e-19,-2.5488144610213224e-14,-2.6652815091942298e-15,-5.353724829636917e-19,-1.7653450646413137e-15,-2.548697780318366e-14,-1.019081755536403e-15,-9.84294618233508e-19,-7.585535412717767e-19,-1.3831806246254632e-15,-1.8387194416948896e-19,-1.383823631694572e-18,-1.1560369566846122e-15,-7.82686142088955e-19,-6.71003530509185e-19,-1.1497161263463481e-15,-1.2540603049489525e-15,-1.988432370564618e-15,-5.087685442328041e-11,-3.2389497518428005e-19,-2.5487920639922113e-14,-1.967303948878419e-15,-1.1615403070252307e-15,-1.2484729998392793e-15,-2.239942647846651e-15,-6.356994249389058e-19,-6.762764249260345e-19,-1.7579691272371324e-15,-2.548826168589189e-14,-1.5517754021975734e-18,-9.380760818060108e-19,-1.4843133493297998e-15,-6.72387407471838e-19,-1.1762983087525448e-15,-9.15425085137602e-19,-2.5487844573548488e-14,-7.61038924883039e-19,-1.319027983751721e-15,-9.702784039461818e-16,-2.5487854486906198e-14,-5.156053599193135e-19,-2.9071347139681675e-15,-5.907356971432846e-19,-1.3155445905422212e-15,-5.087671913331165e-11,-9.639500832336694e-19,-1.6615347922834481e-15,-9.045969399810502e-19,-1.309980227330508e-15,-1.1843570145789275e-15,-1.1538027505429365e-15,-1.1310436279755043e-15,-4.402855932290397e-19,-1.5512934346829215e-15,-1.1162547050148616e-15,-8.2747642288214345e-19,-5.0876567566582626e-11,-1.5739672515114554e-15,-1.5323603591388538e-15,-1.3745067617427717e-15,-1.076396488689868e-15,-5.0876550076117155e-11,-3.413913388667674e-19,-9.827180552408456e-16,-1.1833557831472433e-15,-6.760710048247875e-19,-1.681722676837818e-15,-9.850896344332455e-16,-2.6955631910568163e-19,-2.5487187690493947e-14,-1.5614227406901294e-15,-5.087804152800438e-11,-8.694243453672704e-19,-2.548741018778664e-14,-5.061612088126303e-19,-1.2438366711948919e-15,-1.167599135748681e-18,-1.0227345263227085e-15,-5.0875295950983566e-11,-6.091259652077924e-19,-1.1121336942827577e-15,-5.08766918496158e-11,-1.1215411756474111e-15,-7.455812566545522e-19,-5.473239836641224e-19,-1.2350145804937152e-15,-1.1917725677270757e-15,-1.1468131274774919e-18,-1.1024733578427e-18,-1.5542062887120802e-15,-5.0878536203061225e-11,-9.831219213624503e-16,-8.93961592224436e-19,-9.008484675076367e-19,-2.2132135512002314e-15,-1.400744539456629e-15,-4.797793543471873e-19,-1.1495333837301717e-15,-5.339413987512527e-19,-7.196270120655414e-19,-1.1512285237104907e-15,-1.4645433266725677e-15,-2.5486937126306195e-14,-6.040048274210902e-19,-9.263212846317447e-19,-1.2876411309651835e-15,-4.511583918025272e-19,-9.356069473376138e-16,-3.844704342191116e-19,-1.1795553661850448e-15,-1.3715256955755908e-15,-9.48075787709387e-16,-5.087804454806487e-11,-1.4070459404529054e-15,-1.0814335760601242e-15
3.145981172684188e-11,1.666933035185992e-11,-9.480173535192745e-19,-1.762584083784741e-15,-1.3922179672173736e-15,8.350125786079934e-15,-1.3271492163500573e-18,-5.361534003777657e-19,3.185698262213307e-12,-1.2850444687893086e-15,-1.6547825784832433e-15,-1.7758994985351007e-15,-1.5704000908707163e-15,-1.9613202101975758e-15,-6.816786382863891e-19,1.6667686207394647e-11,-3.0005700000836285e-15,-1.0862672788593085e-18,-1.1005537492666109e-18,8.350883274354395e-15,-1.1050173190506454e-15,-9.160292901783125e-19,-1.378098735930384e-15,-1.5671891826809078e-15,-5.127852611121797e-19,-1.7467915335351883e-18,-1.285252921534773e-15,-1.7149500617258434e-15,-1.6120904964980329e-15,-1.2768173225877683e-15,-1.4033986113414242e-15,-1.0777467254768297e-18,8.350119981597045e-15,-1.3977972001084519e-15,1.6668237345868253e-11,-2.2082869854018016e-15,-9.280763907855707e-19,-1.418718854330041e-15,-2.5337180608230703e-15,-1.598837902506633e-15,-7.601452990837933e-19,-9.72647818659438e-19,1.6667212276579233e-11,-1.2727625910361099e-18,-1.4358481276043862e-15,-1.6595329801153084e-15,-1.0522120812088593e-18,-1.2873500832783977e-15,-1.815344025796807e-15,1.666868305853849e-11,-1.0705971288546862e-15,-1.4756308201603182e-15,-1.0954597302176723e-15,1.6668568058753692e-11,-6.794782462157979e-19,-3.2470171780324055e-15,-1.2301205963762385e-15,-1.5438509973461493e-15,8.350450411159266e-15,-1.869553648471041e-15,-1.0482980860817577e-18,-1.7396120541793548e-15,-1.077203120750524e-18,-5.015980462323323e-19,-1.2933263419312462e-15,-1.2945178344543254e-15,-9.758333091032952e-19,-1.7359728101287537e-15,-1.2836837799640525e-15,-1.5742675919975592e-15,1.6668455038149853e-11,-8.958051157241133e-19,-1.7119758119461682e-15,-9.536494218718667e-19,-2.822249858989906e-19,8.350329620801572e-15,-1.3101923535639218e-15,-1.102930360998101e-15,-1.2907787967579111e-15,-1.3592990569411165e-15,-8.788586164719776e-19,-7.757411650709563e-19,-6.817143890078081e-19,1.6667756905009722e-11,-1.77031389558693e-15,8.34981664434238e-15,-4.999924793661737e-19,1.6669223738129598e-11,-6.777180904705458e-19,-1.4168941617208195e-15,-1.002558993540227e-18,-1.1299253805535226e-15,1.666987365330936e-11,-1.2701220260502047e-15,-7.888287146480044e-19,8.349950333620154e-15,-1.1280004393389507e-18,-1.6980822931920124e-15,-5.775401250710177e-19,-1.4211429659094274e-15,-1.3051227923319246e-15,-1.6435342926527555e-15,-1.2867561303471305e-18,-1.777249057908781e-15,8.349264708732793e-15,-1.1082724207652027e-15,-1.084375287416021e-18,-1.4834797771374843e-15,-2.4142538068893213e-15,-7.361167890734733e-19,-8.898746144192277e-19,-6.501614813912123e-19,-1.3002575366831823e-15,-8.163955158269499e-19,-1.2932381440284926e-15,-1.65434364653782e-15,1.6670540004623998e-11,-1.2755757180025252e-15,-2.3244718239241047e-15,-1.3913591603264606e-15,-8.389704606693438e-19,-1.0319948970608677e-15,-1.1808607967804645e-15,-1.3663060704793163e-15,-6.810975231161403e-19,-1.0717837452728723e-15,1.6666801711652268e-11,-4.289423763798703e-19,-1.196695526201424e-18
1.8991202200365646e-11,4.241472244081911e-12,-3.7164977595267044e-19,-1.102269277725328e-15,-3.028650939802536e-19,2.1241756161169223e-15,-6.619883698611893e-19,-1.1701473585225142e-15,-1.2850444687893086e-15,3.191353709247245e-12,-7.052480663668785e-19,-4.3227906819855594e-19,-4.185546258711958e-19,-8.038343140718186e-19,-3.350382840754e-19,2.1241732384996944e-15,-1.9302675370896903e-15,-1.0403683249766646e-15,-1.2814997744784382e-15,2.124790539027365e-15,-4.500416338430751e-19,-1.0625998831305379e-15,-6.825912100714227e-19,-1.0448167401761576e-15,-7.643522370124218e-16,-1.0614500353276874e-18,-8.444317119937602e-16,-4.9824043058932e-19,-7.39836666450586e-19,-4.929238492043093e-19,-7.909008232281999e-19,-1.4497942152224671e-15,2.1243758142518202e-15,-9.138967925416855e-16,4.240743952247021e-12,-6.914485764607656e-19,-8.598537212410878e-16,-5.550253888709353e-19,-1.0316389803157495e-18,-5.660047883206691e-19,-9.39819989478969e-16,-6.554890186452493e-19,4.240000374793639e-12,-1.4134540576986709e-15,-9.063810566888634e-16,-6.748508803235652e-19,-3.681473504566392e-19,-8.681706346817994e-16,-5.720547179271397e-19,2.1250034905921208e-15,-2.131074042809828e-19,-9.448811389510864e-16,-6.928238676964618e-16,4.2409102689315e-12,-7.859997300693691e-16,-2.240129675247092e-15,-4.250331917791742e-19,-5.641147595234203e-19,4.240692671234947e-12,-8.136392427129272e-19,-1.012720511195154e-18,-7.391475529888865e-19,-4.362771822322694e-19,-4.415904654381748e-19,-4.42500463543307e-19,-1.195828029921342e-19,-5.384331390876991e-19,-1.1296663935065212e-15,-7.936103319699624e-19,-1.0195585653134523e-15,2.124842623972754e-15,-1.127354626466644e-15,-6.432049377902518e-19,-3.5089219193756557e-19,-7.891683343363368e-16,2.1246525274722185e-15,-2.2761773605082866e-19,-6.71689951198848e-16,-8.363309466037872e-16,-6.667110798731134e-19,-1.2543195742290197e-15,-6.531051413512849e-16,5.810032001913931e-21,2.1242016973810948e-15,-1.1544703146391825e-15,4.239717760959335e-12,-9.813462383165186e-19,2.1248434904615663e-15,-2.3189748543379226e-19,-4.614399526525365e-19,-1.4470781150523839e-15,-7.19008007711086e-16,4.241781019875648e-12,-4.63872283481926e-19,-3.4213475484494913e-19,2.124594178097713e-15,-4.833623440596557e-19,-1.1297935168430874e-15,-3.452414984685836e-19,-4.421385592782104e-19,-8.771369610384507e-16,-4.516766661642127e-19,-9.28879805653534e-19,-1.1732756311159548e-15,2.124028979607006e-15,-7.319637124947213e-19,-1.2888265360151109e-15,-5.129874654689612e-19,-7.874655466764675e-19,-4.1156984551835597e-19,-6.911835288736688e-16,-2.95926987636302e-19,-8.806325273434392e-16,-1.0415797079703464e-15,-8.685535451449282e-16,-5.180756679394573e-19,2.1252827525551978e-15,-8.795016477262597e-16,-1.6033732805181152e-15,-9.729096291649074e-16,-6.217832092949214e-19,-3.794699621212169e-19,-3.405507563196813e-19,-8.320004351392432e-16,-5.781517935378614e-19,-6.797025011296638e-16,4.2396532269556204e-12,-2.5809224693827143e-19,-5.157042447571723e-19
-5.290176878563689e-11,-6.767468514181455e-11,-9.633280873653733e-19,-7.574141270816978e-19,-5.611850887736943e-19,-6.767578895731838e-11,-9.23645529146971e-19,-1.4984656298181444e-15,-1.6547825784832433e-15,-7.052480663668785e-19,3.18984429283259e-12,-1.5138842058503235e-15,-9.608291325634335e-19,-5.563665825039134e-19,-5.648691739784733e-19,-3.3903927727220916e-14,-1.2813349271630035e-18,-1.3761310436418992e-15,-1.7155720491502463e-15,-6.767439785462033e-11,-9.743754972725167e-16,-1.4501208142513286e-15,-6.568787134930563e-19,-6.686989503886483e-19,-8.690608433928017e-16,-1.3554768854221227e-18,-8.02500336101306e-19,-1.4491259394149666e-15,-1.3856414819885581e-15,-1.0531413775815244e-15,-4.933167009998508e-19,-1.9537138968124344e-15,-3.390387592295854e-14,-1.2487811962520587e-15,-6.767567676675792e-11,-9.111286782781283e-19,-1.1288450103173022e-15,-5.607878325340108e-19,-2.1700715328641203e-15,-1.4112526279658122e-15,-1.2639052073353471e-15,-7.658413454348312e-19,-6.767659370951737e-11,-9.574542767791142e-19,-1.248180335165544e-15,-8.001667084413896e-19,-1.1098008652582913e-15,-1.0832804886876749e-15,-1.6006210241359086e-15,-3.390366184451578e-14,-3.542357437506778e-19,-1.2280902668192016e-15,-7.345836688896913e-19,-3.3903585215961405e-14,-1.0907632857794056e-15,-1.536033504136801e-18,-2.3897628448005825e-19,-1.3042759648744724e-15,-6.767566766065767e-11,-7.336575287921277e-19,-1.6107896557659222e-15,-7.49152574027089e-19,-1.248604087696302e-15,-1.1471551563057645e-15,-5.754107214183999e-19,-5.661419137223182e-19,-3.1037753046244135e-19,-1.0424535818029417e-18,-1.1068627678671214e-15,-3.92668872423676e-19,-3.390375675153874e-14,-1.1762273590902133e-19,-8.178819576309186e-19,-1.3841270213982948e-15,-1.0244069290144522e-15,-6.767552771305653e-11,-9.932772545539876e-19,-6.15480289660812e-19,-1.1208975320667627e-15,-1.1450392296366618e-15,-1.6504639702764582e-15,-5.845592885118726e-19,-1.0563634388291372e-15,-6.767614963009387e-11,-1.527772106749305e-15,-6.767702238165465e-11,-1.3145724404374113e-15,-3.390337754559309e-14,-7.011958484958237e-19,-1.2479371441956297e-15,-1.922072458148169e-15,-1.0252189390859186e-18,-6.767419179285871e-11,-1.0861107538798075e-15,-1.0796304067218265e-15,-3.3903995403945825e-14,-1.077128431352453e-15,-1.45463565715342e-15,-1.9038114540252412e-19,-1.2215019115642543e-15,-6.085168914503072e-19,-1.4163866669410583e-15,-1.0328596402805398e-18,-1.0563416761104444e-18,-3.390499675949994e-14,-1.3532476510816742e-19,-1.7239212337346192e-15,-1.3427564229915576e-15,-8.910361241120535e-19,-1.0719355275716734e-18,-4.2585300229528677e-19,-1.0517255854997253e-15,-4.0326366177305934e-19,-1.2776268199273887e-15,-2.6454925844877565e-19,-7.785781408798656e-19,-3.390298248125047e-14,-1.0591419032463343e-15,-2.0874880832875848e-15,-1.1689774182571682e-15,-9.400889364784968e-19,-9.10231588624688e-16,-6.408994332129207e-19,-1.2078654827724117e-15,-3.8849223948081877e-19,-5.803093195198997e-19,-6.76769643362793e-11,-1.369371133947479e-15,-1.085881631471059e-15
-3.4433720356103974e-11,-2.4654771907656384e-14,-1.2896174535669256e-15,-6.954681987980868e-19,-4.522383144549126e-19,-4.92148501003998e-11,-1.503681511552848e-15,-1.5636505876052433e-15,-1.7758994985351007e-15,-4.3227906819855594e-19,-1.5138842058503235e-15,3.1911637484461534e-12,-1.4162110527735967e-15,-8.572370952897552e-19,-6.699628936844312e-19,-4.921532217523544e-11,-2.7035314867294534e-15,-1.445401628146597e-15,-1.0014478776702703e-18,-4.9213509532905675e-11,-6.636173362624825e-19,-1.5224645033382963e-15,-7.215450982626385e-19,-7.031000499593446e-19,-5.401926045989667e-19,-2.7643715727153394e-15,-1.0791057823950775e-18,-1.5420348565639239e-15,-1.4341312299401198e-15,-1.1633203121161364e-15,-1.4292430952914779e-18,-1.9926901671415187e-15,-2.4655377798382445e-14,-1.2829988234649656e-15,-4.921476117787473e-11,-1.1990680838835847e-18,-1.1776081619707824e-15,-7.129677771526315e-19,-1.4090832364450934e-18,-7.558586318216557e-19,-1.3024646722928307e-15,-1.769329569136596e-15,-4.921574705238234e-11,-9.57050019971688e-19,-6.650276330741623e-19,-1.5118061378102027e-15,-5.908052108832526e-19,-7.522751026874312e-19,-1.6022909659767083e-15,-2.465496562479229e-14,-9.706659424003396e-16,-1.3314561849043043e-15,-9.670175499207084e-16,-2.4655252384259807e-14,-1.1059058798089631e-15,-2.9585764945526696e-15,-8.416535409625511e-19,-7.335210906377283e-19,-2.4655791988479623e-14,-9.974557207277166e-19,-1.6840535653568678e-15,-5.630729583965393e-19,-5.367555297176833e-19,-1.1923814376457091e-15,-5.978859090098641e-19,-5.530200931413581e-19,-4.681077310143567e-19,-7.776632494187658e-19,-5.634731757058926e-19,-1.4127530706266429e-15,-2.4655133727038717e-14,-9.61854957590839e-19,-4.0011614385479466e-19,-1.4027921032596556e-15,-1.075982107860762e-15,-4.9214585509715706e-11,-5.872525676618392e-19,-2.8882922716471316e-19,-1.1837444758939527e-15,-6.285188931278627e-19,-1.6923767638899371e-15,-9.779256375979415e-16,-2.6590498682671933e-19,-4.921523045672696e-11,-8.76888031980486e-19,-2.465660376000202e-14,-5.943553953090856e-19,-2.4654992296028115e-14,-1.0395644325601953e-15,-1.2658049153936292e-15,-1.9367230894571867e-15,-1.019817648017137e-15,-4.921333956751803e-11,-2.6014558440733517e-19,-7.190345026856745e-19,-4.9214731921985206e-11,-1.1369519450021912e-15,-1.5232752110136938e-15,-1.1522292905309562e-15,-5.752936862666376e-19,-8.412186260747947e-19,-8.838032455241504e-19,-2.24966163351527e-15,-7.541165695534437e-19,-4.921658139599732e-11,-5.065812324777696e-19,-1.7658461355344882e-15,-9.329748555224572e-19,-2.2123348091831173e-15,-1.415105642181638e-15,-5.912005654549719e-19,-1.159976159947681e-15,-3.6679556599961736e-19,-1.3494201853221737e-15,-1.1665153257511925e-15,-8.485735397924532e-19,-4.921270268232447e-11,-9.287896061860974e-19,-1.0548416435021261e-18,-1.2793624483551788e-15,-1.5310258730234608e-15,-4.364510198722306e-19,-5.722424370719476e-19,-1.2026131873055212e-15,-5.337407237669861e-19,-6.405442599533199e-19,-2.4656070804453e-14,-1.4097068182849611e-15,-4.51768702637994e-19
-6.920287711323644e-11,-4.2067125990733766e-14,-1.1240362663078861e-15,-3.8491023218662657e-19,-2.698201969043386e-19,-8.397221462524993e-11,-1.339743118516723e-15,-1.4050084805719107e-15,-1.5704000908707163e-15,-4.185546258711958e-19,-9.608291325634335e-19,-1.4162110527735967e-15,3.1900458144934707e-12,-1.5587266034789744e-15,-3.018526408550221e-19,-4.206823977389121e-14,-2.344029216558087e-15,-1.2632551082537829e-15,-1.5567157854337285e-15,-4.2067658796615165e-14,-3.565836216986076e-19,-6.169602461235192e-19,-1.1115442816192188e-15,-1.245368301719205e-15,-9.423329689175072e-16,-2.4290175376772628e-15,-1.0083768714245282e-15,-1.3841817996280631e-15,-6.553474288433709e-19,-1.0785450396022564e-15,-9.634184428969063e-19,-9.272109663777827e-19,-8.397219636825529e-11,-6.060027986573799e-19,-8.39721261198726e-11,-1.0348107449814622e-18,-1.0406743896161596e-15,-1.0804508796632432e-15,-9.92962749065043e-19,-1.1828475605880204e-15,-1.1350684878617468e-15,-8.159512875808549e-19,-8.397302347965326e-11,-1.6822003482817359e-15,-5.890289770708994e-19,-5.4413193942581715e-19,-1.0648085152179594e-15,-3.454340795042826e-19,-1.362975509210536e-15,-8.397180863879287e-11,-5.0703845292140485e-19,-1.2858321035725705e-18,-8.307293188672288e-16,-4.206819994982717e-14,-3.75010874215662e-19,-9.63729450198914e-19,-1.01909553427729e-15,-1.199390861650153e-15,-4.2067863675949967e-14,-8.256353304876548e-19,-8.600894842504268e-19,-1.3739095188152023e-15,-1.1263262663237098e-15,-1.05757140993915e-15,-4.1125768187860847e-19,-9.943123919567355e-16,-8.072200212679363e-19,-1.354476467652488e-15,-1.0070175502874637e-15,-1.2356958479582476e-15,-4.206793783437023e-14,-1.3744023943299127e-15,-1.318759647484291e-15,-6.072159261124301e-19,-4.932856858528857e-19,-4.2067790608794554e-14,-9.712922810796645e-16,1.647892875446459e-19,-4.886089158916402e-19,-1.1245003345654133e-15,-1.4965545782966046e-15,-7.715363123560834e-16,-2.7623593924960225e-19,-8.397255400763791e-11,-1.384173427070086e-15,-8.397333337178602e-11,-1.2064149162777956e-15,-8.397136753316762e-11,-5.966151520896177e-19,-6.047386759897034e-19,-1.3347109341853073e-18,-2.7846020175163453e-19,-4.2067277946082526e-14,-5.157299804626526e-19,-9.466416567912409e-16,-8.397208949147739e-11,-5.041545240749915e-19,-7.173894875482141e-19,-5.08794694293656e-19,-1.1103529142207702e-15,-8.075917341004517e-19,-1.2561895117838994e-15,-6.777231882494772e-19,-7.649105659705305e-19,-4.206869436109815e-14,-4.543195919552453e-19,-9.498486443796678e-19,-1.1851744340712307e-15,-1.9293943997364577e-15,-1.2024010249292287e-15,-5.534087435450614e-19,-1.0401056636793932e-15,-5.32949320167035e-19,-4.923482620796032e-19,-1.0554461594753711e-15,-8.657428818435845e-19,-4.206699139780387e-14,-1.0816757964355182e-15,-8.457031491414809e-19,-1.1792010598178358e-15,-1.3421605493770289e-15,-1.911283299377248e-19,-8.848923598260851e-16,-5.569360512961217e-19,-1.2106230062154489e-15,-8.375551808884196e-19,-8.397341274953999e-11,-1.1935256051767621e-15,-4.11177732061761e-19
