1.0000000000000173,-6.77752708131185e-12,0.999999999983047,1.0489052166453842e-11,1.0000000000112128,0.999999999957109,1.8929956910633643e-11,-1.2225813161859928e-10,1.0793997352515018e-11,-2.3908473080464364e-11,-2.0247597357246773e-11,9.105868398817341e-12,2.688582674997089e-10,-3.0172682123300435e-11,-2.4902768726076263e-11,1.4555133815628116e-10,-1.9850168346053066e-11,-2.1767435408395795e-11,-1.3212646094443876e-11,0.9999999999861137,-7.815296737555795e-11,1.6212787137582752e-11,6.34553316648956e-11,-4.4541351353594916e-11,-1.5775001368853824e-12,-2.8126689208665895e-12,1.5829920387512895e-11,2.1131863081469176e-10,1.0000000000181826,0.9999999999196507,-1.0800372601272714e-11,9.779451640759628e-12,4.0417551169961003e-11,-3.020144369537442e-11,-3.1962914214233414e-11,2.0135894756488553e-10,-1.7445524876689756e-11,4.066750599911748e-11,-2.7494736647580512e-11,1.0000000000278433,3.372018072677768e-11,-1.8228438380268235e-11,-1.4442020206281653e-12,-1.9545115278716653e-11,-2.394719094836226e-11,1.1271557809359467e-11,-6.28385595530661e-11,-1.2282001393699267e-11,3.213453814412311e-11,1.5864296668534646e-10,-2.6077018866360086e-11,-1.448688800178868e-10,4.914345817048344e-11,-2.893855225738903e-11,3.3047997138447708e-12,1.945723673644744e-11,3.3059341664521323e-11,-1.3614718225433253e-11,-5.212127934126536e-11,-9.572539667211681e-12,-1.4050154685513907e-11,1.0000000000616323,4.319163032749747e-12,-3.996821227834937e-11,3.3715573337420647e-12,-4.827302507721283e-12,1.000000000058405,0.9999999999954098,-3.1106590773557594e-12,-9.079972357880191e-11,-1.2898378204933791e-11,-2.4221704962052935e-10,-2.4248026751200207e-11,-2.0168310761425085e-11,0.9999999999928831,-5.699063756915331e-12,4.3714222698134666e-12,1.0000000000625486,8.182821312610627e-12,6.463287738130929e-12,-6.53566774771984e-13,-8.292075849999873e-11,0.9999999999860879,3.647800828621997e-11,-1.2205256440645956e-10,8.321378216008937e-11,4.920510495477672e-12,1.0000000000080331,-1.4093144335524915e-11,0.9999999999979453,3.650960857655527e-11,-1.044711098933426e-11,-1.7478454055013753e-11,-9.70636035063448e-13,1.0350600290058489e-11,1.1417662253702391e-11,-5.2759077225041876e-11,1.0000000000551783,0.9999999999409531,1.0000000000558074,-2.638421548807707e-12,-3.090551570318029e-11,3.94355012017951e-12,5.8793359318605434e-12,2.2358763563887706e-11,4.300085099759026e-12,1.0000000000423332,-3.660174787959392e-11,-8.55012821997634e-12,7.206134293911829e-12,6.85366366633239e-11,5.0564216584882914e-11,-7.063377272166479e-12,-1.7485370819027127e-11,-2.764869286479703e-11,-2.8110400467379954e-11,-1.216813846761778e-11,-2.078534376642219e-11,2.6716955674051273e-11,3.199919142624536e-12,4.212175224974909e-12,-1.087502247775034e-11,1.5749955563051038e-12,1.0000000000769687,5.353369199240993e-12,-4.676222947887544e-11,-3.147528545555837e-12,-8.015524335809603e-12,-3.482591438242492e-12
-6.77752708131185e-12,8.101828857598528e-13,-2.5446943108022815e-12,-7.812207651783873e-17,-2.5447697918916292e-12,-2.544759813541085e-12,-1.1791705524603976e-16,-1.681038287200715e-16,-9.636517120997745e-17,-6.82800992919095e-17,-1.0092446790171412e-16,-1.585583239205248e-16,-1.7367841119852393e-16,-1.0580311461090656e-16,-1.21646684165805e-16,-1.1717333676285702e-16,-9.796920968170879e-17,-9.132464852628838e-17,-7.903764297439504e-17,-2.544944345664846e-12,-1.4324890206304806e-16,-9.652689704962849e-17,-1.0726326425334363e-16,-1.1117455902660383e-16,-9.449309101198099e-17,-7.915822001964984e-17,-7.914750409465342e-17,-2.771313409365267e-16,-2.544755241861893e-12,-1.2750783307546594e-15,-7.992742778350513e-17,-1.0592588167348232e-16,-1.3909891409722137e-16,-9.323882150984505e-17,-8.321055126913341e-17,-1.2852900212174933e-16,-9.85899198624995e-17,-1.8419458471814727e-16,-1.096763328786205e-16,-2.5447641195398443e-12,-1.1280333009495043e-16,-9.48627369509464e-17,-3.4358130752145436e-17,-3.5696604921414066e-17,-6.881660084508346e-17,-6.432093988471442e-17,-7.338792813124025e-17,-6.249229059293089e-17,-6.288107951931608e-17,-1.406058082946647e-16,-8.53345841355459e-17,-1.5806802693795074e-16,-1.4775366264868408e-16,-1.2077428099468392e-16,-5.640389823702106e-17,-9.586506763586769e-17,-1.0518967452566377e-16,-7.534507126050468e-17,-1.0605921322691028e-16,-1.0793416199998974e-16,-5.1698324621775345e-17,-2.5446419403854934e-12,-1.083381129095594e-16,-1.6412062540657218e-16,1.1038962052960083e-19,-3.630452010537783e-20,-1.275028281668005e-15,-1.2749563352932125e-15,-2.779649972591645e-19,1.0085572100246493e-19,-6.185644142652018e-20,-1.5185117098940174e-19,-3.8523282395198606e-20,-1.0364954648539622e-19,-1.275072472072168e-15,-1.6888892742395275e-19,-4.055628357169086e-19,-1.2749447566699956e-15,-2.9870625578058044e-19,1.340276393523061e-20,-1.785157900193003e-19,-2.0679358751176149e-19,-1.274942582387729e-15,1.0920939332284912e-19,-1.1479802392302325e-19,-1.0699749121262048e-19,-3.909505836782723e-19,-1.2748829860630378e-15,1.5643248232919454e-19,-1.2749444028374796e-15,2.5102599546454577e-20,-2.9919480736658414e-19,-3.303246171695438e-19,-1.4401327727838165e-19,-4.7696953326921545e-21,1.3836587517160108e-19,-2.937603183493452e-19,-1.2743029702759562e-15,-1.274711228513874e-15,-1.2750749351789656e-15,-9.836136421906677e-20,-6.870874034340163e-20,-1.0549196398073467e-19,2.8393029916327975e-19,-5.510957203723671e-20,-4.6197921754472454e-20,-1.2749884733241554e-15,-1.7159622520840804e-19,-2.5591562750144392e-21,1.55331665976483e-19,-1.0860240759871557e-19,-1.1199934956335927e-19,-4.994941906151167e-20,-8.885966240388127e-20,-3.8315846274409064e-20,-1.6949764143812463e-19,-3.2789740499994606e-19,1.2685313376921824e-19,-2.5666648825303084e-19,6.957147324812122e-20,-1.3644076688449791e-19,-2.0671647682767337e-20,-2.615030004141783e-19,-1.2748449295150197e-15,-8.925306644213223e-20,-6.661639976294947e-20,-2.0137654873957346e-19,-9.685722112370094e-20,5.766090918156391e-20
0.999999999983047,-2.5446943108022815e-12,0.999999999942295,1.4722860083096776e-11,0.9999999999696418,0.9999999999155379,1.1603559969035167e-14,-1.180337898874275e-10,7.530942443956348e-15,-9.855858107187499e-15,-1.6014217146511244e-11,1.3329063431090686e-11,2.730822196553406e-10,-2.5938294195499052e-11,-1.0358697199364546e-14,1.4977177689250558e-10,-7.820819448509216e-15,-8.782206412071923e-15,-8.978523371810664e-12,0.9999999999445542,-7.392895512468244e-11,2.0452669827855518e-11,6.76863928473908e-11,-2.0191774461593215e-14,1.3306418317607584e-15,7.121312909461566e-16,2.006012625040732e-11,1.0797459519824431e-13,0.9999999999766134,0.9999999998780917,-3.287415630323577e-15,7.023556128937193e-15,2.2366759631121055e-14,-2.5961739797515223e-11,-2.773566917600329e-11,2.0558191565882964e-10,-6.617846689929878e-15,2.248960672728239e-14,-1.1654272441346232e-14,0.9999999999862719,3.7966028052984014e-11,-7.01221667842122e-15,1.4001849581856877e-15,-7.669576417112077e-15,-9.875258413039402e-15,7.768235662613634e-15,-2.935980929179542e-14,-8.04488383073491e-12,1.821873067549859e-14,1.628657293132777e-10,-2.1844435930943234e-11,-1.406409530969457e-10,5.3370352026681346e-11,-2.4706030483127933e-11,7.537382705218263e-12,2.369175889340249e-11,1.868042026594061e-14,-9.384355761829612e-12,-4.788992222520938e-11,-5.342320770080683e-12,-9.8131926159732e-12,1.0000000000200633,8.552240352756143e-12,-1.790873980417048e-14,7.602557229277432e-12,-5.851772714945658e-13,1.0000000000168399,0.9999999999538436,1.1279748097864894e-12,-8.656962217982722e-11,-4.344411116075214e-15,-2.379969424985865e-10,-2.000916788791252e-11,-1.593238659472092e-11,0.9999999999513234,-1.4595173055734463e-12,8.606887843174377e-12,1.0000000000209786,1.2413892034930684e-11,1.0705712148471053e-11,1.7960829958471183e-15,-7.8693392457454e-11,0.9999999999445222,4.0709270024638744e-11,-1.178231498917868e-10,8.74334048050491e-11,9.15904987422931e-12,0.9999999999664639,-9.854772118353052e-12,0.999999999956374,4.07421364953567e-11,-6.204089820662174e-12,-1.3232310488143717e-11,3.2685173088331495e-12,1.4578692720879016e-11,1.566117613590366e-11,-4.852589157595187e-11,1.000000000013611,0.9999999998993861,1.0000000000142424,7.981055980361199e-16,-1.3363800287360877e-14,4.098374783360403e-15,5.066810336748519e-15,1.3322864395421108e-14,4.277153485816348e-15,1.000000000000762,-1.622105071451878e-14,-2.1590284702306276e-15,5.7335319661112245e-15,3.6453432144095276e-14,2.7444041751219942e-14,-1.412730396502495e-15,-6.639936315255313e-15,-1.1730267347360471e-14,-1.1959986011361959e-14,-3.973923529419091e-15,-8.288787236897865e-15,1.550295377580592e-14,3.7201562583546475e-15,4.2334492121769196e-15,-3.3264456825108053e-15,2.9098371510910338e-15,1.0000000000353955,4.803488821157368e-15,-2.1304031736171994e-14,5.464079695840806e-16,-1.8929805560106663e-15,3.781095325148251e-16
1.0489052166453842e-11,-7.812207651783873e-17,1.4722860083096776e-11,8.098435765501267e-13,7.37627982107319e-15,1.4722733551797093e-11,-2.6814192223266345e-19,-1.858391623994706e-16,-9.31588319384689e-17,-9.552449273192412e-17,-6.482536163892518e-20,-6.598312916516158e-20,-2.776046349227325e-16,-1.5165328835028685e-16,-1.8444121485820734e-19,-2.44903145590142e-16,-9.152643550409285e-20,-1.1911825667751799e-16,-1.1271472469986357e-16,7.376244864722319e-15,-1.7125279817692545e-16,-1.3477875477663452e-16,-1.9834176031380984e-16,-1.6091927046553982e-16,-1.377675143180601e-19,-1.1196687840456944e-16,8.293593982708609e-21,-2.296244143365492e-16,7.375633572659127e-15,1.4722371606197587e-11,-1.0344096817110304e-16,-9.71082522940859e-17,-7.654441626976136e-20,8.298300577067416e-20,-1.3620284210299964e-16,-2.7104944673965537e-16,1.4599458398226209e-19,-1.5762392602823505e-16,-1.2051044423718926e-16,1.4722836680811867e-11,-1.10598510026471e-16,1.4815141950375103e-19,-9.774731819042964e-17,-1.2564982457378174e-16,-2.0866442539772884e-20,-1.4625935812823465e-16,-9.248059593210368e-20,-1.2671695732088149e-16,2.9847431953827175e-20,4.339524832155073e-19,3.269947698786092e-19,3.076263111240827e-20,7.347117668801089e-19,5.049352505128174e-19,-1.693689021550486e-16,-1.3035223636098894e-16,-1.8228569778432895e-16,8.706213329939927e-20,-2.0401542211733058e-19,-1.0716402194223705e-16,-1.6294623610589333e-16,1.4723000047748974e-11,1.783543774700822e-19,-1.9442004824668905e-16,-1.9335715263348073e-16,-9.177957085856067e-17,1.472274725509589e-11,7.376033531869354e-15,-8.738494910752561e-17,-1.7920692372348806e-16,-1.496471158344893e-16,-2.848231026541233e-16,-8.31511320642032e-17,-1.7344689562173634e-16,7.375682728284234e-15,-1.4119117338852344e-16,-1.1304634873179726e-19,1.472286448708159e-11,-3.3982800456008085e-20,-1.0315621302817386e-16,7.059252909262425e-22,-2.964399621652074e-19,7.375557319688718e-15,-7.380676786146158e-20,9.226697924431807e-20,-2.368031999823991e-16,1.1976957149346018e-19,7.375986508610389e-15,-9.155568865574355e-17,7.375542269166536e-15,-1.5691925379080665e-16,-8.820162023928257e-17,-8.23246511512052e-17,-5.0456189536984923e-20,-1.676411636345969e-16,-1.8428881143922653e-19,-1.5745222536570203e-16,7.375412780697202e-15,1.47227990689062e-11,1.4722866236058185e-11,-1.3192278489528648e-16,-1.6291485383795078e-16,-1.4086714138731089e-16,-9.109699172384712e-17,-1.2212285672280965e-16,-1.1952121327176084e-16,1.4722881307279562e-11,-1.6742832198310244e-16,-1.192412901161443e-16,-1.0489873941564838e-16,-1.853551150731894e-16,-1.6888612625043309e-16,-1.0207581766000498e-16,-1.2802032127635414e-16,-1.6873543813421324e-16,-1.2580567967104111e-16,-4.067499648002437e-20,2.1697923230193556e-20,1.1418283295092264e-19,-1.5030295011414454e-19,-8.406592163022002e-20,-1.2229953195700287e-19,-2.764823125545936e-19,7.375850161529532e-15,4.7630609641614286e-20,-1.8879842494232698e-20,-1.8431028401795347e-19,-1.2930587725784414e-19,-8.387860548382447e-21
1.0000000000112128,-2.5447697918916292e-12,0.9999999999696418,7.37627982107319e-15,0.9999999999986128,0.999999999943703,2.316267746281306e-11,-5.913224283478014e-14,1.5032443411105986e-11,-1.9674107158046256e-11,-1.601426723387968e-11,6.678298334813619e-15,2.7308219320140015e-10,-1.2994421326530673e-14,-1.035937520884914e-14,1.497717837299929e-10,-7.821014241676923e-15,-1.7530181924849425e-11,-8.978594569780456e-12,0.9999999999727164,-7.392904209001628e-11,2.0452611796608824e-11,3.3909076099240425e-14,-4.0305095380760374e-11,1.3303640703866975e-15,1.4217575519835058e-12,2.006008900880121e-11,2.1552767898998813e-10,1.0000000000047753,0.9999999999062567,-3.2873407241271516e-15,1.4019614735062744e-11,4.46459631840063e-11,-1.3006455692550856e-14,-2.7735711679698495e-11,2.0558193374802517e-10,-6.617919367744102e-15,4.4891889064904214e-11,-2.3262601414367838e-11,1.0000000000144356,3.7965941839663455e-11,-7.01229953154575e-15,1.4002733509593258e-15,-1.5309059105552905e-11,-1.971215273712757e-11,7.768341425436331e-15,-2.9360575382192214e-14,-8.044905259409745e-12,3.6366244325411705e-11,8.15910319304029e-14,-1.0944018764850866e-14,-1.4064105595836144e-10,2.6737057037125405e-14,-2.4706111703293496e-11,3.776038420692604e-15,1.1868920345310162e-14,1.8680448644353067e-14,-9.384415795193669e-12,-4.788994263627182e-11,-2.676614023893102e-15,-4.916167493597773e-15,1.0000000000482274,4.284306835938495e-15,-3.574751704920492e-11,7.602519885622676e-12,-2.932186993105931e-16,1.0000000000450044,0.9999999999820067,5.651227363536614e-16,-4.336971284728115e-14,-8.671470692851554e-12,-2.379969501415016e-10,-1.0024572706752974e-14,-7.982233091396716e-15,0.9999999999794862,-7.312234453858837e-16,4.311682535093097e-15,1.000000000049143,6.2189751018518715e-15,5.363276722834554e-15,1.7957091048691003e-15,-7.869345091173831e-11,0.9999999999726863,4.070923920393073e-11,-5.902685012381942e-14,8.743338699961143e-11,9.15900437094168e-12,0.9999999999946271,-4.937133078283885e-15,0.9999999999845376,2.0410720579612222e-14,-6.204138739436667e-12,-6.629284917276401e-15,1.637248671654541e-15,7.302564057213993e-15,7.845880705145883e-15,-2.431028203227601e-14,1.000000000041775,0.9999999999275478,1.0000000000424047,7.979682804974784e-16,-1.3363857402583668e-14,8.180663641254796e-12,5.066972514140794e-15,1.3322996386916984e-14,8.537735475618005e-12,1.000000000028925,-3.237856647445956e-11,-2.1594263617906613e-15,5.733628327122051e-15,3.6453536654839634e-14,5.4780881805800206e-11,-1.4126362106773165e-15,-6.639450610787014e-15,-1.1730952165559388e-14,-1.1959944033951448e-14,-7.93289197280013e-12,-1.654526152153822e-11,3.094552358338072e-11,7.425778896775251e-12,4.2331552212391234e-15,-3.326135936904951e-15,2.9096095740354618e-15,1.0000000000635578,4.803373871832598e-15,-2.1304070479151555e-14,5.464171612615278e-16,-1.8929882521187656e-15,3.780118419183906e-16
0.999999999957109,-2.544759813541085e-12,0.9999999999155379,1.4722733551797093e-11,0.999999999943703,0.9999999998904007,2.3162620236689833e-11,-1.18033915856659e-10,1.5032429463998152e-11,-1.9674135437359022e-11,-8.022851176241742e-15,1.3328927234191743e-11,1.3680736398752436e-13,-1.2994298049149337e-14,-2.0677303066286377e-11,1.4977157066916343e-10,-1.5611368677264857e-11,-1.75302491654012e-11,-8.978608411066921e-12,0.9999999999186137,-7.392906129846055e-11,2.0452558200541643e-11,6.768625056348342e-11,-2.0191987938189412e-14,1.3302563422951247e-15,1.4217243178275539e-12,1.0049289169878409e-14,1.0797409437084878e-13,0.9999999999506729,0.9999999998521533,-3.2873589065276694e-15,7.0239976578713095e-15,2.236649013150548e-14,-2.596179024114637e-11,-2.7735787083579092e-11,2.0558172543819175e-10,-6.617813243294207e-15,2.248937811588843e-14,-2.3262595313301647e-11,0.9999999999603323,3.7965958429987745e-11,-7.012381471686749e-15,2.794939225461155e-12,-7.669595106259326e-15,-1.9712210938668392e-11,1.55063086490125e-11,-5.860638138325284e-11,-8.045005595469704e-12,3.6366062933831375e-11,1.6286561221798588e-10,-2.184456251713038e-11,-1.4064109393325494e-10,5.337023586039626e-11,-1.2377115671995244e-14,3.775863937831035e-15,1.186888090576775e-14,3.728782563211036e-11,-4.701489425143177e-15,-2.399227856734376e-14,-2.6763672200383697e-15,-4.916246110791937e-15,0.9999999999941236,4.2839453236408705e-15,-3.5747559539943016e-11,3.808806362901596e-15,-5.852161410126359e-13,0.9999999999909005,0.9999999999279031,1.1279160121106447e-12,-8.656978844353228e-11,-4.344267675927469e-15,-2.3799716470292505e-10,-1.0024328341224556e-14,-1.5932520727804553e-11,0.9999999999253835,-7.31214497578807e-16,8.606822435347874e-12,0.9999999999950384,6.218962841808962e-15,5.3632018339439824e-15,1.7960844117675022e-15,-7.869354922958405e-11,0.9999999999185839,4.070915786313023e-11,-5.90264981635417e-14,8.7433245345571e-11,4.587965841732309e-15,0.9999999999405245,-4.936941700171055e-15,0.9999999999304335,2.041064799187935e-14,-3.1082623412684853e-15,-6.6290522490391314e-15,1.6374740830151248e-15,7.30378113176526e-15,7.846112742979498e-15,-4.8525985473611735e-11,0.9999999999876713,0.999999999873446,0.9999999999883007,1.5931611155632411e-12,-2.6675684184436127e-11,4.0982744602090925e-15,5.067060774675539e-15,2.659429997386187e-11,4.2767987622708385e-15,0.9999999999748219,-1.622107437095731e-14,-4.309689981988549e-12,5.7336859974766164e-15,3.645363009598997e-14,2.7443823626320755e-14,-2.8197193286105986e-12,-1.3254039999011625e-11,-1.1731178127692937e-14,-2.3873369883045147e-11,-3.97412698153708e-15,-8.288767485304363e-15,3.094541864405532e-11,7.4256281686503e-12,8.450042017111031e-12,-6.6399718503607944e-12,5.808181980985888e-12,1.0000000000094558,4.803591540943246e-15,-2.1304538682009868e-14,5.465429616754365e-16,-1.892796086657067e-15,3.778968778876993e-16
1.8929956910633643e-11,-1.1791705524603976e-16,1.1603559969035167e-14,-2.6814192223266345e-19,2.316267746281306e-11,2.3162620236689833e-11,8.099389358684515e-13,-1.7987142364760826e-19,6.285239975874798e-20,-1.2882398651527936e-19,-1.3215307723961676e-16,7.29587196937434e-20,-2.1914971700870943e-16,-1.616064556901806e-16,-1.6201633780322873e-16,3.513172608239468e-19,-1.3052326590557093e-16,-1.274999572607289e-19,-1.2463394742395728e-16,2.316241994822163e-11,1.8142647699541156e-19,9.401152041854353e-20,-1.6923593741742518e-16,-1.7949781924162754e-16,4.199332791534715e-20,-1.1613248116091773e-16,-2.132520307890657e-19,-2.623323490035845e-16,2.3162685279901427e-11,1.1603512812336031e-14,-1.2592271776088203e-16,-3.075395542545457e-19,-8.711801290650068e-20,1.8949956848169074e-19,-5.751596199686545e-20,-2.0891731974762307e-16,-1.2080089032365972e-16,-7.229267123108395e-20,-1.4683068435895143e-16,2.316267913511252e-11,-1.362601845392107e-16,-1.2347644690496861e-16,-8.460419733295024e-17,-7.485402809381936e-20,3.0623283732101642e-19,-1.2485127374368878e-16,-2.749008749756418e-19,2.4831402132838144e-20,1.2034314533730058e-19,-1.779451852867291e-16,-1.2231198907917642e-16,-1.4234132317629682e-19,-4.48678198984704e-19,-2.95732543340815e-19,-2.602041746738631e-19,-1.3591695907801068e-16,-1.4881862951052818e-19,1.3300414483353721e-19,-1.5972688009291253e-16,-1.5009527342729207e-16,-1.07590905941438e-16,2.3162865780269016e-11,-1.0344752314965264e-19,-2.0956647086555676e-16,-1.7529686104447965e-16,-8.553409428034586e-20,1.1603643694691641e-14,1.1603885469570079e-14,-1.0811448046765903e-19,-1.507067012207841e-16,-8.082976977481269e-20,-1.257793867602843e-19,-1.2918048688864066e-16,-3.467116538298271e-19,1.160353213141139e-14,-2.989840176797247e-19,-1.279786879432999e-19,1.1604041588493227e-14,-1.2639881381720152e-16,-1.0808780590410961e-16,1.6106895432257405e-19,-4.012371538006498e-19,2.3162621214859755e-11,-1.4725753208106533e-19,-1.0754995979635933e-19,-1.9681875264522714e-16,-2.211969899983549e-19,1.1603919500909008e-14,-1.2015016554169496e-19,1.1603889526042745e-14,-4.2625694862174743e-20,-4.758219181947863e-20,-1.1195007976210315e-16,-8.439912162893684e-17,-1.2417614632676934e-16,5.2853373454912927e-20,1.7820075833328416e-19,1.1603688142204069e-14,2.3162574962506472e-11,2.3162704572554313e-11,-9.51933184444397e-17,-3.568035144684619e-19,-1.5995521718730135e-19,-1.2905801782439817e-16,-9.680497064806428e-20,-7.084869555863389e-20,2.3162756617818164e-11,-1.6351537907067785e-19,-1.5590216973329912e-19,-1.0466167385146379e-16,1.934206285443258e-19,7.809828867987488e-20,8.724388230155554e-20,-1.2475138732487347e-16,-1.2863701489346692e-19,-7.866962097761856e-20,-1.4281012877215202e-19,-1.272300042010506e-19,-1.535150605992797e-16,-1.5333206845289077e-16,-1.1399694455071757e-16,-9.716481739100253e-20,-1.7185396700218479e-16,2.3162701380127544e-11,-1.0713919131916575e-19,-3.652423485157455e-19,-5.0936036506475385e-20,-3.8847987430222994e-19,-1.755690436431143e-19
-1.2225813161859928e-10,-1.681038287200715e-16,-1.180337898874275e-10,-1.858391623994706e-16,-5.913224283478014e-14,-1.18033915856659e-10,-1.7987142364760826e-19,8.096574716893564e-13,-1.039060475731201e-19,-1.9056286306503365e-19,-1.7120080921909984e-16,-2.423477143268212e-16,-2.6803242873226497e-16,3.437021742106427e-20,-1.973494073352377e-16,-9.106101407795067e-20,-1.7081138458329052e-16,-1.5901245561529114e-16,-1.6832067972601107e-16,-5.91319439109776e-14,-2.4137997898392634e-16,-1.8426375697886812e-20,-2.0057589883484694e-16,-2.433646297378507e-16,-5.797503694677456e-20,-1.5094126228918164e-16,-8.416606668571614e-20,-3.6862455438073263e-16,-1.1803386428838423e-10,-1.1803459109675622e-10,-1.7319826511815714e-16,-8.358606307739476e-19,-1.324845539779465e-19,-1.529220795160399e-16,-1.550671083662147e-16,-3.118313236201976e-19,-1.6401854028322894e-16,-1.2176234238069293e-19,-2.053553571018368e-16,-1.1803387290434474e-10,-1.8972894573745794e-16,-1.967382646714105e-20,-6.547800913829944e-20,-1.1271698760723172e-16,-1.3174045215657783e-16,-1.516629533460101e-16,-6.920297913736653e-19,-1.2584471609323917e-16,1.3233012587954823e-20,-2.816044593313876e-20,-5.4116513036395904e-20,-2.3389708552001617e-16,-2.667374280660287e-19,-2.125391303435929e-16,-4.946662253872484e-19,-4.34880342429531e-19,-5.364629280305803e-19,-1.4936302949429985e-16,-1.9604117440529143e-16,-2.1605314311233608e-16,-3.477386688043715e-19,-1.1803363132859888e-10,-2.0468798227646978e-16,-2.9775865596672058e-19,-2.1585935106047354e-16,-1.700505920199315e-16,-5.913236500283891e-14,-1.1803414581925714e-10,-1.5753518441606494e-16,-1.8164483019400094e-16,-4.679341531249104e-19,5.818841221354745e-20,-2.7392720739218673e-20,-1.5777680241730198e-19,-5.913219011508922e-14,-1.296817466070063e-16,-4.761423917566371e-19,-5.913208724071812e-14,-1.7293173891253953e-16,-4.038991238546669e-19,-1.80547765300071e-19,3.6868402297078164e-19,-1.1803393982819092e-10,-2.0884167120115048e-16,-3.351392972459641e-16,-5.946576296254981e-19,-1.5427756224817034e-16,-5.913232845704539e-14,9.467156564390414e-20,-5.913215582955465e-14,-4.68310804936793e-20,-1.3214012616201648e-16,1.1838481948450152e-19,-1.1761061311064077e-16,-1.3794031992899938e-16,2.2285780726889243e-19,-2.0842907584922039e-16,-1.1803379543045846e-10,-1.1803402971124853e-10,-1.180338506796041e-10,3.4182322311630083e-19,-2.1892344267415686e-16,-1.7771675339871994e-16,-1.8753929213184147e-16,2.5952989931368433e-19,-1.3935910028061989e-16,-1.1803376201879956e-10,-3.0536500220304813e-19,-2.3707292004669484e-16,1.6488309583616215e-19,-1.5811797067550802e-16,-1.7619465990605053e-19,-1.2285150110305008e-20,-1.6316717838950815e-16,-5.365146705289475e-19,-3.933391987558842e-20,1.6558550858489617e-19,-1.4483299114052906e-16,-5.216732988084618e-20,-1.9517293834843242e-19,-2.2227350914026577e-19,-1.8601512563584662e-16,-4.9950643059479977e-20,-1.180338602489618e-10,-1.4647316534146356e-16,-1.670934898090437e-16,7.578359629285135e-20,-1.1067147617112204e-19,-6.462332516878913e-20
1.0793997352515018e-11,-9.636517120997745e-17,7.530942443956348e-15,-9.31588319384689e-17,1.5032443411105986e-11,1.5032429463998152e-11,6.285239975874798e-20,-1.039060475731201e-19,8.100222213131765e-13,-5.793156497793301e-17,1.4109132598668528e-19,-1.1659930757635364e-19,-1.9166113063266913e-19,1.4800233517051165e-20,-3.3517504113195715e-19,-1.3522955096176747e-19,1.1935873256458527e-21,6.526175501663842e-20,-1.5510950104664488e-19,7.530681345546662e-15,-2.784195346195215e-20,3.0036789550235553e-19,-1.812142158192283e-19,-6.015985267137764e-20,-3.3000312491900275e-19,-7.320640204098223e-17,4.5744797188572736e-20,-4.4112606111790274e-20,7.530672632430125e-15,7.530429795724045e-15,-2.236472714471578e-19,-8.962580383857238e-17,-7.304032418600711e-20,-4.3457901626027974e-20,1.5586383731301708e-20,-1.3047686751377467e-16,-3.1315262374061473e-19,-3.892102453291321e-19,-1.1309557680528862e-16,7.530561246686797e-15,-2.3667180792080117e-20,-9.545243293295217e-17,-3.2301611283805897e-19,-4.5529929436098273e-17,-7.021167055063217e-17,-7.709911229435118e-17,-3.499333588247325e-20,-1.298292380166193e-19,3.9392147973534585e-19,-2.535132879637237e-19,-3.3311497254893484e-20,-3.927156442782444e-19,-2.1969731682081987e-19,-1.1995053740748785e-16,1.0793903766292126e-19,-4.170392252847643e-20,1.595414184013284e-19,-7.546664965514192e-17,-1.1576885111159094e-16,-1.2178665478245118e-16,-2.9945093515210265e-19,1.5032602158929434e-11,-1.3155692081551226e-19,-1.6128983403160937e-16,-9.632325627386101e-17,-3.357869489072148e-20,1.5032282096314078e-11,7.530944685993196e-15,-7.55919709908809e-17,-9.112683821140245e-20,-9.581105538174634e-17,2.3365636293406563e-19,-1.1650464747260895e-16,3.361687877808824e-20,7.530975148018034e-15,-4.1083997545630377e-19,-4.617858275974673e-20,7.531210800856612e-15,-8.793555206813299e-17,-5.165361429992667e-21,-7.354588046817455e-17,-9.243803804177296e-17,7.530684000088351e-15,-1.1936294154067322e-16,-7.474071801151127e-20,3.684867164013199e-19,-1.439602849434585e-19,1.503238981031743e-11,-8.033545517729523e-17,1.5032414812236932e-11,4.9145680556256397e-20,-5.610668903912977e-17,-8.383671072350174e-17,-2.6520436690203297e-20,1.119906276298002e-19,6.514587731649392e-20,-1.0720402505196509e-16,7.530968319284214e-15,1.503235803930319e-11,7.530971309486135e-15,3.6669885389865615e-20,5.979446863746402e-20,-3.8260901681882455e-19,-9.828155488618353e-17,-9.6374712470831e-17,-6.421639538087083e-17,7.530683296264832e-15,1.139669670017612e-19,-1.5304962518180945e-16,-5.090984467539123e-19,-1.0062763263932175e-19,-9.173682370194415e-20,-7.212162265437384e-17,-2.292009335864775e-19,-1.1140589583748542e-16,2.060026677549307e-19,-8.991892910364082e-17,-8.614663750524987e-20,-1.0413942270503513e-16,-7.626279588444446e-17,-2.804670792861824e-19,-1.0643205767026552e-16,-1.1331050846675433e-16,1.5032458685982358e-11,-7.526536047029218e-17,-7.565671677558073e-17,-6.78169764645657e-17,-3.623518204050871e-20,-6.521289258865288e-20
-2.3908473080464364e-11,-6.82800992919095e-17,-9.855858107187499e-15,-9.552449273192412e-17,-1.9674107158046256e-11,-1.9674135437359022e-11,-1.2882398651527936e-19,-1.9056286306503365e-19,-5.793156497793301e-17,8.100689818539161e-13,2.986879452227118e-20,-1.2502319080188517e-16,-1.6656330038425853e-20,-1.0363798264903071e-16,-9.620752838875242e-17,-6.131185883365455e-19,-8.031560189335258e-17,-7.973813916795885e-17,-1.0039298907521457e-19,-1.9674287544466226e-11,-1.180845736853146e-16,-7.818349664106179e-20,-1.0185677696642833e-16,1.0026174046513423e-19,-4.662403389089902e-20,-1.6228031565272662e-19,-7.800574332330707e-17,-1.372124393229732e-19,-9.856436119545445e-15,-9.856492279774607e-15,-7.471622637952247e-17,-7.647221182800631e-17,-1.0993551267413521e-16,-1.3793284277486705e-19,-7.22061738699324e-17,-1.1459154512362088e-19,-2.857904153060339e-19,-1.3910424082520894e-16,-3.5913835639466016e-19,-1.9674104824612045e-11,-8.592367561487706e-17,-5.2393035964994013e-20,-4.190145922093101e-17,-1.1088102313955055e-19,9.911777007957563e-20,-1.3506114814265743e-19,-6.392343503495423e-21,-6.033749797695289e-17,1.6516528527538706e-19,-1.1748227344925395e-16,1.5521081964775693e-19,1.3698071310425775e-19,-1.2497896926684217e-16,-5.788229968431808e-19,-6.656006071907185e-17,-1.399184811008018e-19,-8.176019226589226e-17,-4.741823279060822e-19,-9.56225495829056e-20,-1.194964994083065e-19,-2.913675748610781e-20,-9.856159546537384e-15,-2.221482469922848e-19,-3.9681256186500146e-19,-9.82397115794698e-17,-2.982354162329717e-20,-1.9674242307391852e-11,-9.856493037427402e-15,7.736104928177488e-20,-8.743181150232943e-17,-6.428645394001637e-20,-1.21942997558201e-16,-3.468067165908651e-21,-9.45412069243215e-17,-9.856290537553061e-15,1.8996422652544147e-19,-6.377766930026897e-17,-9.856046818027179e-15,-6.766077283080199e-17,-6.257118843285783e-20,5.590754382687996e-20,1.0010074469212543e-19,-1.9674149067806143e-11,-1.7155853849721582e-19,-1.4974742067186175e-16,-1.274875742654553e-16,-7.439609876697903e-17,-9.856173986876211e-15,-6.331265441615077e-17,-9.85637149471678e-15,-4.90038594633347e-19,-5.1743915124032164e-17,1.941050829863125e-19,1.7089249376273855e-20,2.0200860891053598e-20,6.673253055961214e-20,-1.000029063252626e-16,-1.967406563457356e-11,-9.856160017797578e-15,-9.85596980844217e-15,-1.6832675820128714e-19,4.060581651125501e-19,-8.181391902400612e-17,-8.176088173028706e-17,-1.155817877487636e-19,-7.108479137790029e-17,-9.855732230666247e-15,-1.140368906099393e-16,1.8086577647270447e-20,2.9051006859109433e-22,-3.380038736828043e-20,-1.159370375845191e-19,1.0013131720733572e-19,-7.654444961762133e-17,1.1733017662464942e-19,4.0471621974936825e-19,-7.701031369856497e-17,-1.3419877208254958e-19,-1.3239930453129944e-20,-4.384149243446076e-20,-1.0557772833595882e-19,-8.951408515707694e-17,-1.0687633946219935e-16,-9.856250253836029e-15,-6.764826357308375e-17,-6.846237117389849e-17,6.740939257551681e-20,-7.39025534027966e-17,-2.3777428303654167e-19
-2.0247597357246773e-11,-1.0092446790171412e-16,-1.6014217146511244e-11,-6.482536163892518e-20,-1.601426723387968e-11,-8.022851176241742e-15,-1.3215307723961676e-16,-1.7120080921909984e-16,1.4109132598668528e-19,2.986879452227118e-20,8.101087591720653e-13,-1.6465036315558367e-19,-2.0465990918902752e-16,-1.4399231331362692e-16,-1.469084784724776e-16,-1.7343528576283449e-16,-1.157009646107617e-16,-1.5899899068786914e-19,5.701514983273169e-20,-1.601449732274033e-11,-1.625903947017257e-16,-1.186750757651103e-16,-1.5304115569740743e-16,-1.584360486191682e-16,-1.2699042404202405e-16,-1.0370931547580051e-16,-1.1272710792380092e-16,-1.2327710151276055e-19,-8.022800786820399e-15,-8.022555247618155e-15,-1.0981041721202883e-16,-1.0692571966910512e-16,-1.4647239958033701e-19,-8.840627866115345e-17,-3.4026579814960586e-19,6.336400940710756e-20,-1.1695878705315559e-19,-1.3541254940305683e-19,3.754002313732058e-19,-1.601426809052848e-11,-1.73671183562934e-19,-9.474254197154067e-21,-9.468680742435775e-21,-3.0403559778058574e-19,-1.311492673995316e-19,-2.5382308166640655e-19,-1.3194508882230344e-16,1.144773002529234e-19,-2.9821275568277275e-19,-3.516530301833291e-19,-1.1089917442975427e-16,3.038110264583915e-19,1.870894877011628e-19,-1.3975714099015903e-16,-1.0540787063290061e-16,-1.2053567342824782e-16,-1.3140821321329385e-16,-9.464151740695913e-17,4.560420509652579e-19,-1.2982525614958698e-16,-3.6230384925200335e-19,-8.022211825351742e-15,6.409141174124761e-19,1.4392613497323022e-19,-1.551739583109414e-16,-1.0403718228619753e-16,-1.6014436249004506e-11,-1.6014435531986085e-11,-9.711488414029453e-17,-1.7936043105845347e-19,-1.4383258824322263e-19,-1.811849215419476e-16,-2.21329963764167e-20,-7.895682511469776e-20,-8.022462853041111e-15,-5.696270979432174e-20,-1.0440839936165477e-19,-8.022766041156897e-15,-1.086973118721288e-16,-9.300266185506851e-17,2.3152384141405323e-20,-1.5908470153128085e-19,-1.6014320980498785e-11,-1.5245405705723109e-16,-2.0714415757156168e-16,5.269747966897476e-19,-1.0419141360278288e-16,-8.022892797656872e-15,-9.102257899831588e-17,-1.601430308293891e-11,-6.09799993247927e-20,-8.304916857927e-17,-9.716737272575652e-17,-7.315584079945565e-17,-1.5953495218685338e-19,8.11491673177703e-20,-4.4137348963638707e-20,-1.601421742917172e-11,-8.022800405483786e-15,-1.6014247514353226e-11,1.5096930577888537e-20,-2.5673568885325534e-20,-2.0395584338760255e-19,-1.1337534289007286e-16,1.0494598735072985e-19,-9.771071572176946e-17,-8.022865039525055e-15,-1.0382106314408075e-19,-1.4955025622017247e-16,-9.203118788651067e-17,-1.2548617480894335e-16,-1.8872600651465648e-19,-6.506989902728686e-20,-1.1155807022709453e-16,2.678715451227114e-19,-1.1149630786605105e-16,-1.1146097019082256e-16,4.097157323773948e-20,-2.0885330248719443e-19,-1.3474050155939813e-16,-6.34535431791676e-19,-1.993607748724741e-19,-1.5290048318384492e-16,-8.022765827911594e-15,2.6570141647514755e-19,2.686361957528176e-19,-5.086748400428984e-20,-1.1295398076977258e-20,-8.269697757969901e-17
9.105868398817341e-12,-1.585583239205248e-16,1.3329063431090686e-11,-6.598312916516158e-20,6.678298334813619e-15,1.3328927234191743e-11,7.29587196937434e-20,-2.423477143268212e-16,-1.1659930757635364e-19,-1.2502319080188517e-16,-1.6465036315558367e-19,8.096474502883781e-13,-3.589914897770892e-19,-2.2428753775744697e-16,1.3174240100072827e-20,-1.6564339312086807e-19,1.2195814511332425e-19,-1.6072115607603715e-16,-1.535175346439561e-20,6.677298453505333e-15,-2.400112071736788e-16,2.991880360722206e-20,-6.1915762008358265e-19,-2.511092021713715e-16,-2.587555953962827e-21,-4.4961929122972686e-20,-3.6491929289838986e-20,-2.71438938111041e-19,1.3328998983091184e-11,6.6767827374820916e-15,-1.7209421549640323e-16,-1.5384571201444357e-16,1.698030003116998e-19,-9.682323343406205e-20,-1.580469765048138e-16,-2.6947785615272086e-16,-2.257531862799524e-19,-1.7881490519882759e-19,-1.9990739856583044e-16,6.677366234425321e-15,-5.532643677692199e-20,-1.6263647222011288e-16,-7.499943471607081e-20,-1.3505183687239918e-19,-1.8562889481856723e-20,-1.8815382093872054e-19,-1.9471446474783526e-16,-6.22379037952912e-20,-6.359654257189587e-20,-2.3595064381803713e-16,-1.569234089796011e-16,-4.903697878266032e-19,5.206462388961945e-19,-2.0796226709592732e-16,-9.13981870574587e-20,-5.210466601133706e-20,-4.838966244390148e-20,-1.473749574150233e-16,-2.062364035065596e-16,-2.070918570576638e-16,-1.5038544531772864e-19,1.3329242333031263e-11,-9.888958257858489e-20,4.864416139676713e-20,-2.281937695027954e-16,-1.6755547208524263e-16,1.3328742520872003e-11,6.6768918863884315e-15,-7.822863825276242e-20,-1.9044738760365225e-16,-8.787180997674896e-20,7.306352592205051e-20,-1.690064996201234e-16,-1.953870638476526e-16,1.3328733927850103e-11,-2.3910396174932254e-19,-1.048587050034717e-19,1.3328971870544816e-11,-1.6092626221399559e-16,-7.910768944425901e-20,-1.5319028655687057e-16,4.618597397748085e-20,1.3328917154329356e-11,-3.1991216714164932e-21,-1.629297420948709e-19,-2.73987095646597e-16,-3.6623979587191957e-19,1.3328895597539932e-11,-1.4129584663969362e-16,6.677334428051079e-15,-5.270963769954513e-19,-1.9851459419156942e-20,-1.5363363661319147e-16,-1.0512697645077642e-16,-1.5873382205927753e-16,-5.037586105198968e-20,-2.178540941203659e-16,1.3329059542993999e-11,6.677481250642718e-15,1.3329020183033437e-11,-1.2345350989451527e-16,-2.272431883435304e-19,-4.682840593839749e-19,-1.798443363862841e-16,-1.7380157406185791e-16,-1.5169430193429643e-16,1.3329091525884224e-11,-2.4418208622926166e-16,-2.254807734423707e-19,-1.6662050303194474e-19,-1.0643670019574457e-19,-1.4198980559142123e-19,-1.298690645888106e-16,-1.056685772479556e-19,-2.203163155551591e-16,-1.6189471128383626e-16,-1.7118019384148261e-16,-1.0352031466561694e-19,-2.0284882585929102e-16,-9.566795871468716e-20,-7.706007958631793e-20,-1.1036039728137063e-19,-7.194623355748515e-20,1.3329018909337417e-11,-1.862340408877262e-19,-1.6631746115294422e-16,-1.8906289732106387e-19,-1.5159622685575772e-19,-1.230591029251121e-16
2.688582674997089e-10,-1.7367841119852393e-16,2.730822196553406e-10,-2.776046349227325e-16,2.7308219320140015e-10,1.3680736398752436e-13,-2.1914971700870943e-16,-2.6803242873226497e-16,-1.9166113063266913e-19,-1.6656330038425853e-20,-2.0465990918902752e-16,-3.589914897770892e-19,8.092251933615832e-13,4.219007316453938e-19,7.950140032231574e-19,-3.5427894547403594e-16,8.754020736708672e-20,-1.9791633362253054e-16,-1.1411045478029508e-19,2.730817886083953e-10,-2.6273235085366815e-16,-2.235866309401821e-16,-2.942738985557121e-16,6.496271424510304e-22,-2.2390691106910097e-16,-3.6123175399254055e-19,-2.0154083215838875e-16,-1.6993581836537742e-19,2.730821809801082e-10,1.3680712821720684e-13,-7.002427472254332e-20,-1.0540753064836398e-19,-2.300318013847228e-16,-1.9199776022406052e-19,-2.0872012335500245e-16,-3.70819764027802e-16,-1.7471671775082491e-16,-1.0467312245818238e-19,-2.1387904642952483e-16,2.7308217228013515e-10,-2.0362397350420005e-19,-3.5065142796598075e-19,-6.991840113139034e-20,9.804679484409894e-21,-1.7041214242742238e-16,-2.1671392391704702e-16,-2.6953546500976513e-16,-1.8723917062923131e-16,-9.531995026978435e-20,-2.6863291008350596e-16,-1.157723899356361e-18,-2.540519984174643e-16,-2.9005011999132216e-16,-1.5790036156863862e-19,-2.3001749912005144e-16,-2.0855218049482965e-16,-2.6914267495300266e-16,-1.6773411852246958e-16,-2.7173590705711756e-16,-2.949069049122748e-19,-2.1523055107754752e-19,2.73082450256587e-10,-3.028061545363387e-19,-4.716706292065627e-19,1.0835970125610313e-19,-1.6543848664459164e-16,1.3680734578219544e-13,1.368078159326973e-13,-1.6354889737610478e-16,-6.636759610997453e-20,1.5521165902777203e-20,-3.019020940941887e-19,-3.767377472900846e-19,-1.3100011023968555e-19,1.368070021162799e-13,-1.3417598028988893e-19,-1.6359384645411533e-16,2.730821776821682e-10,-4.596169142722146e-19,-5.600355033519983e-20,-1.8554675271895394e-16,-1.4849176003649934e-19,2.7308207536596346e-10,-1.0177821078084854e-19,-2.44921998998195e-19,6.218715070369566e-20,-1.107138431412559e-19,2.730820836537986e-10,-1.6492822251257585e-16,2.730821127377185e-10,-2.2636374371149384e-16,-1.6578712032274546e-16,-1.6925881033884643e-16,-1.7922556902810861e-19,-1.1699982188348104e-19,-1.9042038756978027e-16,-1.09474135363671e-19,2.730822465625611e-10,2.7308203295080295e-10,2.730822332440038e-10,-7.269319025416291e-20,-1.2130054725303396e-19,6.077859285889933e-20,-1.7833607014806808e-16,6.927035373061303e-20,8.796663813873608e-20,2.7308226898474243e-10,-1.0843244643422737e-19,-2.340706349348844e-16,-1.7276819218093406e-16,-1.3375204570950272e-19,-2.967645052455394e-16,-1.561073328603778e-19,-3.618701315609544e-19,-2.1019965758392411e-19,-2.47566487535001e-19,-2.0579234437534873e-16,-1.7457665950659756e-19,7.181614024799898e-20,2.684184793973186e-20,-1.787596781164142e-16,-2.517556873413799e-16,-3.063064299111873e-16,1.3680730193409906e-13,-2.0329501978289456e-16,-1.5738006468999096e-19,-5.088719297773222e-20,-6.468456762771379e-20,-1.485387615734958e-16
