1.0000000247917074,4.179008859661721e-06,4.180109329926744e-06,4.1298731003964846e-06,4.284903011420218e-06,4.045217365911207e-06,4.006641985616226e-06,4.163016557620201e-06,4.1243044244654645e-06,1.000012737624682,4.361802195298609e-06,4.144583136119278e-06,4.2963008678019925e-06,4.118910153909702e-06,1.0000128563001371,1.0000127445512055,4.170125962042645e-06,1.0000131822238287,4.015986787252559e-06,4.023544077614818e-06,4.0263214979232475e-06,4.064216070555531e-06,1.0000126588983138,4.249724675488549e-06,4.075808455236805e-06,1.000012953387882,4.077858978245597e-06,3.992534095559834e-06,4.100774645886104e-06,4.059714028162711e-06,4.078633752043305e-06,4.561537026585157e-06,4.161899070549992e-06,4.025603928648846e-06,4.128144166216427e-06,4.4037854470028786e-06,4.136103915724502e-06,4.247536173669794e-06,4.111563524916578e-06,4.020007347458059e-06,1.0000126672711784,4.20441969331469e-06,4.155541103031916e-06,4.1194510478716055e-06,4.069157088547242e-06,4.178737137509614e-06,4.075718791903408e-06,4.169329104148364e-06,1.000012570983624,4.151039458334519e-06,4.138405526411296e-06,1.000012429104888,4.259986292833862e-06,4.197494020495252e-06,1.00001286493077,4.120592490845907e-06,4.0632143484817765e-06,4.025833906720288e-06,4.031812706560126e-06,4.028870771659027e-06,4.287938245091886e-06,1.000013053289576,4.2273026011641946e-06,4.0508686368309255e-06,4.078274040932553e-06,4.108520907338559e-06,4.1521045228792606e-06,1.0000125308040493,4.067027161626326e-06,4.063808885535335e-06,4.107202706307377e-06,4.087033164008756e-06,4.1766129277540185e-06,1.0000129934817308,4.13532703922798e-06,4.137384417530186e-06,4.232766503661975e-06,4.515946662423815e-06,4.187282175911237e-06,4.166448613161544e-06,4.250914004919641e-06,4.175941157494084e-06,1.0000131964256922,4.1101736466236665e-06,4.079037282017345e-06,4.181130033592817e-06,1.0000131273240385,4.029590625421546e-06,4.1200874010508636e-06,4.0752654633655645e-06,4.110709035157895e-06,4.056003676580108e-06,4.167449456701794e-06,4.532286578768446e-06,4.344858277688467e-06,1.0000129832742455,4.1733891733587525e-06,1.0000128711764387,4.156063340880673e-06,4.053028525242099e-06,4.085044579432815e-06,4.142964199850838e-06,4.038205829398236e-06,4.361602300522589e-06,1.000013134036913,4.18580500006748e-06,4.075094552105022e-06,4.101994880207613e-06,4.158675450588327e-06,4.280259611229487e-06,4.160238928532879e-06,4.125959733023892e-06,1.000012474397981,4.10773265464827e-06,4.033329574337317e-06,4.373458246555805e-06,4.149783356491028e-06,4.216534201833226e-06,4.2543407189152095e-06,4.230182400182006e-06,4.184619863258772e-06,4.044666464087048e-06,4.071239808642982e-06,4.182160114623632e-06,4.067350654362987e-06,4.060216244983731e-06,4.08680611077042e-06,1.0000128236361345,4.133908660617944e-06
4.179008859661721e-06,6.0221715784079604e-06,1.8710098902126766e-13,1.603633320001526e-13,2.427164755037405e-13,1.3911851099842436e-13,1.1467479600232008e-13,1.7745078139173153e-13,1.6526032435952202e-13,5.033702493211444e-07,2.461523369099154e-13,1.754129096371257e-13,2.2753177975753076e-13,1.6794462598793641e-13,5.033703270359584e-07,2.52176279402735e-10,1.8922398130826767e-13,5.033705230012851e-07,1.3129292192093491e-13,1.3169675197130436e-13,1.2429240127766933e-13,1.4424573642422781e-13,5.033701953492101e-07,2.1418719843749691e-13,1.4533411641329012e-13,5.033703865216756e-07,1.604205481483171e-13,1.2163850401849692e-13,1.5842137034694253e-13,1.4236243415079124e-13,1.6037122717504272e-13,2.9884640178469516e-13,1.8552121708704385e-13,1.2384702888836694e-13,1.7348993499425762e-13,2.675361965168781e-13,1.7754294419452938e-13,2.1275258379865328e-13,1.5803417957449607e-13,1.2929686745735023e-13,5.033702076970252e-07,1.9936273231566764e-13,1.814480931276619e-13,1.6831927568114668e-13,1.4210483446898952e-13,2.0033162575268859e-13,1.5118289470457874e-13,1.8833025172810817e-13,5.033701407710654e-07,1.7175394528137908e-13,1.7859299176865243e-13,5.033700557424152e-07,2.0685627127521243e-13,1.9623305216494142e-13,5.033703319283191e-07,1.6966989047770577e-13,1.4395909752296601e-13,1.2402255542903069e-13,1.2173410575037503e-13,1.347324366023877e-13,2.2252685292092218e-13,2.52176377057411e-10,1.0637293326738781e-16,7.105935550381089e-17,7.79705306541767e-17,8.364916474846029e-17,8.988298575977974e-17,2.52176209941066e-10,7.039729236498546e-17,7.23850938093597e-17,8.103187775550295e-17,7.580038884520143e-17,9.625412759295314e-17,2.521763568269334e-10,8.55727985643243e-17,8.540994050908993e-17,1.027005978376871e-16,1.5307878886996892e-16,9.557330063019623e-17,9.017500696902373e-17,1.0768754134164442e-16,9.598268682652464e-17,2.52176420293009e-10,8.448366558145487e-17,7.373660514296169e-17,8.9037550504721e-17,2.521763982846308e-10,6.922154983895056e-17,8.152868990752008e-17,7.819715037860545e-17,7.475287774673024e-17,6.761979915140358e-17,9.422005416389611e-17,1.5828557773671015e-16,1.2648583639252665e-16,2.521763549144793e-10,9.183121229040733e-17,2.521763207488266e-10,9.134107866067331e-17,7.166062053003865e-17,7.797106416624498e-17,8.683037774483686e-17,6.771402517974971e-17,1.3130990573174447e-16,2.5217639988013464e-10,9.910978503246117e-17,7.229324882407848e-17,7.653967918470735e-17,9.176564563028881e-17,1.1542764436752137e-16,9.189385290823512e-17,8.631202294745576e-17,2.5217619413583703e-10,8.151090582246043e-17,6.67095055261755e-17,1.2630094902483098e-16,8.543046231693026e-17,9.87624398344201e-17,1.0846730591370439e-16,1.0705430537803779e-16,9.466177779354815e-17,6.95452450880361e-17,7.469364835077226e-17,9.404735309537237e-17,7.314328300029722e-17,7.16217433932644e-17,7.856421253201935e-17,2.521763050354819e-10,8.479185259413663e-17
4.180109329926744e-06,1.8710098902126766e-13,6.022171572995205e-06,1.52882376928888e-13,1.1804861647296507e-16,6.710559096517113e-17,5.452465408823282e-17,1.7005248684420869e-13,7.927307581646791e-17,2.5272760150210046e-10,2.3530810840194626e-13,1.6883964158355679e-13,2.1829157710463603e-13,1.6198028000075721e-13,2.527276415719652e-10,2.5272760469040764e-10,1.827892747056135e-13,5.044710344521482e-07,1.269866471611736e-13,1.2700188190998387e-13,5.948175684714897e-17,6.958826027401125e-17,2.5272757370925664e-10,1.0321470501678565e-16,1.3921693365533904e-13,2.5272767196991117e-10,1.559452048609084e-13,1.1755810097546154e-13,1.5239159158081245e-13,1.3682647185932324e-13,1.5584550539054242e-13,1.4157316837299225e-16,8.962415078958997e-17,5.936165905178726e-17,1.67640078647296e-13,1.287706153804604e-16,8.616544913307116e-17,1.0258650834020808e-16,7.598996278527007e-17,1.2452598005101448e-13,5.044707120498207e-07,9.649433442424698e-17,1.7494711371377092e-13,1.623674447389283e-13,6.8036902262295e-17,1.9469629398935777e-13,7.24174513907852e-17,1.8183727001471122e-13,5.044706428667397e-07,1.6438150186635474e-13,1.727468939062554e-13,5.044705560975396e-07,9.876143569342133e-17,1.8903812874809785e-13,2.5272764414337353e-10,8.199169864241782e-17,1.384076259120978e-13,5.936955839023197e-17,5.747498280232555e-17,6.540381446106107e-17,1.0638624185772948e-16,5.044709602800664e-07,2.04945296967943e-13,1.3675632014850083e-13,1.516553367855775e-13,1.6304204818698426e-13,1.7334579400415708e-13,5.044706183858866e-07,1.3431746256229914e-13,1.3903328165424397e-13,1.5573173356629852e-13,1.4526964361573238e-13,1.8574973808850903e-13,5.044709185248594e-07,1.642501519361071e-13,1.6451286425127458e-13,1.9624250544070912e-13,2.928395140674859e-13,1.835405156661083e-13,1.7255312558518926e-13,2.0653919158708195e-13,1.8642138785357641e-13,5.044710489933238e-07,1.636290899741301e-13,1.4103172801934976e-13,1.6928977760534092e-13,5.044710036550897e-07,1.339934920600104e-13,1.5607133896106125e-13,1.5057096166884452e-13,1.421707395023618e-13,1.285724161419859e-13,1.8167892292057896e-13,3.0332427138385334e-13,2.437889757476529e-13,5.044709143516081e-07,8.792157697512322e-17,2.527276470929455e-10,8.791939502282965e-17,6.95083292672749e-17,7.535200188237018e-17,8.420765086224912e-17,6.499477609914988e-17,1.266834436797788e-16,2.5272772816694464e-10,9.575564283327586e-17,6.935385355237489e-17,7.298887048611109e-17,8.833094622645737e-17,1.1160596577713056e-16,8.885175365494544e-17,8.340652579149392e-17,2.5272751737843415e-10,7.835950510408053e-17,6.437935797184735e-17,1.21031685473978e-16,8.211770530119467e-17,9.429929321426597e-17,1.0446727063107843e-16,1.0356509893265523e-16,9.10673412094846e-17,6.707147027516565e-17,7.150096011831286e-17,9.040975834816273e-17,7.052962730083283e-17,6.870156979927051e-17,7.581102559570444e-17,2.527276309864993e-10,8.145280076694632e-17
4.1298731003964846e-06,1.603633320001526e-13,1.52882376928888e-13,6.022171517217941e-06,2.0374505019600271e-13,5.762740817003816e-17,9.108455723450247e-14,1.4392613220651469e-13,1.3466603281650136e-13,4.542351676943444e-07,1.984380051460779e-13,1.4381331249094985e-13,9.292143996092354e-17,1.383751651451951e-13,2.2756082703979996e-10,4.5423517360576343e-07,1.5650173737115512e-13,2.2756092000279357e-10,1.0891832664492824e-13,5.4465237623932533e-17,4.999735956600333e-17,1.1790607199471196e-13,4.5423511557775083e-07,1.7542496661050228e-13,1.1775657627588728e-13,4.5423529830248585e-07,1.347183445737337e-13,5.038077179682741e-17,6.516730725030857e-17,5.837928725015701e-17,1.3456922754704247e-13,1.1678120838605367e-16,7.695067873035511e-17,5.015119049127174e-17,7.185147026660652e-17,2.1779179170412958e-13,7.417083556636519e-17,1.740512642000841e-13,6.410451069728321e-17,1.0615935271895549e-13,2.2756077085425264e-10,1.6395167736347857e-13,7.476406922987877e-17,1.3873758250159703e-13,5.739419333803358e-17,8.3574206877824e-17,1.2443841460797696e-13,1.555780470193871e-13,2.275607383845589e-10,6.960227750198932e-17,1.4818172588380464e-13,2.275606980954078e-10,8.247255822555612e-17,1.6121274706118003e-13,4.5423524664493066e-07,1.4014099586890497e-13,1.176992629295258e-13,4.9605407927761004e-17,4.824841873360092e-17,5.631114716902934e-17,9.070917714150217e-17,4.542353586331815e-07,1.756401326987689e-13,5.888887477597452e-17,6.541241182040707e-17,1.4009429647228307e-13,7.428098597120987e-17,2.2756072699517004e-10,1.1328847783888715e-13,1.1830198521415385e-13,6.698656977436043e-17,6.161777345113937e-17,7.959891445415673e-17,2.2756086680044917e-10,6.987733889935231e-17,1.398335405734853e-13,1.664170440258984e-13,1.2433595919550479e-16,7.753366763509289e-17,7.322668195823733e-17,8.8295739887585e-17,1.5985645550672767e-13,4.5423544050595205e-07,1.4059299591542672e-13,5.928610954834539e-17,1.420405599388603e-13,2.27560906020527e-10,1.1524444339958971e-13,1.322675248672988e-13,6.474284476406565e-17,1.1864175268331798e-13,5.422868508160112e-17,1.5553104179157663e-13,1.2861718919628869e-16,2.081357366760881e-13,2.2756086476480798e-10,1.4914621584797073e-13,4.542352524766604e-07,1.5010132143983763e-13,1.1785861631187078e-13,1.2842536621135141e-13,1.4316091243481627e-13,1.10702586338438e-13,2.1634662972330646e-13,4.542354011478314e-07,1.6412784910522668e-13,1.1688613893766468e-13,1.229888771700636e-13,1.5097197218492408e-13,1.9024163504031808e-13,1.5119551774288447e-13,1.4250205965794527e-13,4.5423501187286325e-07,1.3354790158639534e-13,1.0861343130497317e-13,2.0391855685832538e-13,6.886306133968614e-17,7.967111313707321e-17,8.925228606448591e-17,8.913925059995689e-17,7.778965871143698e-17,5.693478790656106e-17,6.094466362841174e-17,7.687597322708493e-17,5.98720344136183e-17,5.819057693599412e-17,6.484515446587874e-17,2.275608178652379e-10,6.89612133058997e-17
4.284903011420218e-06,2.427164755037405e-13,1.1804861647296507e-16,2.0374505019600271e-13,6.022171694694896e-06,8.757090461882126e-17,1.4613615012507148e-13,2.2437139968650201e-13,2.0858632943078964e-13,3.0522602647205296e-10,3.119550265560057e-13,1.105414039009704e-16,2.873914723418691e-13,2.1107366834931117e-13,3.0522607239218214e-10,3.052260296439112e-10,2.3746621423596027e-13,3.0522618864293496e-10,1.6457061613651478e-13,1.6553911049862352e-13,7.905934689873583e-17,9.092207278732974e-17,6.092630372613517e-07,2.698136258894025e-13,9.188853571097371e-17,3.052261069145389e-10,2.001125161134102e-13,1.525809908134248e-13,1.0005826124029347e-16,1.7951321484139955e-13,9.97389581551151e-17,3.8248754135514765e-13,2.3292246133142814e-13,1.5729108622952015e-13,2.1765947007794431e-13,1.6912598165569692e-16,2.225588618404943e-13,2.6812404205613876e-13,9.992500990653014e-17,1.6272152389005308e-13,6.092630510601777e-07,1.2566640688898592e-16,2.2811519353767676e-13,1.0595614638396776e-16,1.799083384198416e-13,1.2540445107514411e-16,1.9008213812988126e-13,2.3645383693990937e-13,6.092629726548077e-07,2.1742893852470202e-13,1.1224081644436655e-16,3.052259116432295e-10,1.3146896799115637e-16,2.46905004284045e-13,6.092631979441481e-07,1.0700092101485385e-16,9.086901690624628e-17,7.89285646382586e-17,1.5547248745684135e-13,8.45553283593124e-17,2.814454241514527e-13,6.09263337496945e-07,1.3329010909977397e-16,1.7832941210401096e-13,9.829109488773694e-17,2.1077919239968185e-13,1.1312580794281e-16,3.0522594803480177e-10,1.7803349622420901e-13,1.8214344015896737e-13,1.0198908415113648e-16,1.9104714983096097e-13,1.2104243053837548e-16,6.092632899622105e-07,1.0785859075540841e-16,2.1583088165743815e-13,2.582563196040995e-13,3.865063382702617e-13,2.403512265563247e-13,2.2719948424109901e-13,1.356230133102867e-16,1.2092401914269396e-16,6.092634405188013e-07,2.1154992929210002e-13,9.316041437551826e-17,1.1335896069695513e-16,6.092633883796143e-07,8.627965852263508e-17,1.0305940728910098e-16,9.764308577918392e-17,1.9106798448551276e-13,8.591033161939532e-17,1.1827869742097942e-16,3.9860992223211843e-13,1.5938085601144014e-16,3.052261188627135e-10,2.311688454110353e-13,6.092632045574243e-07,1.1463767119969318e-16,1.797494420375462e-13,9.821676069424169e-17,2.1997448377061255e-13,1.7032045585399108e-13,3.2870864560076017e-13,3.052261723970605e-10,2.474930800356843e-13,1.8288670947834844e-13,9.689019467521526e-17,2.301806935505271e-13,2.893079460909177e-13,2.306770288869909e-13,2.162365920294025e-13,6.092629061818483e-07,2.0449704324663634e-13,8.409339154533501e-17,1.5990605690338367e-16,2.1602996798282226e-13,2.4845646081678405e-13,2.7295379510677223e-13,2.6794108979751237e-13,2.382860423125111e-13,8.746532309437649e-17,9.355139351302981e-17,1.1859487754686453e-16,9.218237755602312e-17,9.021858488052115e-17,9.832020677312888e-17,3.0522605980648804e-10,1.0706259677476167e-16
4.045217365911207e-06,1.3911851099842436e-13,6.710559096517113e-17,5.762740817003816e-17,8.757090461882126e-17,6.022171494536429e-06,4.122253883519376e-17,6.356501509745742e-17,5.926937392834341e-17,1.8515077883873984e-10,8.801543107065334e-17,1.2576707912656106e-13,8.15722794480919e-17,6.031126274942209e-17,1.8515080782032128e-10,1.8515078129491352e-10,6.811110480814228e-17,1.8515088083974796e-10,4.732061552458629e-17,4.748178780892979e-17,8.865362620995919e-14,1.0334685373506204e-13,1.851507586976176e-10,7.695498919318716e-17,1.039096128040615e-13,1.851508300396458e-10,5.775671289534148e-17,8.741970049890999e-14,5.674091352034582e-17,5.1223219046630926e-17,5.811671026873451e-17,1.0617014648413941e-16,1.3325773274659998e-13,4.3981963902650674e-17,6.243355763737695e-17,1.914937871344441e-13,1.2764942260488863e-13,7.610545405140137e-17,1.1297010447957134e-13,9.273520239442189e-14,1.8515076355551031e-10,7.174454090501922e-17,6.502842243166704e-17,6.03196359508887e-17,1.0154461573280383e-13,1.4444671735291235e-13,1.0849709694757175e-13,1.35273791313756e-13,3.6958025928200463e-07,6.092333331013943e-17,6.392496946039643e-17,1.8515070671996098e-10,7.399102394792077e-17,7.064175376307446e-17,3.6958040177830377e-07,1.2186586775617698e-13,1.0314722953622094e-13,8.845429401841585e-14,8.651040733743728e-14,9.677438749482387e-14,7.970884190407156e-17,3.69580489561954e-07,7.602693132215406e-17,5.082783220243215e-17,1.1268016502918589e-13,6.069301389317186e-17,6.446013827893035e-17,3.6958024147540924e-07,5.027591807092201e-17,5.194181365648842e-17,1.159881120181683e-13,5.442920675378475e-17,6.920130072933788e-17,1.851508384707676e-10,6.141238258383551e-17,6.129917318619721e-17,7.340428545410351e-17,2.1854891087012988e-13,6.850840178192627e-17,1.2871134897823824e-13,1.5387408948460086e-13,1.3859411336317016e-13,3.6958055405108133e-07,1.2157836778877437e-13,5.2639157320869935e-17,6.343160415905227e-17,1.8515086910408655e-10,4.986934825169558e-17,1.1642522952089274e-13,1.118724897673957e-13,1.065215192434255e-13,9.613111407993558e-14,1.3513366212800045e-13,1.1330711860265938e-16,1.8147434841155127e-13,1.851508370731331e-10,1.310861541874111e-13,3.6958040614503427e-07,6.536597384715321e-17,5.160689145311332e-17,5.590382177545937e-17,6.240981723300815e-17,4.82933829464188e-17,1.8807909724733187e-13,1.8515087047736412e-10,1.420961336236152e-13,5.1650236583343837e-17,1.0900913251934506e-13,1.3149639923658632e-13,8.290080413869705e-17,1.3173975440528387e-13,6.203916433056383e-17,1.851507175962386e-10,1.1659601846014017e-13,9.518677794674821e-14,9.049911738895121e-17,6.096886044024704e-17,7.032157508469717e-17,7.777914211039135e-17,7.678861973640294e-17,1.3543777301524856e-13,9.955037458613385e-14,1.063669033774038e-13,1.345072869656657e-13,1.0496677463656575e-13,1.0223851860521843e-13,5.627488427360201e-17,1.851508000750255e-10,6.099882677546776e-17
4.006641985616226e-06,1.1467479600232008e-13,5.452465408823282e-17,9.108455723450247e-14,1.4613615012507148e-13,4.122253883519376e-17,6.022171458496129e-06,1.024040426324831e-13,9.592213551896999e-14,3.3100548148192407e-07,7.075376171221658e-17,5.145937149297312e-17,6.590963879549742e-17,9.882174015124256e-14,1.6582573671758697e-10,1.658257111999029e-10,5.597982172914852e-17,1.6582580448733415e-10,7.79090870089565e-14,3.8799775859633137e-17,7.07424100336615e-14,4.191833071193004e-17,1.6582568986281328e-10,1.2510519377540795e-13,4.1558515192086724e-17,3.3100557769728027e-07,9.663586422609491e-14,7.201361918157731e-14,4.6162401470029404e-17,4.17810021120291e-17,9.651120655148393e-14,8.271511599350266e-17,5.449440216099229e-17,7.043191573900661e-14,5.1407384846888726e-17,1.55095724792644e-13,1.0533051728086718e-13,6.226282407829002e-17,4.5405257122244863e-17,7.575217322541389e-14,3.3100545280966695e-07,1.1703552459992748e-13,5.358101491222688e-17,4.994583925473718e-17,4.1454001624585974e-17,6.079215408064226e-17,8.884757506691413e-14,1.1117536920014861e-13,1.6582567083492156e-10,4.9372732194995315e-17,1.0599812388689624e-13,1.6582564116236958e-10,1.1765972937561761e-13,5.767182615193008e-17,1.6582573810658614e-10,1.0014047517637567e-13,4.19948427762926e-17,3.546542387512722e-17,3.3829088604714313e-17,7.95304259566001e-14,1.2829879944251362e-13,1.6582577987008718e-10,1.2559419595635607e-13,4.172777822828086e-17,9.32775301426183e-14,5.0120092087654556e-17,5.312939911742035e-17,1.6582566273631087e-10,3.965664556633908e-17,8.435277726750784e-14,9.46807782145668e-14,4.385669917588924e-17,1.137710369900901e-13,3.310055933422382e-07,4.9546677492458144e-17,4.971404341537306e-17,5.934756897879246e-17,1.762840072026916e-13,1.1140395172521154e-13,5.1538102741860635e-17,1.2539291628476416e-13,1.1433374018153082e-13,3.3100568233684177e-07,1.0063547427740411e-13,8.497693052167498e-14,5.044137152940845e-17,1.6582579418010943e-10,8.252360055097926e-14,4.7065307571923475e-17,4.638794238496051e-17,4.222900808604242e-17,7.67011261190428e-14,5.551788077380159e-17,9.177952937384288e-17,7.449544213016737e-17,1.658257639136332e-10,5.342801842768893e-17,3.310055440331413e-07,5.379271363411765e-17,4.260413470078171e-17,9.174490417308042e-14,5.1232892117369427e-17,7.894387540204801e-14,7.783670301211127e-17,1.6582579507538021e-10,1.1743961990733635e-13,4.143096530809651e-17,8.736374477904609e-14,1.0782637716227752e-13,6.803288662753828e-17,5.3948210153049156e-17,5.08657697113204e-17,1.6582565183010427e-10,9.531210303101612e-14,3.872790684715693e-17,7.251783047431628e-17,9.77985819915562e-14,5.670182740193374e-17,1.2689861376086746e-13,1.2677872604544672e-13,1.1016352085762593e-13,8.136988454742457e-14,4.348773667200041e-17,1.0932572623881959e-13,8.559376097621299e-14,4.174326540260674e-17,9.252706288696682e-14,3.310055218208816e-07,4.92427790280408e-17
4.163016557620201e-06,1.7745078139173153e-13,1.7005248684420869e-13,1.4392613220651469e-13,2.2437139968650201e-13,6.356501509745742e-17,1.024040426324831e-13,6.022171555992505e-06,7.54577016653362e-17,4.873782075489547e-07,1.1148298322252058e-16,7.993344042217575e-17,2.0619996057420693e-13,1.5343896517858696e-13,4.87378285771143e-07,4.8737821367399e-07,8.698052615311297e-17,2.4416478673880393e-10,6.037957465661827e-17,6.0315187405649e-17,5.609272410150174e-17,6.567417946057733e-17,2.4416462226689097e-10,9.84031345572662e-17,6.620000909404431e-17,4.873783451229186e-07,7.451023850804068e-17,5.58461530814347e-17,1.4415367977189842e-13,6.496979058814081e-17,1.4821365268670696e-13,1.3288227364229582e-16,1.6978146799789898e-13,1.1122237156678393e-13,7.965036172647602e-17,1.2117526886808687e-16,1.6288791768669513e-13,9.696507235691065e-17,1.4281369838221934e-13,1.1786994151613032e-13,4.873781662202405e-07,1.8192775644543152e-13,8.28983214682501e-17,1.5381864943657709e-13,1.2829036453481608e-13,1.851708839060976e-13,1.3803714003371533e-13,1.7234674357068124e-13,4.873780983637156e-07,1.550759188267598e-13,8.210919379676291e-17,2.4416455296722964e-10,9.291640766912962e-17,1.7895684241373914e-13,2.441646912036244e-10,7.768322598613661e-17,1.3088940974368774e-13,1.1140221142030028e-13,5.437613700107327e-17,6.200354296294388e-17,2.0122263151037338e-13,2.441647506564086e-10,1.9436758945523046e-13,1.2952044298299134e-13,7.22686143767801e-17,7.77191571736047e-17,8.221248903751849e-17,4.873780745046934e-07,1.2664056087121958e-13,6.574368932300035e-17,1.473853750000689e-13,1.3726384856704774e-13,1.7613830493907802e-13,2.441647299698401e-10,7.764113761025656e-17,1.5555003238004e-13,1.853932791867637e-13,2.7642705964425293e-13,1.7362854701976691e-13,1.6299012967281686e-13,9.800635623220767e-17,8.875734913673583e-17,2.4416479372445546e-10,7.774564170185472e-17,1.3315954430639733e-13,7.978972352199646e-17,4.873784508817472e-07,6.349232389801595e-17,7.417137553015924e-17,7.148258425424806e-17,6.684402072168338e-17,1.2108122679847665e-13,1.722327906910366e-13,1.433611355259922e-16,1.1559756583139275e-16,2.4416472796951664e-10,8.314083185374968e-17,2.4416469448931724e-10,8.343590386367517e-17,1.3068331603811414e-13,7.174113556017426e-17,1.590578873881369e-13,6.169944208439201e-17,1.2007913651667949e-16,4.873784538379762e-07,9.05868634194978e-17,6.542976536330387e-17,6.891932670562745e-17,1.6738606205441221e-13,2.1077982977910335e-13,1.6766424085265674e-13,1.577943268219908e-13,4.873780432090217e-07,7.434891770130584e-17,1.2078662492429819e-13,1.1439824716220455e-16,1.5379201895734445e-13,1.7757857441462772e-13,1.9755296083851683e-13,9.792310467281095e-17,1.718614019267152e-13,6.340089627691236e-17,6.769552120007924e-17,1.706316640247622e-13,1.333259297248797e-13,1.2971658246505175e-13,1.4345356707577352e-13,2.4416467847223306e-10,7.733454113124815e-17
4.1243044244654645e-06,1.6526032435952202e-13,7.927307581646791e-17,1.3466603281650136e-13,2.0858632943078964e-13,5.926937392834341e-17,9.592213551896999e-14,7.54577016653362e-17,6.022171530786702e-06,4.4866651011306016e-07,2.073823910411509e-13,1.4900388388777483e-13,1.9252222551568627e-13,1.4300746315160248e-13,4.486665815526726e-07,2.2477103237328057e-10,1.6142849240693373e-13,2.247711548498099e-10,1.1217435749559387e-13,1.1212301589559846e-13,5.2596296579196237e-17,6.133808623412843e-17,4.486664602744954e-07,1.818504037453563e-13,6.171379970772567e-17,2.247710923619903e-10,1.3789079937711428e-13,5.1810690054642876e-17,6.743162332122957e-17,1.2071681067949974e-13,1.3779375182814176e-13,2.4856007217421087e-13,7.976733740334627e-17,5.2317355369181444e-17,1.480582430033406e-13,1.1343603204604804e-16,1.5167615686567728e-13,1.805315399019993e-13,6.653320452877936e-17,1.099092009762653e-13,2.24771010904825e-10,8.513433505343216e-17,7.749994009919498e-17,1.4335374935453405e-13,1.198811243268306e-13,1.7214751940873605e-13,6.448174939477343e-17,1.6057241175536602e-13,2.2477097987262979e-10,7.304465834298915e-17,7.664032714113834e-17,4.4866633295166056e-07,1.7380528213556588e-13,8.386018630912132e-17,4.4866658597933987e-07,7.235985513610776e-17,6.181082111882696e-17,1.0421569245468414e-13,5.076118153317656e-17,5.75628261377454e-17,9.386900410194125e-17,2.247711217225836e-10,1.8101916692614694e-13,5.959871241079595e-17,1.3399861629132838e-13,1.440594768758289e-13,1.5302369363369484e-13,2.247709682792216e-10,5.922878576006823e-17,6.123522875136937e-17,1.3744432116391812e-13,1.281347089361213e-13,1.6405612246397786e-13,4.4866665661331395e-07,7.24561844511251e-17,1.451438888118945e-13,1.7308332034448156e-13,2.5820358192660506e-13,8.141295473763541e-17,7.652482493778639e-17,1.8226042205301096e-13,8.237130017171054e-17,2.2477116133832481e-10,1.4457736318336056e-13,6.234079061747136e-17,7.466917890978977e-17,4.486667326269015e-07,5.956646773382246e-17,1.3764107271675558e-13,1.3304160210734e-13,6.228934475369939e-17,5.69437692901148e-17,1.6044507094687646e-13,1.3395733298045314e-16,2.1521604773363345e-13,2.2477110140014567e-10,7.772483385272411e-17,2.2477107043054909e-10,7.788723444701061e-17,6.107889792485879e-17,6.662423829842546e-17,1.4835112741963712e-13,5.734227473390829e-17,1.1181578506153394e-16,4.4866673535720213e-07,8.472607705615345e-17,6.136402852001464e-17,1.2858204164102882e-13,1.5599918426446764e-13,1.9639124831027228e-13,7.825342473594967e-17,1.4699123859597422e-13,2.2477095413293822e-10,1.382140682086679e-13,5.633636284803459e-17,2.1277738451732033e-13,1.4374392237062757e-13,8.313989482801979e-17,1.8423137503602992e-13,9.129502190202747e-17,8.039168325768797e-17,5.910138263407188e-17,6.301110540469598e-17,7.99441367324744e-17,1.243511630863592e-13,1.2103213684253107e-13,6.715174273372541e-17,4.486665625526323e-07,1.4351888438505106e-13
1.000012737624682,5.033702493211444e-07,2.5272760150210046e-10,4.542351676943444e-07,3.0522602647205296e-10,1.8515077883873984e-10,3.3100548148192407e-07,4.873782075489547e-07,4.4866651011306016e-07,1.0000025200039921,3.4375028980715957e-10,4.6894496515983996e-07,6.206609685588389e-07,4.432722669948234e-07,0.9999966165077506,0.9999965047603434,4.944874610773818e-07,0.9999969424271065,1.7050712913384253e-10,1.7429311377952452e-10,1.7568454430325426e-10,3.88578843357692e-07,0.9999964191086437,5.740852862473082e-07,4.001711143954896e-07,0.9999967135942041,2.0150321488494774e-10,1.5875804312968826e-10,2.1298331143273e-10,1.9241318025168633e-10,2.0189135282591135e-10,8.858942424804209e-07,2.436047930379455e-10,1.753250642353224e-10,4.5250615076197636e-07,3.6478261411625845e-10,4.604658062793593e-07,5.718968116331321e-07,2.1838823131000933e-10,1.725213223533907e-10,0.999996427481349,2.64906350899409e-10,4.799027914978896e-07,4.438131555684622e-07,1.9714387885265677e-10,5.030984762362273e-07,4.000814099968499e-07,4.936906204754507e-07,0.9999963311951332,2.3816449049514404e-10,2.3183522722773858e-10,0.9999961893182878,5.843468669805824e-07,2.6143679992889043e-10,0.9999966251382799,2.2291144077470436e-10,3.875771272866283e-07,1.7544027887767092e-10,3.561759331086122e-07,1.7696161931098554e-10,3.0674666109880456e-10,0.9999968134945397,2.7636998492750577e-10,1.8798189644221896e-10,2.0171116282859548e-10,2.1686393205994302e-10,2.3869802562149456e-10,0.9999962910160971,1.960768563172082e-10,1.9446457629742837e-10,4.315649689214704e-07,4.113956837841608e-07,2.509759863461186e-10,0.9999967536875292,4.596889801522457e-07,4.6174634839640565e-07,5.571273352526743e-07,8.403042425057617e-07,5.116435096852752e-07,4.908102100295293e-07,5.752746025206929e-07,2.5063944875260885e-10,0.9999969566287484,4.345358285560766e-07,4.03399901237939e-07,2.5323897689608644e-10,0.9999968875280343,1.7732223680160984e-10,2.2265842974335284e-10,2.0020395661116547e-10,2.1796018660497364e-10,1.905544259343018e-10,4.918109845177242e-07,4.29157813553189e-10,6.692177563827954e-07,0.9999967434801569,4.97750691462206e-07,0.9999966313838402,4.804250173225325e-07,3.773914057403467e-07,4.0940708315950257e-07,4.673260460535006e-07,3.6256889921591635e-07,3.436500922469348e-10,0.9999968942408206,2.555809330539965e-10,3.9945722319208313e-07,2.135946322393706e-10,2.419898589633788e-10,3.0289985718898096e-10,2.4277311780507865e-10,2.2560026295478678e-10,0.9999962346107527,2.164690596146324e-10,1.791953621713478e-10,6.978174805616896e-07,2.3753522114495703e-10,5.408952367529302e-07,5.787012711078062e-07,5.545431850162843e-07,5.089812360908114e-07,3.6902945453694223e-07,1.9818724652139884e-10,2.5375498555918413e-10,1.9623889341224664e-10,3.845790604616988e-07,4.111685866197701e-07,0.9999965838441889,2.2958245793040085e-10
4.361802195298609e-06,2.461523369099154e-13,2.3530810840194626e-13,1.984380051460779e-13,3.119550265560057e-13,8.801543107065334e-17,7.075376171221658e-17,1.1148298322252058e-16,2.073823910411509e-13,3.4375028980715957e-10,6.022171694306103e-06,1.1087967830057313e-16,1.4258354431376767e-16,2.1263306436959863e-13,3.4375034565352724e-10,6.861615827771862e-07,1.2064498458870273e-16,3.4375048420292795e-10,1.6714606446919824e-13,1.6669409275105022e-13,7.721360518676213e-17,1.814620521410063e-13,3.437502514032608e-10,1.3496443081112073e-16,1.8154600070446456e-13,6.861617694378625e-07,1.032639374862749e-16,7.766693637231096e-17,1.995368651561996e-13,8.937204949858803e-17,1.0314005373657245e-16,1.8210006682956687e-16,2.3539138663498906e-13,1.5337547180877192e-13,1.1045350145913708e-16,1.6797933822860321e-16,2.259932829402881e-13,2.6782702485190163e-13,9.879006963159381e-17,8.199858775938116e-17,3.4375026063857785e-10,2.52027922814425e-13,1.1522961744540961e-16,1.0643530767805311e-16,8.924612798655775e-17,2.574451082951463e-13,9.562934890043812e-17,2.3894586847329854e-13,6.86161418780064e-07,2.1418000674519279e-13,1.1338054538808484e-16,6.86161298873986e-07,1.2832290569361567e-16,1.2414628960710162e-16,3.437503491727264e-10,2.1524326828191472e-13,9.040141268377473e-17,1.5363231260029357e-13,7.465214322479034e-17,1.7093605238468173e-13,2.7803506718674504e-13,3.437504328838207e-10,1.3501280343547451e-16,8.988903998653373e-17,1.0007667476236221e-16,2.1486171799898378e-13,1.1390744002225848e-16,6.86161384959578e-07,1.7482387447654118e-13,9.116847814853085e-17,1.0238002003391713e-16,1.8982676260981785e-13,2.4429678077414723e-13,6.861618014848156e-07,2.149717942927174e-13,2.1523270000636716e-13,2.563476395456555e-13,3.8196933130325576e-13,1.2032308774736194e-16,1.1309328767297753e-16,1.3560850569284884e-16,1.2272660018532016e-16,6.86161982431386e-07,2.1562946568233207e-13,9.221337184664523e-17,1.0994192479451392e-16,6.861619194623994e-07,1.7669393594592266e-13,2.0378680819613776e-13,1.9843592558625543e-13,9.19597260804124e-17,8.4145095027018e-17,2.3882873401753936e-13,1.9848990389600619e-16,1.6021466383204944e-16,6.861617959302727e-07,2.2970333071807685e-13,6.861617006983638e-07,2.3064130917170715e-13,9.037926714259413e-17,1.972920446469512e-13,1.1024187869213301e-16,1.7031663950762372e-13,3.3226313471944947e-13,6.86161923607229e-07,2.518003012444823e-13,8.999092177899261e-17,9.463340630225359e-17,2.319745763277901e-13,1.465052364716399e-16,1.1640263624918515e-16,2.188143010032609e-13,6.86161340694968e-07,2.053266858500604e-13,1.6715355868456963e-13,1.568200779647841e-16,2.123362436569411e-13,2.453510749814624e-13,2.7355517892751554e-13,1.3609972414580133e-16,1.1946028603787658e-16,8.778756220736514e-17,9.373853152419319e-17,2.3610080536430614e-13,1.845883579231592e-13,1.7949987586476747e-13,9.966518537734303e-17,6.861616557028655e-07,2.1274052934953448e-13
4.144583136119278e-06,1.754129096371257e-13,1.6883964158355679e-13,1.4381331249094985e-13,1.105414039009704e-16,1.2576707912656106e-13,5.145937149297312e-17,7.993344042217575e-17,1.4900388388777483e-13,4.6894496515983996e-07,1.1087967830057313e-16,6.022171546501097e-06,1.0289627903081128e-16,7.612032125998837e-17,2.349300808066205e-10,4.689449708643677e-07,8.58467179920191e-17,2.3493017345711614e-10,5.96831777030571e-17,5.988005431563552e-17,1.1152164738895873e-13,6.505040373668826e-17,4.6894491370986845e-07,9.696057988955947e-17,6.574941529432801e-17,2.349301096344714e-10,1.460090943959532e-13,1.1022133175840568e-13,1.4304166789131104e-13,6.449787475550633e-17,1.459273110599367e-13,1.3347292109798684e-16,1.679874002411462e-13,1.1109988513591318e-13,7.890342070477859e-17,2.411450192749136e-13,8.05505990395226e-17,9.620525435150182e-17,1.4220591862994567e-13,1.1685178860267096e-13,2.349300242140511e-10,9.030411343904579e-17,1.6412180752633165e-13,7.612813488022853e-17,6.417259768398409e-17,9.075082963188292e-17,6.858063390610736e-17,8.560080800751568e-17,2.34929992190513e-10,7.74316120881138e-17,1.6193325241269769e-13,2.3492995229250886e-10,9.303145260672607e-17,1.7737789867297535e-13,4.6894504362717506e-07,1.5362429088844605e-13,6.528518703732651e-17,1.1126827569722848e-13,5.431962819759139e-17,1.2199485850376442e-13,1.0031731098098534e-16,2.3493013923472526e-10,1.9214570131220687e-13,1.2829519459275325e-13,1.42121295332464e-13,1.5279233893668407e-13,1.626303008415855e-13,4.6894483935974733e-07,1.2626347995283949e-13,1.305063410669537e-13,7.295601475363998e-17,1.364254035456756e-13,1.7415996934779167e-13,2.349301203779278e-10,7.730986967470509e-17,7.768006942577227e-17,1.8431039214281382e-13,1.3794248459619643e-16,1.7227506797260343e-13,1.6207192414530322e-13,9.729569006729788e-17,8.729423036172259e-17,4.6894523753922653e-07,1.5334352606710194e-13,6.659242006396879e-17,1.592755226440321e-13,4.689451956263258e-07,6.292623931633783e-17,7.332631151175498e-17,1.4110364738503524e-13,1.3387908659875381e-13,1.2092703951234348e-13,8.527181498260481e-17,2.848309363450063e-13,2.2870917424118237e-13,2.3493011793251097e-10,8.269217238454573e-17,4.689450492164154e-07,8.203833655405786e-17,6.493592177575947e-17,1.408894977644474e-13,1.5777172016246583e-13,1.2207922551104858e-13,1.1844525396083718e-16,2.3493016067664245e-10,1.7920201628599863e-13,1.2998752551538946e-13,1.3717006950490033e-13,1.6573912287830718e-13,1.046065437320114e-16,8.317644779274987e-17,1.560730597740894e-13,4.6894480950825523e-07,1.4692550329389228e-13,1.1990414904635004e-13,2.2683560647194604e-13,7.713411325119475e-17,8.877281696160152e-17,1.9589762438291887e-13,9.726454386713405e-17,8.547389988713117e-17,6.318681535024455e-17,1.3402320553768054e-13,8.471213218226456e-17,6.639474528445857e-17,6.472185641951428e-17,7.089784682455842e-17,2.3493007087744645e-10,7.647697692458327e-17
4.2963008678019925e-06,2.2753177975753076e-13,2.1829157710463603e-13,9.292143996092354e-17,2.873914723418691e-13,8.15722794480919e-17,6.590963879549742e-17,2.0619996057420693e-13,1.9252222551568627e-13,6.206609685588389e-07,1.4258354431376767e-16,1.0289627903081128e-16,6.022171656124168e-06,1.9683253948185738e-13,3.1093612709238616e-10,3.1093608175930695e-10,2.2223381565659065e-13,6.206613152301982e-07,1.544531212377653e-13,1.5432087792614162e-13,7.174865519929925e-17,8.432660725082468e-17,6.206608993573483e-07,2.502120714799347e-13,1.6878632185156134e-13,6.206611430153959e-07,1.8999109633119984e-13,7.170087546900796e-17,1.8501811863023989e-13,8.301478933262805e-17,1.8984894919941278e-13,3.411918513692875e-13,2.1774977453324093e-13,7.177074450266123e-17,1.0168928958665932e-16,1.5548821037634134e-16,2.0884116584926128e-13,2.483816616107306e-13,9.157221563614627e-17,7.581222664241929e-17,6.206609160885249e-07,2.33413870958971e-13,2.1256637156554834e-13,9.870618049659822e-17,1.6482687692206626e-13,1.192423279476963e-16,1.7708951800293722e-13,2.210407176845677e-13,6.206608301530765e-07,9.984795018481776e-17,1.0514836286771868e-16,3.1093595454123424e-10,2.3885805296313684e-13,2.2962123441598744e-13,3.1093613045656595e-10,1.9912228011726227e-13,8.406509650356313e-17,7.143285125855897e-17,1.3942025592782749e-13,1.5812924281242172e-13,2.5847489987730197e-13,6.206612236134425e-07,1.2502208721034002e-16,1.6616149091781797e-13,1.8453438180461882e-13,1.983894309614528e-13,1.0568474832532587e-16,3.1093599361876503e-10,8.233981019360581e-17,8.451894360533942e-17,9.468446661789961e-17,8.822381552499562e-17,2.2586367443606804e-13,3.109361792326931e-10,1.0002615612378287e-16,1.0006496141471144e-16,1.1905946104938454e-16,1.783582223703838e-16,2.228437841136441e-13,2.093070492540901e-13,2.5077706792560293e-13,2.267301451335534e-13,3.1093626051994304e-10,9.984255576489193e-17,8.544082106214189e-17,1.0263393814352182e-16,6.20661277217278e-07,8.16419862316223e-17,1.89304192065806e-13,9.139262850114622e-17,1.7183774076857598e-13,7.744427495799783e-17,1.1046423916353027e-16,3.6805572060324096e-13,1.4831976884660246e-16,6.206611666857669e-07,1.0675216364109446e-16,6.206610814407718e-07,1.0674095074819813e-16,8.308215415320727e-17,1.8256809826610257e-13,2.0412766692655097e-13,7.91010633966852e-17,3.073473344569334e-13,6.206612809891824e-07,1.1666415667541212e-16,1.6766407786603978e-13,1.767558303549003e-13,1.0746037530102416e-16,1.354467990354391e-16,2.1508340753209946e-13,2.02357999607981e-13,6.206607600994602e-07,9.522003386189899e-17,1.5504339577895997e-13,2.925569566076065e-13,1.9761801843315197e-13,1.144139798938229e-16,1.2764581254106263e-16,1.2558450199935578e-16,1.1056904335946398e-16,8.150518457160987e-17,1.7345074505644606e-13,2.1903874779561042e-13,8.598239715923476e-17,8.34269267023663e-17,1.83986934709853e-13,3.1093611452702715e-10,1.9742941090039414e-13
