1.0000000211972855,1.200391612140032e-05,1.2588658791706997e-05,1.2162381603302332e-05,1.1859299073493404e-05,1.287788805605458e-05,1.2139594959942785e-05,1.2000041737016772e-05,1.2885797418118051e-05,1.2154567648891948e-05,1.2920710231939587e-05,1.1855295729836989e-05,1.1985880364776496e-05,1.1632545459524102e-05,1.2161637058468968e-05,1.2921510884293914e-05,1.2588456973486456e-05,1.186477847556012e-05,1.2894305600850478e-05,1.2627383702712608e-05,1.2594757640587966e-05,1.216508182027916e-05,1.2344953347674019e-05,1.385550859647713e-05,1.2343040454022258e-05,0.9999305985765307,1.2608948989951106e-05,1.2364457333058167e-05,0.9999300426968127,1.2152612544574845e-05,1.2352615984313475e-05,0.9999299907207072,1.1644542508338802e-05,0.9999300630815136,1.2615895785006878e-05,1.2009126219595e-05,1.1988028345740995e-05,1.217663622749338e-05,1.2357256023463074e-05,1.2876849237193116e-05,0.999931155733025,1.1988089757306255e-05,1.2914957902425878e-05,1.1855711962507127e-05,1.2328614119652881e-05,1.2142756239402254e-05,0.9999302389250159,1.2354605558391094e-05,1.2600453482601991e-05,0.9999300411698782,1.3308267331903456e-05,0.9999307788949255,1.1861643940176452e-05,1.2353236697035524e-05,1.234038829410055e-05,1.2173257401710439e-05,1.1727385296414385e-05,1.2153740346140274e-05,0.9999299762188092,1.198836863684418e-05,1.2160096740553467e-05,0.9999307986384225,1.1977326161715695e-05,0.9999308452567666,1.291832186056193e-05,0.999929957595564,1.293240239789587e-05,1.260124620180244e-05,1.2362747303458831e-05,0.9999292876674988,1.1650374597631355e-05,1.1641914239982936e-05,1.2589045546900772e-05,1.2149974412339719e-05,1.2165954129706176e-05,1.1747446220915205e-05,1.3334095322689605e-05,1.2600739475076222e-05,1.200134853573235e-05,0.9999302427902874,0.9999296194137223,1.2152590979765621e-05,1.1565304375945486e-05,1.2606871146636135e-05,1.1996653921465278e-05,1.1996991068873075e-05,1.1867685202703176e-05,1.2339934870193855e-05,1.2620200041276613e-05,1.2594125738621726e-05,1.2612653643938663e-05,1.184708980179449e-05,1.2173678869264592e-05,0.9999306504430145,1.2362429329121551e-05,1.199603599326779e-05,1.2600193324051395e-05,1.2613759438486699e-05,1.1638852700195703e-05,1.2586619852267883e-05,1.216532603213262e-05,1.1998709612120898e-05,1.331093914016016e-05,1.1736693951435265e-05,1.259451213590118e-05,1.2151570124587186e-05,1.2582855720779434e-05,1.2149555787311895e-05,1.2162151499323374e-05,1.2350351159643724e-05,1.2168246148160066e-05,0.9999299093006219,1.2157672443008595e-05,1.1990010784508764e-05,1.1991609543955926e-05,1.140666292089517e-05,1.2343677772571442e-05,0.9999295236263329,1.1560007274278334e-05,1.1976078914026626e-05,1.293414532377621e-05,1.2585837088076843e-05,1.2154290589641643e-05,0.9999306630549424,1.1643592006889833e-05,1.2336513212667086e-05,0.9999302449427744,1.2354471566287115e-05,1.18572037379522e-05
1.200391612140032e-05,2.2434713387142205e-05,3.912713174189915e-12,3.1849563211580806e-12,2.6676901974132124e-12,4.405976242725023e-12,3.146341980416272e-12,2.9083665637879336e-12,4.420088976889694e-12,3.1712813099397824e-12,4.4787339078960356e-12,2.660999282626952e-12,2.8833214722305734e-12,2.2802441408086344e-12,3.1836368519262586e-12,4.480781490778154e-12,3.911808414417134e-12,2.6771743543623446e-12,4.4347521596368604e-12,3.978255736199227e-12,3.923936553263014e-12,3.189453313656486e-12,3.4963336563843488e-12,6.0751723924122836e-12,3.4937742267616273e-12,1.706585609539782e-06,3.947985060612808e-12,3.530716963517795e-12,1.7065846665579247e-06,3.1679545416563126e-12,3.5104516142734304e-12,1.7065845774086114e-06,2.3010537052690616e-12,1.7065847010638925e-06,3.9590057559013655e-12,2.92339033929245e-12,2.887188114934556e-12,3.209879198590256e-12,3.518267769975974e-12,4.4040198856891506e-12,1.706586554388909e-06,2.8864077036692568e-12,4.4688588153936774e-12,2.6609812354055114e-12,3.468828070465472e-12,3.1516491083898378e-12,1.7065849995425172e-06,3.5128106842050676e-12,3.9326038975050595e-12,1.7065846635828877e-06,5.140776706233309e-12,1.7065859154526586e-06,2.671708915008851e-12,3.5112055233481274e-12,3.4883855635633743e-12,3.2033204613468844e-12,2.442404863025676e-12,3.1692625217991354e-12,8.549574631881158e-10,2.886973320882123e-12,1.5929779715962278e-15,8.549581619455348e-10,1.4372431581462616e-15,8.549582012451078e-10,2.2421854436315487e-15,8.549574466385863e-10,2.254197719189519e-15,1.9709705252937348e-15,1.7667529028069817e-15,8.54956877756213e-10,1.1577016418846317e-15,1.1503112189702055e-15,1.960572465283518e-15,1.5848048431192887e-15,1.5986132914435174e-15,1.240646820690573e-15,2.5979656469134696e-15,1.970247844571899e-15,1.457769534182351e-15,8.54957689319358e-10,8.549571596036609e-10,1.5871718712600025e-15,1.0845603120472932e-15,1.9757331411448787e-15,1.4536542022302604e-15,1.453804294000289e-15,1.3443055480747899e-15,1.7474387124382329e-15,1.9876855136994904e-15,1.964668449131834e-15,1.981068952669499e-15,1.3259119147949215e-15,1.6049592432549252e-15,8.54958036432465e-10,1.7670636886418313e-15,1.4532826717703243e-15,1.9700388570061555e-15,1.98215229663385e-15,1.1479351201844978e-15,1.9579723364154095e-15,1.5978433561410555e-15,1.456072016922997e-15,2.577759674383782e-15,1.2314202771929489e-15,1.9652660800448073e-15,1.5864573305839523e-15,1.9553606624168235e-15,1.5841843054704607e-15,1.595126236198957e-15,1.7561541152335285e-15,1.6005788058668348e-15,8.549574061019313e-10,1.5914611183283353e-15,1.4474568455786581e-15,1.4493589924836887e-15,9.488727028960333e-16,1.7508528696182782e-15,8.549570782411568e-10,1.0802877621838713e-15,1.4365239159256498e-15,2.2559185815891982e-15,1.958240865271575e-15,1.5886661701528477e-15,8.549580466541843e-10,1.1517790771768997e-15,1.7440800462099514e-15,8.549576909480629e-10,1.7597270669946557e-15,1.3343660973327064e-15
1.2588658791706997e-05,3.912713174189915e-12,2.2434715726946323e-05,2.1420050941450566e-15,1.794402123437931e-15,2.963711578184367e-15,2.116494798689968e-15,3.904896772067148e-12,5.934840182485575e-12,2.1331299782788463e-15,3.012528633376141e-15,3.5728038744724027e-12,1.9394887565253033e-15,3.0616533345604496e-12,4.2746443926893e-12,6.0163916498602405e-12,2.6314469795319005e-15,1.800684555651527e-15,5.954498249924721e-12,2.676445650409386e-15,2.6392082114065466e-15,4.282468148535449e-12,2.3514881034566688e-15,4.086430528939164e-15,2.3503103909096537e-15,2.2912893428830052e-06,5.3008108426324865e-12,4.740501783413968e-12,1.147879743795883e-09,2.130701854834652e-15,4.713302568427787e-12,1.14787968393104e-09,3.0895226948596027e-12,1.1478797668641347e-09,5.315790660412609e-12,1.9666432778884905e-15,3.876606327695781e-12,2.1591331967168617e-15,2.3669555771481646e-15,2.9622252319856565e-15,1.147881014774392e-09,3.875751045503897e-12,3.006256565523135e-15,3.5729381802951515e-12,2.3332664577447764e-15,2.120039558697386e-15,2.291288522908709e-06,2.3626757561944213e-15,2.645186891901978e-15,2.2912880714300518e-06,6.902651978884751e-12,1.1478805849913353e-09,3.5872114321357043e-12,2.361694443464317e-15,2.34627999751687e-15,4.30110698160249e-12,3.2793388523942805e-12,4.255538455058314e-12,2.2912879237808923e-06,3.876491002199973e-12,4.270912746432485e-12,2.2912897993027613e-06,3.851962928686727e-12,2.2912899050557594e-06,6.009133335888653e-12,2.2912878801866404e-06,6.0418593488168844e-12,5.282610056366235e-12,4.735117213287363e-12,2.291286353668169e-06,3.102276840832026e-12,3.083012422166304e-12,5.254635838221605e-12,4.247821469235532e-12,4.2845014307081006e-12,3.325359587622807e-12,6.962729871201187e-12,5.28021049529106e-12,3.90685468606703e-12,2.291288531366633e-06,2.291287109967406e-06,4.254123349870155e-12,2.907814315143907e-12,5.2947690081688346e-12,3.896009373224135e-12,3.896884160482565e-12,3.6008308407149625e-12,4.6834483131190995e-12,5.326974954005335e-12,5.2662058778198115e-12,5.309664954594215e-12,3.5538755150057656e-12,4.301778138444033e-12,2.291289461237244e-06,2.372473104641281e-15,1.9513858767687937e-15,2.6454129656331776e-15,2.6610412983792167e-15,1.5411310564413608e-15,2.629266177358081e-15,2.1458116864859467e-15,1.9547943446570163e-15,3.4616602181094908e-15,1.6534616863325034e-15,2.6385236671561098e-15,2.13014294489067e-15,2.625346619665877e-15,2.126996509000426e-15,2.1417583126248797e-15,2.358290728176862e-15,2.1490257694330142e-15,1.147879591371856e-09,2.136768836910647e-15,1.943868970975679e-15,1.9463334785179536e-15,1.2744633300462998e-15,2.3504810549598845e-15,1.1478791504715073e-09,1.4501409312916254e-15,1.9283441570565167e-15,3.0291089249574242e-15,2.6288268872399827e-15,2.133496068066471e-15,1.1478804524234298e-09,1.5466784289557854e-15,2.342267121634479e-15,1.147879974540131e-09,2.3626750498210024e-15,1.7916858268390376e-15
1.2162381603302332e-05,3.1849563211580806e-12,2.1420050941450566e-15,2.243471395599127e-05,2.915555163194738e-12,4.8156809676767985e-12,1.7222668349764005e-15,1.5925907057506031e-15,4.8309411628437035e-12,1.7364014961579765e-15,2.45232760762226e-15,2.9082037227214383e-12,3.1513677762449755e-12,1.2481288207307466e-15,3.4795405944657585e-12,4.897349097067454e-12,4.275567486085802e-12,1.4658039004254792e-15,2.4281695621450775e-15,2.1786214295956863e-15,4.28845358801015e-12,1.7464780047129772e-15,3.821390191717994e-12,6.6400522319720326e-12,1.9131337902720885e-15,9.343400506378575e-10,4.3147853226337365e-12,3.858676710071636e-12,9.343395335582287e-10,3.4624750007701148e-12,3.836541308145022e-12,1.8650393748062678e-06,1.259719065678774e-15,1.8650395099295246e-06,2.1675483433363095e-15,1.6008401606330831e-15,1.5809439604262059e-15,1.757312582827893e-15,3.845112264273216e-12,4.81359200592227e-12,1.8650415390021584e-06,1.5799850019917026e-15,2.446822294241257e-15,1.4573182172930517e-15,1.899494071264657e-15,1.7259250293819536e-15,1.8650398366510418e-06,3.839398964104706e-12,2.153318325266556e-15,9.343395320677754e-10,2.8148875305542836e-15,1.865040839407954e-06,1.4630139476211676e-15,1.9223812220221e-15,1.910095873244285e-15,1.7540066035053025e-15,1.3376080527580116e-15,1.7354264930361952e-15,9.343394717803363e-10,3.1555194774780392e-12,1.74174256640406e-15,1.8650408762200886e-06,1.5707718571014008e-15,9.343402800726752e-10,4.8914366543575876e-12,1.8650393132801847e-06,2.463740999200267e-15,4.300014563472122e-12,3.8544136299907765e-12,1.8650380698886225e-06,2.525253523082784e-12,2.5095618647407946e-12,2.1427185204835592e-15,1.7322156031916914e-15,1.7472319735078122e-15,2.706799132323369e-12,2.8395298572796564e-15,4.298162706296565e-12,1.5932144130442003e-15,9.343397195086893e-10,9.343391396883647e-10,3.46281902685424e-12,2.366914253667991e-12,4.309972019748806e-12,3.1713642141180157e-12,3.1720679178809357e-12,2.931048022615776e-12,1.9096932340234504e-15,4.336052102567699e-12,2.147358003213953e-15,4.321962879057484e-12,2.8928058486392218e-12,1.7541432651531462e-15,1.8650406008889575e-06,3.854777855250177e-12,3.170658986072657e-12,4.298041558634379e-12,4.323657308613227e-12,2.504062882804085e-12,4.27204527077809e-12,3.4865488643594835e-12,3.1763441075907163e-12,5.623942760261914e-12,2.6865776244599136e-12,4.287201273948636e-12,3.460883039215036e-12,4.265685740926584e-12,3.4562978444143176e-12,3.4800479506405156e-12,1.9195942664364926e-15,1.7491123826198454e-15,9.343394095345415e-10,1.7394687150612967e-15,1.5825332994302305e-15,1.583612804123898e-15,1.037486978319635e-15,1.9130873669179948e-15,9.343390505076354e-10,1.1806015794640331e-15,1.5698041663059652e-15,2.4657388079264222e-15,2.139980606332601e-15,1.736508154311977e-15,9.34340110515302e-10,1.2590206026363398e-15,1.9062205905083845e-15,9.343397209310692e-10,1.923241276413085e-15,1.4584169567600245e-15
1.1859299073493404e-05,2.6676901974132124e-12,1.794402123437931e-15,2.915555163194738e-12,2.2434712913210385e-05,4.033627452605014e-12,1.4429199917504074e-15,2.6620944321844867e-12,4.046284086392552e-12,2.903180987540139e-12,4.1003804168473085e-12,2.4357386837863314e-12,1.3220535807425899e-15,1.0453063431394087e-15,2.9143680566985768e-12,2.0549521920802743e-15,1.794463154490435e-15,1.2279355153644961e-15,2.0334937672342445e-15,1.8245771924593988e-15,1.7993661292873937e-15,2.9197203187662605e-12,1.6034574128476065e-15,2.7863045040407766e-15,3.198112988274998e-12,7.825131551260585e-10,3.6138351836000263e-12,3.2317674186431685e-12,7.82512721122004e-10,2.900130892065878e-12,3.213237699561513e-12,7.825126805147905e-10,1.0553448868019697e-15,1.561977299846331e-06,3.624284446600062e-12,1.3407580245954148e-15,2.6429953601419683e-12,1.4725951949358029e-15,3.2204380294780966e-12,2.01972357168356e-15,1.561979001996921e-06,1.3239206558846049e-15,2.0496943399401243e-15,2.4360356522654507e-12,3.1754135469344987e-12,2.884980504116124e-12,7.825128745086415e-10,3.2158435610010807e-12,3.6001326384824666e-12,1.561977265567563e-06,4.706313236600539e-12,1.5619784150684072e-06,2.4455974960085015e-12,1.6104745421728626e-15,3.1935504787842715e-12,2.9324531764179167e-12,1.1196378972126789e-15,1.453471308663927e-15,7.82512669184324e-10,2.643140970309349e-12,2.9118743183264614e-12,7.825133111420956e-10,1.315665760546576e-15,7.825133473812168e-10,4.097000586275024e-12,7.825126542021542e-10,2.0636130788359666e-15,3.6015626728238605e-12,1.6174299286215022e-15,1.561976091843132e-06,2.1151158365138194e-12,1.0524097582798063e-15,3.582492407542911e-12,1.4507879019529063e-15,1.4633986023011054e-15,1.1356468150161156e-15,2.3780919840687233e-15,1.803606923463871e-15,1.3344967807523598e-15,7.82512877128243e-10,7.825123905635743e-10,1.453074860762448e-15,1.9823892662202706e-12,1.8084721756736478e-15,2.6563162802054355e-12,2.656887090756617e-12,1.2298904746659346e-15,3.1930807662876616e-12,1.819265849114089e-15,1.798481036074605e-15,3.619781039802588e-12,1.2137779367837768e-15,2.9329846507299123e-12,7.825131953283911e-10,1.6176479656296007e-15,2.6556143095884025e-12,1.8034458840086922e-15,3.6212917834834755e-12,2.0972907630208106e-12,3.578305053543097e-12,1.4631625991287057e-15,1.333209686016185e-15,2.3600058711996332e-15,1.1274893021674646e-15,3.590892349284473e-12,2.898709748371955e-12,3.572813564593903e-12,2.895074776330073e-12,1.4604490265336234e-15,3.209234224958323e-12,2.9247805244803338e-12,1.561977060202692e-06,2.9079591592329504e-12,2.6458210413484662e-12,2.648710449799862e-12,1.7343694893993189e-12,3.1987915880326127e-12,1.561976459268714e-06,9.89165233911547e-16,1.3151216876019842e-15,2.0654807461195806e-15,1.791834550613748e-15,1.4539252466511817e-15,7.82513205282447e-10,1.054599233537841e-15,1.596916150543337e-15,7.825128787590136e-10,1.6109489797840857e-15,1.2218788773957207e-15
1.287788805605458e-05,4.405976242725023e-12,2.963711578184367e-15,4.8156809676767985e-12,4.033627452605014e-12,2.243471714472211e-05,2.3835116110334437e-15,2.203261729717515e-15,3.3481669920979254e-15,2.4022599628258032e-15,3.392395800752593e-15,4.02354100626327e-12,2.1840371992223847e-15,1.7270748012730036e-15,4.813675747052954e-12,3.3940016824342193e-15,5.914537747118797e-12,4.047994933437182e-12,3.359254244728351e-15,6.0150049904633065e-12,5.9331647560686385e-12,2.416058764713642e-15,2.6485364696767793e-15,9.185519263395249e-12,5.282684162451821e-12,1.2927676025280523e-09,2.99053772175212e-15,5.338622031567789e-12,2.580497978543801e-06,2.399841723506e-15,2.6587460328958007e-15,2.5804978436650462e-06,1.7433714542360112e-15,1.2927669151276084e-09,5.98597521400682e-12,4.42021927473872e-12,2.1869797312709188e-15,4.853488482497612e-12,2.6649005156403486e-15,3.335599683597738e-15,2.58050083015488e-06,2.186535391480947e-15,3.3852465641037354e-15,2.0156840143838733e-15,2.627624490288073e-15,4.7653617030193e-12,2.5804984815611085e-06,5.311318309301696e-12,5.946047118145763e-12,1.2927668867228978e-09,3.8937308999890704e-15,1.2927678343642495e-09,4.039707081442372e-12,5.3090455677178514e-12,2.6421917041579523e-15,4.843404968870256e-12,1.8497757989555736e-15,2.4003489695528206e-15,1.292766803626525e-09,4.364949855166724e-12,4.809392002135814e-12,2.5804999159895466e-06,4.337646152121683e-12,2.580500034595689e-06,3.3900247708619104e-15,2.580497758771394e-06,3.4085288602619105e-15,2.9799889135698365e-15,5.3319651313608375e-12,2.580496043777529e-06,3.4934005771999373e-12,1.739265755951323e-15,2.9644743600697986e-15,4.783434047781775e-12,2.4169077364424847e-15,3.744825267417277e-12,7.840723972437033e-12,2.978425359678386e-15,4.3993899235498335e-12,1.292767146188851e-09,2.5804968936115165e-06,2.3996390916518766e-15,1.6404054755866153e-15,5.962166844457598e-12,4.387142820509111e-12,4.3881693191966384e-12,4.054951341475118e-12,5.274032525108927e-12,5.999103798984287e-12,5.930265814249117e-12,2.9956686417656804e-15,2.004425526607145e-15,4.844041261042813e-12,1.2927676690743835e-09,5.333146865945983e-12,2.1973344108545014e-15,5.946036650311211e-12,2.996580049001973e-15,3.4643026137317264e-12,2.9605534603084684e-15,4.823459788095576e-12,4.3948424820222546e-12,7.779944230165978e-12,1.862004329740769e-15,2.9712766740967332e-15,4.787953529077156e-12,5.901270129088717e-12,2.3953255448879705e-15,2.411906904600294e-15,5.300476393698809e-12,4.831033332179088e-12,2.58049763635586e-06,2.4064009814861453e-15,2.1887039803569366e-15,4.375106891635338e-12,2.864910414038014e-12,2.6468328216530757e-15,2.5804966477297294e-06,3.2605108201173838e-12,4.335256327484677e-12,6.808927299804253e-12,5.909180317652321e-12,4.7953892466573266e-12,2.5804995683023165e-06,1.7419055965964012e-15,2.6372447794610922e-15,1.29276714796713e-09,2.6606329877550516e-15,2.017616648676131e-15
1.2139594959942785e-05,3.146341980416272e-12,2.116494798689968e-15,1.7222668349764005e-15,1.4429199917504074e-15,2.3835116110334437e-15,2.2434713872212556e-05,1.573070806271438e-15,2.390633870323001e-15,3.424086357408823e-12,2.4225143395159877e-15,1.4392550157164054e-15,1.5594403932018404e-15,1.2331847223121866e-15,1.7220131191653623e-15,4.8379603618718584e-12,2.1161794082113637e-15,1.4479828343657852e-15,2.3985421920146314e-15,4.2955340945211065e-12,4.236222243189409e-12,3.443598898463443e-12,3.775057977971546e-12,6.559598842586683e-12,1.8896959913891733e-15,1.842255353445411e-06,4.26227279285717e-12,3.81165665854433e-12,9.229247311337864e-10,3.420489264115658e-12,3.7898009270182395e-12,1.8422542361532218e-06,2.484199849142812e-12,9.229247498458307e-10,2.1415275655956992e-15,3.15622061397738e-12,1.561999454075537e-15,3.465314202147606e-12,3.798290553831477e-12,4.755332200034074e-12,9.229257553347391e-10,1.5613424598665232e-15,4.825442525259686e-12,1.4388212754102524e-15,3.745173769057306e-12,1.7047478539834095e-15,9.229249117219183e-10,1.900114431275505e-15,2.127211484235976e-15,1.8422543291842019e-06,2.7805845522318665e-15,9.229254085378776e-10,1.4450218852873154e-15,3.790762358341846e-12,1.8869457195235647e-15,1.7324908814699523e-15,1.3210584315597357e-15,1.7148371804825924e-15,9.229246699327205e-10,1.5618231178388424e-15,1.7204406094446807e-15,1.8422557211031366e-06,1.5517060605715294e-15,9.229254697600451e-10,2.4207240737739414e-15,9.229246520543207e-10,2.433897082322482e-15,4.24778608715321e-12,3.807726890427329e-12,1.8422529450908737e-06,2.4946233040269584e-12,2.479097518632675e-12,4.225293904953175e-12,3.415743880691799e-12,3.4452245772170645e-12,2.6738641214320635e-12,5.598809102604432e-12,2.1272149652998788e-15,1.5740662389064907e-15,1.8422546996849352e-06,9.22924340716665e-10,1.713953791887884e-15,1.171383315709225e-15,2.1333209008846743e-15,3.132925980522181e-12,1.5699279302682411e-15,2.8954288262709954e-12,1.8867228171549596e-15,4.283209292676425e-12,2.1210193999100083e-15,4.269293589004406e-12,2.857602309104936e-12,3.459234380541233e-12,9.22925290926743e-10,3.807835335239923e-12,3.132111720323115e-12,4.2458392573299935e-12,2.1396961114850842e-15,1.2394446488540216e-15,4.22033468961225e-12,3.444178205644053e-12,3.1375449059751513e-12,5.555778555275758e-12,2.6539300600877138e-12,4.23519362950164e-12,3.418823902132019e-12,2.1115695844074095e-15,3.4145114891094966e-12,1.7227312132490312e-15,1.8960851222567706e-15,1.7280266366621418e-15,1.84225408701446e-06,3.429718036577386e-12,1.563322683589315e-15,3.1239698162770217e-12,2.0455709744353542e-12,1.8900319762562e-15,1.8422533783632797e-06,1.1658346300436151e-15,3.095426523418597e-12,4.861743338429752e-12,4.2194477811860634e-12,3.4239817066266637e-12,9.229253020441103e-10,2.4824554849299685e-12,3.759305048412889e-12,1.842254703319859e-06,3.792567352723278e-12,1.4408403494301023e-15
1.2000041737016772e-05,2.9083665637879336e-12,3.904896772067148e-12,1.5925907057506031e-15,2.6620944321844867e-12,2.203261729717515e-15,1.573070806271438e-15,2.243471337615353e-05,2.209833282482848e-15,1.585932890657621e-15,4.470463592930245e-12,2.6553147282342772e-12,2.8776604794807154e-12,2.275609640850324e-12,3.1772242103820114e-12,4.472022060009946e-12,1.955655107400179e-15,2.671466941606469e-12,4.425790155842284e-12,1.9894504096431978e-15,1.9617068714926533e-15,1.594480273919763e-15,3.4895270804137456e-12,6.063522378073508e-12,1.7464528062701405e-15,8.530171070063585e-10,1.9736519396164827e-15,3.5230667619818945e-12,8.530166328743792e-10,1.5841851844215294e-15,1.7549646102042846e-15,8.530165888427068e-10,2.2961431155454776e-12,8.530166507544947e-10,3.9512424219507285e-12,2.9173747197159254e-12,1.443111504446209e-15,3.202960260028816e-12,3.510753396840345e-12,4.395783383130453e-12,1.7027123468320376e-06,2.881228988857399e-12,2.2345909311120116e-15,1.3305874270110972e-15,3.4618003034352506e-12,1.575762316527873e-15,8.530168004959299e-10,1.7562232818498443e-15,1.966526965806555e-15,8.530166318247616e-10,2.5708337075111716e-15,8.530172605463056e-10,1.3358346303761634e-15,1.7552647427878401e-15,3.4817053641428965e-12,1.6014740616414977e-15,1.221161485749861e-15,1.5848726277333003e-15,8.530165767517608e-10,1.4438275367821303e-15,1.5900913944369132e-15,1.7027117394405634e-06,1.4343707341113314e-15,8.530173174183299e-10,2.2375091905164938e-15,8.530165607189125e-10,4.490705809075339e-12,1.9670675297304733e-15,3.5197816783305865e-12,1.7027091688275332e-06,2.305923583403731e-12,2.2915420065591607e-12,3.905596362342731e-12,3.157331496759193e-12,1.595089399501272e-15,2.4714794286290626e-12,5.175208105882205e-12,3.925207542672807e-12,2.9039989134555062e-12,8.530168034357857e-10,8.530162725102312e-10,3.16186662479717e-12,2.1610999065348836e-12,3.935781862723169e-12,1.4508478871180987e-15,1.4510677385958577e-15,1.3407551669495506e-15,3.4810734007160296e-12,3.958910046434593e-12,3.914232737364598e-12,3.94605017563332e-12,2.6413039177316576e-12,1.6016801328069738e-15,1.7027114872850538e-06,3.5195717965543274e-12,2.895081490377224e-12,3.924588126382471e-12,3.947806127338576e-12,1.1453593905963824e-15,1.9540501089748684e-15,1.5949368808146859e-15,2.8998779523400576e-12,5.1355893341219704e-12,2.4531052263134234e-12,3.914825681248793e-12,3.1601164167439697e-12,1.951290720249656e-15,3.1563981300496996e-12,1.5919293605068902e-15,3.4987464391725626e-12,1.597703094601194e-15,1.7027102263409706e-06,1.5882638244088213e-15,1.4450447832222608e-15,1.446832734788831e-15,9.474600648744735e-16,3.487368778188365e-12,1.7027095701657184e-06,1.0786319679571634e-15,2.8611275764572274e-12,2.2511092182125025e-15,1.9536289486901796e-15,1.585686301208567e-15,1.7027115087447732e-06,1.1494630729036293e-15,3.4750537352058283e-12,1.702710797208585e-06,1.7566467784837502e-15,2.658402948827414e-12
1.2885797418118051e-05,4.420088976889694e-12,5.934840182485575e-12,4.8309411628437035e-12,4.046284086392552e-12,3.3481669920979254e-15,2.390633870323001e-15,2.209833282482848e-15,2.243471717662801e-05,4.810282630542981e-12,3.4032397197657463e-15,4.036099407419408e-12,4.373483831906828e-12,3.458667915830572e-12,2.4193862607704985e-15,3.4045856164544674e-15,2.972434339700202e-15,4.060637240345893e-12,6.726637830735101e-12,6.034397222776977e-12,2.9815196955808584e-15,2.423598025554193e-15,5.303334227506403e-12,4.616494226107373e-15,2.6551386429290416e-15,2.5884081831714367e-06,5.988182496469958e-12,2.6827396735064023e-15,2.588406751237e-06,2.407262927881122e-15,5.3244893581949915e-12,2.588406616115168e-06,3.4901498251087104e-12,1.296729018641118e-09,6.005108302162288e-12,4.434164400479898e-12,4.3792988706268135e-12,2.439202990441761e-15,5.33637123521433e-12,3.3470897848543827e-15,1.2967304291822612e-09,2.1937341675886055e-15,3.396317263909643e-15,4.0362541713162964e-12,5.261516615390515e-12,2.3949119512381453e-15,2.5884072568506224e-06,5.328326920049194e-12,5.965071715621414e-12,2.588406746819855e-06,7.797745312545207e-12,2.5884086476998353e-06,2.0300312017004533e-15,5.3257093153574845e-12,2.6507083664812926e-15,4.858846582431404e-12,1.8559096852196345e-15,2.4081469712442857e-15,2.5884065800195993e-06,2.1939723087321428e-15,4.824737054019423e-12,1.296729968576122e-09,2.1799626497964e-15,2.5884088182560285e-06,6.788359185495863e-12,2.5884065307758007e-06,6.825327227759157e-12,2.98933851203185e-15,2.679800313782093e-15,2.5884048062722914e-06,1.7556911431863894e-15,3.4827971439256917e-12,5.936021861825627e-12,2.4037395058555875e-15,4.840087228758496e-12,3.7565688243044535e-12,7.865610476286519e-12,5.964917441438644e-12,2.2110944611188724e-15,1.2967292510745555e-09,1.2967284467887691e-09,4.805768974223899e-12,1.645613557543484e-15,5.981361940735614e-12,2.204649981452797e-15,2.205432563518428e-15,4.06776211312342e-12,5.2907667125383514e-12,3.0145787336769738e-15,5.949092508221797e-12,3.0049196321144754e-15,4.014716979453713e-12,4.859605865046136e-12,1.2967297771491845e-09,2.679922316233022e-15,2.204568586701047e-15,5.964884138836e-12,3.006040217299125e-15,1.74087999093666e-15,2.9705481047850307e-15,2.4241020654303967e-15,2.2085245820205372e-15,7.804907810194826e-12,1.8679061715150913e-15,2.980702131120748e-15,4.803077527784166e-12,2.9657830071548356e-15,2.403180248207795e-15,2.419573076713474e-15,2.663870882385597e-15,4.846284769252486e-12,2.588406407341876e-06,2.4136116891030946e-15,4.383721112993071e-12,2.1986528561117573e-15,1.4396888360042465e-15,2.6559358601037797e-15,2.588405413606109e-06,3.270817990189572e-12,4.348840723473793e-12,3.4218192955119685e-15,5.9278571589530795e-12,4.810426154709134e-12,1.296729793636529e-09,3.4877046419686316e-12,2.645853398145216e-15,1.2967292535506005e-09,5.327908072458938e-12,4.040318390389213e-12
1.2154567648891948e-05,3.1712813099397824e-12,2.1331299782788463e-15,1.7364014961579765e-15,2.903180987540139e-12,2.4022599628258032e-15,3.424086357408823e-12,1.585932890657621e-15,4.810282630542981e-12,2.2434713925814048e-05,4.874119483265085e-12,1.451336102410742e-15,3.1378556300173452e-12,1.2431901648695395e-15,3.4646787257579606e-12,2.443201314222273e-15,2.1327571099509684e-15,2.913500348119339e-12,4.826238073472873e-12,2.1692933481697993e-15,4.2703185997447565e-12,3.4710096534211293e-12,1.9062379586048206e-15,6.611483131236995e-12,1.905291997218899e-15,9.304257293853739e-10,4.296492817362972e-12,1.924884930755022e-15,9.304252154783507e-10,1.7272675158300399e-15,1.9136105485823146e-15,9.304251666927435e-10,2.5041777630813863e-12,1.857226121781578e-06,4.308499473715408e-12,1.5938605182316797e-15,1.5734629047971937e-15,3.493227729026604e-12,3.82884048091842e-12,2.401157150795172e-15,1.8572281389153449e-06,1.5736252535114123e-15,4.863373508598952e-12,1.450778358902847e-15,3.775044881673293e-12,1.7183510868157064e-15,9.304253976424814e-10,3.82291621558094e-12,2.1438498878148253e-15,1.8572260809930395e-06,5.5946012448745736e-12,1.857227443501822e-06,2.9075542199698837e-12,3.8211579328304e-12,3.796337325005243e-12,1.7467430335529977e-15,1.331077572389296e-15,1.7283533681929117e-15,1.8572259615146805e-06,3.141839154901964e-12,3.4616254090687795e-12,9.304259152346031e-10,3.122070605295325e-12,9.304259575214509e-10,2.439870208006933e-15,1.8572259260450086e-06,2.453410154610948e-15,2.1450271798127747e-15,1.9225081898131777e-15,9.304245168303199e-10,2.5144275123905884e-12,2.4988316957904697e-12,4.2589882231534736e-12,1.7248005105977168e-15,1.7396917907135714e-15,1.3502561733302253e-15,5.643420439991441e-12,2.143830923592121e-15,1.5861756333036058e-15,9.304254001829822e-10,1.8572253025375054e-06,3.4480766446311165e-12,1.1807834219515918e-15,4.291413128344365e-12,3.1577343694997068e-12,1.5823380540959107e-15,2.9185603638869543e-12,1.9019188896546e-15,4.3177528176457224e-12,2.1383809795549918e-15,2.1560695834498213e-15,1.4431770021013827e-15,1.7466449682474611e-15,1.8572272063991378e-06,3.838468789979449e-12,3.157169418045339e-12,4.27969580335043e-12,2.1568797160933724e-15,2.493421598390505e-12,2.1307975510151116e-15,1.7392409753046556e-15,1.5847866195650456e-15,2.8053110710790083e-15,1.340162391732411e-15,2.1388668448478285e-15,3.446139421660359e-12,2.127929520627209e-15,3.4413204026472445e-12,3.465045166456411e-12,1.911267495600645e-15,1.7417342311274807e-15,9.30425091743446e-10,1.7315837028642149e-15,3.1451414791434363e-12,3.1489757617152126e-12,2.0619961646724838e-12,1.9052150664301547e-15,1.8572251254201147e-06,1.1756584871775106e-15,3.120269940193402e-12,2.455069479190948e-15,2.1308996216555335e-15,3.4514511861521985e-12,9.304257891262819e-10,1.2533425419995562e-15,3.788951484552567e-12,9.304254020121307e-10,1.9150616274018406e-15,1.4522257717903972e-15
1.2920710231939587e-05,4.4787339078960356e-12,3.012528633376141e-15,2.45232760762226e-15,4.1003804168473085e-12,3.392395800752593e-15,2.4225143395159877e-15,4.470463592930245e-12,3.4032397197657463e-15,4.874119483265085e-12,2.2434717356518194e-05,4.090163454354219e-12,4.431563526770648e-12,1.7559314056630276e-15,2.4512287248747873e-15,3.4502400368800064e-15,6.01213840489298e-12,4.115018177748545e-12,6.8162250746026414e-12,6.114264646268387e-12,3.021575726740406e-15,4.902153676249086e-12,2.692122976719003e-15,9.337144726179053e-12,2.6901953931536693e-15,2.6233187593273426e-06,6.068298825261165e-12,2.7188526022487434e-15,2.6233173129880297e-06,2.439371608958406e-15,2.703053834203816e-15,2.6233171757785826e-06,3.536895721286238e-12,1.3142183637453998e-09,3.048930725208346e-15,2.2510770779460634e-15,4.437599738151544e-12,2.4719454177792906e-15,5.4078511171878034e-12,3.3913939938046566e-15,2.623320208382063e-06,2.222783202875978e-15,3.440577582196374e-15,2.0490069319569394e-15,2.670987903832051e-15,4.844192958915618e-12,1.31421859350697e-09,2.7048685078957502e-15,6.044248227187114e-12,2.6233173082370185e-06,3.95841849749288e-15,2.6233192285450054e-06,4.1065645016165605e-12,2.7039527130215353e-15,2.68562813174504e-15,2.466457700742585e-15,3.754098338770726e-12,2.4402878845493936e-15,2.623317140086372e-06,2.2225402959660556e-15,2.4494512667669397e-15,2.623319280293808e-06,2.2089204041096663e-15,2.6233194005931268e-06,6.87850279844317e-12,1.3142182245600205e-09,6.916251220263301e-12,6.047117715715474e-12,2.715263998512053e-15,1.314217352976918e-09,3.551104953688192e-12,1.7680186852268787e-15,6.015090166525826e-12,4.8624821048275905e-12,2.4570559741806576e-15,1.907243845672826e-15,3.993354153440226e-15,6.043583408570618e-12,2.240371790060865e-15,2.6233178331940927e-06,1.3142177854971494e-09,4.869889387981832e-12,1.6675355808854643e-15,6.060569153057952e-12,2.234122469723525e-15,2.2349123244976714e-15,4.122009514199908e-12,5.361211702257327e-12,3.054680270619473e-15,6.028286894752696e-12,6.078664566979361e-12,4.068420388580312e-12,2.4665501735979415e-15,1.3142191298581746e-09,5.4214571712119314e-12,2.233768496788885e-15,6.0443344377438285e-12,3.0453984125086578e-15,3.5216201607478826e-12,3.0093840774805254e-15,4.903228013566889e-12,4.467753849384422e-12,3.961751032099657e-15,3.778201559227425e-12,6.028843560106546e-12,2.438197527571546e-15,3.0052085702844708e-15,2.4349590934737658e-15,4.893492808917188e-12,5.3880278149498565e-12,2.4605048506445265e-15,1.3142181631693042e-09,2.4458547498167666e-15,2.224859351531342e-15,4.447485641675471e-12,2.91233300715169e-12,5.370461160996156e-12,1.3142176597491343e-09,3.314427579552103e-12,4.407011155802025e-12,6.9215912509958646e-12,6.006898200704372e-12,4.87475417689743e-12,2.6233189272176672e-06,1.7703987934667143e-15,2.6807241052175063e-15,2.6233178376886883e-06,2.7047425870669743e-15,4.0940283919311265e-12
1.1855295729836989e-05,2.660999282626952e-12,3.5728038744724027e-12,2.9082037227214383e-12,2.4357386837863314e-12,4.02354100626327e-12,1.4392550157164054e-15,2.6553147282342772e-12,4.036099407419408e-12,1.451336102410742e-15,4.090163454354219e-12,2.2434712895974633e-05,1.3188303193305355e-15,2.0820925983352537e-12,1.4562827646464422e-15,2.049998947304749e-15,1.7893137106842793e-15,2.444328952127228e-12,4.0494141945435526e-12,1.8199903977296506e-15,3.5826156205611625e-12,2.9123706463571568e-12,3.192730890905959e-12,2.7788722617818586e-15,3.1900140671881434e-12,1.5579750454990563e-06,1.806008417031458e-15,3.2235423137744756e-12,7.805072721111834e-10,1.4493375896682302e-15,1.6055299734084109e-15,1.5579740997801816e-06,2.1009173587596213e-12,7.805072870989536e-10,3.6151847042311854e-12,1.337036009626708e-15,2.6363366091949826e-12,2.9306448758002642e-12,1.6089728077172898e-15,4.0218529771258166e-12,7.805081386361807e-10,2.6361000793633136e-12,4.0811759734000565e-12,2.429927391859314e-12,1.5867932845917247e-15,1.44177840143695e-15,7.805074245649772e-10,3.2077768570773736e-12,3.5910980500834754e-12,7.805072704079116e-10,4.694540446569496e-12,7.805078451955102e-10,2.4393998018195035e-12,1.6061420950443098e-15,3.185556676287181e-12,1.4658653209362205e-15,1.1171555723912894e-15,2.8943799839078927e-12,1.55797407757496e-06,1.3210335152062527e-15,1.4551751942476667e-15,7.80507860521372e-10,2.619616304739783e-12,7.805078965510177e-10,4.086713165205973e-12,1.5579740482578295e-06,4.108812822006036e-12,3.5924816393774724e-12,3.2203879934626158e-12,7.805066831550257e-10,2.1098037560505248e-12,1.0494400849374289e-15,3.5734601938424337e-12,2.888814760425353e-12,1.4597276483568737e-15,2.2613332227548907e-12,4.735093941564594e-12,3.591278770090941e-12,1.3310981873407672e-15,1.557974492080745e-06,7.805069417258834e-10,2.8929950605940348e-12,1.97735533897637e-12,3.6010049228465376e-12,1.327636643760686e-15,2.6502190740361664e-12,1.2270049326226216e-15,1.5955731609315012e-15,1.8146523398379447e-15,3.581354501381802e-12,3.6105664833131082e-12,2.4167206018947692e-12,2.9256398149193324e-12,7.805077450422325e-10,3.22032863878389e-12,1.326371741973062e-15,1.7989563938721804e-15,3.6121220475467864e-12,2.0919830210554752e-12,3.5693722333378916e-12,2.91283244452956e-12,1.329136909923437e-15,2.3538855056234526e-15,1.1246767056858603e-15,3.5818709963701127e-12,2.8913893971521483e-12,1.7857910636491834e-15,1.4466859681867478e-15,1.456514935362825e-15,1.6040797165973405e-15,2.9173922921323008e-12,1.5579739734215932e-06,2.90067988515914e-12,2.6392161967213177e-12,2.642010756831612e-12,1.7299706821666164e-12,3.1907620789961467e-12,1.5579733735368559e-06,1.9689960826020713e-12,2.617852833662031e-12,2.059822139500744e-15,3.568501233254353e-12,1.450756383571741e-15,7.805077548472682e-10,2.099440443033168e-12,1.59312015857258e-15,7.805074290757556e-10,1.6069672979171586e-15,1.2186472436567711e-15
1.1985880364776496e-05,2.8833214722305734e-12,1.9394887565253033e-15,3.1513677762449755e-12,1.3220535807425899e-15,2.1840371992223847e-15,1.5594403932018404e-15,2.8776604794807154e-12,4.373483831906828e-12,3.1378556300173452e-12,4.431563526770648e-12,1.3188303193305355e-15,2.2434713327040423e-05,2.256195407007371e-12,1.5780665029962056e-15,4.4335516520370255e-12,1.9388174283198926e-15,2.6489185595786133e-12,4.387984686127389e-12,1.972278050275348e-15,3.8825179203168724e-12,1.5807137394516095e-15,3.4594826981761326e-12,3.0114181073462667e-15,3.4569109757248746e-12,8.459231145668308e-10,3.90632274092262e-12,1.7501619072319972e-15,8.459226470029996e-10,1.5705422559815596e-15,3.4733941068215218e-12,8.459226026599628e-10,1.140868539381135e-15,1.6885501499749154e-06,1.9625519892541497e-15,1.4490220350953617e-15,1.43088820883971e-15,1.5906369736632917e-15,3.4811336880464257e-12,2.1828658651398874e-15,8.459235828437743e-10,2.8560197019778882e-12,2.2148371670602917e-15,1.31916481139842e-15,3.432245587744854e-12,1.562233607195017e-15,1.6885504454097369e-06,1.7413992365133825e-15,1.949566639267838e-15,1.6885501128933348e-06,2.547762565887357e-15,8.459232666990876e-10,2.643517110958652e-12,1.740424930458016e-15,3.451627041625037e-12,3.1695495150995872e-12,2.416634252296227e-12,1.5712059274370462e-15,8.459225910249036e-10,1.4309183350570669e-15,3.147296265006725e-12,1.6885513853390607e-06,1.4224868778592429e-15,8.459233218649008e-10,4.428207656331342e-12,1.6885499720004093e-06,4.4523659367746806e-12,3.892859593889384e-12,3.4893386937818743e-12,8.45922011704992e-10,1.1449357790577837e-15,1.1385121588487116e-15,3.872244157997821e-12,3.1302902554040418e-12,3.1573251484313193e-12,2.4505512032159673e-12,5.130963948084046e-12,1.9493316444905723e-15,2.8790067566585006e-12,1.6885504516044935e-06,8.459222907139621e-10,1.5704401951457406e-15,1.0733407325128264e-15,1.9546317440096767e-15,2.8710067989656354e-12,2.871660952738295e-12,2.6535322396806007e-12,1.7283992027230283e-15,1.9668077453582988e-15,3.880763354297804e-12,1.959668207344603e-15,2.6189536224200394e-12,3.170016658542722e-12,1.6885511363793382e-06,3.4898870262273774e-12,1.4379198593408495e-15,3.891071486648226e-12,3.914331045517054e-12,2.2669949527198872e-12,1.9374735865949857e-15,3.156438146458892e-12,1.4405020904798385e-15,2.550632729738309e-15,1.2187725653549908e-15,3.8812028700632e-12,1.5696208614809247e-15,1.934508433486946e-15,3.1288629401605607e-12,1.5784756270409707e-15,1.7378771495124063e-15,3.161390220385238e-12,8.45922534855e-10,1.5745842878593794e-15,2.859567109650311e-12,2.8630198415773335e-12,9.392840759456192e-16,3.457376719919795e-12,8.459222100325034e-10,2.1336584887552086e-12,1.4212434825910913e-15,2.2322222193799914e-15,3.866930244606599e-12,3.138022244795897e-12,8.459231686288691e-10,2.275173536814785e-12,3.444919090453789e-12,1.688550454707972e-06,1.7408515322835271e-15,2.635604271477975e-12
