1.0000000000000082,-1.2560618561806652e-11,7.359953668744956e-12,-1.100957768322939e-11,1.1362432695604655e-11,4.801567909963766e-12,-2.1646478564229076e-11,4.009139314076267e-12,-8.750937647687376e-12,-2.425855733944348e-11,-3.614341174022527e-11,1.3419870163532195e-11,-2.115131239820358e-11,1.2277459359587184e-11,-7.081282705434138e-13,4.3317504343632073e-13,-1.9453953986631375e-11,-3.872915086833437e-12,1.000000000011902,-5.2547975836453924e-11,-9.999024058457304e-13,2.987618514179982e-11,-1.9266859684339928e-11,1.1978121846300761e-11,1.666668335640585e-11,-1.195935924237234e-11,2.6603373258286047e-11,-5.3234940711783875e-12,2.0203663499202343e-11,1.529811468134351e-11,1.9964755801624467e-11,-2.4525815490152275e-11,6.948428527387717e-12,-4.417561226697344e-12,0.9999999999684333,-4.5469229571334754e-12,-1.0137018628332958e-11,1.0000000000006004,-5.646433614579342e-12,0.9999999999918624,-4.891175895594015e-12,-3.5609056831820392e-12,-9.957206030092843e-12,0.9999999999854368,1.5035656375837237e-10,-1.9599572403689465e-11,1.26823867183736e-11,2.450909942412702e-12,-3.516036248258225e-12,-3.983673588848771e-11,6.437092014351806e-12,-8.336973368364576e-12,-5.570214482560256e-13,1.0000000000498503,-1.2806109383940916e-12,-7.071955336913721e-12,-2.4525148008888836e-11,0.9999999999195558,-4.0119947167636145e-12,1.0269502952296793e-10,3.4126337303704843e-11,-1.3605617627942863e-11,-1.1666153201587081e-11,2.0324619052052627e-14,-2.290179842530048e-12,1.0000000000108205,-2.2232705846798494e-11,-9.24937572217068e-12,1.0846004423648816e-11,2.3985689764613972e-11,1.284125138515797e-11,-6.726172579380674e-12,1.8879736691344473e-11,5.071738762035271e-12,2.9524297043872946e-11,3.3920272029430763e-12,-1.1724621070481168e-11,-2.1323971082068914e-11,2.892490657144701e-11,1.000000000026955,4.7645608046490144e-12,-6.501510457238764e-12,1.0273688633352569e-11,-1.1138125353218985e-11,9.651644290694967e-12,-3.2010808306189326e-11,2.476314272585311e-12,-1.2097482883978854e-11,-6.975767666924199e-13,2.3774374811675937e-12,-4.777888894532317e-11,0.9999999999548955,4.856190016555833e-12,-3.243473602903264e-12,3.56004023627456e-11,2.5362565692136965e-11,0.9999999999342806,1.7047926827026812e-11,-9.1178743109681e-12,-7.150968575388719e-12,-9.693942608378993e-12,-2.2378452003311984e-13,1.0000000000106288,1.0000000000169316,-8.589391779934638e-12,1.1777938681863053e-11,4.568731170626453e-13,-7.210765607471366e-12,2.829544398469289e-11,3.832704891562921e-11,1.1470652376103792e-13,-1.0556656535627028e-11,-5.2869718052543876e-11,1.9839131862881733e-11,1.0000000000531415,1.9011063199663823e-12,0.9999999999598558,-6.39134616031164e-12,3.4475568128210807e-12,-1.9874732131351172e-11,-1.956731069367954e-11,1.0000000000020308,-1.4297147413506033e-11,1.0000000000275655,1.0000000000372975,1.0000000000380298,1.7604012215990378e-12,3.191031969999459e-12,1.0000000000546834
-1.2560618561806652e-11,1.6899614623878282e-12,6.109166971791544e-17,7.228478873694292e-17,6.906329897714627e-17,9.676931455142622e-17,1.311790307717338e-16,1.1775632145355206e-16,1.2554459960927465e-16,3.66181839723759e-17,1.3591511393377187e-16,1.2795619475619222e-16,-1.6759583907772185e-17,1.3173159183310242e-16,5.5481634386565316e-17,4.804599818820817e-17,3.537080642316309e-18,5.277680713502439e-17,-1.3512277390855496e-11,9.541275105251322e-17,1.045518274063266e-16,3.425773658951468e-17,5.1475507937010325e-17,8.696663137877875e-17,1.3300540133311286e-16,1.5927965904813123e-17,5.66240043135262e-17,3.5821515890915483e-17,4.2860446239128315e-17,1.259948407996449e-16,7.787729311868527e-17,8.083519559613912e-17,8.670137299731732e-17,1.3539116896916874e-16,-1.3512255007182181e-11,8.826490747359087e-17,5.346829892232421e-17,-1.351240059781526e-11,1.2456707395606909e-16,-6.768727526715831e-15,7.178025044988687e-17,2.7905810325527584e-17,3.9451831237870156e-17,-1.3512643125900412e-11,3.487614531629278e-17,4.8473978101736924e-17,4.9063144402831885e-17,6.542454557774832e-17,8.925620945408737e-17,1.344558536922984e-16,1.0986101226429347e-16,7.630719499485259e-17,3.4575171763535784e-17,-1.3511887629090633e-11,1.4559870790572891e-16,-3.080132904867388e-17,1.7375923216646596e-17,-1.3512339727415892e-11,8.288697460074416e-17,1.7763029186243043e-17,6.903292149715262e-17,2.5888473265990698e-17,1.097174764240596e-16,7.489447231182973e-17,1.3204448778066954e-16,-1.3512344571697975e-11,4.707537715897974e-17,1.0255304185551869e-16,4.3068067981952616e-17,1.4855158652441644e-16,6.280683413502202e-17,4.926394217131974e-17,7.456564942646609e-17,1.285461044368232e-16,1.3068401238257337e-16,5.988153298069029e-17,1.0203192228776127e-18,7.015442975107174e-19,4.959620941442974e-19,-6.769241771862264e-15,6.206525849197814e-19,4.505258234325375e-20,4.4547882539926544e-20,1.7999111148801602e-20,5.01647843914808e-19,-1.6902264306033381e-19,7.091700271309023e-20,1.1700394604430735e-20,7.070644216749838e-20,-2.186984454933832e-19,-1.0280225796756584e-19,-6.769516781304025e-15,3.1438412761578984e-21,6.402249900954013e-19,-4.2840039631178593e-20,-6.571459422780843e-23,-6.769492029983289e-15,8.493568012686867e-20,-2.657428185212316e-19,-1.759823363107849e-19,-1.7548997216578848e-19,-7.280738444552318e-20,-6.7693780397992845e-15,-6.769785524124826e-15,6.215613898323423e-20,-9.841215951187635e-20,1.8072351475346673e-19,3.906384046560923e-19,-7.463059876050071e-19,-1.127586080312833e-19,-9.399565153991986e-21,2.353154130105406e-19,2.2219064649166565e-19,6.075534435227687e-20,-6.769294116710742e-15,1.257685905304623e-19,-6.769376494807082e-15,9.308994276831563e-20,8.397763087180179e-20,6.055302571250654e-20,7.935048129495755e-21,-6.769143652923572e-15,3.7477414017025867e-19,-6.7693083922992225e-15,-6.769456248228066e-15,-6.769456641403504e-15,8.88866254668369e-20,3.005372722855274e-19,-6.769187672307556e-15
7.359953668744956e-12,6.109166971791544e-17,1.69006863636538e-12,1.1084369038532946e-16,-4.0420198666637424e-20,2.195493855533571e-16,1.3036592820561735e-16,7.540911275473795e-21,1.2965861823396844e-19,1.1288808028045851e-16,1.586911346368154e-16,6.94191911921006e-20,1.2182347704637243e-19,1.704124825792745e-16,5.446842162890723e-21,1.7071345287359283e-16,1.4899839934804842e-19,1.3010754002665782e-19,3.2107062822941952e-15,-1.2002578810177628e-19,-2.8345298939133364e-20,2.0473142857180792e-16,1.690968266184472e-16,1.1530383153780069e-16,-1.1745352921441717e-19,1.7192836613057392e-16,1.7251226592646845e-16,5.1796066243160275e-21,1.3000596253881719e-16,1.7503005976225058e-16,3.0645993818171066e-19,1.1108984544827642e-16,3.9133045423902204e-19,8.03164909635696e-17,3.2107463951672194e-15,1.639388606807229e-16,-1.0195443047126267e-20,6.408729246450507e-12,1.3995368681766104e-16,6.408756426355735e-12,9.287199128087743e-17,3.2833086225774754e-20,2.272036020599828e-16,6.4085155284901316e-12,1.3221922052335673e-19,9.968680802609308e-17,8.378243325142085e-17,1.4106191844175713e-16,1.0382590486328306e-19,3.2748090657381774e-19,1.4086066241840562e-16,1.0121892482047037e-16,1.2245675748654732e-16,3.2108531821022314e-15,9.48082456582293e-17,1.9656509613673704e-19,8.661217855293334e-17,3.2104450188998625e-15,7.720334961514428e-17,1.0479319848319495e-16,1.7478544334215645e-16,3.949008913748046e-19,1.5856335858185094e-16,1.7376283241351806e-16,-4.440105531812777e-20,3.210698384733886e-15,-1.3704080595064713e-19,1.065263033042078e-16,4.472533219471825e-19,1.3869940673817317e-19,1.1356174356351547e-16,1.437500997655979e-16,-4.398717071361059e-19,-3.287771279901087e-19,-3.8884944724423176e-19,6.867919519917893e-17,1.5242020049340923e-16,1.4294888596171023e-16,1.5864202512361969e-16,6.409091057385731e-12,1.0138541165519911e-16,1.809198769371902e-16,1.574485633634019e-16,1.5763937954837656e-16,2.1150706517669355e-16,8.473809507271872e-17,1.9044609658015683e-16,1.3468143568062533e-16,1.6938729607430554e-16,1.835483844306674e-16,1.0976109518235608e-16,6.408685125037688e-12,2.0074753811738415e-16,1.02621201353526e-16,1.0973790150069638e-16,-7.99777184725261e-18,6.4085272751315855e-12,5.903532073284107e-17,1.1928857500770552e-16,8.4401440285065e-20,8.851025508625258e-20,4.563366457568873e-19,3.2099654172145842e-15,3.210551335734957e-15,6.52202535413403e-19,-9.287915111566014e-21,8.886685677934729e-20,1.6935663307340938e-19,-2.8438956022790177e-19,-1.026970217648554e-19,-4.898079926376927e-20,-1.2456902690792196e-19,1.6850372229584198e-20,-2.0479176468221695e-20,3.2105697620813508e-15,-2.552102342914479e-19,3.2105447723144763e-15,1.8220325349533245e-20,1.2420073184097288e-19,4.9158251541949033e-20,1.3060944144689564e-20,3.2105793202995273e-15,-1.9719231325757443e-20,3.210565363843442e-15,3.210814297760507e-15,3.2106894278062613e-15,-2.2534974556432854e-20,-1.219330162140288e-19,3.2105278138271225e-15
-1.100957768322939e-11,7.228478873694292e-17,1.1084369038532946e-16,1.6900457080965852e-12,-1.5667888071083212e-19,-5.47723769735822e-20,1.214866108398611e-16,-5.043924139091497e-19,3.8665530706383525e-20,3.6561970825030293e-20,1.547136048134049e-16,1.3345758856141456e-16,-2.6065329526741042e-19,-2.669440537857293e-19,-7.229738097500715e-21,1.683963871115767e-16,2.62348846581678e-16,-3.5902563501186726e-20,-5.99290374282117e-15,8.554156890485482e-20,-5.2546722523674903e-20,2.5324419263829407e-19,-9.952949329085305e-20,1.0714142285728289e-16,1.8752990211321154e-16,2.402533543795848e-19,1.7582412160260787e-16,1.0061314144542486e-19,1.3257571657218742e-16,1.6689293312810286e-16,8.272561772794462e-17,1.0883997174299225e-16,1.1872755886612203e-16,7.104854243805882e-20,-1.1962338698338851e-11,2.393923694435065e-20,-9.776224959021296e-21,-5.992986969993071e-15,1.2441175591356018e-16,-5.992894762811436e-15,9.132724363672088e-17,1.2181776282165388e-16,8.274344834873493e-20,-5.993311162129578e-15,3.363174959407333e-20,1.5033686594094017e-20,8.619014830392026e-17,4.452780862862239e-20,1.0480772526545352e-16,8.327691927134828e-17,1.3597825201317753e-16,1.000739690135675e-16,2.7246072805521537e-19,-1.1961943691213407e-11,-1.0380639196215993e-19,2.0548188290244626e-16,-6.578245683518463e-19,-5.992969779976685e-15,6.814569312328595e-17,3.281682554729621e-21,1.597958218796028e-16,1.7308769041698558e-16,1.5588253980608778e-16,5.654914433847946e-19,6.541938445784521e-17,-1.1962479267959679e-11,1.2623761372892254e-16,1.0698582313463877e-16,5.945964247589644e-20,7.543813647440813e-17,-2.023263065959331e-19,4.603944993202178e-19,-1.2268366354304778e-19,-4.1694677602505303e-19,-2.3918708485530847e-20,6.540814738615709e-17,1.397276139529649e-16,1.3898093873494565e-16,2.875451727336755e-19,-1.1962194778761367e-11,2.1076760549878847e-19,-4.6066875259228896e-20,1.5692844258041417e-16,2.1110677075246408e-19,2.0370980948620054e-16,7.949189285158025e-17,1.9005914985818074e-16,1.303766449094456e-16,7.706165877859336e-20,1.7602032979193282e-19,1.1035145989651288e-16,-5.992892216785876e-15,2.1465927430714823e-16,9.569183621794708e-17,-3.451302566060884e-20,-2.417657492847619e-19,-5.9931479926945496e-15,5.8178894680643e-17,2.1448714044608208e-19,9.953203774289031e-17,1.9456927210876281e-16,1.6176602950962026e-16,-1.1962408110651126e-11,-1.1962478952210869e-11,1.4180498922827234e-16,1.174019594699252e-16,1.724386645978978e-16,9.605467721582464e-17,1.736369738550487e-16,1.387612388696468e-16,1.2182102634737005e-16,1.4503084483923292e-16,1.6176636516786388e-16,1.5804974149864836e-16,-1.1962036154170254e-11,-1.9250685014705694e-20,-5.993139476688016e-15,3.8094416661293026e-19,-5.58174625990169e-20,1.2074074366024659e-19,1.0214343109271605e-20,-5.992921194082695e-15,1.205970361621949e-19,-5.992664969464978e-15,-5.992686859526864e-15,-5.992946493833946e-15,5.5792468008904605e-19,-8.478606691131612e-20,-5.9930529930762184e-15
1.1362432695604655e-11,6.906329897714627e-17,-4.0420198666637424e-20,-1.5667888071083212e-19,1.6901064499186745e-12,2.4345132318212704e-16,1.8574814855923748e-16,1.7719237035403018e-20,-2.8602281311591936e-20,-7.487773229500383e-20,5.62737965653241e-20,5.263460365144377e-20,1.336990462484764e-16,3.4547590050611864e-19,1.0067115587870935e-16,1.8061522437741195e-16,2.2927529257203277e-16,1.3421896077396596e-16,5.210996117268046e-15,1.378071702743884e-16,1.6089699313728238e-16,2.1435207043250773e-16,1.787723289236042e-16,1.5696298339004188e-16,2.527117817504598e-16,1.5992002464629872e-16,-1.3814626433238044e-19,2.0228079465502884e-16,1.5862456264500436e-19,1.2539637786210418e-19,1.3149608024657416e-16,1.4911726538833132e-16,1.1173329004398347e-19,5.606988279546997e-19,5.210990810425499e-15,1.928281996121208e-16,6.912092976422998e-17,5.210802801424077e-15,1.996454135897476e-16,1.0401667637140911e-11,2.9444852824669294e-20,1.078408053461483e-16,2.486193664483266e-19,5.2106799642861745e-15,3.854746864251421e-19,1.1504062610782289e-16,1.0021691452476132e-16,1.6385881627024767e-16,-4.835634899131418e-21,1.5606520475373472e-16,-4.4705491156976337e-20,1.2833573243157742e-16,1.3020914253426228e-16,1.0402285452959583e-11,1.1766075271443258e-19,1.3858680001199763e-20,8.750704736231543e-17,5.211069642122334e-15,7.076111173569216e-20,-7.321958537438592e-20,-4.909763206358674e-19,-2.391578855037303e-20,1.3828245169599131e-19,1.9545391220228302e-16,1.3823778589174918e-16,5.2111956577220016e-15,1.4338267979108928e-16,1.4999479791786706e-16,9.7563968561748e-17,1.4283787035172037e-16,-4.254011837900309e-19,1.5721685191041406e-16,1.1973094985983184e-16,2.3350408319615e-16,1.1117398513105192e-19,5.827665547055384e-20,-2.1675606836275844e-19,-5.437336251418766e-22,2.1435972744047342e-19,5.211361171897324e-15,-3.290385151723117e-19,2.1863248889014512e-16,1.4109139032207361e-19,2.0750750591358918e-16,1.7814398597660743e-19,1.8886921946166272e-19,2.2713581557457536e-16,-3.901777900395442e-20,1.1914436884774124e-19,2.276876852544239e-16,1.46443553026086e-16,5.210913485722142e-15,3.181382929604741e-20,1.465806264378132e-16,-7.348555377955814e-20,7.099563563820861e-21,5.210782336356663e-15,1.515173886131927e-19,3.842914923184452e-19,1.0959402138425652e-16,-5.411111718607483e-20,8.1183047631815e-21,1.0401782577017109e-11,1.0401719406894993e-11,1.8772610927776407e-16,1.4175043599342154e-16,2.1429082680442034e-16,1.410493381376729e-16,2.0737489269479297e-16,1.955254903411063e-16,2.4684585170631e-19,1.8797101136134754e-19,2.7716532304107915e-20,1.4206548574049584e-19,5.211387429148843e-15,1.3532272440971765e-16,1.0401716838815898e-11,1.6545036380050656e-16,1.5412692839827957e-16,1.0276816712330106e-16,1.604946125252183e-16,1.0401730014758813e-11,2.073545237026802e-16,5.210853284158406e-15,5.211168111340252e-15,5.2108806942090256e-15,7.030957473608031e-20,-4.2792115428012156e-19,5.210938304909057e-15
4.801567909963766e-12,9.676931455142622e-17,2.195493855533571e-16,-5.47723769735822e-20,2.4345132318212704e-16,1.6901812243742884e-12,-1.7905612822907567e-19,1.8533843386780773e-16,-6.169552620037885e-20,2.1686343449122422e-16,-1.611031729255735e-19,5.40694027956909e-20,3.7723406485691925e-19,-1.518904332338294e-19,2.4572804987702715e-19,1.5761949381306645e-19,-2.975330358975514e-20,1.6147559629765732e-19,3.850466797696466e-12,1.9497256551452592e-16,1.4903547228326263e-20,8.59143427367003e-21,2.9595688308762944e-16,-4.217790909555138e-19,3.780906276506548e-16,2.820889285315085e-16,2.788088442410866e-16,7.592049906785004e-20,1.9263151135803195e-19,3.5842341265826215e-19,1.9575214349826404e-16,2.3317489561087447e-16,2.614410344918481e-16,1.749489597404321e-16,1.929490820544467e-15,4.203458059479746e-20,-1.7081606345014458e-19,1.9287397950302377e-15,3.676898258715495e-19,1.9287675812878825e-15,1.7814787144766183e-16,4.86583904149981e-20,3.7584903829251625e-16,1.928928588209956e-15,1.6891293759241586e-19,1.8410645055971675e-16,-3.51280107003665e-20,2.5413227435362304e-16,4.1177462605636806e-19,2.140951924838857e-16,1.236097237225791e-19,1.8601231560411211e-16,3.898584546123756e-19,3.851057927676538e-12,2.0668004952211376e-16,2.570171997969092e-19,2.684114055091374e-19,1.9288326585360786e-15,-8.80647418459991e-20,5.397198605811508e-20,3.480471924995038e-16,3.0981608715272833e-16,1.0335826166093991e-19,3.1409180866093786e-16,-1.532681854542717e-20,1.9288082574723664e-15,2.2828684874481036e-16,1.5909991949588497e-19,1.5053773157843774e-16,3.3976382576709454e-19,2.1178499054918502e-16,4.2172110159542806e-19,1.6921896922778359e-19,3.5856378708090424e-16,-5.025400418807176e-20,1.3598117690125154e-16,-7.702379344933423e-20,2.690655857831917e-16,3.807773782578105e-16,1.929386420670074e-15,2.061931593107267e-16,1.5506225751267635e-19,2.839148421429722e-16,3.168653176965757e-20,6.364096029178752e-20,-4.094796460084203e-20,3.319695817598277e-16,2.4362045545081603e-16,2.8488098054975285e-16,2.8941220842828534e-19,9.115385218399034e-21,1.929194356252298e-15,1.4070999799904582e-19,9.505988683377304e-20,2.1130039575573082e-16,5.197476641813556e-20,3.8498602772293585e-12,1.2707253341880947e-16,1.404098937540461e-19,1.7771237706135222e-19,4.1098099637602555e-16,6.707089152208283e-20,1.929292003800497e-15,1.9289640163121192e-15,2.721411374171736e-16,2.291133532175673e-16,3.327746223771469e-16,1.6590211395186596e-19,3.315831184512727e-16,3.193290243556911e-19,1.3341428931103593e-19,-3.758080145046101e-19,3.1502597157829334e-16,1.8815705813009804e-19,3.8508721234742195e-12,2.2070530940791211e-16,1.92893276103399e-15,1.4339784167378506e-19,3.940825205202849e-20,2.8763250788216055e-19,2.3468730607466627e-20,3.850279796251655e-12,3.165227239008372e-16,3.850633380587796e-12,3.850922220063837e-12,3.850587795472186e-12,1.6528741959123576e-19,-7.529286993133562e-20,1.9291137337754765e-15
-2.1646478564229076e-11,1.311790307717338e-16,1.3036592820561735e-16,1.214866108398611e-16,1.8574814855923748e-16,-1.7905612822907567e-19,1.6898901595144667e-12,7.509288696603529e-17,4.788696427821116e-20,-1.0079587418546252e-19,1.447765548977227e-19,4.140841743473563e-20,2.078952082014776e-16,1.7815499023635773e-16,9.549779173345405e-17,2.0221047608580696e-16,5.790755865474527e-20,1.4778223746434193e-16,-2.260391026714263e-11,2.955375427021743e-19,1.5029451777773694e-16,6.468231453545093e-20,-2.9749523135223504e-19,-2.90526452257794e-20,1.214554849870116e-19,2.372354948191016e-19,2.4078896950474977e-16,1.4909642280286863e-19,2.5960330459629404e-19,1.7808437614025305e-19,7.437815792413979e-20,4.064797599201649e-20,1.2461655505318815e-16,-1.2356239819251638e-19,-2.2603987231639787e-11,6.751555623638018e-20,-1.299503451203623e-20,-1.132432452145954e-14,2.911314007307977e-19,-2.2604213845710018e-11,2.9461335653883626e-20,1.7498057750483811e-16,1.2819468017972776e-19,-1.1324053605346102e-14,1.5686514386241612e-16,1.3850209446217505e-16,1.1163047302016481e-16,1.645018776119846e-19,-3.7584114188360223e-20,8.59586230087093e-17,1.5771085734774375e-16,3.59497618122625e-20,1.913972183257387e-20,-1.1323903659432879e-14,8.524627699369878e-17,2.7245290896312003e-16,6.558098648115616e-20,-2.2604184372807646e-11,7.172369079614495e-17,1.2585231624978458e-20,3.389919789354904e-19,2.2283659123119953e-16,1.9864779537251988e-16,1.2699113824821917e-19,9.904310752391937e-20,-2.2604130082192143e-11,1.6458630564765629e-16,1.5090393605657708e-16,1.0465866904736734e-16,9.623915015535966e-17,1.3286628087307416e-16,1.8243807091385837e-16,-1.337508285669447e-19,1.7390322428713686e-16,4.686033749887005e-21,7.270677369581723e-17,1.4369700791752065e-16,8.553477195497087e-20,9.886365853835505e-17,-2.2603798722769795e-11,9.55106479139984e-17,6.136892242473007e-20,1.8759020173601202e-16,1.5495922408581109e-16,4.932203459916758e-20,2.7973424917457857e-19,2.489325341774976e-16,6.058057416048333e-20,2.382758544374373e-16,8.810343397835891e-20,1.2899967523421535e-16,-1.1324636974306372e-14,6.453061590619186e-20,1.0590546425959986e-16,1.3217822946316813e-16,-2.424475378765654e-21,-2.2604508883343843e-11,8.35237294006343e-17,2.1096237070571178e-16,1.23250127702024e-16,1.9806319396604834e-16,1.7722289484032084e-16,-1.1324248282501249e-14,-2.2604140234798177e-11,1.7471029384120576e-16,8.266547581906921e-20,4.3026969229724706e-20,1.5512401452693947e-19,2.0496380284055938e-16,1.4750111835154762e-16,8.297384084089597e-20,4.898055047032227e-20,1.869604042674802e-16,-3.081109706218907e-21,-1.132401899929042e-14,3.8026757105063284e-19,-1.1324238315967638e-14,1.3922369077722996e-19,8.451358331440195e-20,1.2182616135131783e-19,1.187916532461329e-16,-1.1324113483430673e-14,2.2047994737501852e-16,-1.1323824120396774e-14,-2.2603586917898622e-11,-1.1324112054470938e-14,2.2479988096713055e-16,2.794923295299086e-19,-1.132392437403811e-14
4.009139314076267e-12,1.1775632145355206e-16,7.540911275473795e-21,-5.043924139091497e-19,1.7719237035403018e-20,1.8533843386780773e-16,7.509288696603529e-17,1.6898656295094882e-12,-2.586911966005122e-17,-3.1166028812121117e-19,1.3149679088754317e-16,5.821234524194189e-19,5.407735295641951e-19,-2.830896709461085e-19,7.620235987121559e-20,2.113173774888777e-19,2.631126721034366e-19,1.1915075849863658e-16,3.0543565251757637e-12,8.211139438413236e-17,4.2373390249075776e-19,1.9270607744714807e-16,3.0050795144661287e-19,4.4703122345974034e-20,1.2561490334691948e-19,-1.8718757188689718e-20,2.0889697277662535e-16,2.089410756771171e-16,1.3299518348103787e-16,1.1530916907599432e-16,4.190172069718056e-17,3.911339021618665e-20,7.199257551122839e-17,-6.317998624057477e-18,3.0542561943043027e-12,5.524024349057302e-19,-5.951008564057171e-20,1.530047058071228e-15,5.032083147516746e-17,1.5301055955425311e-15,7.754161629121555e-17,1.6041353128819784e-16,2.6615634982596135e-16,3.053846360294956e-12,1.6616429299275796e-16,-7.714478901055803e-20,9.595954234880273e-17,3.1538750587044176e-19,7.549370322856017e-17,2.2740370318885846e-17,1.0212149902294328e-16,1.9233278378169357e-20,1.307337378681921e-16,3.054656284393263e-12,-6.914745545188985e-19,-2.2110116276131077e-19,1.3521632702477528e-16,1.5297896011063717e-15,6.178487353737991e-20,-1.0472277806645593e-19,5.284530258529187e-20,-1.7364944684075057e-19,1.3612830437780925e-16,1.5703034389639653e-16,-8.65599358115618e-21,1.530151837231073e-15,2.785218598019646e-19,9.607913084710528e-17,8.277520288264947e-17,2.6191333355902598e-17,1.372633848630847e-19,1.5468745846321205e-16,5.777048073872905e-20,9.35303715308895e-17,1.712070308105813e-17,1.4294236466936864e-20,7.929677045491145e-17,1.0997122033567025e-16,-4.078181131273583e-18,1.5301183529697426e-15,-6.536653810941156e-19,1.4298683475227098e-19,1.585650680482097e-16,1.024872769438622e-16,1.893678127187032e-19,2.389577237628207e-17,3.8000617265264236e-19,1.0467086568530441e-16,1.0693359785375476e-19,1.189679672892102e-16,1.8205692104110776e-19,3.0539584147380825e-12,-9.60448867904549e-20,1.0797837969690089e-20,2.4647431126150626e-19,-7.214438645142788e-21,1.5301588381612524e-15,-1.7124889430217182e-19,2.2437628771947894e-16,3.3565358567712404e-19,1.2167018943448665e-16,8.17210085295596e-20,3.0542106772194384e-12,1.5298836269433555e-15,1.84699816528086e-19,1.1640561953558529e-16,1.4851960829177263e-16,5.4767551209956734e-17,6.028640431575632e-20,2.5048263563807617e-19,8.725694436915733e-17,1.265645958736238e-16,2.1105760708035594e-19,1.688740940291226e-16,1.530557841929299e-15,2.9104756175098737e-19,1.5299032141743946e-15,1.5022764872215743e-16,1.792016792633855e-20,2.998640244196221e-19,6.431144818376225e-20,1.529798097675142e-15,1.6923465779288827e-16,3.054392810812311e-12,3.054608692207116e-12,1.529732783922355e-15,-3.429891651096826e-19,3.904954841525511e-19,1.5301535137974644e-15
-8.750937647687376e-12,1.2554459960927465e-16,1.2965861823396844e-19,3.8665530706383525e-20,-2.8602281311591936e-20,-6.169552620037885e-20,4.788696427821116e-20,-2.586911966005122e-17,1.6899358277260854e-12,1.341855488096085e-19,1.856451930895949e-19,9.8157190061081e-17,-4.9837173140113423e-20,2.935913361483691e-20,1.4548938938696812e-19,1.8821687379179682e-19,-2.0127226438413073e-19,9.199143590056854e-17,-4.8619965295008044e-15,-2.0534907605099216e-19,4.0939642406873956e-19,1.5068056600319544e-16,1.5816214335861876e-16,-1.98268130184677e-19,9.44501394476615e-17,2.1948287702718346e-16,1.9026081759101787e-16,1.3923442519496792e-16,-2.53310807422052e-19,5.877990987026335e-17,9.478513674382417e-18,-6.526425428751162e-20,2.616484318719558e-19,-8.121656071738067e-20,-4.862561733836016e-15,1.14281573739637e-16,-1.5272902620581637e-17,-4.862524179426651e-15,7.596685203587512e-20,-9.706128518592303e-12,5.182973934060693e-17,1.5119834483694072e-19,4.3103106554553914e-19,-4.862720489499499e-15,1.6363887173176471e-16,-8.86526272443819e-21,-1.1221043212271452e-20,1.0021455480265276e-16,-3.5672202991688215e-19,-6.0843017928568e-20,5.713691454514057e-17,-1.7710682384472253e-20,9.705514466221759e-17,-9.705593512833848e-12,-2.1257754873928626e-17,6.569504449697796e-20,4.0796862184794806e-19,-4.862606199411024e-15,-6.980649084980319e-18,7.192471812088984e-20,3.7319618217530774e-17,1.6534728483408808e-19,1.218819611868766e-16,3.44541696233043e-19,1.2840580588114761e-20,-4.8627773555842124e-15,1.033002906539429e-16,8.697598584332935e-17,6.208173537175733e-17,3.754090611822664e-20,3.300201094141808e-20,-5.356149802350028e-19,5.755846036938213e-17,5.0487891841248555e-17,-3.8109875323138013e-17,6.91136001747378e-20,-9.065459769039865e-21,7.66611349749351e-20,-8.51255693512808e-17,-4.862309287452197e-15,1.0370637160945221e-17,7.73549490798852e-17,1.2841736039078037e-16,4.741286530151048e-19,2.2627195318618173e-19,-8.322993490002205e-18,6.057047606648578e-20,7.642794235542448e-17,1.9343811786907468e-16,4.440595199735469e-20,-1.561479594818607e-20,-4.862615739809034e-15,3.8883776723098946e-20,-2.417817450123997e-19,-1.4886749443534035e-19,-1.762105660494162e-17,-9.706326613435207e-12,8.623491793748426e-20,2.2239601530384827e-16,6.098653986414416e-20,4.719278430069518e-17,1.8670679220065475e-20,-4.8624937220478545e-15,-9.706067713408445e-12,9.08276284786177e-17,5.993659092780603e-20,5.771409524471067e-19,1.4018805431728508e-17,-9.131406231718186e-20,4.000935980849583e-17,5.23130721202119e-17,1.0166395396510461e-16,7.562348676202994e-20,1.217899825835466e-16,-4.8625449151620315e-15,4.3149846234051092e-19,-4.8625030520121324e-15,-3.057943790711365e-19,-3.879397362226177e-19,1.435029602807171e-16,1.260432101838962e-19,-4.862652571539443e-15,1.3476034182402606e-16,-9.70582605215065e-12,-9.705650890600573e-12,-9.705905500661885e-12,1.9016004929288447e-16,1.263911407684555e-16,-4.862220516726055e-15
-2.425855733944348e-11,3.66181839723759e-17,1.1288808028045851e-16,3.6561970825030293e-20,-7.487773229500383e-20,2.1686343449122422e-16,-1.0079587418546252e-19,-3.1166028812121117e-19,1.341855488096085e-19,1.689814521216293e-12,1.6036794215975224e-16,1.4648836402663238e-16,1.1804153247408334e-16,1.9113756761702183e-16,7.193336657183408e-17,-1.1522269107498656e-20,2.0982978526013821e-19,3.80499771896773e-19,-2.5215852314563547e-11,1.0515026089432089e-16,1.250054889681515e-16,1.8666206849147606e-16,9.994449091608024e-20,1.5907182463421119e-19,2.116103171891946e-16,1.3208542237010124e-16,1.3782515153870882e-16,1.8375879898564266e-16,1.2638343955899115e-16,1.9242605602671778e-16,2.387904732689244e-19,-3.8188110493136676e-19,1.4361297490634317e-16,1.1116679757946038e-16,-2.5215828484972933e-11,4.625743853178563e-21,5.879700407883474e-17,-2.521610249099722e-11,1.627848124576012e-16,-2.5216068805895943e-11,-1.0863203563462518e-19,4.365777893451199e-20,1.8838244444239716e-16,-2.5216405193970455e-11,6.630496592066124e-17,2.63676781214116e-19,7.65659073020229e-17,1.3512176282532367e-16,1.171544834489673e-16,6.127809901551697e-20,1.5214582641550568e-16,9.775997341154167e-17,1.8998397141735611e-19,-1.2632425550330065e-14,1.2943128283211774e-16,1.4496230338506806e-16,5.398823809050637e-19,-1.2632603814011549e-14,5.920247813915437e-20,3.622792011925863e-19,-5.363085952226382e-19,1.4449880266627462e-16,-8.273963657356445e-20,2.404480404107451e-19,3.064169824140012e-19,-2.521600644300323e-11,1.099862408693182e-16,7.376532673584689e-20,7.655291008034762e-17,1.0980493793673928e-16,-2.062294942576365e-19,2.228096284145302e-19,8.881629373348296e-17,-1.3994063971684542e-20,1.5303488805743414e-16,7.36544696030625e-17,1.712075813763572e-16,7.409262860757087e-20,2.124813237235692e-16,-1.2632680640570147e-14,-7.396799840890643e-20,1.7998227683932818e-16,1.427025327021649e-16,-1.5007907027807658e-19,1.9276523250382375e-16,1.1913956569169874e-16,1.7833246470091515e-16,1.421918316196639e-16,1.6070176955773202e-19,4.514860998286666e-20,-1.5490689261546756e-19,-1.2632526119563479e-14,2.594439987798786e-19,6.103000678193784e-19,4.888569553137416e-19,1.993861881985377e-17,-1.2632843347434746e-14,7.255812022690298e-17,9.173172734187435e-20,1.950378737470132e-19,2.304251719198126e-16,1.8486625117190454e-16,-2.521591836472539e-11,-1.2632545908417131e-14,1.504853951460429e-16,1.1805273478416974e-16,1.7876245051192044e-16,1.182718203240485e-16,1.7009186417248686e-16,1.0527314176769802e-21,1.4447506808942376e-16,-4.583661247145653e-20,1.662312558183955e-16,1.373244431763853e-16,-1.263242115359028e-14,1.2089578204807365e-19,-2.521600679401608e-11,-3.098269263268365e-20,8.555723031569125e-20,7.700853224725489e-17,-4.0180787440774073e-19,-1.2632379175472997e-14,1.745057178522929e-16,-2.5215699802323993e-11,-1.2632207404775186e-14,-1.2632430028068449e-14,1.1128872669497217e-16,1.4673920098291802e-16,-2.521561793812453e-11
-3.614341174022527e-11,1.3591511393377187e-16,1.586911346368154e-16,1.547136048134049e-16,5.62737965653241e-20,-1.611031729255735e-19,1.447765548977227e-19,1.3149679088754317e-16,1.856451930895949e-19,1.6036794215975224e-16,1.6894951546059022e-12,2.2314320169087703e-16,1.9711123309058711e-16,-2.9129924389465255e-19,1.3834515574544574e-19,2.2102668390264818e-16,3.272700074539479e-16,1.6877410038177508e-16,-3.7099428838819605e-11,1.6817791227839315e-16,2.069967087111122e-19,1.5240123342210451e-19,2.374899683211623e-16,-2.8215392585132312e-19,-1.0371847338271334e-20,1.9177794661443298e-19,4.290950716757993e-20,4.556239725141442e-19,-3.870442856364596e-20,1.4561609056765863e-19,-8.335282757856404e-20,1.6555404436706363e-16,1.0876956923644654e-20,1.2473816191562214e-16,-1.8585768361194245e-14,-8.913825713000417e-20,7.264088441856856e-17,-1.8586140535927405e-14,1.8716791712622732e-16,-3.7099743285121635e-11,1.4772616741459721e-16,1.7907028773560745e-16,3.1261047453295675e-16,-1.8586426954744166e-14,1.0185661960786869e-19,4.35120924811573e-19,3.964877738966608e-20,2.6593555687572964e-19,-1.2666953783972148e-20,1.5188335298542546e-16,7.086192263286782e-20,1.734153809136634e-16,1.64718353912496e-16,-3.7098869360139097e-11,2.884289590771436e-20,2.5394106492702666e-16,1.3607398419858793e-16,-3.709969828564135e-11,1.0605565517770598e-19,-1.6824291389617436e-19,2.0440080085522001e-16,2.321320676124047e-16,2.43184571543683e-16,2.403476501041834e-16,1.271305117865444e-16,-3.709965886471681e-11,1.8325064055626315e-16,1.2118291367002447e-19,1.243257843767043e-16,1.6120851653348873e-16,-9.630964990822425e-20,2.0295852037637288e-16,1.4624397094623001e-16,2.377062388146603e-16,9.694939855543499e-20,1.0138668440588506e-16,2.0212202239022505e-16,1.2798363855930468e-19,1.9016047859633084e-16,-3.709926291445252e-11,6.753295440012355e-20,7.178536772162102e-20,-8.064041940281974e-21,2.0791660483996293e-16,4.0676353721608258e-19,1.472571550647116e-16,2.9346303375367376e-16,2.0829122776248179e-16,9.71631580458328e-20,2.373994863386737e-16,1.665359192881271e-16,-1.8586476134378665e-14,2.7065902196354426e-19,-2.0346462278972094e-20,1.6106492641665115e-16,4.554397543593272e-17,-1.8586332037542522e-14,-1.2558613108166711e-20,2.992664166406833e-19,1.3868274091137277e-16,-2.6653004199699018e-20,2.3162034128738224e-16,-3.7099554282484616e-11,-1.8585509498357728e-14,4.377184069207673e-19,-8.34441016984338e-20,1.9254776366026986e-19,2.624176725581942e-19,-1.0584370726750684e-19,6.824506892191216e-20,1.9370579266826062e-16,2.1834895202822576e-16,2.2552058710658694e-16,6.024308348358205e-19,-3.709903974677948e-11,1.1163976306191462e-19,-1.8586179600827966e-14,2.180513123947244e-16,2.0025934319435536e-16,1.6676571231802362e-16,1.683152813835908e-16,-1.8586026252183583e-14,-3.771431592321932e-19,-3.709929889719994e-11,-3.7099006319451195e-11,-3.709936518555145e-11,1.310674029826985e-19,2.3752539560291493e-16,-1.858608254744824e-14
1.3419870163532195e-11,1.2795619475619222e-16,6.94191911921006e-20,1.3345758856141456e-16,5.263460365144377e-20,5.40694027956909e-20,4.140841743473563e-20,5.821234524194189e-19,9.8157190061081e-17,1.4648836402663238e-16,2.2314320169087703e-16,1.6894581931374757e-12,3.2192082364066863e-19,2.548359219529482e-19,1.651012166969933e-19,-2.028337727062187e-19,3.8686952125315727e-19,-2.4907898932803677e-20,1.2464423201456724e-11,1.6295267890632546e-16,-3.503774887728914e-20,5.712157147046275e-21,2.007853106663993e-16,7.471030096914275e-20,-2.0520828660656103e-19,1.2330033200398337e-19,-1.7294656155802192e-19,2.0994407316263692e-16,4.040442545416221e-20,2.1312712122349159e-16,1.119196302474163e-16,-1.339907383350822e-19,-1.0799051718589356e-19,1.09243399837922e-16,1.246437281348765e-11,2.0860039836974159e-16,1.8523130879020682e-19,6.244112598083351e-15,-3.1181031650942135e-19,6.244055440656942e-15,1.284899393257495e-16,1.2611419844591152e-19,1.1955934957331596e-19,6.2439572965104985e-15,3.0100813054375136e-19,7.916818488766846e-20,1.228408603284037e-19,1.5966579182241868e-16,-3.23052523216787e-19,1.0236932817310202e-21,9.673216821778494e-21,1.5420760599449393e-16,1.461239047104992e-16,1.2465005958316396e-11,1.060600503337164e-19,2.1694960260384893e-16,1.4066357500785296e-16,1.2464114543383436e-11,9.755315716042927e-17,1.607036160896111e-16,1.9184783674510174e-19,3.6435797034135716e-20,2.1050823738578055e-16,2.0182441981564514e-16,1.229482211069871e-16,6.24510233889965e-15,5.173312734512759e-20,3.145097914856794e-19,1.4035912669716913e-19,1.5740374356089764e-16,-5.955522474068825e-21,1.7631601300363015e-16,1.3737073673276798e-16,1.202354220812088e-19,1.3234532004517284e-16,9.126985390052557e-17,7.170305177928236e-20,1.7514080681561023e-19,3.648880609402746e-19,1.2464593398078342e-11,1.2646319357446546e-16,1.9017550571359922e-16,1.6791211205647998e-16,-3.8534210979106914e-20,1.970127456565525e-16,1.4967179920608784e-16,5.27104424883112e-19,1.8600211810713243e-16,2.189687990591101e-16,3.192160554808273e-19,1.779222083590011e-19,6.243952372960932e-15,-1.1227080099016916e-19,1.3321878230729397e-16,1.6346632199214231e-16,9.41968283632692e-17,6.244085446422421e-15,1.2210850738760394e-16,1.7159767153572086e-19,5.1437657523740654e-20,8.026382886239661e-20,1.648647799483798e-19,1.2464305284403282e-11,1.246416862430437e-11,8.217510083616942e-21,1.6993736872460093e-16,1.1159333570120348e-19,1.6575122200630011e-19,2.1965876755421005e-19,-1.808041894596532e-20,1.8431630516320828e-16,1.9678713396162137e-16,1.269612051485277e-19,1.6806243220973934e-16,1.2464828783066313e-11,1.4531508536611548e-16,6.2442568020025195e-15,9.697168292099507e-20,1.6324078490537682e-16,1.2498363383635483e-19,-3.110954506805651e-20,6.24403992382291e-15,2.1908353614985167e-16,1.2464568752681887e-11,1.2464859780045423e-11,1.246451390061285e-11,-2.317313670409074e-19,-2.8622486071842905e-19,1.2464725239374617e-11
-2.115131239820358e-11,-1.6759583907772185e-17,1.2182347704637243e-19,-2.6065329526741042e-19,1.336990462484764e-16,3.7723406485691925e-19,2.078952082014776e-16,5.407735295641951e-19,-4.9837173140113423e-20,1.1804153247408334e-16,1.9711123309058711e-16,3.2192082364066863e-19,1.68995892535552e-12,-5.136285558959282e-20,9.421386796421161e-17,3.882801366591526e-19,1.7734576882309897e-16,1.2792084536966792e-16,-1.1075084947866925e-14,1.3182063020763872e-16,-2.46061096127436e-21,1.5540975908156592e-19,1.548859828593439e-16,-4.746442361247192e-19,1.6201543744463997e-19,-1.2792619273992756e-19,1.1662286928316926e-16,2.216593933040369e-16,2.712360591435894e-19,2.3243396995135503e-19,-2.8007492699553316e-19,1.7482497633499736e-16,2.230184152356276e-16,2.0553812368786387e-16,-2.210704752148515e-11,1.880470797599996e-16,-7.42890268935535e-19,-1.1075062179581442e-14,2.629950828108567e-16,-2.2107292256254546e-11,1.2030987224808605e-16,-7.686089900516613e-20,1.641690274002921e-16,-1.1075411471373746e-14,-1.7670841431371764e-19,-4.136990654307313e-19,8.95631237412379e-17,1.6211625066855988e-16,-3.186205373226369e-20,1.6932097470177558e-19,-2.6369054790658045e-20,8.384455848215685e-21,4.2348375302567304e-20,-2.2106597770594927e-11,-4.994741767029801e-20,1.0290677422048163e-16,-1.2322993306532173e-19,-1.1075040351755613e-14,1.2013363878410227e-20,4.981034253582677e-20,1.3544442290029666e-19,1.4845535632468669e-16,1.8759082671500107e-16,-3.760223274235353e-21,2.8157444006258835e-20,-1.1075195415645932e-14,1.2196927901744344e-16,1.1802631645330547e-16,-4.409369007203866e-20,1.9976268054643983e-19,8.623177019385393e-20,-2.4992358668568286e-20,1.0828157829424571e-16,-3.1125802641440255e-19,4.14143573975822e-20,8.681151663834988e-20,8.496141945748145e-20,1.9084905702345125e-16,6.460297672523585e-20,-1.107471675363293e-14,1.9229266854626733e-16,5.72903345912198e-20,1.633409681840957e-16,2.81180574463125e-16,1.3546498029500704e-19,1.9068280268570783e-16,6.422486616550391e-20,2.5305408715346306e-19,-3.4202038530368284e-19,1.5545110585278897e-19,-3.3484223153228716e-19,-2.2107355308497536e-11,8.373667861020427e-20,-5.496493510670274e-20,1.4560647877216143e-16,9.452424370128859e-19,-1.1075276265518186e-14,9.123460986555288e-17,7.720430011976706e-20,-4.6297980707601765e-19,3.484617035504459e-16,-4.53030235563225e-19,-1.107509092424475e-14,-2.2107232310979595e-11,5.299305352434213e-20,1.4691012691431666e-16,1.151070583211519e-19,1.8322995011360574e-16,1.0451338775969387e-19,2.5043603180783565e-16,2.2957487584410968e-19,1.8386833187156882e-16,2.2020738633619453e-16,1.5632431945038582e-16,-2.2106844318825147e-11,5.2190329994730084e-20,-1.1075303780715593e-14,2.7262414859626024e-20,1.2299824234608007e-16,7.525974106409095e-21,2.653123255681786e-19,-1.1075067162879439e-14,2.0157156394206853e-16,-2.2106958138488236e-11,-2.2106731618661378e-11,-1.1075104519153137e-14,6.587873135809207e-17,5.6687664905609095e-21,-1.1074997427450805e-14
