0.9999999999999872,3.380230777090064e-11,-3.071726414907168e-11,3.981052404554188e-12,6.606485164757621e-11,1.317490427873804e-10,-5.008793421841531e-11,0.9999999999980435,-4.937798641161984e-11,-1.762034560636896e-11,6.067688938545809e-11,1.0018182473829058e-11,4.494107617467591e-13,-1.2675602462311168e-12,1.0000000000027092,-2.737022065536536e-12,-8.595636722310445e-12,2.297138545465065e-11,1.000000000022998,-1.3968303247204043e-11,0.9999999999877595,-5.3369001664381525e-12,-1.1963755851036885e-10,1.7205198180259226e-11,9.319054872461213e-12,1.1645287836231903e-10,-2.696004988098541e-11,-8.599802058306072e-13,-3.8884156978727934e-11,0.9999999999712808,-3.420833630536851e-12,4.0526872826660166e-11,-1.0299920975429893e-10,-2.5995206008844072e-11,4.161614528761e-11,2.0871447615345835e-11,1.00000000001683,1.0000000000050722,5.5933513371033214e-12,8.538692271705883e-12,9.67205445863858e-12,-7.221387606544481e-12,-2.3017032404527254e-12,-8.569263543910625e-13,-6.329714682463412e-12,9.04090556730591e-12,7.060853985115524e-12,2.8982141903216762e-11,4.569539646132481e-11,2.381187330549347e-12,2.6025054647995473e-11,1.0000000000130536,2.5714491371639524e-11,3.935103387316704e-11,0.9999999999833347,3.719639869117626e-12,3.077050158238115e-11,-2.1153590988455364e-12,1.596851601455512e-11,0.9999999999987249,4.0878202796733385e-13,-5.9206382616688276e-12,0.9999999999866754,-1.0274464421274215e-11,-9.571890911402014e-11,-4.096564232502836e-12,-1.5995264970578565e-11,-1.2021744265708437e-11,7.2088687112556936e-12,6.587679179984433e-11,7.056401382793794e-12,-2.44864962340025e-11,5.537083851024372e-12,-5.885946081449265e-11,6.578276266035452e-14,6.000771792835527e-11,0.9999999999720658,0.9999999999984619,1.0000000000132465,1.6454507665901692e-11,3.591788694232084e-11,0.9999999999784727,-9.554284067719761e-12,0.9999999999774501,5.1332834449277094e-11,-6.557308628552964e-11,-3.223181670140201e-11,5.668164270508014e-12,1.333990529117453e-11,-5.340394088283177e-12,-1.5316297874651034e-11,1.000000000020503,1.0000000000119371,-8.351381314822815e-12,-1.1468208900081784e-11,2.8968036165325608e-11,1.0352294865296537e-11,0.999999999992366,-4.4546071368012206e-11,-1.5593145211028157e-11,2.4586705772648532e-12,-2.793759080882524e-12,-4.9936974952227156e-11,1.3488841593531508e-11,-3.898041797121078e-11,-1.2072562305376919e-11,2.7407926836841556e-11,2.054521108599194e-11,8.800333107554209e-12,-1.2549978179197718e-11,7.920238933126513e-12,4.655638482837191e-13,3.632171042805775e-11,1.6878698068767785e-11,-1.0649913529742492e-11,-5.264959490110652e-11,1.0300035999349748e-11,9.04228643306126e-12,-1.235145420319095e-11,-5.51455075803478e-11,3.807810327134022e-12,5.0061754462264786e-12,-1.8335727872714728e-11,-3.615790854205473e-12,0.9999999999807827,1.2350099851988331e-11,6.56755451641037e-12,-1.240830258732669e-10,1.0687398241458751e-10
3.380230777090064e-11,-1.0780459071859523e-12,6.843627707047148e-16,3.540895928239845e-16,5.182416121627803e-16,5.032445760980075e-16,5.317731685000482e-16,3.2572057147602634e-11,5.231618061178672e-16,4.366949341150655e-16,5.471590358899625e-16,3.6006093349578026e-16,3.8629980865707714e-16,4.904856306641069e-16,3.257206724594515e-11,3.7457435827937386e-16,3.7077390625784285e-16,5.644513696648681e-16,3.257211462398064e-11,6.282236180258998e-16,3.2572019231134936e-11,3.735861316041705e-16,5.892827848693329e-16,7.164862109914991e-16,4.0773285916953245e-16,8.119423224250679e-16,5.865081259408843e-16,5.691739548558697e-16,5.386039616663382e-16,3.2572003545880923e-11,4.661143762794911e-16,5.387317446931088e-16,6.292181261873358e-16,6.17027101145858e-16,7.254934535097412e-16,6.55195287900175e-16,3.257225288971982e-11,3.2572170778307204e-11,4.20149099612856e-16,3.5543175096341045e-16,4.141495542201531e-16,4.4097861696367647e-16,3.9309456384814456e-16,5.024069124546753e-16,4.322784083439855e-16,3.769420153980339e-16,5.082786986430391e-16,4.2520076986941334e-16,6.053097255191583e-16,3.5333063720738836e-16,5.852182440412614e-16,3.2572293647657794e-11,6.006176220729853e-16,5.024349782612963e-16,3.2571796725981585e-11,4.167087098427194e-16,4.78679686064925e-16,4.504095309922584e-16,4.0882700840161277e-16,1.63177660299478e-14,8.481002940083342e-20,1.0537350200770787e-20,1.631777321588241e-14,3.173701633672141e-19,5.7313121638296785e-21,5.284358661196417e-19,2.051722611674099e-19,1.0752175679670714e-19,5.502297536029706e-19,1.454577890394538e-19,2.445867758521402e-19,2.7159200714176507e-19,1.0551751736595849e-19,9.692098491391487e-20,1.2121588912747316e-19,2.812259683770315e-19,1.6317464152355615e-14,1.63179361792248e-14,1.6317650764943665e-14,4.098983852161555e-20,1.2036574258668026e-19,1.6317675140004073e-14,1.9765024374701951e-19,1.631761164520287e-14,-4.943314476380361e-19,3.464387146869222e-19,3.5927652964813077e-19,5.233544364326081e-19,2.4455501113555004e-19,3.3830970360474315e-19,2.7990501456903518e-19,1.6317752284884325e-14,1.6318021930585667e-14,1.7582655642461833e-19,3.4101507045592027e-19,7.679190903845514e-20,3.134858866748768e-19,1.631759706657972e-14,3.3645077757916174e-19,-1.2422855186056388e-19,1.8474735095878692e-19,1.2337489057463465e-19,-1.0408701665152917e-19,-3.1604805050726363e-21,-1.7092644025875007e-19,2.776409877186907e-19,2.755508081861748e-19,1.7015930403348694e-19,3.3439159316872376e-19,1.9055603575886582e-19,6.574798741353359e-19,2.5874409848035002e-19,3.874476194269142e-19,1.7398054473454193e-19,5.93181635492436e-19,1.0545480448228321e-19,6.701463394147715e-20,3.9455892271384442e-19,2.0022862700085672e-19,3.160227357846969e-19,1.2468611189720907e-19,3.397014378454971e-19,5.655995852879385e-20,3.419588499043527e-19,1.631766040845655e-14,3.0587357265368765e-19,3.418253629682994e-19,2.896742179959161e-19,2.0253303764076077e-19
-3.071726414907168e-11,6.843627707047148e-16,-1.0781746099392981e-12,2.6385071161885624e-19,8.472055799805661e-19,7.7841649645802e-16,6.695234864354739e-19,-1.5973902315713316e-14,4.3208667806010873e-19,5.42627159769767e-19,4.684935441695935e-19,1.2239700499006202e-19,4.778181587914026e-19,6.995261307186033e-16,-3.1884976239182054e-11,5.704472700152536e-16,1.5620253271581272e-19,1.0181268625292394e-19,-1.5973824924398398e-14,9.69038017696263e-16,-1.5973669394713022e-14,2.8068428252650006e-19,8.980888866142121e-16,1.1055006846041981e-15,3.163901046976097e-19,4.563805088872735e-19,9.481771046874392e-16,8.259444353125665e-16,8.3812834983290405e-16,-3.188507991048849e-11,6.53326160117507e-16,8.643232559682939e-16,9.790898224354413e-16,4.578932006554558e-19,6.582824438285374e-19,1.033761259508726e-15,-3.188478693627485e-11,-3.188486415754597e-11,6.730889350080816e-16,5.355293704732477e-16,-4.594893460672522e-19,4.571480669810836e-19,5.737918677695873e-16,5.316259938530227e-19,6.729048463843474e-19,3.2761437728173944e-19,7.513063913794596e-16,6.556193519392218e-16,9.587797082760222e-16,5.588450014993003e-16,9.17641579072599e-16,-3.1884642898109794e-11,9.289929908466256e-16,2.411105958926572e-19,-1.597379427752718e-14,5.103473015761997e-19,7.515756850661961e-16,1.536465874261474e-19,6.076821810404738e-16,-3.188480987611911e-11,6.134885317040601e-16,7.917962780705986e-16,-3.188551239771899e-11,6.277203036788125e-16,8.598046302115046e-16,5.873415987772773e-16,6.771876231152941e-16,6.359196864343019e-16,6.930887058202041e-16,9.85769573521817e-16,8.102137231427017e-16,8.174851354776378e-16,6.162158248451056e-16,7.751244621187814e-16,6.035995103047978e-16,7.536183702794707e-16,-3.18849406330588e-11,-3.1884580736469464e-11,-3.18853077869204e-11,6.007589792587191e-16,7.911164178690224e-16,-3.18850567769667e-11,6.938544401527688e-16,-3.188504328879071e-11,8.743670222104968e-16,9.28800737123297e-16,9.049701101400616e-16,8.900011497894892e-16,7.069990569199326e-16,7.387638872975168e-16,7.334691577640354e-16,-3.1884925969240705e-11,-3.188460922294962e-11,6.249895891033374e-16,6.40710702027039e-16,7.170483503268435e-16,6.567013172750933e-16,-1.597344143096818e-14,3.528114720383121e-19,2.1894288608567213e-19,3.4621484977109252e-19,2.973559192922469e-19,6.799949096295466e-19,2.978149461878021e-19,5.128883425750897e-20,4.0005993756288393e-19,2.5640404335171533e-19,-2.6208136026226446e-20,6.730434130592383e-19,1.8891657180090963e-19,5.231987028539046e-19,6.603785040983369e-19,2.109507920336384e-19,7.9867014998654005e-19,4.304628623495454e-19,5.789435022107395e-19,3.273176497640639e-19,5.817244454283442e-19,2.416605785481946e-19,4.2459292018927064e-19,-1.201509536865957e-19,6.861452761561138e-19,7.034230274852388e-19,1.6065516310285608e-19,-1.5973647186366108e-14,-1.7865822991412482e-19,4.303682214414718e-19,2.6978328164384577e-19,5.90001702584625e-19
3.981052404554188e-12,3.540895928239845e-16,2.6385071161885624e-19,-1.0852141232508795e-12,4.2927072933988597e-16,3.8266200810728645e-16,4.3237082918884077e-16,1.3707883582478128e-15,4.083643846020605e-16,3.206538825584259e-16,2.2671167306155063e-19,-1.1923358490819158e-19,3.0452599339175205e-16,4.0023974608226256e-19,1.3708992604312576e-15,2.7821585675318175e-16,3.086228143727676e-16,4.357592113035084e-16,1.3704801863784941e-15,1.3279610438669127e-19,2.7364744006428587e-12,2.9854341718965615e-16,4.686421866543629e-16,5.77285097518123e-16,3.169948718497198e-16,6.536104211938709e-16,3.522061054128468e-19,2.3333043509039115e-19,2.64975626982728e-19,1.3705541853581054e-15,3.4508683664023636e-16,3.5676657933189437e-19,5.118223697365353e-16,4.915742798294572e-16,2.1078612543892654e-19,1.6150576828157058e-19,2.7366194649220416e-12,2.7365604835751408e-12,1.7278132482203703e-19,-2.809724401702985e-19,4.41169111585744e-20,3.2040059696353754e-16,2.883033643719893e-16,3.770560124277475e-16,1.8816101103645398e-20,1.943136456905877e-19,2.422931645444334e-20,3.41740166351953e-16,1.8458838194821936e-19,4.014009622375859e-20,4.678478254467927e-16,1.3708714601973695e-15,4.780858515351448e-16,1.6547885216246853e-19,1.3703236492954562e-15,3.2561295679285605e-16,2.2247009815878975e-19,3.8015061090074457e-16,5.404668732353224e-19,1.3708317627590423e-15,3.00689370368471e-16,5.935939369432232e-20,1.3709184097279504e-15,3.4594106447629966e-16,4.3127001626034675e-16,2.791075979396431e-16,3.2370613265334464e-16,3.177163798568842e-16,1.8582493286504868e-20,1.4454723708089198e-19,4.0573754862434596e-16,2.395807934501217e-19,2.7816426979509595e-20,4.125153710138577e-21,6.844273885325306e-20,3.7112335933865224e-16,1.370910265729863e-15,2.7366800655802264e-12,1.3707359204945616e-15,3.9063457976840706e-19,4.1209392950028017e-16,1.3708278002697078e-15,3.608260231382433e-20,1.3707842381158704e-15,7.356931737955124e-20,4.869043418937644e-16,4.592536561101175e-16,1.6396145526460147e-19,3.5870688212045785e-16,3.0885426283878306e-19,-1.0281417885408071e-19,1.37079821111853e-15,1.3710299196514788e-15,1.012251893812782e-19,3.207557085118911e-16,1.251489091403874e-19,3.4176529777559777e-16,2.7363985825044615e-12,3.5863441171251577e-16,3.1589758729243867e-16,3.985781772503852e-16,3.0952742152538064e-16,3.8378659786886115e-16,3.0291520064817523e-16,3.4819383595969223e-16,3.090514911080162e-16,3.6473255176234183e-16,3.351038832299465e-16,4.045344288636733e-16,3.9165640572379486e-16,4.130446243700416e-16,3.4811525084922567e-16,3.2029709667069654e-16,2.509234770632124e-19,-2.467827831300891e-19,3.1682217347598103e-19,4.5125385177674535e-20,2.059471371309328e-19,4.947686492685062e-19,2.276426293976717e-19,1.915280713983586e-19,1.3058948759167602e-19,1.7970226887054714e-19,2.0099249939005207e-19,1.3705870071423632e-15,2.4536507052286854e-19,-1.0905437900360298e-20,4.019617538638173e-19,2.0869072237519975e-19
6.606485164757621e-11,5.182416121627803e-16,8.472055799805661e-19,4.2927072933988597e-16,-1.0851485621473588e-12,5.971015739827661e-16,6.349014359893665e-16,3.2482705995213163e-14,1.7294403787005956e-19,4.821036255374188e-16,6.637838440740782e-16,4.349879543027528e-16,3.107596253491322e-19,6.882809684538074e-19,3.248286454130575e-14,4.534440124108379e-16,9.490996324088536e-20,6.540044753327099e-16,3.2482811004190476e-14,3.639495587749829e-19,6.48392016504832e-11,4.441922167860527e-16,6.780754586234854e-16,3.2743662755227676e-19,4.807784642045167e-16,9.196339717103836e-16,6.632616629443223e-16,6.827998711465886e-16,5.298926913965958e-19,3.2482269953787915e-14,3.6856066670239424e-19,6.474195103250611e-16,7.400634233345694e-16,8.947737395016514e-19,3.0851952073983974e-19,1.2523066077896645e-19,6.483950307216862e-11,3.2482872431336816e-14,5.06042385942866e-16,2.98451617075489e-19,5.030206991843624e-16,5.868194185279805e-19,4.473482125067339e-16,-3.5461767943227774e-20,5.089547657824191e-16,8.248826206001819e-20,2.6745390907059517e-19,7.907789867693266e-20,6.780633630018854e-16,4.74397680215697e-19,3.504913251529929e-19,6.483952882990393e-11,3.8841773782939963e-19,6.29153115374349e-16,6.483894262370244e-11,2.690436219944205e-19,5.659504771919583e-16,1.0964929287951818e-19,4.75687686638858e-16,6.48393929452373e-11,1.6722616098650276e-19,6.197766956662179e-16,6.483887186045153e-11,4.855651555222129e-16,6.221804203733356e-16,-2.1104009982828425e-19,-2.610336439294418e-19,4.510151588421337e-16,5.5260008809916375e-16,6.67606686562193e-16,6.400314724203531e-16,2.568719182534725e-21,2.526895421584262e-19,6.106430063407438e-16,2.0339254339192533e-19,1.6810132625950041e-19,6.483936876458098e-11,6.4839572478762e-11,3.248312632566846e-14,4.566911914050897e-16,6.141916310702171e-16,6.483919796765646e-11,5.478862613093452e-19,6.4839256924242e-11,6.674164173294284e-16,3.6070059836655426e-19,7.231578304414155e-16,6.359611388848745e-16,5.379546104926309e-16,2.617604431441547e-19,5.364697205312023e-16,3.2482934266160255e-14,3.248284439697367e-14,4.0927042104878417e-19,2.446208925643145e-19,3.728773702104135e-19,1.575571653492933e-19,3.248278463523685e-14,3.835059725561385e-19,3.682374195291927e-19,3.1215323052407755e-19,4.948176036181522e-16,2.67355987868349e-19,4.818718760666175e-16,4.323577831918684e-19,-6.63930774456787e-20,7.940387950496048e-19,2.0560752723149558e-19,6.127946368619814e-16,2.4779027219495304e-19,2.5507446139397335e-19,5.236956818228666e-16,1.4071185163403357e-19,5.664112732863037e-16,6.606179498906955e-16,7.171484833161396e-16,4.774719828460951e-16,4.439131923552834e-16,4.920245834301693e-16,5.382150258747814e-16,5.682199119363542e-16,8.086962244035138e-16,5.52767532227461e-16,1.3133397769386609e-19,3.248280006101556e-14,3.767298551838785e-19,1.8352821649725346e-19,-6.436919019577405e-20,3.174340273001516e-19
1.317490427873804e-10,5.032445760980075e-16,7.7841649645802e-16,3.8266200810728645e-16,5.971015739827661e-16,-1.0852254685875608e-12,6.069275975662947e-16,1.305231575691323e-10,-2.842272246247065e-20,1.3903450515341139e-19,2.82332170924896e-19,1.984789875413217e-19,1.61382212662093e-19,5.47731109710111e-16,6.53884908415752e-14,2.1188239809208193e-19,1.345278058716949e-19,-8.114947410804229e-20,1.3052322068164592e-10,8.330495742038223e-19,6.538868854799505e-14,5.406367049263121e-19,5.349076558250131e-19,8.016812199304777e-16,4.565295036591088e-16,9.215503406855668e-16,7.498685390247491e-20,3.1426157436615284e-19,1.1631069749235678e-19,6.538845999112127e-14,3.160107203185691e-19,6.00092335924582e-16,-1.452862761523708e-19,6.811719341128243e-16,5.971844401644559e-19,3.6038137467704737e-19,1.305233539335566e-10,6.538911671830635e-14,4.855837303200479e-16,3.076788698419957e-19,7.72006960438832e-20,4.736817458536599e-16,4.0734982723058274e-16,2.409450601252307e-19,4.866800822711688e-16,6.496095222557856e-19,2.8726144233954446e-19,4.840434957177577e-16,6.648802498791055e-16,5.261976071042096e-20,6.657423177457673e-16,6.538879068684615e-14,6.786241487720353e-16,5.279241219095906e-19,6.538882919413853e-14,2.7987700358778086e-19,5.209447775281794e-19,2.5934338044381904e-19,2.395208382411789e-19,1.3052328790140795e-10,-2.864862350373317e-19,2.377004904347204e-19,6.538844958599599e-14,-6.182871954627678e-19,1.0674654017641316e-18,3.2101252467545754e-19,4.668278665959162e-16,3.6605865774322094e-19,1.6740409773384129e-19,6.610688778364808e-16,3.7629602479359087e-19,5.514073323794084e-16,4.396005992373468e-16,2.8061483295176296e-19,1.0979361628037899e-19,5.361807067992745e-16,1.3052326328509778e-10,1.305234497881018e-10,1.305229494082396e-10,4.3694713987197473e-16,5.802037646990176e-16,6.538867181513962e-14,5.324984018186119e-16,1.3052316934183773e-10,6.226979463146292e-16,3.8211472301360133e-19,6.537046114111743e-16,6.168683404732612e-16,5.132135776629693e-16,2.6616017520033534e-19,5.173793235169806e-16,6.538870909789544e-14,6.538903329848787e-14,4.599576877852843e-16,4.677475375400751e-16,4.994409136653536e-16,1.396288565869505e-19,1.3052303125524605e-10,5.155941746813948e-16,4.632194456791701e-16,5.553985551300851e-16,2.2590928912676587e-19,5.231246633447585e-16,3.5362723601420203e-19,4.792617347132754e-16,4.4235420867673564e-16,2.487320484959544e-19,2.0404874320713622e-19,3.17332044169875e-19,5.572162343978918e-16,6.057064268056943e-16,4.952826589844954e-16,4.761558448844157e-16,5.744076443161197e-19,6.164594414259637e-16,4.036695115637808e-19,2.52418292291097e-19,4.264728128865073e-16,4.747448883539809e-16,2.5205970484554434e-19,5.165013528190069e-16,7.395937992491007e-16,5.272857267593405e-16,5.543113893109965e-16,1.3052326465939403e-10,1.980783980193383e-19,4.5754375815889935e-19,5.477026674927914e-19,1.3293790440588446e-19
-5.008793421841531e-11,5.317731685000482e-16,6.695234864354739e-19,4.3237082918884077e-16,6.349014359893665e-16,6.069275975662947e-16,-1.0779716694343712e-12,-2.5705577634082296e-14,4.998630606244438e-19,4.747951386202984e-16,1.4345900645831468e-19,2.1185139676556572e-19,4.603117137328085e-16,5.742493214864588e-16,-5.131112717380268e-11,-3.2420405564101786e-19,1.9133581654286774e-19,2.8632591126373196e-19,-2.5705608426182622e-14,7.649353449898311e-16,-5.1311205953606755e-11,4.4017072473674507e-16,6.580737182226042e-16,7.022696967771593e-19,-3.966535799030191e-19,2.7578981311495075e-19,6.696206417824446e-16,6.648078576617182e-16,4.336980967504782e-19,-5.131121440533795e-11,2.767756031377365e-19,6.59153748023894e-16,7.513114447116239e-16,2.8624867716075693e-19,8.175781439766146e-16,7.674667938194431e-16,-2.5705404721003528e-14,-5.1311036479084986e-11,1.2303166728792924e-19,4.2145733500311017e-16,5.099588576042988e-16,5.105519440991158e-16,2.7096024252549034e-19,5.200998782498855e-19,1.0360173554327868e-20,4.818780316052549e-19,3.737238448709926e-19,4.032635063283267e-19,6.823991262881609e-16,4.1974742858224566e-16,6.921694577523371e-16,-2.570566857990853e-14,7.250707696752718e-16,6.357882641889435e-16,-5.131144623149271e-11,4.937205176802047e-16,3.282842705805942e-19,3.2292811736980185e-19,1.325424299643202e-19,-2.570558185230789e-14,4.4231542805421476e-16,6.209937463258572e-16,-2.5705911601088312e-14,4.806832472117049e-16,6.171809942320175e-16,2.241132372938113e-19,5.098024337806506e-16,-5.1348237395892375e-21,5.432800632237974e-16,1.5018797938160942e-20,6.489286862507671e-16,5.864802081135779e-16,4.600549618928275e-16,5.483711577698019e-19,-1.7602149744442153e-19,2.089092861199357e-19,-5.13110484522765e-11,-5.131084617289181e-11,-5.131137056521444e-11,2.3570926574085754e-19,3.2570599087234607e-19,-2.57056730028056e-14,5.670772252168564e-20,-5.1311139958750966e-11,6.619825700904209e-16,7.048030164178076e-16,1.1057000939449025e-19,6.346381738690241e-16,5.505207456216503e-16,2.727005028642479e-19,5.407177932593328e-16,-2.5705696480956955e-14,-5.131081883955128e-11,-3.3181319939451284e-20,5.460854078354124e-20,4.0813445835836305e-20,5.048201160152039e-16,-2.570553855947613e-14,5.511681161773971e-16,5.048882357769289e-16,5.650699149976962e-16,4.872212535353978e-16,5.369396697946601e-16,4.879077660401736e-16,2.99451261632585e-19,4.7449815842270985e-16,-3.2180679473240705e-19,4.085608951190934e-19,6.033484477606439e-16,5.99003046292272e-16,-8.663792563180846e-20,2.2352798199436685e-19,5.16762784849321e-16,5.668950358833774e-16,6.446509275160272e-16,4.2573680995674245e-19,1.531603484787425e-19,4.60568143354199e-16,4.824621768989309e-16,1.7295463666097333e-19,7.935880493874296e-19,7.900602655173211e-16,5.621954619553168e-16,5.848998479008418e-16,-2.5705576893040886e-14,6.756862048789328e-16,5.521132655663418e-16,2.733432712403543e-19,1.5181138239132637e-19
0.9999999999980435,3.2572057147602634e-11,-1.5973902315713316e-14,1.3707883582478128e-15,3.2482705995213163e-14,1.305231575691323e-10,-2.5705577634082296e-14,1.0000000000103517,-2.5352754652207342e-14,-1.8859704791224306e-11,2.978570108532429e-14,4.395873947246771e-15,-4.000849667021052e-16,-1.2555880648903948e-15,1.0000000000161229,-3.98323051017487e-12,-4.933369567554568e-15,1.0897370259184202e-14,1.0000000000364049,-1.5178070180710704e-11,1.0000000000011653,-6.5841744393641544e-12,-1.2085077573119436e-10,8.022345917705272e-15,4.047554668833744e-15,1.1530641372111582e-10,-2.8170197302670364e-11,-2.08299736277774e-12,-4.0094903435605253e-11,0.9999999999846887,-2.336789186869386e-15,3.930677900319909e-11,-1.0420829511604987e-10,-1.3634661002397064e-14,4.041266376582897e-11,1.9682952299925223e-11,1.0000000000302531,1.0000000000184894,2.1805650730280268e-15,7.291203237586255e-12,4.22704438943077e-15,-4.235471456751189e-15,-1.778355015602541e-15,-2.0744365044388464e-12,-7.569955387282413e-12,3.907064015080746e-15,5.830064476439118e-12,1.3896888834194281e-14,2.2289815845122194e-14,1.1312948198156753e-12,2.4811672475548165e-11,1.0000000000264797,2.4501785318489195e-11,3.8123867088560615e-11,0.9999999999967212,1.241549174920091e-15,2.954539153958047e-11,-3.3627917504012705e-12,1.4730601469806743e-11,1.0000000000121407,-8.346485912428099e-13,-7.150833114151151e-12,1.000000000000057,-1.151674847696747e-11,-9.693778644855694e-11,-2.6764723039128115e-15,-8.631087717724657e-15,-6.6448060515670895e-15,2.99320472935276e-15,6.468591479985345e-11,5.840027199809388e-12,-1.2872307086308687e-14,4.294650406774478e-12,-6.008730723486061e-11,-1.17491013839449e-12,5.878261356873903e-11,0.9999999999854813,1.000000000011891,1.0000000000266331,1.5212401086810225e-11,3.4690466839215634e-11,0.9999999999918779,-1.0792053876066405e-11,0.9999999999908581,5.0116865475899085e-11,-3.3456782391933256e-14,-1.6756729434436594e-14,4.454121626880526e-12,6.065281347768699e-15,-6.572718493334987e-12,-8.28904780320143e-15,1.0000000000339142,1.0000000000253606,-4.807507715025563e-15,-1.2705705602611771e-11,2.7735538627860476e-11,4.567684891292782e-15,1.0000000000057605,-2.2931178347332808e-14,-1.6827459616355705e-11,1.2275357201084479e-12,-4.035359271677402e-12,-2.563541612875372e-14,1.2250521332242835e-11,-4.021748451842466e-11,-1.3311337897913557e-11,1.3120707268967429e-14,9.673730508277571e-15,7.567253061800884e-12,-6.8985585112270125e-15,3.3677427373702794e-15,-3.9219348857134843e-16,1.758082596313668e-14,1.5654258492560772e-11,-5.954349644175999e-15,-2.6981110206565842e-14,4.536036425864681e-15,7.809200136759479e-12,-6.80838874260217e-15,-5.636522413261795e-11,2.575991366662062e-12,3.810476550909516e-12,-1.9558998745416757e-11,-4.839746114220491e-12,0.9999999999942031,5.578038950711763e-15,5.3396210059280775e-12,-1.2530962624475337e-10,5.293874594416721e-14
-4.937798641161984e-11,5.231618061178672e-16,4.3208667806010873e-19,4.083643846020605e-16,1.7294403787005956e-19,-2.842272246247065e-20,4.998630606244438e-19,-2.5352754652207342e-14,-1.08523539250532e-12,4.3008780274944537e-16,6.314499098635171e-16,4.220265238214704e-16,4.22500960628234e-16,5.214095501457678e-16,-2.535307445859204e-14,4.075471215878148e-19,8.22015581012445e-20,2.8138518828618277e-19,-5.060651260378093e-11,4.577362540900397e-19,-2.535296483280246e-14,4.1049915772820456e-16,6.029781383007118e-16,3.8852646597501924e-19,7.390371257747915e-20,9.036604551869376e-16,6.402484696817335e-16,6.075178155097367e-16,7.079909287420847e-19,-2.535280583539835e-14,4.777988947124135e-16,6.386044357207589e-16,7.164647206399992e-16,6.764378186269625e-16,7.305194094758024e-16,6.339425632071478e-19,-5.0606365656513066e-11,-5.0606466672294625e-11,5.136425143073451e-16,3.9268944951210893e-16,4.953561851075003e-16,4.67910387986467e-16,4.0281042145646724e-16,5.363007923393424e-16,4.659854686506747e-16,7.256283248740487e-19,5.406394930856291e-16,3.0252389288570948e-19,6.444983942440397e-16,1.190777900273026e-19,6.556833348772785e-16,-5.060630972091637e-11,6.921554400979014e-16,9.987738381480856e-20,-2.5352998580818513e-14,1.3858184079828234e-19,2.771645254771674e-19,5.030068941229321e-16,4.399658230855816e-16,-5.060642907503871e-11,3.982119625686126e-16,5.800902559287792e-16,-5.060686026118765e-11,1.7261616897815232e-19,5.809718467097473e-16,2.858035261301608e-19,2.6253401346820125e-19,-3.0605177127686515e-19,4.970782665154012e-16,6.822248099424778e-16,6.254935824615602e-16,1.3842894014928403e-19,4.1736238084446456e-16,5.658551973677256e-16,4.305909788770772e-16,-2.4918139439850095e-20,-2.535297776512461e-14,-5.060628444726653e-11,-5.0606748239431393e-11,4.3554217772440803e-16,5.689650784204296e-16,-2.5352524571283914e-14,6.166576587452847e-19,-5.060655458967099e-11,3.9885943252422726e-19,6.602008242670212e-16,6.314268168994753e-16,4.349639092120432e-19,5.343854963481434e-16,5.246459695328282e-16,5.106869262066246e-16,-2.5352923362935324e-14,-2.5352696770533872e-14,4.496880460523851e-16,5.386757595145907e-19,4.864757752345463e-16,2.1156574154670493e-19,-2.5352742523695462e-14,4.817683879232835e-19,3.893123031771976e-19,5.443121648983799e-16,8.090636485757411e-20,5.005275499365173e-16,9.673960433866388e-20,4.491163011661045e-16,4.498680435764615e-16,2.0463815864995664e-19,4.877337474201613e-16,5.600886765198496e-16,-3.515761974821776e-20,6.24399885987282e-16,2.376554463490637e-19,4.934652517708659e-16,3.8666432554485625e-19,5.814706006641363e-16,6.492692587316402e-16,3.4550279930178533e-19,3.1582890559955927e-19,4.460617861576286e-16,2.243161092557953e-19,4.989393114806859e-16,3.0832016221365036e-19,2.439768862269037e-19,5.456705152698158e-16,-5.060645734847134e-11,6.544241293449867e-16,4.3257966038731033e-20,1.9978843718762553e-19,6.12080969909889e-16
-1.762034560636896e-11,4.366949341150655e-16,5.42627159769767e-19,3.206538825584259e-16,4.821036255374188e-16,1.3903450515341139e-19,4.747951386202984e-16,-1.8859704791224306e-11,4.3008780274944537e-16,-1.0852854263527102e-12,4.626385141942014e-19,3.5651571822277926e-16,-1.3419350284461085e-19,4.0188520134242746e-16,-9.448317640062822e-15,-1.6670167217960686e-19,2.767240247470713e-19,3.7338746649318097e-19,-9.448312255659608e-15,4.377534937968912e-19,-1.8859773659777475e-11,4.589317041623438e-19,4.840989050970367e-16,2.2107479609083035e-19,4.623035075084351e-19,3.5391686122708105e-19,5.091365646737146e-16,5.603271478639328e-20,4.530394528728995e-16,-1.8859744474765096e-11,4.878957532418092e-19,1.5888482111337513e-19,5.650410062713358e-16,5.167253268172885e-16,5.574074540720982e-16,2.0548000935334007e-19,-1.8859568765279782e-11,-1.88596499687247e-11,4.0775572361143675e-16,3.2004481070830257e-16,5.252277190089419e-19,3.727405113875498e-16,2.91994364863233e-16,2.6321436398852716e-19,1.4691098613047062e-19,9.191224145308841e-20,4.2179344588594e-16,4.010643188399165e-16,2.9728484449436854e-19,1.2594832139608429e-19,-1.1385400847469731e-19,-9.447994791610688e-15,5.527894704799175e-16,4.412444370392263e-19,-9.448554018185088e-15,3.4994440573624035e-16,4.322701472593529e-16,3.9628909967127076e-16,3.3148224959633756e-16,-9.448130158413469e-15,3.0590226882859696e-16,4.505659168855324e-16,-9.448250795993837e-15,2.314887103279978e-19,4.688329285831678e-16,1.619349208435534e-19,3.679611213350215e-16,3.5771965146194394e-16,2.39791252261483e-19,5.337925032207737e-16,5.062169442585342e-16,4.422434886678802e-16,3.257997795723076e-16,-2.450292073302537e-19,1.3439408356402707e-19,3.1691213349087087e-19,-9.448563527577449e-15,-9.447940824320476e-15,-1.8859837362780388e-11,2.3641710913719623e-19,4.4256617894366585e-16,-9.448554031883589e-15,3.885136379428447e-16,-9.44835240700485e-15,3.304087997120932e-19,5.37267213996271e-16,4.661930788655956e-16,-3.6474031458343976e-20,1.9720110662078882e-19,4.085842127930821e-16,3.997503344131274e-16,-1.8859671164128974e-11,-9.448215914437404e-15,3.4793340250034413e-16,4.000432044975342e-16,3.717544567189366e-16,2.556037834822303e-19,-1.885981256397156e-11,3.9005982762964875e-16,8.665213948682612e-22,1.5375911956850123e-19,3.5226608987840623e-16,1.7984524186290545e-19,8.280219730708894e-20,2.2133766867598338e-19,3.3371944737055385e-19,4.3771684502608326e-16,3.6901761301394585e-16,1.1631067676273298e-19,1.1923515499180531e-19,4.854811831465487e-16,1.7794783296223543e-19,1.6429757184425977e-19,4.264262067083676e-16,1.9401505564940335e-19,-6.461346735760206e-20,1.3402386166062013e-19,1.9900377202134328e-19,7.661002490864143e-20,9.43670305988858e-20,2.1025367175932986e-19,2.863423994861707e-19,2.7391014581769374e-19,4.345608265139924e-16,-9.448341853975839e-15,6.131633127194314e-19,4.2467541549455245e-16,-2.314074624786268e-20,4.952921616107204e-16
6.067688938545809e-11,5.471590358899625e-16,4.684935441695935e-19,2.2671167306155063e-19,6.637838440740782e-16,2.82332170924896e-19,1.4345900645831468e-19,2.978570108532429e-14,6.314499098635171e-16,4.626385141942014e-19,-1.0779623426142422e-12,2.8281783348209416e-19,5.224759937569996e-19,4.439855141153475e-19,5.945583034949572e-11,4.4165457210283457e-16,3.7624779591406073e-19,2.082320853536548e-19,2.978614215218088e-14,8.132779335546134e-16,5.945580289312883e-11,1.424458703223491e-19,1.7457551460611787e-19,8.825937213176024e-16,4.84346654752123e-16,7.132686663213881e-19,4.426473448781772e-19,6.978559163738209e-16,4.613456692353938e-19,5.945577802865896e-11,2.4734190558183556e-19,6.402929828243719e-16,2.9559849959244154e-19,8.80919563411427e-19,4.953970696526408e-19,7.565919568575421e-16,2.9785915933900665e-14,2.978628142662458e-14,1.4816832860852302e-19,4.471040616126566e-16,5.106643816513348e-16,2.7285973536094444e-19,3.829625327010735e-19,3.1555251252966723e-19,5.381276931898431e-16,8.202816348179597e-20,2.512887670360243e-19,5.29540014765656e-16,7.193397586398766e-16,1.3789698857957707e-19,3.11827609938612e-19,2.978591907271773e-14,7.39098506282703e-16,6.405289980406093e-16,2.97856650804491e-14,4.964931734401616e-16,4.066775335083335e-19,2.7652002568737743e-20,4.575000981174633e-16,5.945595357189553e-11,4.741402909095305e-16,6.499122071067753e-16,2.978561807711983e-14,5.2972027611813e-16,6.705433275025103e-16,1.2812009813267852e-19,4.949976300205549e-16,4.665824624511661e-19,5.396165618946476e-16,6.974244054275882e-16,6.36705949838247e-16,5.824830342580372e-16,4.892387305111641e-16,3.981106484028329e-19,4.137215571961974e-16,2.995391253226862e-19,2.9785814404093766e-14,2.978595945515474e-14,5.945559942387994e-11,3.6124933508700893e-19,1.145656199883295e-19,5.945578973831059e-11,6.025225564209837e-16,5.945585364628926e-11,6.750456270855931e-16,2.920756024090191e-19,7.171281520584277e-16,3.327595853006153e-19,5.515768411582392e-16,6.349461119210558e-19,2.8995767398323167e-19,5.945593012348646e-11,5.945616635707802e-11,2.618521450115918e-19,5.085438186129551e-16,5.429516078033732e-16,2.8894612711128286e-19,2.978575140659456e-14,5.477513802182354e-16,2.565498865996394e-19,6.135012454458348e-16,4.862097902994442e-16,5.806597590078308e-16,4.708534113091273e-16,5.312210138706064e-16,3.88004336744697e-20,5.527197944761011e-16,5.006476851205691e-16,6.371753693928088e-16,1.9109073130181538e-19,2.7909341012381146e-19,3.852317074849074e-19,1.8172352118669283e-19,5.980623445360914e-16,4.7015726986957353e-20,7.599408496187727e-16,4.609460581545833e-16,4.505179956033093e-16,5.274174028025423e-16,5.591859247338435e-16,5.727965424333525e-16,8.150399997890488e-16,5.599646773605415e-16,5.992950455886246e-16,5.945592961222368e-11,6.692186147577202e-16,2.8444832466240443e-19,3.3358643170397043e-19,6.63167999980673e-16
1.0018182473829058e-11,3.6006093349578026e-16,1.2239700499006202e-19,-1.1923358490819158e-19,4.349879543027528e-16,1.984789875413217e-19,2.1185139676556572e-19,4.395873947246771e-15,4.220265238214704e-16,3.5651571822277926e-16,2.8281783348209416e-19,-1.0852194928022374e-12,2.386555900432835e-19,1.9289485043274441e-19,8.774528499966688e-12,3.220124278028203e-16,3.089327342205952e-16,4.765374621764501e-16,4.396000136721997e-15,2.5520764053142624e-19,4.395673153583831e-15,2.685918149836563e-19,2.8522248543434203e-19,5.808941182243989e-16,3.562798788624525e-16,6.735791000499105e-16,-1.150611767659179e-19,1.656800090017868e-19,4.494682341476511e-16,8.77447322705583e-12,2.8778851551828255e-19,4.737764614115405e-16,5.276151667595707e-16,5.12993542987525e-16,1.467340762389188e-19,5.547483068497236e-16,8.77467688549483e-12,4.395856947877553e-15,3.703231231249727e-16,2.9019781488791634e-16,3.504254221621468e-16,1.6353682773982358e-19,8.013013577737379e-20,2.6358454079053163e-19,3.50611769121618e-16,1.2401071447399871e-19,1.98091495413551e-19,3.9357266302136634e-19,5.516441802060811e-19,3.102583962181125e-16,4.891982111662363e-16,4.3957762789942486e-15,5.095174598554493e-16,1.1629168611673336e-19,4.395718260060263e-15,4.073426078034438e-19,1.600915227801462e-19,3.6772125751405253e-16,3.506146818028788e-16,4.3957273526844264e-15,3.273141818415168e-16,2.067230555896412e-19,4.395645657953817e-15,3.3365722799222444e-16,4.4266033266300747e-16,3.0826686047358604e-16,-1.7165241030238668e-19,3.3131783164928833e-16,3.9654311215463e-16,3.112937989750584e-19,2.2052680242908223e-19,2.1878251241647523e-19,3.3819756674456066e-16,2.0707522024892066e-19,3.142728857429257e-16,2.3404236061888147e-19,4.3958229741362675e-15,8.774735652983879e-12,4.395628785573794e-15,3.7846599367372254e-19,4.3364344055794027e-16,8.77447606762996e-12,3.785188267427908e-16,4.395741075048634e-15,4.798592665312053e-16,4.924134073490233e-16,4.241836947034616e-20,2.80388411765248e-19,3.8188228043751625e-16,4.0011384792767956e-16,2.316990732095634e-19,8.774557983411662e-12,4.395829658849441e-15,2.234972975945695e-19,9.357222114651424e-20,3.9228644510084976e-16,4.859647770359037e-19,4.3955692731669995e-15,4.129049313269172e-16,4.47731789667919e-19,3.7386124544432304e-16,1.6293068145287975e-19,3.760857366468918e-16,3.561694666242981e-16,3.4966741275659076e-16,3.3194502230266443e-16,-8.601482639070611e-22,3.655760134843963e-16,4.1505268346807957e-16,8.258264996612894e-20,2.252225268664644e-19,1.3371046742485772e-19,7.403716851640136e-20,4.038432216360862e-16,2.27743771865599e-19,1.1906159340736787e-19,1.4248096552659774e-19,7.993580721560016e-20,2.253065521741753e-19,3.9483851943107523e-16,4.0028897680770285e-16,5.699884825055826e-16,5.62301669151969e-19,4.2116676755754325e-16,4.396169046876129e-15,3.187401189886038e-19,3.932857187505732e-16,4.1512752963968034e-16,-8.14518765023073e-20
4.494107617467591e-13,3.8629980865707714e-16,4.778181587914026e-19,3.0452599339175205e-16,3.107596253491322e-19,1.61382212662093e-19,4.603117137328085e-16,-4.000849667021052e-16,4.22500960628234e-16,-1.3419350284461085e-19,5.224759937569996e-19,2.386555900432835e-19,-1.0851592497403785e-12,4.417418860822405e-16,-3.99936614219751e-16,3.1901336306055e-16,4.092044878598949e-20,1.3751587014341577e-19,-3.9975484229501958e-16,2.5932393223757087e-19,-7.984142477401249e-13,-1.3963098583862712e-19,4.536846533704599e-19,2.383579311817047e-19,3.5734085826224306e-16,6.352733970830635e-16,1.7342425025611294e-19,2.2315166494350906e-19,1.961426751692339e-20,-7.98446007453223e-13,3.830761244098248e-16,1.7809851788642142e-19,3.2638569099170113e-19,4.000711165871127e-19,5.874798701740819e-16,8.586480905444349e-20,-3.994499614208597e-16,-3.9991589194884645e-16,4.012266635672863e-16,4.496581750240302e-20,2.6085767285474115e-19,3.4618156589702394e-16,2.8769702887698513e-19,4.017276981852305e-16,2.803969220059673e-20,3.348214120587436e-16,4.227051760769343e-16,3.884679152407797e-16,6.050065508330348e-19,3.110309138801918e-16,4.822840535967264e-16,-4.002128379043648e-16,5.271602876781083e-16,4.683225487437796e-16,-4.0009191694383034e-16,2.8040491774641595e-19,1.600796309621966e-19,3.510775260024999e-21,3.3920197360919263e-16,-4.0001532875597295e-16,2.991658559068824e-16,4.666735128415713e-16,-4.001882526517771e-16,-5.752741509607184e-20,4.2315584268854684e-16,2.986445718286699e-16,3.671927311652035e-16,3.2969906859145955e-16,3.8468698769325775e-16,4.2909437372101293e-19,2.0414892283448117e-19,4.1244453850922853e-16,1.0726701575932527e-19,4.409966532260827e-19,1.4734465833488786e-19,2.8192430770646927e-19,-7.983123050339183e-13,-3.9994797532428966e-16,-4.000976550885796e-16,3.8500768814477956e-19,4.53792305957558e-16,-4.000815059740341e-16,3.886905628724821e-16,-4.000955067279946e-16,4.684549652738654e-16,4.982932493926235e-16,5.061901068189183e-16,1.0801482901085104e-19,1.1169003278768416e-19,2.1599313696479082e-19,1.6327321413672648e-19,-7.983200879625786e-13,-7.981193885355657e-13,3.572738359974292e-16,1.2555786881030478e-19,2.620421461742402e-19,8.386472735080763e-20,-3.998334267678587e-16,1.8477603712518442e-19,2.60997506127802e-19,4.2162756846692703e-16,3.4646129339286687e-16,4.07705105052644e-16,4.420684161248198e-19,3.7921574161726855e-16,2.629062945963551e-19,1.0381332087077013e-19,4.07270845379184e-16,3.646847862009465e-19,5.12873551891581e-19,4.576044878058501e-16,3.6145007310390766e-16,3.442335715851067e-16,4.0162082395563075e-16,4.669253943368185e-19,2.984812597195916e-19,3.42845505249132e-16,1.510965008169645e-19,3.4925200873238177e-16,2.6520620745403183e-19,2.0302134331197646e-19,1.8078965296533804e-19,3.9945248671659994e-16,1.9352767222334065e-19,-4.0012145817911237e-16,4.983342555532901e-16,3.939467135987602e-16,2.112210010659372e-19,4.936641007644051e-19
