1.0000000033173881,8.495744940126697e-08,1.4144834869540143e-07,-1.731869891920062e-08,3.2699167052496155e-08,-2.407648967961365e-08,8.520874236709494e-08,-1.1214926696169778e-07,4.5154584198946793e-07,-7.806395953976414e-08,-1.812352741179571e-08,2.567080220956937e-08,3.650426186807189e-08,1.2143165983403018e-07,-5.449206069760231e-08,-8.530620389878456e-08,1.00000118994035,-9.236347225497646e-08,-2.3574416677208696e-07,1.0000011567016909,1.0448374441952084e-07,7.969500708983895e-08,1.9987445072549653e-07,2.238423561070682e-08,1.0000011596827296,-9.974742903832915e-08,-1.5084661830713412e-08,5.341254606519108e-08,-5.600714923956122e-09,-3.212633842756608e-07,2.7874652030290932e-08,-6.871320892667096e-08,1.7390138111708652e-07,7.785050906139373e-08,3.488431872222585e-07,-3.520377927238509e-08,1.2507659303598056e-07,4.0904401268046454e-08,-6.709285517560975e-08,1.0000012668541933,-8.670714341009186e-09,2.6425780112724594e-08,1.5354339058218906e-08,1.9700074316912558e-08,-2.6692186805582885e-07,-3.180052361583234e-08,2.4355554659633578e-08,1.0000011871230692,2.2792631010533152e-08,-2.389162790488825e-08,6.195587111097738e-08,3.146682993641085e-07,-1.0108765550979452e-09,-1.159226652035775e-07,2.6077255345040447e-08,1.000001283872579,-7.928497502391778e-08,5.2949724986199255e-08,1.0000012142147,2.4447073564945307e-08,1.9984102823391227e-08,1.1031720610654107e-08,1.3142556178132248e-08,1.0000012137789007,4.523667702347959e-08,7.015763498853893e-08,1.0619535862038037e-07,1.192117594576868e-07,-1.6085627570442385e-07,-9.090136121030809e-08,4.4531652853569904e-08,1.0000012655241655,-2.76479746515875e-07,-7.79279485526821e-09,3.2666779108635294e-08,-1.9420340809331938e-08,-1.1541358581728645e-07,4.9944149952422365e-09,6.136501822737982e-08,1.531123635514413e-07,1.0000012032684127,1.5415743613831181e-07,-1.0955758021182766e-07,8.716278786322796e-08,6.069905227349489e-08,1.0000011819790817,-3.252885805705928e-08,-8.186527770509775e-08,1.0000012021442346,-2.1097470833757457e-08,-1.6343572258374626e-07,1.3818388206028715e-08,1.6693762969941222e-07,1.2580024704365952e-07,-1.0597243298423516e-07,1.7585914288143672e-07,8.545513945985025e-08,3.035713179396167e-08,1.0000012117125268,-9.033522232797234e-08,2.0360825347739973e-08,4.612170849297298e-08,-1.3364209336956706e-08,3.221460116960248e-08,1.0000011845880727,1.0000012319152942,1.690529212458589e-08,1.0000012431030796,3.663207842519554e-09,-5.440379553858449e-08,1.000001190592813,5.498139544132043e-08,3.1182068706929075e-08,1.2912610693944946e-07,7.308366753128865e-08,1.3553583835933083e-07,7.435945821740079e-08,1.475623365178834e-08,2.8904610033856252e-08,8.27160863491982e-08,2.0764390331555624e-07,-5.69326141279653e-08,-1.365835199681726e-07,-3.4536835935043585e-07,-1.3564555054026742e-08,1.5101942446915695e-07,2.475561751809478e-07,-8.680341663100454e-08,1.0000011587198256
8.495744940126697e-08,6.207124762290708e-07,-9.661020546213866e-09,-8.489594422169857e-09,-9.361247305847402e-09,-8.427144306239405e-09,-9.222736304486669e-09,-8.254803465267873e-09,-2.0478797773129825e-08,-1.3795201701884649e-08,-9.186445897992097e-09,-1.0154327967058644e-08,-1.3918230186562391e-08,-9.149258459272491e-09,-8.068541613137432e-09,-1.2135272590032398e-08,-1.2078813876302833e-07,-8.506019609735479e-09,-1.1982085527746093e-08,-1.1727555227169788e-07,-6.582482040636789e-09,-1.0280432621329941e-08,-1.4263481862581396e-08,-8.709823613969792e-09,-1.0712187257511603e-07,-7.511299756996996e-09,-1.0572999526517863e-08,-7.260809421024736e-09,-1.1602363550012923e-08,-1.3656648198970256e-08,-7.109334007389192e-09,-1.2055558616239463e-08,-9.171459617704187e-09,-1.0477955841663693e-08,-1.653604580665672e-08,-1.1931971048972942e-08,-1.0483887405658862e-08,-1.0263849528009525e-08,-1.0424642387912612e-08,-1.1367268938054039e-07,-7.027615277215125e-09,-1.0351047019581542e-08,-1.2083877390998389e-08,-1.032390627021401e-08,-1.1916812457172595e-08,-6.874128745138028e-09,-7.771979408557263e-09,-1.1652056371362238e-07,-9.36238883417762e-09,-7.567519345549744e-09,-8.677740840375316e-09,-2.0431440036722115e-08,-7.172402252792704e-09,-7.602566022031758e-09,-1.215899069677157e-08,-1.0962112453207829e-07,-1.2124642584052426e-08,-1.0212841610756514e-08,-1.1334813501339948e-07,-9.176205318069975e-09,-9.00175211658689e-09,-9.06657980683132e-09,-7.732166380363686e-09,-1.2848665853261033e-07,-1.1877194614623083e-08,-1.0483889813400418e-08,-6.629887213638379e-09,-1.676431521325648e-08,-5.824781682549575e-12,-3.901123357915356e-12,-4.7124886494061274e-12,-5.750354631118071e-11,-6.934007274514764e-12,-4.298831812471816e-12,-4.6874401787624926e-12,-3.5199379436114738e-12,-3.799721185222307e-12,-5.1791130624045276e-12,-5.3225640955277045e-12,-4.301137057174656e-12,-5.942419592837433e-11,-4.624721863864753e-12,-5.051618230651709e-12,-5.257931943837699e-12,-4.272448277760328e-12,-5.872602683680733e-11,-5.102131283000875e-12,-3.4548596204163833e-12,-5.5350884798726673e-11,-3.4997760152195368e-12,-3.776937298345233e-12,-3.4769375316871717e-12,-6.076285325608165e-12,-5.187460607411284e-12,-5.176513950255048e-12,-4.6840926117610825e-12,-7.0365790069206875e-12,-3.171857343214436e-12,-6.095161100982787e-11,-3.764757037131047e-12,-5.237480336897643e-12,-4.199043286272251e-12,-4.630253176066339e-12,-4.69687273360598e-12,-5.878563421448925e-11,-5.54484071161387e-11,-4.1772620502579995e-12,-5.875992843426095e-11,-5.300321284124002e-12,-3.811394284045362e-12,-5.586014933038546e-11,-4.728114166469708e-12,-4.751784928528279e-12,-8.240989166611644e-12,-4.782403635614952e-12,-4.4951924925915444e-12,-5.237111884479983e-12,-3.761905335486916e-12,-3.5371460696971304e-12,-4.6215619360134505e-12,-4.813563588256241e-12,-3.9842627030601876e-12,-5.9771852102917856e-12,-5.898794691224565e-12,-4.2201968966935385e-12,-5.403525152597522e-12,-8.220531602759719e-12,-3.848278357389094e-12,-5.881932271194841e-11
1.4144834869540143e-07,-9.661020546213866e-09,6.19715807935314e-07,-4.476236713727807e-12,-4.933520978987967e-12,-8.856054418302555e-09,-9.69019116827955e-09,-4.339153870970356e-12,-1.0851443835134076e-11,-7.283672514867193e-12,-4.832480039757142e-12,-1.0655040185623023e-08,-7.360410488057304e-12,-4.807195168617241e-12,-8.449463400852756e-09,-6.412500141393569e-12,-5.7047625004340116e-08,-4.4834445162957706e-12,-1.2627660377679057e-08,-2.6666585421147134e-11,-3.469258687475756e-12,-1.0800921387139674e-08,-7.558627310694769e-12,-4.601657234380155e-12,-2.112396070031427e-11,-7.876726242903417e-09,-1.1137776144594036e-08,-3.833392217962411e-12,-6.107840974386541e-12,-7.2080572612792174e-12,-7.478712125795907e-09,-6.371665631863537e-12,-4.824330035258164e-12,-1.1025243397833878e-08,-1.7463318932019787e-08,-1.2564033310117703e-08,-5.527350116929571e-12,-5.398132938051687e-12,-1.096116805187441e-08,-4.926818860791054e-08,-7.385031134753672e-09,-1.0877587708514619e-08,-6.385473628290567e-12,-5.434772673983167e-12,-6.287190283183357e-12,-7.20045286412878e-09,-4.097539769164635e-12,-2.6258047154305388e-11,-4.935498767621504e-12,-3.978008430025438e-12,-9.152065655060512e-09,-1.0829435597019318e-11,-3.78316823856591e-12,-4.0026392067066495e-12,-1.2825242992180179e-08,-4.485312319083778e-08,-1.2784689956863205e-08,-5.372897631992645e-12,-4.895338925684123e-08,-9.628151663731124e-09,-9.43135293372055e-09,-4.764447161680393e-12,-4.077498648521894e-12,-3.279098227268272e-11,-1.2503078529201861e-08,-1.102936124705471e-08,-3.4955835913683105e-12,-1.7719085144354957e-08,-1.2225179120180513e-08,-8.197096546830198e-09,-9.897397739497524e-09,-5.048531263787247e-08,-1.459541511762951e-08,-9.037035307926152e-09,-9.842095041351563e-09,-7.380642512425624e-09,-7.95749780850966e-09,-1.0872415431088061e-08,-1.1197688675888935e-08,-9.038149931054603e-09,-5.4653002430957255e-08,-9.700233831665476e-09,-1.0567547468000055e-08,-1.1046022964822997e-08,-8.973464278667883e-09,-5.314375641641658e-08,-1.068980315932931e-08,-7.230882608400127e-09,-2.2945997027925183e-11,-7.3357635447405675e-09,-7.910563258327812e-09,-7.282709268216537e-09,-1.279645185152701e-08,-1.0882871157343217e-08,-1.0852556547312794e-08,-9.830272208928586e-09,-1.4823798145401333e-08,-6.628278419061638e-09,-5.7994530787999773e-08,-7.884127385558977e-09,-5.509763723571979e-12,-4.411513056463188e-12,-4.863815515980202e-12,-4.940278873504497e-12,-2.6693204847084677e-11,-2.3061121580972568e-11,-4.3869569534170936e-12,-2.6668515376813642e-11,-5.583303369869904e-12,-4.000744879675055e-12,-2.3502810069161828e-11,-4.976399275015949e-12,-5.004212804109451e-12,-8.695253533306632e-12,-5.039746158659052e-12,-4.708866244490691e-12,-5.5117661438197344e-12,-3.947582891398232e-12,-3.7192609577765045e-12,-4.855290468423788e-12,-5.076504174048387e-12,-4.2037064434456935e-12,-6.296628228696423e-12,-6.205025917582208e-12,-4.439833532905479e-12,-5.703679142200818e-12,-8.677616727427012e-12,-4.0470292416253625e-12,-2.672952119961333e-11
-1.731869891920062e-08,-8.489594422169857e-09,-4.476236713727807e-12,6.22072206147724e-07,-8.644272956707306e-09,-7.778540411201698e-09,-4.264700377043196e-12,-3.814712017803447e-12,-9.496734982333734e-12,-6.387238435130937e-12,-8.47620625481607e-09,-9.366716297779097e-09,-1.287136016359925e-08,-4.22729334179715e-12,-3.72560952657054e-12,-5.620677391437809e-12,-1.15424814305147e-10,-3.93545526158564e-12,-5.547816239614969e-12,-2.2708047168659025e-07,-3.045216863918491e-12,-9.48821146455496e-09,-1.3202460225478294e-08,-8.051418569523912e-09,-1.090028631647487e-10,-6.926719613259365e-09,-9.769329866346227e-09,-3.361654215572983e-12,-5.365111524488622e-12,-6.322114684846408e-12,-3.289013912844848e-12,-5.584234800279756e-12,-8.462236116184327e-09,-9.676805394770436e-09,-1.529580784615115e-08,-5.522608307732048e-12,-4.851127433414124e-12,-9.469422161696183e-09,-4.821992932478627e-12,-1.1207686856833019e-10,-3.2497081090109938e-12,-4.786758581311302e-12,-5.596944344621685e-12,-4.773920298872195e-12,-1.1009198603470337e-08,-6.335961381130414e-09,-3.596186109590312e-12,-2.263752573718477e-07,-8.64651896197181e-09,-6.980108996259768e-09,-8.022190189710279e-09,-1.8913546986834515e-08,-3.319345436942566e-12,-3.5156873513864448e-12,-5.6319125946876634e-12,-1.1017332567239726e-10,-1.1207634259373004e-08,-9.423573989508903e-09,-1.1193173612295787e-10,-4.2406377697322694e-12,-8.298011407954377e-09,-4.1893686746957175e-12,-7.1418009622430884e-09,-2.3759605188851454e-07,-1.0971112623546145e-08,-9.681516975752815e-09,-3.0676511509305923e-12,-7.771936686229927e-12,-1.0733943121968619e-08,-3.6034562962981595e-12,-4.352209018208343e-12,-1.125938751001517e-10,-1.2794008983570671e-08,-7.927382088382328e-09,-8.639695033937912e-09,-6.483721702655604e-09,-3.504793774740934e-12,-4.782212109052939e-12,-4.919203355938396e-12,-3.97317398235687e-12,-1.1439308831555822e-10,-8.52033711550005e-09,-9.295951935365082e-09,-4.85656017671226e-12,-7.87576619491979e-09,-1.1374014640674639e-10,-4.707074656882809e-12,-3.185756092425811e-12,-1.1057199777566575e-10,-6.445579703951422e-09,-3.4839124243165045e-12,-3.207257686127481e-12,-1.1213941599445802e-08,-9.557809697022576e-09,-9.534785301137987e-09,-4.324619027078117e-12,-1.2988099440986438e-08,-2.9228465892460287e-12,-1.1582910574963648e-10,-6.9310664229710106e-09,-9.653571088642879e-09,-7.7351898371762e-09,-8.528879251981822e-09,-8.656548230385081e-09,-2.2712338995192784e-07,-2.2088078114383734e-07,-7.69382075694495e-09,-2.2707778746575013e-07,-9.77502022380869e-09,-7.018302923403497e-09,-2.2164612906082177e-07,-8.71666082467472e-09,-8.76251582133028e-09,-1.5209038412168978e-08,-4.419578096982983e-12,-4.1435427821553525e-12,-4.8370705462034995e-12,-3.470112963939979e-12,-3.265598479458996e-12,-4.265300814710187e-12,-4.449896024801913e-12,-3.683880749551075e-12,-5.522858188109253e-12,-5.446973451871631e-12,-3.897203588870475e-12,-4.99714719410617e-12,-7.602474253753547e-12,-3.553088453912295e-12,-1.1382592534387146e-10
3.2699167052496155e-08,-9.361247305847402e-09,-4.933520978987967e-12,-8.644272956707306e-09,6.203828715917475e-07,-8.576464790419814e-09,-4.702248156836786e-12,-4.206646508772257e-12,-2.0887382894951583e-08,-1.4053358060329182e-08,-9.346428214289645e-09,-5.1749672401076305e-12,-1.4186328742445965e-08,-4.6618415977295774e-12,-4.109122697450458e-12,-1.2365751247409627e-08,-1.7061115056772932e-07,-8.659965780861496e-09,-1.2206468825411356e-08,-8.366782359438917e-11,-3.357624112664702e-12,-1.0461807363054604e-08,-7.288972604103013e-12,-8.874619157611056e-09,-7.842600351225264e-11,-7.638818380489253e-09,-1.0769249358092638e-08,-7.3964882763162125e-09,-5.915720591589771e-12,-1.3910616736285402e-08,-3.626269479367373e-12,-1.2285392273329078e-08,-4.674924516576618e-12,-1.066838972683918e-08,-1.6857588514180735e-08,-6.08818783806455e-12,-5.348127818170969e-12,-1.0442054946285288e-08,-5.316442637468726e-12,-1.6327064478216318e-07,-7.152215031748793e-09,-1.0534598509502911e-08,-6.1691764701302045e-12,-1.0506510039106401e-08,-1.2136703674909198e-08,-3.5011450331633427e-12,-3.9646866986695e-12,-8.327925747869095e-11,-9.532252312352354e-09,-3.85650192381153e-12,-4.4301252768675944e-12,-1.044166528549282e-11,-3.65943275849229e-12,-3.876360443835363e-12,-6.2076744768350635e-12,-7.971302727945477e-11,-6.189433359506513e-12,-5.206085429660981e-12,-8.164364283441078e-11,-4.676411698314831e-12,-4.585255543414187e-12,-4.619897854392414e-12,-3.9446827475674235e-12,-1.7854368389419426e-07,-1.2094967097250057e-08,-1.0673715320981852e-08,-3.3822490009325604e-12,-1.7095103288384965e-08,-1.1834884493459102e-08,-7.92933876568798e-09,-9.576918450379019e-09,-1.644016790303112e-07,-1.4102411558733693e-08,-8.73910443775622e-09,-9.525131806185422e-09,-3.581945161067065e-12,-3.864977834488691e-12,-1.0523590179617718e-08,-5.422502955728632e-12,-4.380123337440004e-12,-1.6834866267587042e-07,-4.7066276810554e-12,-5.13656743203998e-12,-1.0686402088340896e-08,-4.350146605941904e-12,-8.36311363693031e-11,-1.0360415048321016e-08,-3.513536178178501e-12,-1.5996875428739e-07,-7.107680629602699e-09,-3.841925184609221e-12,-3.5368967345569517e-12,-1.2360049406544107e-08,-1.0538376420820094e-08,-1.0513691653714786e-08,-9.516715742848826e-09,-1.4315050453935465e-08,-3.224043223212784e-12,-8.592617740607523e-11,-7.643400756904408e-09,-1.0643028533868062e-08,-8.528906190823875e-09,-4.711693260994437e-12,-4.7815849220885075e-12,-1.6703568629897472e-07,-8.025386685955884e-11,-8.483518921412156e-09,-1.6698499491778396e-07,-5.398651819361982e-12,-3.877433598710849e-12,-8.067585831589107e-11,-9.609416285260416e-09,-4.839454933440109e-12,-8.39865891686491e-12,-9.723962400411338e-09,-9.121433042025942e-09,-1.064390924769721e-08,-3.826692603524328e-12,-3.600574232771532e-12,-4.703021953568508e-12,-4.9048645670352645e-12,-4.060345364148768e-12,-6.088258334509391e-12,-6.005447287358444e-12,-4.2965753907317866e-12,-5.507640299537475e-12,-8.37912317849425e-12,-3.917459297004114e-12,-8.372579692978319e-11
-2.407648967961365e-08,-8.427144306239405e-09,-8.856054418302555e-09,-7.778540411201698e-09,-8.576464790419814e-09,6.22193534920145e-07,-4.232612245836445e-12,-7.559789225925793e-09,-1.877862505464298e-08,-6.333904608604001e-12,-4.2154894713589545e-12,-9.29948921005899e-09,-1.2758432378703677e-08,-4.197605282423263e-12,-3.7009215720375226e-12,-1.1122584649613729e-08,-1.1941877496928925e-10,-7.79323279766607e-09,-5.501438549211258e-12,-2.3510926301739381e-07,-6.030431142671947e-09,-4.7179573127197836e-12,-1.3079316914455009e-08,-3.99952499104691e-12,-1.1310887360334405e-10,-6.878294571792131e-09,-9.68893179892482e-09,-3.3336997266886117e-12,-1.0627759160444025e-08,-1.2514518879553717e-08,-6.513282346572922e-09,-5.53610140357584e-12,-4.208611349362372e-12,-4.809737835104587e-12,-7.595050767800811e-12,-5.477731174448965e-12,-9.605752521181757e-09,-9.400348674273343e-09,-4.784703316312738e-12,-1.1613187089416377e-10,-3.225126399807755e-12,-9.48179823491161e-09,-5.5489862978606525e-12,-4.7378888815497904e-12,-5.4707867688567446e-12,-3.1531311244728413e-12,-7.12090534383482e-09,-2.3441457745341507e-07,-8.578162176520756e-09,-6.930261525181919e-09,-7.953657080546882e-09,-1.8736041527797277e-08,-6.57190115971862e-09,-6.964224686748712e-09,-5.583541299661959e-12,-1.1426135011805345e-10,-5.567415858254418e-12,-9.354110081089868e-09,-1.1598476696046905e-10,-4.2102496413995434e-12,-4.129203133798186e-12,-8.302887381624853e-09,-7.084690468458027e-09,-2.45440912008202e-07,-1.0882772687403494e-08,-4.812326318276246e-12,-3.0432330232281374e-12,-7.70090428822129e-12,-1.0650697297032233e-08,-7.134527974086882e-09,-8.618026172448035e-09,-1.166361820302647e-10,-1.2684779618634121e-08,-3.939210601441631e-12,-4.294575093812843e-12,-3.2241118445688835e-12,-6.945535054878804e-09,-4.7448984383614274e-12,-4.877917483196838e-12,-3.941109859247253e-12,-1.1840530678887003e-10,-4.236481072980031e-12,-4.625358118153849e-12,-9.615983828460595e-09,-7.813299535342066e-09,-1.177626180311057e-10,-4.672805179118903e-12,-3.1635227413035124e-12,-2.2883185666754974e-07,-3.2054547765333046e-12,-6.9039928138586935e-09,-6.355624145443469e-09,-1.111676304460441e-08,-9.484840606000035e-09,-4.741395130434444e-12,-4.291241380503906e-12,-1.2874332379199649e-08,-2.903679340647684e-12,-2.391362000281117e-07,-6.881604435875825e-09,-4.7984915251250785e-12,-3.846336882545054e-12,-8.465202700664294e-09,-4.303097731526093e-12,-2.3515008715652042e-07,-2.2901366402041592e-07,-3.826174184318343e-12,-1.1779375169338597e-10,-4.857112014609889e-12,-3.490695843824869e-12,-1.151208671163501e-10,-8.647028818229713e-09,-4.3543536030955465e-12,-1.507712270138392e-08,-4.382769659150484e-12,-8.214935635412213e-09,-4.798458033318724e-12,-6.876585332002473e-09,-6.467714969468562e-09,-8.449614400134873e-09,-8.805985879441098e-09,-7.289371428977945e-09,-1.0932565944919509e-08,-1.0786586795737939e-08,-3.8665498166963585e-12,-4.9533015723104465e-12,-7.535609962952394e-12,-3.525501001658026e-12,-1.1784794895035297e-10
8.520874236709494e-08,-9.222736304486669e-09,-9.69019116827955e-09,-4.264700377043196e-12,-4.702248156836786e-12,-4.232612245836445e-12,6.206677375150191e-07,-4.145257169367459e-12,-2.0545535385041552e-08,-6.93102262820514e-12,-4.613462021281414e-12,-5.099102638620642e-12,-6.99424330031461e-12,-4.594086306716819e-12,-4.0507620477661135e-12,-6.097647450546137e-12,-6.015756879683494e-11,-8.528412245621318e-09,-1.2015893875037012e-08,-1.1651996475410515e-07,-3.3064658075975394e-12,-1.0305681548234357e-08,-7.169548034781242e-12,-4.3764087089556114e-12,-5.326220506429154e-11,-7.528145995261458e-09,-5.3118834479622896e-12,-7.281318463586616e-09,-1.163096450564679e-08,-1.3694583785864938e-08,-7.12793577250059e-09,-1.2091047773658679e-08,-9.193263925646139e-09,-1.0505592263937187e-08,-1.6587038595616155e-08,-5.994280305223925e-12,-1.051163445418685e-08,-1.0287969583961525e-08,-1.0451205984671332e-08,-1.128898668021995e-07,-7.0451169122029816e-09,-1.0376660082976221e-08,-1.211916219548439e-08,-1.034928992748568e-08,-5.986701970375002e-12,-6.888604722587114e-09,-3.904169477931236e-12,-5.800442066902485e-11,-9.387158147381998e-09,-3.8001136598822324e-12,-8.703088226366392e-09,-2.049874635494488e-08,-7.191847418499528e-09,-3.8184514613385635e-12,-1.219459702095669e-08,-1.088100019603142e-07,-1.2159678214186398e-08,-1.0237184030998309e-08,-5.640465650879056e-11,-4.60788809683463e-12,-4.519471514014284e-12,-9.087080472689257e-09,-7.752937290302912e-09,-1.278101813533056e-07,-1.1909103513790562e-08,-1.051130894441357e-08,-3.3304352821987935e-12,-8.425853347843816e-12,-5.839622543171568e-12,-3.911687696585892e-12,-4.724968811256062e-12,-1.1398854436995842e-07,-6.954154019218502e-12,-4.310698108014922e-12,-9.380461094968073e-09,-7.04295197550914e-09,-7.601700692841878e-09,-5.192500099225497e-12,-1.0653873732513533e-08,-4.31276512837888e-12,-5.905012266912108e-11,-9.253760497744605e-09,-1.010464780138186e-08,-5.272006699910328e-12,-4.283768166914401e-12,-1.1644548902691206e-07,-5.114079948171714e-12,-6.911230774296598e-09,-1.09660043220083e-07,-7.002299296397147e-09,-3.785712133002196e-12,-6.956019675016893e-09,-6.0943400736657404e-12,-5.200430711807776e-12,-1.0357222958420911e-08,-9.373181958528773e-09,-7.057790061843988e-12,-3.178325801479901e-12,-6.05893298287775e-11,-7.531708286498689e-09,-1.0481111316591652e-08,-4.2093699004710654e-12,-4.641508739083918e-12,-9.39918768735195e-09,-5.840715602404847e-11,-1.0985810767667858e-07,-8.357881989440419e-09,-5.838165714662194e-11,-5.315036649969128e-12,-7.625406036522412e-09,-5.546094851381614e-11,-9.462507844852655e-09,-4.764865064051908e-12,-1.649768167482175e-08,-9.572451713005312e-09,-4.504626228769437e-12,-5.2510069010132745e-12,-3.770627740975393e-12,-3.5462072813193163e-12,-9.247109351660027e-09,-4.827564484500414e-12,-3.99614328115384e-12,-5.993752452257347e-12,-1.1804407753173382e-08,-8.44556391467677e-09,-1.081781593328613e-08,-8.24542411909353e-12,-3.858218950823169e-12,-5.844104050875473e-11
-1.1214926696169778e-07,-8.254803465267873e-09,-4.339153870970356e-12,-3.814712017803447e-12,-4.206646508772257e-12,-7.559789225925793e-09,-4.145257169367459e-12,6.225061823736948e-07,-1.8353568820978963e-08,-6.197287040311744e-12,-8.242120384550401e-09,-9.111233800255023e-09,-1.2477076445173737e-08,-4.1133636115514745e-12,-7.241876078981005e-09,-1.0879982004413098e-08,-3.2882613106206746e-07,-7.629233169491078e-09,-1.0743727978365822e-08,-1.6317798063062867e-10,-2.957649771660129e-12,-9.222750601409727e-09,-6.404257213173463e-12,-7.809272458044077e-09,-3.166349831481744e-07,-6.740277412428215e-09,-4.750197573829185e-12,-6.510508491183394e-09,-5.214517168561804e-12,-6.135261004087396e-12,-6.37619973155619e-09,-5.414978044216329e-12,-8.228883499995098e-09,-4.708292337746017e-12,-1.4822842126783728e-08,-5.360994875338863e-12,-9.403035090355745e-09,-9.20882115888478e-09,-4.684852547117072e-12,-3.22481611185062e-07,-6.303776095015328e-09,-4.652132506184753e-12,-5.427946826141932e-12,-9.261350281532017e-09,-1.0686531173193723e-08,-6.169375517588555e-09,-6.970478497183567e-09,-1.628400539440667e-10,-4.207191916502684e-12,-3.401817379836122e-12,-3.898010252224859e-12,-1.8310287535096314e-08,-3.2224893205090744e-12,-6.820073553645052e-09,-1.090127311053578e-08,-3.1886724819762196e-07,-1.0870828680110768e-08,-4.5905744135769855e-12,-1.6142112363984344e-10,-8.233565323737372e-09,-4.047440600959349e-12,-4.0761309518800035e-12,-6.934496690593121e-09,-1.6818861259879642e-10,-5.336611637612077e-12,-4.711125792314793e-12,-5.945553894735567e-09,-1.502550472914818e-08,-1.0428096959713102e-08,-6.982753672361607e-09,-8.43624933291395e-09,-1.6205272190976427e-10,-6.216754211710199e-12,-7.694309677480422e-09,-8.391785845057188e-09,-6.302475600420367e-09,-6.804905408275447e-09,-9.272305447258359e-09,-9.525698565894376e-09,-3.857337545642182e-12,-1.637667302023629e-10,-8.281105481621e-09,-9.048414595453576e-09,-9.412429248653127e-09,-7.648395293575523e-09,-1.6314329965391214e-10,-4.57761819908136e-12,-3.0999481954662393e-12,-1.601334337241754e-10,-6.266691812276079e-09,-6.763978272698158e-09,-3.119557359929448e-12,-5.4474648553872034e-12,-4.653328561109218e-12,-9.269129144193691e-09,-8.386690542577957e-09,-6.3080463352265335e-12,-2.846715503428777e-12,-3.2958573865800984e-07,-6.742318214741864e-09,-9.376385455364214e-09,-7.518948585315234e-09,-4.153842556225135e-12,-4.212833193174949e-12,-3.2573149962918653e-07,-1.602192481715821e-10,-3.747739442507039e-12,-3.2568487139010333e-07,-9.486949192459176e-09,-6.825423339196205e-09,-1.6058744559477954e-10,-4.240541883605523e-12,-8.5057443932137e-09,-1.4746431650796581e-08,-8.5593833855997e-09,-4.0345911459800964e-12,-4.696958116751938e-12,-3.3753573114505804e-12,-3.172638566352177e-12,-8.275516068044974e-09,-4.315834074705381e-12,-7.129575257104127e-09,-1.0698077960455695e-08,-1.0559906827361336e-08,-3.785186365857908e-12,-4.844084952009923e-12,-1.4708864645289688e-08,-6.889409730653361e-09,-1.6322709060931629e-10
4.5154584198946793e-07,-2.0478797773129825e-08,-1.0851443835134076e-11,-9.496734982333734e-12,-2.0887382894951583e-08,-1.877862505464298e-08,-2.0545535385041552e-08,-1.8353568820978963e-08,5.838804074301975e-07,-1.5460711678780195e-11,-1.0243407689868455e-11,-1.131277422911908e-11,-3.1202968896536313e-08,-2.0329034748325495e-08,-1.789265557877908e-08,-1.3615731674385416e-11,3.8018773728800355e-07,-9.51085407095306e-12,-1.3429484369992767e-11,3.884375584626366e-07,-1.4689396799365735e-08,-1.147313026038317e-11,-1.6066531157447506e-11,-9.770193807796702e-12,4.122126499122199e-07,-1.6688820621569327e-08,-1.1842932297178084e-11,-8.137071488927929e-12,-2.584852965038382e-08,-1.5298382442854823e-11,-1.586476206614654e-08,-1.3530100210467042e-11,-2.0410280956906258e-08,-2.3389049076091012e-08,-1.8586694026955627e-11,-1.3357288351201404e-11,-2.340468366712929e-08,-1.1441440021984337e-11,-1.1646889042132762e-11,1.9884670579544e-10,-1.565988241134193e-08,-2.3064386750280507e-08,-2.7061713272572405e-08,-2.2999727679517802e-08,-1.3341741172391095e-11,-7.640303511972827e-12,-8.693072563349512e-12,3.9018445719543674e-07,-1.047014349082805e-11,-1.6826379276365913e-08,-9.735928636323902e-12,-4.594719732030978e-08,-8.027703945574016e-12,-8.487330645554008e-12,-1.3643869259537258e-11,2.0360121655313754e-10,-1.3599138514935331e-11,-1.1389206010446924e-11,1.9917025783149843e-10,-1.0222314662607933e-11,-1.0007858852949104e-11,-2.0149633793029095e-08,-8.651361625930372e-12,3.62159788230688e-07,-2.65285546399059e-08,-1.1721690495158385e-11,-1.4803056068311023e-08,-1.886478332453014e-11,-2.5928203019223258e-08,-8.714282584707957e-12,-2.0996728082810512e-08,1.975233685112179e-10,-1.5526066014371366e-11,-1.9178619313030416e-08,-2.087717092448203e-08,-1.5648600464680788e-08,-1.6863593866909132e-08,-2.3060817447541423e-08,-1.1909282065853412e-11,-1.9177632362478942e-08,3.8533678615813176e-07,-1.0304700466124534e-11,-2.238453412974306e-08,-1.1741555045392645e-11,-1.9036926272333527e-08,3.8857341737994563e-07,-2.2656787206733254e-08,-1.5320665593221623e-08,4.044006001164264e-07,-7.791418493175134e-12,-8.399366038865778e-12,-1.543467464839117e-08,-2.7174636078503073e-08,-2.307734165994491e-08,-2.300739064321528e-08,-1.044504756311839e-11,-3.148402869702553e-08,-1.4035836442628778e-08,3.7813969060245876e-07,-1.6707954061156455e-08,-2.3327511678050283e-08,-1.8668693323742333e-08,-1.031157097252366e-11,-2.0915494547822514e-08,3.8831890652029933e-07,4.0389261962182147e-07,-1.8562162582887532e-08,1.945836472055649e-10,-2.3651104233878285e-08,-8.479732364547517e-12,4.020087546857044e-07,-1.0558169783192897e-11,-1.0619436529011949e-11,-1.846550160142394e-11,-2.1351642542796758e-08,-1.9904534041286893e-08,-1.1693541856055017e-11,-1.6698338010825392e-08,-7.888353505676347e-12,-1.0293917100503495e-11,-1.0778518344129465e-11,-8.927193387805271e-12,-2.66731670602298e-08,-1.3162114331599045e-11,-1.8798558094739364e-08,-2.4179382195191335e-08,-3.6787705508263794e-08,-8.583972965400968e-12,3.8816355111803157e-07
-7.806395953976414e-08,-1.3795201701884649e-08,-7.283672514867193e-12,-6.387238435130937e-12,-1.4053358060329182e-08,-6.333904608604001e-12,-6.93102262820514e-12,-6.197287040311744e-12,-1.5460711678780195e-11,6.091776865427377e-07,-1.3773046592918689e-08,-7.624319046018903e-12,-2.0944174573050957e-08,-6.86694190660222e-12,-1.207496610436801e-08,-9.144153134055083e-12,-1.1488990686783535e-10,-1.2770278527991606e-08,-1.8011385416891996e-08,-2.239055526588793e-07,-9.882200873836515e-09,-7.725680434250762e-12,-1.0768929338203108e-11,-6.562118472928246e-12,-2.0828695658814526e-07,-1.1251581107710337e-08,-1.5888160674833572e-08,-5.4677158212705945e-12,-8.71986644573617e-12,-1.0282375985675478e-11,-5.34718414829182e-12,-1.8134036244280395e-08,-1.3750113041640903e-08,-7.882453517591505e-12,-2.489245666414578e-08,-8.980790574826046e-12,-1.5742925899370567e-08,-1.5386616218819187e-08,-1.5645205593688253e-08,-1.0939265337369766e-10,-5.281861842738426e-12,-7.780085422292767e-12,-9.105534213133321e-12,-1.5486659235626982e-08,-8.969827822338785e-12,-5.154934905533809e-12,-1.1670354622687248e-08,-1.116002018492659e-10,-7.042916494504955e-12,-1.1340124302072949e-08,-1.3050723516795854e-08,-3.0793576588626715e-08,-5.397622447707526e-12,-5.713872299120574e-12,-1.828817077749661e-08,-1.0626969995371407e-10,-1.8232267985583503e-08,-1.5313266319386354e-08,-1.0916158879922007e-10,-6.889654931316778e-12,-1.3476544406286808e-08,-1.3583605497483638e-08,-1.1612363001003964e-08,-2.4115969425012303e-07,-8.937927422881846e-12,-1.5739951121466306e-08,-9.956021164777584e-09,-1.2650798027929128e-11,-8.742305403882007e-12,-1.169529580702242e-08,-1.4123526144883006e-08,-2.2004986652475253e-07,-2.0813811521369756e-08,-1.2892002083674085e-08,-1.4045812462600283e-08,-5.279260221541661e-12,-1.1365008458814104e-08,-1.5517108985698217e-08,-1.5970916826000528e-08,-1.2895441273092778e-08,-1.1319671412644192e-10,-1.3847754528201374e-08,-1.50986806369919e-08,-1.576131346766625e-08,-1.2804908651735542e-08,-2.238031203773428e-07,-7.648355755780364e-12,-5.175032531439029e-12,-2.1342319649667104e-07,-1.0474347482854036e-08,-5.6601738447764505e-12,-1.0400884340734098e-08,-9.141127184725514e-12,-1.5535415365000744e-08,-1.5495283505862944e-08,-1.4031038297088097e-08,-2.1133782393255056e-08,-4.746090724569073e-12,-2.3064704057839782e-07,-5.641525954645958e-12,-1.5694455162462025e-08,-6.298177802375749e-12,-6.944333490949336e-12,-1.4072792082398235e-08,-2.2397812529025791e-07,-1.0708522120785057e-10,-6.2637947190655714e-12,-2.239057739138364e-07,-1.5897278630363408e-08,-1.140340199201339e-08,-2.1499050722021375e-07,-1.4172654199541225e-08,-7.139053289001125e-12,-1.239781971881543e-11,-1.4347787264899936e-08,-1.3430590635161671e-08,-7.86491421275638e-12,-1.1252977086426384e-08,-1.0595529039222798e-08,-6.93188465322643e-12,-1.4449234382003545e-08,-5.9935367637173934e-12,-1.792829990641648e-08,-8.855608417181275e-12,-6.33585246499058e-12,-8.131311501887873e-12,-1.237093604323859e-11,-1.1528627409646402e-08,-2.2408075970548332e-07
-1.812352741179571e-08,-9.186445897992097e-09,-4.832480039757142e-12,-8.47620625481607e-09,-9.346428214289645e-09,-4.2154894713589545e-12,-4.613462021281414e-12,-8.242120384550401e-09,-1.0243407689868455e-11,-1.3773046592918689e-08,6.20741030260869e-07,-1.0138536504267655e-08,-6.961919983040354e-12,-4.57675735975594e-12,-4.0362252956535926e-12,-1.2115696312170346e-08,-2.2407230222894264e-07,-4.25490088816737e-12,-1.1962759423837106e-08,-1.1051048918521053e-10,-6.572069502098444e-09,-1.0264357586274518e-08,-1.4240222620594885e-08,-4.3567405772170934e-12,-2.1043210531173605e-07,-7.499782075769032e-09,-5.2887313117915515e-12,-7.249276954927049e-09,-1.158409563553338e-08,-6.831092618118583e-12,-7.098167876041281e-09,-1.203608240468082e-08,-4.587855538066837e-12,-1.0461372053989415e-08,-8.271348168066085e-12,-1.191290504596441e-08,-5.244212005233087e-12,-5.1342232580297364e-12,-5.214582437842643e-12,-1.0870885824977743e-10,-7.016647380338618e-09,-5.177776272777088e-12,-1.2064398110310569e-08,-5.164204643037762e-12,-5.960842166882359e-12,-6.863671254357869e-09,-7.759743038674625e-09,-1.1013289882993518e-10,-4.683279828726288e-12,-3.7855254568505524e-12,-4.340673321648259e-12,-1.021968191697883e-11,-3.587752172373187e-12,-7.590759044093899e-09,-1.2139384626076972e-08,-1.066827772402452e-10,-6.064778823899403e-12,-5.108692035088902e-12,-1.0854641476247066e-10,-9.161919405648062e-09,-8.987841716661853e-09,-4.535418258017882e-12,-3.867781552430221e-12,-2.317562253061433e-07,-1.1858262294498917e-08,-1.0467332438294396e-08,-3.3163571087282727e-12,-8.385449371953753e-12,-1.1607606995659003e-08,-3.894957831708391e-12,-4.705066106038926e-12,-2.1805566302968144e-07,-6.922794504740622e-12,-8.56672821505483e-09,-9.341295650557586e-09,-7.014791845488777e-09,-7.57250068420814e-09,-5.170945645467359e-12,-5.314026758645146e-12,-4.294318838407031e-12,-2.2188186798462238e-07,-4.617513664953233e-12,-1.006726507569348e-08,-1.0478101683403844e-08,-8.514257974652776e-09,-1.1047264762758403e-10,-5.0941414834927764e-12,-6.885228923861253e-09,-2.137674788825979e-07,-6.974626793044915e-09,-7.527086987013559e-09,-3.471567953273153e-12,-6.066515182301463e-12,-5.179283522963448e-12,-5.168373633674762e-12,-9.334700548247092e-09,-7.0252358769531795e-12,-6.321351773536246e-09,-1.1269394027749074e-10,-3.758951489649856e-12,-5.229183374821733e-12,-4.19250829561964e-12,-4.6229919188697235e-12,-9.360095988140956e-09,-1.1053217223816697e-10,-2.139616280480736e-07,-8.324822809130904e-09,-1.1050648594070183e-10,-5.291888048537125e-12,-7.595709315999962e-09,-1.0761227479263279e-10,-9.422358352699298e-09,-4.744288340174653e-12,-1.642228686218099e-08,-9.530304423772915e-09,-4.488311585091957e-12,-5.228770753669598e-12,-7.497115999490635e-09,-7.0490140539128185e-09,-9.210110449318313e-09,-9.592287649376887e-09,-3.977907030292133e-12,-1.1911135065098517e-08,-5.889375752200328e-12,-4.213583426601233e-12,-5.394816106718635e-12,-1.638143741146219e-08,-7.669036205373879e-09,-2.206768958770083e-07
2.567080220956937e-08,-1.0154327967058644e-08,-1.0655040185623023e-08,-9.366716297779097e-09,-5.1749672401076305e-12,-9.29948921005899e-09,-5.099102638620642e-12,-9.111233800255023e-09,-1.131277422911908e-11,-7.624319046018903e-12,-1.0138536504267655e-08,6.187055700037802e-07,-1.53503616132916e-08,-5.05971709372063e-12,-4.462874282008239e-12,-6.706173487813466e-12,-8.493575029940887e-11,-9.385181362716512e-09,-1.3217748599403524e-08,-8.300360420979908e-11,-7.26322660313395e-09,-5.6839414985668286e-12,-7.879319183463106e-12,-9.607151584623688e-09,-7.74167534962077e-11,-4.153916321693307e-12,-5.8437145018314786e-12,-8.00969765069041e-09,-1.2803849510598741e-08,-1.5065783450024222e-08,-3.930106446335786e-12,-6.6619518529208775e-12,-1.0122063172378573e-08,-5.792034778965874e-12,-1.823628211557665e-08,-1.3163906904860682e-08,-1.1567129942289538e-08,-1.1328050420136877e-08,-5.763093226353178e-12,-1.6170791867261965e-07,-3.885473869878785e-12,-5.72286157016982e-12,-1.3328550454334593e-08,-5.7079636527013816e-12,-6.586795088835346e-12,-7.589014772927228e-09,-4.2961824515776715e-12,-8.258770278652653e-11,-1.032980777541902e-08,-8.352713916707596e-09,-9.57162122082487e-09,-1.1286186141831686e-11,-3.96456145089456e-12,-8.389588177853378e-09,-1.3411283866136491e-08,-7.879324193924896e-11,-1.3374048608722676e-08,-1.1271289286045961e-08,-1.6134615630187887e-07,-5.074323421164621e-12,-4.97881030183394e-12,-1.0007604007944308e-08,-4.2740449839408966e-12,-8.917167447499239e-11,-1.310391439539492e-08,-5.795455461256822e-12,-7.315176397250926e-09,-1.848598835835413e-08,-1.2828820948579337e-08,-4.304065141648733e-12,-1.0378000976988086e-08,-1.6289756113880237e-07,-7.648410919185386e-12,-4.742529939568189e-12,-5.172005868463991e-12,-7.753547795688937e-09,-8.371085600708796e-09,-5.714629404091039e-12,-1.1719006756081338e-08,-9.471516849538019e-09,-1.6710867068774238e-07,-5.103452782103502e-12,-5.576599320925545e-12,-1.1578721940692664e-08,-4.713941469706517e-12,-8.296108050703633e-11,-5.631201332814181e-12,-3.8136984904501265e-12,-1.5818165025456538e-07,-3.862509682348517e-12,-8.320771818594579e-09,-3.837639611752345e-12,-6.701858979308659e-12,-5.72439274002314e-12,-1.1402686816280874e-08,-5.168601059583208e-12,-1.5490062898464273e-08,-6.989979615409319e-09,-1.7045377782505311e-07,-8.294079532444443e-09,-1.1534554292946127e-08,-4.633887555893613e-12,-5.109905174857398e-12,-5.18252050704432e-12,-1.6570887170481908e-07,-7.936163646890179e-11,-4.610062242559291e-12,-1.6565161724664405e-07,-5.8472211723555945e-12,-4.20661455847647e-12,-1.5929741712491479e-07,-5.2165000896930435e-12,-1.0463285852174964e-08,-1.8142249104075244e-08,-5.275597906379775e-12,-9.905219422406096e-09,-1.1533116604034281e-08,-4.152155928451961e-12,-3.903089015182522e-12,-1.0179881024840956e-08,-5.309434406405841e-12,-8.771154516327592e-09,-1.3161314594336967e-08,-6.508711951943752e-12,-4.656398777869364e-12,-5.9594907323060894e-12,-1.8096097330373627e-08,-4.2463011188436974e-12,-8.306416053992332e-11
3.650426186807189e-08,-1.3918230186562391e-08,-7.360410488057304e-12,-1.287136016359925e-08,-1.4186328742445965e-08,-1.2758432378703677e-08,-6.99424330031461e-12,-1.2477076445173737e-08,-3.1202968896536313e-08,-2.0944174573050957e-08,-6.961919983040354e-12,-1.53503616132916e-08,6.087494118048976e-07,-1.3823180102461387e-08,-6.098616387794741e-12,-9.238187387443078e-12,-5.626616645167443e-11,-1.2891966527514662e-08,-1.8192133071282128e-08,-1.0677426451400245e-07,-4.997876015869025e-12,-7.795967348791055e-12,-1.0889183274893274e-11,-1.3231946911550214e-08,-4.551344649715928e-11,-1.1347508619162859e-08,-1.6045700736309228e-08,-1.1022662594340355e-08,-1.7563218549124792e-08,-1.0384365655799373e-11,-5.397857846489428e-12,-9.17933222171152e-12,-6.950197768489773e-12,-7.95784793155082e-12,-2.5158524830741444e-08,-9.068577243979974e-12,-7.963040879119081e-12,-7.776898235384794e-12,-7.911630989521394e-12,-5.065135544438633e-11,-5.330182240156558e-12,-7.851320566346658e-12,-9.19923598679544e-12,-1.5627759821413005e-08,-9.057681676521401e-12,-1.037317522998819e-08,-5.9030521219217285e-12,-1.0559963914487467e-07,-1.4192023134951517e-08,-1.1438567661455326e-08,-1.3184880325963069e-08,-1.5601447993620255e-11,-5.450101939181721e-12,-5.766304029792069e-12,-1.847674986013675e-08,-9.473301754822825e-08,-1.8418317391449016e-08,-7.740522390293465e-12,-5.0423957119282994e-11,-6.949484714564084e-12,-1.3587333997675594e-08,-6.863955037097563e-12,-5.874137706851091e-12,-6.232023763860792e-11,-1.801268739968115e-08,-7.960859142706764e-12,-1.005129099805857e-08,-1.2789296740187403e-11,-8.823963916925841e-12,-1.1808780203951274e-08,-7.143805571765332e-12,-1.0284620034117359e-07,-1.053478362432846e-11,-6.5226864995157225e-12,-1.4179121007620806e-08,-5.327049363498727e-12,-1.1463734654947432e-08,-7.847545631442016e-12,-8.082305321093531e-12,-6.523601082383883e-12,-1.0884991399794095e-07,-7.001495561165269e-12,-7.627494732691874e-12,-7.972883969524997e-12,-6.476865970330985e-12,-5.3448469947390643e-11,-1.5400293518202716e-08,-5.2188942260383595e-12,-9.607712412094236e-08,-5.294658305508452e-12,-1.139605441114014e-08,-1.0491608324744003e-08,-9.236232942833433e-12,-1.5678535902987796e-08,-1.5634828438904103e-08,-7.0953979366494045e-12,-1.0699575406492611e-11,-4.7840230210544e-12,-1.1366352634854717e-07,-1.1358049992525569e-08,-1.5843344586108702e-08,-1.2685284942245476e-08,-7.00704870314622e-12,-1.420572470245992e-08,-1.0685079210416351e-07,-9.640785576049244e-08,-6.320058839849331e-12,-1.0677983047039764e-07,-8.043624167867184e-12,-1.1503930197554251e-08,-9.767788896464102e-08,-1.4309598211345358e-08,-7.209349706633052e-12,-1.2526857241999969e-11,-7.260476933668172e-12,-1.354048714890141e-08,-7.94052873754156e-12,-5.686995871673264e-12,-5.358033664177208e-12,-1.3961398097177643e-08,-7.313536359095275e-12,-1.2087428710063534e-08,-1.8105912746510315e-08,-8.939361596415578e-12,-6.396183750047306e-12,-1.6400706948410017e-08,-2.4952267097112688e-08,-1.163688410007466e-08,-5.358845493197528e-11
