1.0000000142560834,4.780482581655171e-06,4.558192249076695e-06,4.708948980089044e-06,4.706371358136529e-06,4.783051750030755e-06,4.645699479166809e-06,4.599838088006265e-06,5.304447794325295e-06,1.0000345522845406,4.781574487872881e-06,4.7857728721541454e-06,4.708615544239791e-06,4.8596572004971685e-06,4.782131068105893e-06,4.785260404874362e-06,4.646695934517089e-06,4.647071587903138e-06,4.7823229119659036e-06,4.557093185734475e-06,4.979287494166336e-06,4.706425866426379e-06,1.0000343812030419,4.708247292294849e-06,1.000035061380533,4.600352017885323e-06,4.781560799215861e-06,4.707695658346762e-06,4.5988909387823095e-06,1.0000348969014274,4.59966755134944e-06,1.0000348693805046,4.647271610909725e-06,4.520155969228472e-06,1.0000351997493153,4.863614774766169e-06,4.5970900828684025e-06,4.556772067930578e-06,4.646683379754956e-06,4.598908310811069e-06,4.8613710385222025e-06,4.64896979268764e-06,4.598323415295415e-06,4.520054751006665e-06,4.981972934327008e-06,4.708212845570132e-06,1.0000351564055383,4.648432401962119e-06,4.980195290378691e-06,4.782019224843088e-06,1.000035141353543,4.597783050620408e-06,4.55759575573959e-06,4.7065172723244235e-06,4.865215805489692e-06,4.59790955435737e-06,4.557157226996181e-06,1.000034745612401,4.521879978250944e-06,4.60027111852587e-06,4.706342215065637e-06,4.645309871084684e-06,4.706588980016442e-06,1.0000348737143814,1.0000353797856412,5.156376395012603e-06,4.782263483723813e-06,4.858935869474851e-06,4.981740761009989e-06,4.977305696013169e-06,4.7074306000270975e-06,4.648331577874061e-06,4.708047198085922e-06,4.7787023263410644e-06,4.600244893065463e-06,5.160640325752767e-06,4.4899585686996e-06,4.522597922662344e-06,4.646624292405561e-06,4.706034969803659e-06,4.780412692452023e-06,4.706928851189821e-06,4.705828142577632e-06,4.647976723782143e-06,1.000035062142134,4.7812612373488795e-06,4.647714135447152e-06,4.782554405783527e-06,4.705719358674696e-06,4.861428400125111e-06,4.705464763510673e-06,4.781307602613852e-06,1.0000343617542289,4.784905498416426e-06,4.64626553643417e-06,5.154433712744559e-06,4.782008209133738e-06,4.599273676473424e-06,1.000035106073172,4.785417953048911e-06,4.976932456743944e-06,4.558962361795378e-06,5.157031618883057e-06,4.597895778779088e-06,5.312879819782472e-06,4.706511581681555e-06,1.0000345461285138,4.462404273688667e-06,4.598687989437525e-06,4.55622709025077e-06,4.782095643921796e-06,4.64544673670395e-06,1.0000342825536168,4.861506879850515e-06,4.556451632957811e-06,1.000035594219042,1.0000351094604725,4.647361697498307e-06,4.521517583445665e-06,4.862935523754799e-06,4.646797181515837e-06,4.52111550869642e-06,4.461815825749797e-06,4.862107475516975e-06,4.782534147152565e-06,4.787040885804537e-06,1.0000346250916032,1.0000351538309455,4.647591322319027e-06
4.780482581655171e-06,1.4521958421800703e-06,3.758042465687639e-13,4.862626502121976e-13,4.844183499790975e-13,5.401293931307179e-13,4.3946137843480536e-13,4.061990766765021e-13,9.200211702947836e-13,7.362200427893048e-07,5.390138135246935e-13,5.421899238984598e-13,4.861843621599325e-13,5.958223438423888e-13,5.394547316514879e-13,5.420016971053503e-13,4.402831927037292e-13,4.4056668502869514e-13,5.396350259639178e-13,3.749975920570831e-13,6.850836139861694e-13,4.843119140750061e-13,7.362199155507684e-07,4.858015520509977e-13,7.362204214404066e-07,4.0658163886777364e-13,5.3892654439407e-13,4.85305753806242e-13,4.054296833576069e-13,7.362202992495356e-07,4.060372686156608e-13,7.362202786068289e-07,4.407812238599348e-13,3.477537943768276e-13,7.362205243756682e-07,5.989890654810394e-13,4.0401416474872547e-13,3.745956531787295e-13,4.402541140900599e-13,4.0545435815021455e-13,5.972238987008084e-13,4.42314259593825e-13,4.049394786373847e-13,3.4770637613056714e-13,6.871917871162023e-13,4.855904351307991e-13,3.688286255819803e-10,4.416913689504004e-13,6.857508345085333e-13,5.395136824139828e-13,7.362204808360347e-07,4.0455073857388137e-13,3.7529471113910266e-13,4.844270073646435e-13,5.999065547499775e-13,4.046384842727375e-13,3.749770835325976e-13,7.362201866181664e-07,3.4918420196653364e-13,4.065419659780382e-13,4.843004092719288e-13,4.39192359678855e-13,4.844816280083296e-13,7.362202819577992e-07,7.362206582960028e-07,4.072997710196752e-16,2.7052494103512006e-16,2.982995254526142e-16,3.439571092514461e-16,3.422846889946462e-16,2.430580629029753e-16,2.2128795984897937e-16,2.4330697956964276e-16,2.6888551248452436e-16,2.0365113638315223e-16,4.0914361888730944e-16,1.6312904482014506e-16,1.751908854061879e-16,2.205061170341732e-16,2.425584026277432e-16,2.6960802386390655e-16,2.4286789115518427e-16,2.4244625184577754e-16,2.210802823825302e-16,3.688285905541054e-10,2.69794782729383e-16,2.210193811582857e-16,2.7040604581583217e-16,2.4233768808851443e-16,2.9907363696309104e-16,2.4226819086825987e-16,2.7001311123448967e-16,3.688283294905312e-10,2.713398223822933e-16,2.2052355232128352e-16,4.0670103599955174e-16,2.7012122520632994e-16,2.0319543058355772e-16,3.688286067853437e-10,2.715489365928651e-16,3.421632839462465e-16,1.8868735710308964e-16,4.077540880243142e-16,2.0260148799836917e-16,4.642260393024401e-16,2.42686116370649e-16,3.688283982008412e-10,1.5315783655229747e-16,2.030833739449549e-16,1.8746052924844546e-16,2.701543446899472e-16,2.1999427408880713e-16,3.688283000074174e-10,2.9921166519725455e-16,1.8745253888688793e-16,3.6882878868023255e-10,3.688286080553153e-10,2.2089213176153997e-16,1.745578615078264e-16,2.99781294863481e-16,2.205736330307092e-16,1.7460831928006715e-16,1.5285851198707633e-16,2.993523985832927e-16,2.7022662812098713e-16,2.7214197442578436e-16,3.6882842772943657e-10,3.6882862460615996e-10,2.2096128739239756e-16
4.558192249076695e-06,3.758042465687639e-13,1.4521955653218951e-06,1.7011254597303355e-16,1.6941450632778068e-16,3.77195006936946e-13,1.5372850180551243e-16,2.836695480821627e-13,6.425381096956843e-13,2.5746405450616783e-10,1.8858217480013157e-16,3.786312384162908e-13,1.700691108787217e-16,2.084621420564083e-16,3.7672355808089847e-13,3.784906701351091e-13,3.0747791880025206e-13,3.0767739307139284e-13,3.7684533233711847e-13,1.3120104942786463e-16,2.3963044374112303e-16,1.6939216150573523e-16,2.5746400996814696e-10,3.39237285882317e-13,2.5746418674431245e-10,1.4226826962182302e-16,1.8855968292821856e-16,3.3889667610370355e-13,1.4187723908347483e-16,5.139253444139029e-07,2.835570864957222e-13,2.5746413685738337e-10,1.5422290309440005e-16,1.2170319676526422e-16,5.139255014818626e-07,4.1830134209032053e-13,2.8214739857613073e-13,1.3108278573077438e-16,1.5404086234480133e-16,1.4183928180274217e-16,4.170727715305781e-13,3.088865659935228e-13,1.4168831867935247e-16,2.427981525039769e-13,2.404105399477317e-16,1.699058385621992e-16,5.139254789877055e-07,3.0846038906704596e-13,4.788156387797349e-13,1.8872679988700225e-16,2.5746420753796845e-10,1.4145748478138595e-16,1.313377884840974e-16,3.382826864903545e-13,4.1895556410916283e-13,2.8258363568260137e-13,1.311783357687357e-16,5.139252658390705e-07,1.222256926675134e-16,2.839086646434874e-13,1.6930155802273404e-16,3.067219987891887e-13,3.3832023635861243e-13,2.574641380638618e-10,2.5746426948825066e-10,5.67756775047088e-13,3.769691767601348e-13,4.157686100902327e-13,4.795309465421027e-13,4.770913970657503e-13,3.3873271328711326e-13,3.084391427486964e-13,3.3913547537761024e-13,3.7487078775755114e-13,2.8390910562057815e-13,5.701902469988152e-13,2.274614116661648e-13,2.4420991067198035e-13,3.073993079984059e-13,3.380638863034355e-13,3.758185684442394e-13,3.3854115703089515e-13,3.3788511260023137e-13,3.082970897783196e-13,5.139254301005687e-07,3.7622750220554813e-13,3.0802581152750284e-13,3.7693752281506526e-13,3.3781530885068425e-13,4.1703241761291754e-13,3.377144533380602e-13,3.763359881287592e-13,5.139250666084815e-07,3.7815594976721067e-13,3.07327851064145e-13,5.669198418986622e-13,3.766319135400374e-13,2.8325531342980853e-13,2.574641983850913e-10,1.8965265583247348e-16,2.3888444021156805e-16,1.3171596532666778e-16,2.84697079317265e-16,1.4157076631679533e-16,3.2413297763384367e-16,1.6944623809917783e-16,2.5746405286689014e-10,1.0689409812932323e-16,1.4176132549017097e-16,1.3094749324441105e-16,1.8869665715684805e-16,1.5374924506272898e-16,2.574639843546465e-10,2.0899963810801564e-16,1.3096879615979181e-16,2.5746432534148336e-10,2.5746419926455077e-10,1.5423331273466994e-16,1.2197530557852714e-16,2.093352774294088e-16,1.540245825444125e-16,1.219343785882629e-16,1.0664423357462475e-16,2.0906956158829412e-16,1.8880059167641432e-16,1.900565002371924e-16,2.574640733508978e-10,2.5746421078109016e-10,1.5430694327119818e-16
4.708948980089044e-06,4.862626502121976e-13,1.7011254597303355e-16,1.4521957423936034e-06,2.1926554020194615e-16,4.880582647327963e-13,3.9711418838046233e-13,1.839347090283416e-16,8.314238690232829e-13,3.329910544288395e-10,4.870528660913545e-13,2.454540669215957e-16,4.392483601402431e-13,5.383998179901789e-13,2.4417391095815284e-16,2.452767356203165e-16,1.9929321555479862e-16,1.9947702061442158e-16,2.4427830621516687e-16,3.3883289493829764e-13,6.18861583307074e-13,4.37583146725362e-13,6.64684837615826e-07,2.199272290264165e-16,3.329912254892369e-10,3.6738077152962356e-13,2.4394080834911926e-16,4.3847857048536257e-13,3.6634693412354083e-13,6.646851836593592e-07,1.837911351530464e-16,6.646851650581628e-07,3.9828974926877084e-13,1.5743899295294427e-16,3.3299127205066276e-10,2.7118997876432974e-16,3.6507453053131674e-13,1.695358044622635e-16,3.97824668701572e-13,1.8363135019213412e-16,5.396519839443605e-13,3.996460565858688e-13,3.659114474716069e-13,3.142017490419695e-13,6.20754933564151e-13,2.196921418340736e-16,3.3299125741948976e-10,1.9989965053730245e-16,3.103438462468303e-16,2.442067387719589e-16,6.646853474531744e-07,1.8312775839607996e-16,3.391097297986255e-13,2.1932224253181989e-16,2.716186784284149e-16,3.6563821705885845e-13,1.6975860113804245e-16,6.646850820871395e-07,3.155226435020655e-13,1.8402660185531467e-16,2.1920855051685378e-16,1.9888809989329415e-16,4.377320775467174e-13,6.646851680685456e-07,3.3299133251264505e-10,7.346540171542877e-13,4.87752747155746e-13,2.694786044878321e-16,6.204016666815269e-13,3.0917661603361234e-16,4.382697284563153e-13,1.9988058995553886e-16,2.198201855250571e-16,2.429289084383757e-16,3.6734109776421336e-13,3.6961449246996036e-16,1.4747044151715818e-16,1.583311888186593e-16,1.9922975499117105e-16,2.1911636553267306e-16,4.862758949290175e-13,4.3801240409757123e-13,4.37172756745906e-13,3.9888898593307087e-13,3.329912257272799e-10,2.4396512196349174e-16,1.9966623859000376e-16,2.442799191258764e-16,2.190026429402412e-16,5.396045120141868e-13,2.1885334028724276e-16,4.869443201795728e-13,3.3299099035822434e-10,2.4511708035244763e-16,3.9764484644886787e-13,3.674797467855157e-16,4.873342957687295e-13,3.665087687622442e-13,6.646853238187411e-07,4.897503990659958e-13,6.169605980336252e-13,3.400770989438581e-13,7.353696822106182e-13,3.656249913332434e-13,8.37376483281381e-13,4.3764225616695224e-13,6.646849482746367e-07,2.761093833896051e-13,3.662723071379972e-13,3.38146488319499e-13,4.872926541527778e-13,3.96967040962511e-13,6.646847715441443e-07,5.397706076854051e-13,1.6950129739474173e-16,3.3299140456686673e-10,3.3299124163301334e-10,1.9958217101000042e-16,1.578742614109923e-16,2.7088718080611094e-16,1.993617901144848e-16,1.5779921745105432e-16,1.3819310825215259e-16,2.70510785118419e-16,2.44297673825436e-16,2.458809228433275e-16,3.329910789242791e-10,3.329912565123894e-10,1.9969638277650776e-16
4.706371358136529e-06,4.844183499790975e-13,1.6941450632778068e-16,2.1926554020194615e-16,1.4521957386787193e-06,4.862070284110231e-13,3.9561191510814754e-13,3.656400312247674e-13,4.149309243032907e-16,3.31699699414645e-10,2.430921784022742e-16,4.880604911273285e-13,2.1916075354112875e-16,2.687585014090428e-16,4.856022431615582e-13,4.878614028603185e-13,3.963382338432571e-13,3.96596493694016e-13,4.85752713210471e-13,3.375437645494136e-13,3.0879109341715965e-16,2.1838320662634126e-16,3.316996423136288e-10,4.372385689156526e-13,3.3169986997615837e-10,3.6598554235812477e-13,2.429567074362312e-16,4.3680694824682314e-13,1.8285487096425906e-16,6.621075029956886e-07,3.6549976916625524e-13,3.316998056869254e-10,1.9879768538564562e-16,1.5677233886726694e-16,3.3169991627723297e-10,2.7009788842310065e-16,3.636897405456057e-13,3.3720413880308026e-13,1.9852882507088712e-16,1.8281895869063543e-16,5.376092292413808e-13,1.9946290230580417e-16,1.8263213009017107e-16,3.1301408986326504e-13,6.183694728481726e-13,2.1898503596064665e-16,3.316999017613781e-10,3.975940758077696e-13,3.091692991676353e-16,4.856360778972579e-13,6.621076661348981e-07,1.824254833572279e-16,3.3782167586965856e-13,2.1843257683805615e-16,2.7052039286615924e-16,3.6425134103380524e-13,1.69068594044847e-16,6.621074018325841e-07,1.5747821760877756e-16,1.8332047944487496e-16,2.1840582661404562e-16,3.953680057758509e-13,4.3606287905718005e-13,6.621074874680505e-07,3.316999765577273e-10,3.6662389501454563e-16,4.858961448375161e-13,5.35928284681942e-13,3.096602589113473e-16,3.0802131155291123e-16,2.1872164487906805e-16,3.9756461083310653e-13,4.3710571839717697e-13,4.832185128164303e-13,1.833744274574403e-16,7.34986427285107e-13,2.9323163369287325e-13,3.148192293598348e-13,1.9844026397939565e-16,2.182850342887492e-16,2.4272609128067305e-16,2.185473971786897e-16,4.3550675197011023e-13,3.9737506794581873e-13,3.316998702053847e-10,4.84962538437567e-13,1.9890235465141783e-16,2.434407789596194e-16,4.354200044781535e-13,5.375629116388263e-13,2.1807154292482083e-16,4.850960256836065e-13,3.3169963583439805e-10,2.441791097228685e-16,3.9613688379142457e-13,3.660439793115569e-16,2.4321652968243445e-16,3.6511839476102695e-13,6.62107642594402e-07,2.4445603900624126e-16,3.078968009995991e-16,3.387833665447191e-13,7.325744744769215e-13,1.8249625389060345e-16,8.342183968205773e-13,4.3597371773850416e-13,3.3169969746589426e-10,2.750578786836908e-13,3.648800543508352e-13,3.368619312193531e-13,4.854460795173279e-13,3.954645293160426e-13,6.621070925353412e-07,2.6951293678033756e-16,3.3702816094554494e-13,6.621079687991412e-07,6.621076448898942e-07,3.9688056504227766e-13,3.1402230680005115e-13,5.386518896542094e-13,3.9638180409569867e-13,3.13744272459219e-13,2.746359466674213e-13,5.379576218056945e-13,4.857631961665648e-13,4.889384331786885e-13,6.621073213823699e-07,3.316999008260143e-10,1.988632009722393e-16
4.783051750030755e-06,5.401293931307179e-13,3.77195006936946e-13,4.880582647327963e-13,4.862070284110231e-13,1.4521958453205271e-06,2.2099916100171724e-16,2.0421645449712638e-16,9.234418650453664e-13,7.387892551199545e-07,5.410105639671697e-13,5.441942579851192e-13,2.44352383032379e-16,2.995873702301668e-16,2.713318637356439e-16,2.7257883754293064e-16,2.2138512858313294e-16,2.2153990583902771e-16,2.713698017904645e-16,3.763862386898198e-13,3.4457961424255094e-16,2.435173664207046e-16,7.387891274679428e-07,2.4427503671522574e-16,3.701157038480732e-10,2.0447335070412456e-16,5.409250023316852e-13,4.870987875514432e-13,2.03846115867003e-16,3.701156424248429e-10,4.0754156687169896e-13,7.387894917045377e-07,4.424135436510734e-13,1.748486633865148e-16,3.7011575567813856e-10,6.012026087120394e-13,2.03372367632654e-16,3.7598636241238617e-13,4.4188707001364145e-13,4.069569338087086e-13,5.994341119465085e-13,4.4394604845891535e-13,4.0644198640444736e-13,1.747836988914669e-16,6.897031907422592e-13,2.441594484961685e-16,3.7011573941759723e-10,2.2210786259006e-16,3.4482585297932656e-16,2.7125426432328197e-16,3.701157337572145e-10,4.060519093302808e-13,3.7668530348207065e-13,4.862176366402187e-13,6.021278235184776e-13,4.061399982195233e-13,3.7636704822092045e-13,3.701155858145106e-10,3.504766110503054e-13,2.04343933193915e-16,2.4354146431002043e-16,2.2080979555741767e-16,2.4355929842234617e-16,3.70115633788691e-10,7.387898726257386e-07,8.1602635609711e-13,2.7137258310818744e-16,2.993633317549316e-16,6.892877106714039e-13,3.435266637472056e-16,2.4391593719937716e-16,2.220813910740559e-16,4.874459665737602e-13,5.387875326560697e-13,4.080449216994657e-13,4.1051780553205233e-16,3.269693009859464e-13,1.7585616039659249e-16,4.4179326299932693e-13,4.859049577848984e-13,2.7057619375666247e-16,2.438095556268919e-16,2.431683060787271e-16,4.430957597907901e-13,7.387896356254445e-07,2.7094269307858286e-16,2.2178147291245692e-16,2.71415092971305e-16,2.4326120798071296e-16,3.002952527281599e-16,4.853988961037645e-13,2.70911590191145e-16,7.387891129182249e-07,2.7231381345495477e-16,2.2130672422463847e-16,8.148337631321391e-13,2.7118919239207054e-16,2.0399826036377466e-16,3.7011572055766725e-10,5.440220229481769e-13,6.854408012634271e-13,3.7776685421625107e-13,4.0921518398212755e-16,4.06123822559821e-13,9.300862264125357e-13,2.4356311867009977e-16,7.387892505649527e-07,1.5362611932450585e-16,2.0383329295779792e-16,3.75611028423096e-13,5.412639082908356e-13,4.409322838497425e-13,3.70115412764211e-10,3.0037530768195355e-16,3.757964378777623e-13,7.387900326382047e-07,7.387896708722983e-07,4.4253284535480335e-13,3.5012645822709386e-13,3.008230944600877e-16,4.4195804295257355e-13,1.7529755988954639e-16,3.062374729867473e-13,3.0047265873186315e-16,5.416206035690286e-13,2.731247745702679e-16,7.387893095703719e-07,3.701157384390782e-10,2.2176613305785648e-16
4.645699479166809e-06,4.3946137843480536e-13,1.5372850180551243e-16,3.9711418838046233e-13,3.9561191510814754e-13,2.2099916100171724e-16,1.4521956616217604e-06,3.317262487132416e-13,3.764177453378963e-16,6.014341949526586e-07,2.2041585846942069e-16,4.427708756941747e-13,1.9890448699680162e-16,4.866132797657986e-13,2.207479878499908e-16,2.2177932372953796e-16,1.8013802111251822e-16,3.598000489362301e-13,4.40685876231322e-13,3.062574394917459e-13,5.595002311781911e-13,1.9817274650870742e-16,3.0130390591261457e-10,3.967387522955421e-13,3.013041130300391e-10,1.664129453072721e-16,2.2050164863986233e-16,3.9633252439160425e-13,1.6584939190261285e-16,6.014344044836529e-07,3.315915247885188e-13,3.0130405465462175e-10,1.8032581076699805e-16,1.4233355504809132e-16,3.013041551687435e-10,2.45079813254786e-16,1.653199179383755e-16,1.5327664899367828e-16,1.8010514798826745e-16,3.3111762610131944e-13,2.443776592790881e-16,1.8096406371943366e-16,1.65661861211807e-16,2.839553717330924e-13,5.612132220391836e-13,3.965646604499373e-13,6.014345620704777e-07,3.6072786407859614e-13,2.8056286300304585e-16,2.2080663969038757e-16,6.014345528397241e-07,1.6557002714975711e-16,3.065011817930749e-13,3.9561378667856223e-13,4.899417575430989e-13,1.6553023570825496e-16,1.534581944564996e-16,6.014343124624872e-07,1.428752920061382e-16,1.663350104693995e-16,1.9814547572669285e-16,1.7967288147184235e-16,3.9566335181656897e-13,3.0130405590773477e-10,3.013042099895469e-10,3.3256969981238088e-16,2.2084131007018337e-16,4.862333024642139e-13,2.8102881974712434e-16,2.795275782744347e-16,1.9852791834459149e-16,3.6070559819727615e-13,3.9661855364753097e-13,2.1961185881324213e-16,1.6630051455359196e-16,3.3404691690214543e-16,1.3324911314351267e-16,2.856169603954462e-13,3.5947341270618475e-13,1.980731567723242e-16,2.2021238271277523e-16,1.9835903958057233e-16,1.979159926087113e-16,3.605451150785755e-13,3.0130411321776587e-10,4.399570979416976e-13,3.6020732923298436e-13,4.4079031272643404e-13,1.9792557528427143e-16,2.4434505762021734e-16,3.949561935802543e-13,2.2050517935043668e-16,3.0130390003021043e-10,2.2157103072775747e-16,3.594021136901728e-13,3.3211528640669516e-16,4.4042652426423757e-13,1.6594865554790887e-16,3.0130412656304106e-10,2.2174730786682453e-16,5.57744767222083e-13,3.0737992900916834e-13,6.645892771445898e-13,3.3043450707423617e-13,7.568086645041804e-13,1.9819647583085016e-16,3.01303956130417e-10,1.2495776763690666e-16,1.6584203916904937e-16,1.5310161763511227e-16,2.2067444720641383e-16,3.5876792880734803e-13,6.01434031155392e-07,4.878676418607035e-13,3.0577442943906526e-13,3.013042752188977e-10,6.014345335269054e-07,1.8039793073482634e-16,2.8487951219537874e-13,4.886994057377279e-13,1.8009218710590125e-16,2.8462609899110834e-13,1.2480179314565225e-16,2.4448935863222846e-16,4.406711402634512e-13,2.2225214897625396e-16,3.0130398022669245e-10,6.014345604216079e-07,1.8048084004390035e-16
4.599838088006265e-06,4.061990766765021e-13,2.836695480821627e-13,1.839347090283416e-16,3.656400312247674e-13,2.0421645449712638e-16,3.317262487132416e-13,1.4521956090727793e-06,6.944871470973359e-13,2.783280378387472e-10,2.0379264756760629e-16,4.09256079811271e-13,3.66969964284165e-13,2.2532585771393455e-16,2.040246148301034e-16,2.0496212884864816e-16,1.6661745994289438e-16,3.325578764242517e-13,2.0405481967972169e-16,2.8306303326586605e-13,5.170679082260961e-13,1.8316195970579282e-16,2.7832798971197e-10,3.666824624480957e-13,5.555721433586043e-07,3.069063018119026e-13,2.0380286588332405e-16,1.834161196242322e-16,1.5323284554266534e-16,2.783281348270769e-10,1.5353655104883742e-16,2.7832812696141954e-10,1.666098282322214e-16,1.314949459628573e-16,5.555722210072659e-07,2.264949281481937e-16,1.5283240350275504e-16,1.4167817136748017e-16,1.664658111411794e-16,1.533421061842425e-16,2.2583413623706427e-16,3.3386813390305913e-13,1.5312413234687205e-16,1.3143013785375205e-16,2.5984998064296066e-16,1.836250502999163e-16,5.555721966855457e-07,1.6701938117634405e-16,2.593016726578412e-16,2.03890789211905e-16,2.7832820334918146e-10,3.0537557555040653e-13,1.4195879233935571e-16,3.656498106148459e-13,2.2685546596334913e-16,1.5306774272185892e-16,1.4178537185752725e-16,2.7832809213594896e-10,1.3197559044990493e-16,3.0687728900595486e-13,1.8314050032194265e-16,3.3152197649487255e-13,3.6569004664689814e-13,5.555720381372501e-07,5.555723220295534e-07,6.136783598103529e-13,2.0411079813455669e-16,2.251892129205857e-16,5.183444203802649e-13,5.15701140461963e-13,1.8343234232162206e-16,3.3338155636133605e-13,1.836159501999551e-16,4.0519019762887145e-13,3.068767403904624e-13,3.087267827589623e-16,2.458592495528657e-13,2.6397095864017037e-13,1.6644912899893806e-16,3.6541386030311044e-13,4.062154759073772e-13,1.833160034102072e-16,1.8302317689814896e-16,1.669534900479057e-16,2.783281811974583e-10,2.036667763235694e-16,3.329325357320531e-13,4.0742397593627593e-13,3.6514470161775685e-13,4.5075731106424675e-13,3.650338251297469e-13,2.0366313164240956e-16,5.555717508012861e-07,2.0473512834646524e-16,1.664167312846389e-16,6.127784888938194e-13,4.070951219679526e-13,1.533811734336e-16,2.783281935160788e-10,4.091240081186303e-13,5.154577343705726e-13,2.841029367459586e-13,6.142954317954892e-13,3.054299333193563e-13,3.5042388020737745e-16,1.8314582796424707e-16,2.783280361786007e-10,1.156201834130981e-16,3.059821078097176e-13,2.824810313234203e-13,4.070522850192524e-13,1.661445171593011e-16,2.7832796207410655e-10,4.5090385946081846e-13,2.826197754288221e-13,2.7832833074170557e-10,2.783281943886151e-10,1.667578726835954e-16,1.3189773987429136e-16,2.262685024986981e-16,1.6648091248270546e-16,2.630603816542621e-13,2.3028622063661143e-13,4.5107779621730904e-13,4.0732095561919897e-13,2.054253966364284e-16,5.555718986636897e-07,2.7832820683317345e-10,3.329150922802787e-13
5.304447794325295e-06,9.200211702947836e-13,6.425381096956843e-13,8.314238690232829e-13,4.149309243032907e-16,9.234418650453664e-13,3.764177453378963e-16,6.944871470973359e-13,1.4521968761019814e-06,1.260195960792051e-06,4.61629554338152e-16,9.269462550171534e-13,8.313330584715193e-13,5.103918293016199e-16,4.621496743740508e-16,9.266507519138792e-13,3.7717802126972133e-16,3.7730327393485347e-16,4.621730243092952e-16,3.2118366225928285e-16,1.171545247255371e-12,4.1480121830211927e-16,1.2601957428748284e-06,8.306492258745545e-13,6.313279675645529e-10,6.951399923578898e-13,9.21354364024516e-13,8.297857912602093e-13,3.472718007543905e-16,1.260196400029054e-06,6.941951298092075e-13,1.260196364658426e-06,3.775859347434574e-16,2.9785790777963315e-16,6.31328055775549e-10,1.0242688140653421e-12,6.907478915307932e-13,6.404601295534576e-13,3.770510233600614e-16,3.4728930355216783e-16,5.1148128153892765e-16,7.563308792672895e-13,3.467953356404694e-16,5.944644566775721e-13,5.886420971855842e-16,4.1592829029979584e-16,6.313280282034949e-10,7.552357140669942e-13,5.874893426274322e-16,4.620883739631483e-16,1.2601967110024243e-06,3.464919415160471e-16,3.214275269981462e-16,8.2827891965417e-13,5.1390739910260325e-16,6.918065717123855e-13,6.411272733694423e-13,1.260196207123674e-06,5.97010168641439e-13,6.950555730303168e-13,8.280980780493545e-13,3.7619792646588195e-16,8.283942154940799e-13,1.2601963704068587e-06,6.313281706723358e-10,1.3898314404914613e-12,9.229382495301779e-13,5.099793005309028e-16,5.883249101730462e-16,1.1683973787178075e-12,4.1547119426580997e-16,7.551924104887747e-13,4.160053849919442e-16,9.1774383986701e-13,6.950665486751526e-13,6.99270296532561e-16,5.569342583724195e-13,2.995489226502522e-16,7.525900044839022e-13,4.1464083498093044e-16,4.610089038809876e-16,4.152955837439317e-16,4.1447466537367883e-16,3.781714354067839e-16,1.2601966103585874e-06,4.614301098617092e-16,3.778247147195778e-16,9.22803338533481e-13,8.271270655540671e-13,5.115955152421756e-16,4.14410606901919e-16,9.213619336161123e-13,1.2601957180332814e-06,4.63812967874254e-16,7.524575112013497e-13,1.3878367556430987e-12,4.61910975548817e-16,6.934203707223865e-13,1.2601966661265126e-06,4.6403919048405155e-16,1.1678456608571456e-12,6.435122143077662e-13,1.3912519615568215e-12,3.464459539580763e-16,7.938905694237371e-16,4.1490182828773773e-16,1.260195953015454e-06,5.22460507393203e-13,3.472071609693285e-16,3.204264731559357e-16,9.219195651732794e-13,7.511103912618837e-13,1.2601956174402122e-06,5.117115197488615e-16,6.401502389439667e-13,6.313283076228261e-10,1.2601966705288588e-06,3.776822304830844e-16,5.964008002285103e-13,1.0232052930468403e-12,3.771285824530074e-16,2.985113304172477e-16,5.216490170957064e-13,1.0218389118075355e-12,4.621656157161513e-16,4.651928964740738e-16,1.2601960537526324e-06,6.313280264408237e-10,7.54104059479585e-13
1.0000345522845406,7.362200427893048e-07,2.5746405450616783e-10,3.329910544288395e-10,3.31699699414645e-10,7.387892551199545e-07,6.014341949526586e-07,2.783280378387472e-10,1.260195960792051e-06,1.0000518832822811,3.693754280105413e-10,7.41510430730124e-07,3.3282400139570503e-10,4.0849377248800077e-10,7.378685534182504e-07,7.409979400622542e-07,3.0180316576914486e-10,3.0199136214492675e-10,7.380604021308734e-07,2.569134394181682e-10,9.350288890695489e-07,6.621617924683576e-07,1.0000502600023555,6.639832468969321e-07,1.0000509401930622,2.785855083839847e-10,7.372982845445065e-07,6.63431607471827e-07,2.77853531943716e-10,1.0000507757107515,2.782426035452576e-10,1.000050748189305,6.030063467670994e-07,2.384084204926874e-10,1.0000510785645318,8.193539049975318e-07,2.7695133118432545e-10,5.125049678905229e-07,3.0179687636497795e-10,2.7786223474495043e-10,8.171101325287027e-07,6.047045429536236e-07,5.540571636364675e-07,2.383577099273645e-10,9.377143802522862e-07,3.326222659553795e-10,1.000051035219912,6.041671563340567e-07,4.688816104754455e-10,7.377567022055446e-07,1.0000510201676303,5.535167860665515e-07,5.133286640696967e-07,3.317728050237251e-10,4.112785555057617e-10,2.7736187372968766e-10,5.128901275110664e-07,1.000050624418793,2.3927211883305286e-10,5.560048952416308e-07,3.316851020586286e-10,3.011087685971198e-10,6.623249056041698e-07,1.000050752523258,1.0000512586043557,1.1121215259900898e-06,3.697205945846262e-10,8.146749142987379e-07,4.69655875569551e-10,4.67433974938494e-10,6.631665468660942e-07,6.040663289777059e-07,6.637831487857752e-07,3.679365181609872e-10,2.7853183995241824e-10,1.1163855258938446e-06,4.456901077316774e-07,2.396317976392484e-10,6.023590246232917e-07,3.3153117677902624e-10,7.361501452312272e-07,6.626647790358328e-07,6.61564057349323e-07,3.024448132196002e-10,1.0000509409546752,3.6921849514928765e-10,3.0231326854070156e-10,3.698663520474683e-10,3.3137306375511315e-10,8.171675017558396e-07,6.612006684575883e-07,7.370450695391171e-07,1.0000502405531677,7.406430431745242e-07,6.020002518225513e-07,1.1101787876843022e-06,3.6959271706883756e-10,2.780452824989648e-10,1.0000509848865733,3.7130094496657965e-10,4.672469893880587e-10,2.578498698411637e-10,1.112776745322588e-06,5.536295208089905e-07,1.268628129582428e-06,6.622475123559757e-07,1.0000504249310305,2.0947562968407848e-10,2.7775185471229334e-10,5.119599764385259e-07,7.378331443356118e-07,6.011814475754985e-07,1.000050161351005,4.0942043069066487e-10,5.12184519754744e-07,1.0000514730419223,1.0000509882739343,3.0213669860360977e-10,2.3909056699883023e-10,8.186746479383807e-07,6.025319175945307e-07,4.768476812888501e-07,2.0918082611893735e-10,4.0972132648414107e-10,7.382716528257854e-07,7.427784699688168e-07,1.000050503895648,1.0000510326452758,3.0225173908346265e-10
4.781574487872881e-06,5.390138135246935e-13,1.8858217480013157e-16,4.870528660913545e-13,2.430921784022742e-16,5.410105639671697e-13,2.2041585846942069e-16,2.0379264756760629e-16,4.61629554338152e-16,3.693754280105413e-10,1.4521958419034228e-06,5.430744415828079e-13,2.4395695965895515e-16,2.9891118011960565e-16,5.403345522732356e-13,5.428850241285718e-13,4.409989746456521e-13,4.412833248217863e-13,5.40516342696555e-13,1.880775958935769e-16,6.861841568044646e-13,2.4307089631938634e-16,3.6937536419596463e-10,4.865909560610851e-13,7.373123466645776e-07,2.0403321622769333e-16,2.704084734000689e-16,4.860948823549763e-13,2.0351736288385134e-16,3.69375556656919e-10,2.037624043249531e-16,3.693755464137298e-10,2.2119811057126227e-16,1.7446999989090845e-16,3.6937566953621474e-10,5.999553899686931e-13,2.027424306188408e-16,1.87972625122993e-16,4.409696408858296e-13,2.0353468547288252e-16,2.9960075563016195e-16,2.2194706529953566e-16,4.0559973759503707e-13,1.7444445344776803e-16,6.882973526488988e-13,4.863806254658652e-13,7.373124174555632e-07,4.42406837771692e-13,3.441223230212201e-16,5.403938005074367e-13,3.693756477967677e-10,2.0296921373789495e-16,3.759026391935265e-13,4.852151864070549e-13,6.008771946129474e-13,2.0304087435309208e-16,3.75584771745152e-13,7.373121115177254e-07,1.7524405193786568e-16,2.040390499374221e-16,2.4301235812837484e-16,2.2032580521011654e-16,4.852688576846833e-13,7.37312206988654e-07,7.373125838467261e-07,4.079269537082235e-16,2.709029996647474e-16,2.9873879981057997e-16,3.4463124267121463e-16,6.843570413619126e-13,4.858583701665617e-13,2.216180192996964e-16,4.864418833243376e-13,5.376736439384422e-13,2.0400815016046962e-16,8.178640854889795e-13,3.2629497737213913e-13,3.50296721488441e-13,2.208637645793165e-16,4.849030603850352e-13,2.700958397841902e-16,2.4328030781266085e-16,4.846409462262044e-13,4.4217807296618127e-13,3.6937561822847557e-10,2.7032497162343676e-16,2.2133697774935545e-16,5.406400890582477e-13,2.427438261977092e-16,2.996514469407151e-16,4.84395507038974e-13,2.704473138791655e-16,3.6937535684889483e-10,5.423921020624474e-13,2.208710865747898e-16,4.073277479218372e-16,2.70563223586619e-16,2.0361154254096696e-16,7.373123799063299e-07,2.7188293020108815e-16,6.840342794196407e-13,1.8892794398968567e-16,8.151807267661748e-13,2.0302122100868663e-16,4.64967724048703e-16,4.851648405701197e-13,7.373119629446643e-07,3.0607536297827033e-13,4.0601912067816464e-13,1.8778493785233377e-16,2.704895391481139e-16,4.4001631538017147e-13,7.373117667286342e-07,2.9976248067603675e-16,3.7501537115778776e-13,3.693758168557079e-10,3.693756358632521e-10,4.4161524329130247e-13,3.493997398721019e-13,5.993493319243325e-13,2.2094981256305713e-16,3.490907340431113e-13,3.05602646483292e-13,5.985459670933136e-13,2.707805173047176e-16,5.440643849439661e-13,7.373120218414664e-07,7.373124154367203e-07,4.417597654070041e-13
4.7857728721541454e-06,5.421899238984598e-13,3.786312384162908e-13,2.454540669215957e-16,4.880604911273285e-13,5.441942579851192e-13,4.427708756941747e-13,4.09256079811271e-13,9.269462550171534e-13,7.41510430730124e-07,5.430744415828079e-13,1.4521958487597312e-06,2.45376488662395e-16,6.002989602692402e-13,2.7235665950047914e-16,2.7364180187349443e-16,4.4359866884251007e-13,2.223857210691046e-16,5.43698283435011e-13,3.7781957401019147e-13,6.90201032874426e-13,2.4437965033690184e-16,7.415103026194651e-07,4.89454404110567e-13,7.415108119769723e-07,2.0520002079184402e-16,2.7201934526944116e-16,4.889558276798936e-13,4.0848354086917657e-13,7.415106889443751e-07,2.0499780700395975e-16,3.714788751821626e-10,4.4409430800866923e-13,1.7559240052284857e-16,3.7147899914278243e-10,6.034837291700156e-13,2.0396440476539818e-16,3.7741864291101237e-13,2.222416841362206e-16,2.0462063279561285e-16,6.017104043467458e-13,4.4563102047174577e-13,2.044460219787118e-16,3.503244876698918e-13,6.923250274219638e-13,2.450703415377016e-16,7.41510883154898e-07,2.2294600870551686e-16,3.461253321996187e-16,5.435719142518845e-13,3.7147897732170684e-10,2.0417843465157674e-16,1.8938929226662522e-16,4.880719861263458e-13,6.04412884922777e-13,4.0768838418846e-13,3.778001122268885e-13,3.714788288083807e-10,1.7620204366164335e-16,4.096017487539766e-13,4.879431821998578e-13,4.4249927662960293e-13,2.44453532939313e-16,3.7147887690732313e-10,7.415110504549069e-07,8.191413477080998e-13,5.438868140016099e-13,5.998206633042662e-13,6.919110470069635e-13,6.883687386199407e-13,2.448647152435557e-16,4.449821335540868e-13,2.45132518948478e-16,2.709692072820562e-16,4.095988709297906e-13,8.226735020267207e-13,3.282215436210206e-13,1.7647539055498325e-16,2.2218431145004295e-16,2.442899595278555e-16,5.42210924566443e-13,2.4468604724531484e-16,4.874959488729937e-13,2.228461032704169e-16,3.7147894758262987e-10,2.7185938141487766e-16,2.2264799278513357e-16,5.438208571032214e-13,2.440229188793439e-16,6.016506955733268e-13,2.4415759361245027e-16,5.429596746015532e-13,7.415102880178262e-07,5.455821661702935e-13,2.220526200086736e-16,8.179431871773676e-13,5.433886469693312e-13,4.0865730694101015e-13,3.7147896402637004e-10,2.7358845102348378e-16,3.4469835160103853e-16,3.792053388004962e-13,8.199756380778396e-13,2.042583320013508e-16,4.676881321101247e-16,4.880230819281596e-13,3.714787540309993e-10,1.542593504811207e-16,2.0458035200922912e-16,3.7704271800811565e-13,2.721538567228854e-16,2.2171393485603795e-16,7.415102288679197e-07,3.0146938089116474e-16,1.889768427050449e-16,3.7147914742688615e-10,7.415108479765028e-07,4.442149522294874e-13,3.5145823890478673e-13,3.020356893091347e-16,4.436401428046519e-13,1.758526051311947e-16,3.074115283803046e-13,3.0153016965891504e-16,5.436866629727623e-13,2.741678355135766e-16,7.41510485375555e-07,3.7147898204690154e-10,2.226460983057769e-16
4.708615544239791e-06,4.861843621599325e-13,1.700691108787217e-16,4.392483601402431e-13,2.1916075354112875e-16,2.44352383032379e-16,1.9890448699680162e-16,3.66969964284165e-13,8.313330584715193e-13,3.3282400139570503e-10,2.4395695965895515e-16,2.45376488662395e-16,1.4521957414848054e-06,2.6969423195333944e-16,4.873694759435183e-13,4.896301696922061e-13,3.977839975159743e-13,3.9804316967934484e-13,2.4423605041526153e-16,1.6975779474654567e-16,3.0993953759595684e-16,2.191135304759935e-16,3.3282394396620915e-10,2.1982377828384254e-16,6.643518375992365e-07,3.6731679231011853e-13,2.439790230452808e-16,4.38388384798168e-13,3.662862640953545e-13,3.328241171940681e-10,3.6683060151869013e-13,6.643517089026696e-07,1.9943725611607158e-16,3.1420703806446957e-13,6.643519303454676e-07,2.7112672488365305e-16,1.8285496317211378e-16,3.384346348922309e-13,3.9776500052951547e-13,3.6630630835112667e-13,2.7033487951630057e-16,3.995693391493794e-13,1.8328471760361553e-16,3.1416065823164073e-13,6.205741805008308e-13,2.1978130539536718e-16,6.643519012943926e-07,1.999533871245387e-16,3.1020039704986085e-16,4.873999016768426e-13,3.3282419911748746e-10,1.8307051967857033e-16,3.390513388568235e-13,4.375956809200824e-13,2.7165724562954578e-16,3.6558047372329384e-13,1.697004811256159e-16,3.3282406631837096e-10,3.1547439888023043e-13,1.8403240161071934e-16,4.3747668304436374e-13,3.9681213660892375e-13,4.376418675421438e-13,3.3282410927439407e-10,3.3282427920337294e-10,3.680113989945717e-16,4.876572629497138e-13,2.694679626827142e-16,3.1072525756651363e-16,6.170933787178364e-13,2.1949698384680346e-16,1.999159119451839e-16,2.1976887166633005e-16,2.4300318372625314e-16,3.6727546989981633e-13,3.696063825867689e-16,2.9430458280349304e-13,1.5830343598052948e-16,3.976884325051306e-13,4.37306701431111e-13,2.4355836278139843e-16,2.1931848938300998e-16,2.189677086503197e-16,1.9977466839900523e-16,6.643518381518204e-07,2.438370680112e-16,3.9849007636894044e-13,2.443839312353557e-16,4.369992316032651e-13,5.395228895476086e-13,4.368589345583726e-13,2.4390649358849335e-16,3.328239374280591e-10,2.451145946499465e-16,3.975787865968906e-13,7.334319202749073e-13,4.872536563992307e-13,1.835251447780504e-16,6.643518675139225e-07,4.896612686211933e-13,3.0896242270871436e-16,1.7029747960025688e-16,3.683374350002446e-16,3.6556775457793764e-13,4.1945441158885997e-16,2.191980963585137e-16,3.3282399921649703e-10,2.7606182739745333e-13,3.6620709043138097e-13,1.693578840896231e-16,4.872178587252214e-13,3.9690904090021686e-13,6.643513157534511e-07,5.396827564521274e-13,1.6945865062830912e-16,3.328243512294287e-10,6.643518698150609e-07,3.983243539839463e-13,1.578847965847268e-16,2.708337367329469e-16,1.9928312359502723e-16,1.5773451630463173e-16,1.379674790709289e-16,2.7054915249968227e-16,4.8753496454537e-13,2.458271897677588e-16,3.32824025890597e-10,6.643518994902553e-07,1.9966609602110684e-16
