0.9999999999999961,3.9862160315298054e-12,2.6615036353156915e-11,4.533617103739494e-12,7.0561332902065766e-12,3.629658975530945e-11,5.449264350245839e-12,-4.116565978256992e-12,-6.120723143285451e-12,4.837454507015824e-12,-3.991712604898281e-12,7.720675087880922e-12,-3.928585449008729e-12,1.0000000000260345,1.0588931569057278e-11,2.3990973341539962e-11,-2.4065140998465533e-13,-2.960413383286948e-11,1.1065942387971037e-11,-6.523533496818191e-13,0.9999999999796245,-6.488511112510758e-12,2.0789395021071902e-12,3.6332543461649308e-12,-2.5307108991740843e-12,8.53727903969578e-12,1.2554037539487365e-12,1.4499019662156012e-11,-4.463802030100987e-11,1.7700812650885497e-11,-6.4390142570909174e-12,7.720993135002434e-12,1.1112235182034379e-11,6.94869544184074e-12,2.3714826548487613e-12,2.7829194922618612e-12,2.885462934669158e-11,1.0286275560008205e-11,7.111978382043188e-12,-6.406699349956852e-12,1.6028565219425714e-11,-1.0369104343699647e-11,3.125635685707778e-11,-5.676395472869006e-12,-6.569232796368218e-12,-2.444124078506117e-11,7.55864189205552e-12,1.0000000000042695,-7.457576555474105e-13,2.6123886791198643e-13,0.9999999999661213,2.4878766246489375e-12,7.450305741770168e-12,0.9999999999840302,0.9999999999777407,6.29893667233989e-12,0.9999999999869895,-1.9019037483155045e-11,2.3965716553486724e-11,-2.704529174456128e-12,3.995738787081184e-12,2.8687718144413884e-11,0.9999999999873739,2.7351832125435553e-12,0.9999999999717786,-7.596294900165987e-12,1.0000000000400138,-1.970146882536242e-12,1.0838130982934182e-11,-9.739367594442946e-12,7.0280265764461915e-12,4.6654582206770454e-12,-1.1772638158860539e-11,0.9999999999878102,2.1631858943798914e-11,1.4738873299758308e-12,0.999999999967693,1.0744726012535135e-12,3.4840688626818956e-12,1.3766811837162287e-11,-1.5849514154310523e-12,5.389452426648074e-12,2.5274147563568594e-11,1.494476075188133e-11,2.883913345928456e-11,1.0000000000193017,6.991157437259065e-12,-1.2254255080157703e-12,7.860713546537964e-12,5.962465837305279e-12,4.84514568161934e-12,1.0000000000131049,1.000000000003324,-1.6153175648530394e-11,-2.750333819372801e-12,5.114526079246767e-12,0.999999999961569,2.0679657985006735e-12,-2.419209004012345e-11,-6.714189000151661e-12,3.021192890404703e-11,1.187385521806215e-12,-5.192998660969923e-12,-2.4634869701045443e-11,-3.3398260473847764e-11,0.9999999999757764,-3.769328180743345e-11,1.0000000000136424,-7.847368165449493e-12,-9.163912762208361e-12,3.5004445384389507e-12,-2.0740146867530668e-11,-4.4665324075588056e-11,1.412768477021439e-11,0.9999999999654773,3.1100375014776844e-12,-4.96785114731359e-11,-2.3010617310400297e-12,-3.922828451040201e-13,2.2613732275429808e-11,1.5525564262646802e-12,2.4324357630055633e-12,5.195147959643203e-12,7.067840972893199e-12,-3.7249756415286836e-11,0.999999999955628,9.515229225591292e-13,1.0300618978627913e-11,1.9737823315083385e-11
3.9862160315298054e-12,1.7413510604734282e-12,3.850121945941535e-16,3.354176388379146e-16,7.427802945751943e-16,9.403230765960304e-16,2.013711402265133e-17,5.442825645687435e-16,-1.3106688578828178e-16,6.304928061330498e-16,4.3541805265627097e-16,3.0637370726340204e-16,3.143396111835687e-16,5.078276346381601e-16,5.144015742592499e-16,6.420348757621824e-16,-3.8600772342055085e-18,3.272402115895415e-16,2.9813669510932133e-16,1.1896835954306828e-16,1.0140229883794793e-12,-6.367127158945699e-17,3.439825184309347e-16,4.307249767220444e-16,-3.1529793757682973e-17,5.20457646646379e-16,4.015389430263971e-16,2.642061280768024e-16,3.9149180176819533e-16,5.37121609536984e-16,-1.1048944803565328e-16,6.865559109619964e-17,3.5616485367100284e-16,4.577615337872977e-16,2.839078232039986e-16,3.6240996682046985e-16,6.676593497239348e-16,2.1420500935772895e-16,2.677051036259784e-16,2.107426396272803e-16,3.703694037221651e-16,1.7251998280753951e-16,-3.1920853887867616e-16,3.542106473717694e-16,3.425531078977018e-16,3.1653454487402124e-16,2.8962103468903514e-16,1.0141555599884816e-12,2.1337992201330107e-16,4.294148256425806e-17,1.0138665014675133e-12,2.0148707599788746e-16,2.024822058082988e-16,1.0140074386539418e-12,1.0139988559229687e-12,1.8452487361687146e-16,1.0137318188255364e-12,2.8455104641480465e-16,5.570657256067928e-17,-2.9042031187180206e-17,2.9534649429653166e-16,1.9546212053866007e-19,5.079701317925202e-16,1.072562699457069e-19,5.078764025876713e-16,2.7662681423313693e-19,5.081354417240199e-16,3.817868376593648e-19,5.099478704837207e-20,-1.3586126670763932e-19,-1.2301540390036441e-19,7.341021882671977e-19,1.3265448349880927e-19,5.080321640248732e-16,5.900607565070548e-19,6.284707899412364e-20,5.078418565608662e-16,-4.398283558390278e-19,1.1417027930024905e-19,2.3999288368410015e-19,-2.5609150779524037e-20,4.376018654569058e-19,1.9247026752809134e-19,1.1599603536501032e-19,1.0785416879264485e-19,5.079136040198041e-16,3.733129449603147e-19,-1.0244846238967393e-19,3.113807148611487e-19,7.929381220413045e-20,3.7437701371355915e-19,5.077349105146493e-16,5.080699176341609e-16,-1.0405479348262788e-18,2.685522892939596e-19,-1.9775464286135359e-19,5.080553898114733e-16,-1.4602213527480582e-19,1.960817266705393e-19,-3.5254187695877463e-19,3.15467521978459e-19,2.0423574811966227e-19,1.4762698126474205e-19,-5.983350200236138e-19,2.3966489680338156e-19,5.079497284171956e-16,2.4784384847438142e-19,5.080226025017352e-16,9.828972492006758e-20,1.9410571367516787e-19,1.863913448886925e-19,8.293773894117089e-20,8.668770496084807e-20,1.1751464816012403e-20,5.07986297886357e-16,2.7076719110600445e-19,2.219935133527016e-19,2.3726309382369845e-19,2.508326957396015e-19,-1.4027302857170317e-19,-1.4773182119130157e-19,1.6719109624965466e-19,2.1923447855931557e-19,7.837858008691992e-20,1.2136278827356067e-19,5.078068860060558e-16,1.608318894436793e-19,7.038209963047664e-20,1.782877420459897e-19
2.6615036353156915e-11,3.850121945941535e-16,1.7410725682118455e-12,2.527423300802788e-16,1.0109810162776022e-19,2.8402318474500467e-19,6.766434350915026e-17,3.1271816325690767e-16,-1.0628262539833083e-17,4.1019317048791317e-16,3.244742507138899e-16,3.1450762759437726e-19,2.3455312514807513e-19,2.3659355839204922e-11,1.8268357711664998e-19,2.783142052960973e-19,2.376283371818002e-20,2.0069087156941084e-16,1.9943745843138155e-16,-1.4347274349677087e-19,1.1852338167868876e-14,-8.098987096883465e-18,1.230548828790136e-19,2.4576994340471807e-19,5.457206626865906e-17,9.176316172938235e-20,8.454044226947694e-20,2.652288056634279e-19,4.1193551151784045e-19,1.2338093441207298e-19,-2.1440538211205984e-19,1.1044155408945112e-16,3.8443355464013096e-19,-2.0137421614099072e-19,1.502998773398173e-16,2.7275696158123577e-16,4.083221347014346e-16,1.6102979827694453e-16,8.238659466419763e-20,1.3933941229355302e-16,2.319222828590548e-16,-1.1474766411014688e-19,1.2036900188831619e-19,2.3876341924942817e-16,2.3540400877196808e-20,2.215769827651727e-16,1.6292506591139972e-16,2.365972149788858e-11,2.552730224086818e-19,1.2091464075691678e-16,1.185283950727249e-14,1.5964392530710067e-16,-1.2494726206500831e-19,1.1852651307017657e-14,1.1853466747122512e-14,1.2256892391583592e-19,1.185257074284319e-14,2.2540169292806774e-16,9.274143733762111e-17,-5.139670953235347e-19,1.8672840400828992e-16,1.5565827233682512e-16,2.365952090366015e-11,1.695592106017681e-16,2.3659452077198927e-11,3.285106921653754e-16,2.365965365865622e-11,2.505283899845238e-16,2.7583193897288627e-16,-1.5994559811994783e-16,1.2898731614136763e-16,2.74354071545221e-16,2.4175050629532893e-16,2.3659254757030182e-11,1.984342669057885e-17,4.084843170932223e-17,2.365937626032806e-11,-2.914467995526254e-19,1.7168277631242523e-16,2.0121281228972797e-16,2.4957991421852465e-17,4.3868455673684366e-16,1.9881818526238128e-16,2.3869845544285305e-16,2.970110345412199e-16,2.3659679002524915e-11,2.1259541634664168e-16,1.401714115571235e-17,4.527518729019493e-16,2.6293235390456747e-16,3.378559812331739e-16,2.3659459646414265e-11,2.3659405889173933e-11,-1.3585325182494615e-20,1.7318055995913752e-19,-1.1002041398172036e-19,1.1852722470418316e-14,4.794564302761548e-20,1.0488246141810043e-19,7.223468115748449e-20,3.733530824904428e-19,-1.7485316429882096e-19,1.0605102739412147e-19,7.020802296641866e-20,1.721446109246255e-19,1.185274616441085e-14,1.2335010101542235e-19,1.1852978182017734e-14,4.398773580982655e-20,1.781834864210193e-19,-2.2470306365251373e-20,2.0347298071200143e-19,1.5001299108629201e-19,9.659585028925115e-20,1.1852762908236453e-14,1.504498809170145e-19,2.213499448106863e-19,5.682874661524028e-20,1.6975198073686404e-19,9.657964567984517e-20,8.460061384742398e-20,-3.13731213930679e-19,2.2578673100864624e-19,1.3962113183546747e-19,-1.1816321708121475e-19,1.1852677209548185e-14,8.542793427312564e-20,-4.9010943838865275e-20,-2.4791531928961775e-19
4.533617103739494e-12,3.354176388379146e-16,2.527423300802788e-16,1.7411889974871863e-12,4.227503746457057e-16,1.9800572764709863e-19,6.435321734157432e-19,3.2940469601293066e-16,3.285842342172165e-16,3.2073977635778e-16,5.222225670247293e-19,3.2212863426641514e-16,6.14651887234663e-19,7.821252555082438e-16,3.529039994281381e-16,5.255888614702991e-16,2.9641948407156365e-16,3.4346254755747744e-16,1.5373418223960715e-19,1.8047029112790812e-19,7.826046998820654e-16,3.2527810843633064e-16,1.6090331641278225e-19,9.584865325233073e-21,3.7505100053485686e-20,2.9126298459539076e-16,2.960799718126684e-16,3.7895377301345427e-16,4.922991064559067e-16,2.409741875394568e-19,2.539040534092484e-16,1.2632086445718588e-19,2.8576716800440183e-16,-2.6066188783769297e-20,-2.214017588036159e-19,1.2420854177926783e-19,5.353795783494378e-16,3.7663931200485836e-16,4.080798118215196e-16,2.959571419033313e-16,3.2313927541093273e-16,3.5695865696357136e-16,4.2409674653164184e-19,3.637369744808998e-16,4.500056897762822e-16,1.9016643619017764e-19,3.100840659721558e-16,1.5622876715399864e-12,1.8822418308960064e-19,8.357635258378199e-19,1.561885630973907e-12,1.5235899591394686e-16,3.103875769134372e-16,1.5617320879640314e-12,1.5620023640655705e-12,3.247696403703753e-16,1.5615579108212911e-12,4.776243525194091e-16,1.169650484369801e-19,3.5795992602298123e-16,3.9265604817472267e-16,2.765683742934355e-16,7.826719343188039e-16,-5.478168917570719e-19,7.823029400117038e-16,4.538474849206013e-19,7.82662683811243e-16,1.1468561506339445e-19,4.544524962340292e-16,2.3725599277815967e-16,4.411591740724433e-16,3.0250845816508645e-16,3.0947995377612314e-16,7.8240916625129e-16,3.112791733953906e-21,2.812565835358223e-16,1.5618329776086115e-12,2.170250424117132e-16,1.976903282447939e-19,3.751801520026483e-16,2.9113686168743996e-20,5.258008734017617e-16,3.4657673650228457e-16,4.9717931786515755e-16,1.4196843076843973e-19,7.826308916380225e-16,-1.625920217335271e-19,2.8084983599469444e-16,8.171161612534344e-20,7.036846433822279e-19,3.3918176780773084e-16,7.824180604760713e-16,7.823252143827444e-16,4.864531737451137e-16,3.2257247708788105e-16,4.3251713211238994e-16,1.5617620832214479e-12,2.7725400082655543e-16,2.4615923822634455e-16,2.4946805741353596e-16,4.925931085167167e-16,3.2141351326364244e-16,2.7809295041348717e-16,3.7821765513370644e-16,1.5944022206517547e-17,1.5619063589230853e-12,3.4827811872104753e-16,1.5621678223581299e-12,3.6491371072287044e-16,3.331995110047945e-16,3.4643240524535576e-16,2.9674431159310034e-16,1.2280779140191716e-19,6.77483364538665e-20,7.825092471173061e-16,2.1541611241728415e-19,8.129901014985738e-19,2.361229668130034e-19,3.519330249943915e-19,2.2341351877161326e-19,3.11963286445884e-19,-1.5168070400004992e-19,3.673863374393207e-19,1.132532813249108e-20,2.5707838953595334e-19,7.823587834162822e-16,4.45778155606311e-19,1.5062809926172668e-19,-1.574650898940257e-20
7.0561332902065766e-12,7.427802945751943e-16,1.0109810162776022e-19,4.227503746457057e-16,1.741581087665094e-12,1.1478047303289609e-15,-2.5427695259284203e-20,6.766388818688994e-16,-1.2650380226310698e-16,7.642112087032717e-16,5.297802906115594e-16,1.1615545413778896e-19,4.2545288754805673e-16,2.0519112131541945e-15,6.009695172785629e-16,7.855850566534933e-16,2.6395400542176708e-17,1.0897251219428272e-19,3.692564581257802e-16,9.385300811281362e-20,2.052115776196043e-15,-2.8724551405505095e-17,4.488116381025284e-16,4.713277689746242e-19,-1.3496698352107292e-19,6.241208033476667e-16,2.3888629640617834e-19,3.3107308215888975e-16,5.379256214540071e-16,6.775640613536173e-16,-1.0972641980328894e-19,8.037343205619241e-17,4.3732653186288697e-16,5.774764447888894e-16,3.6950279629720177e-16,2.3559416165461927e-19,3.2180446439470903e-19,-5.68573154131906e-20,3.8315648947907007e-16,2.854857166856351e-19,1.2951881761780333e-19,-5.3298430477912106e-20,-4.629812886573204e-19,4.3132881111623e-16,1.7848706648102964e-19,3.8953494452654756e-16,3.6059257490626034e-16,2.0523328684351996e-15,3.0890183544909563e-19,6.50009658356884e-20,2.0515601340668854e-15,6.486775591120189e-20,2.0841502410135732e-19,4.0962202912777495e-12,2.0520863152611327e-15,3.007179023537678e-19,4.095882174498961e-12,2.1470614190600574e-19,-6.41464691173287e-20,1.5961163741138834e-19,3.820725946521427e-19,3.4866343988206747e-16,4.096349229905748e-12,2.7316294273865714e-16,4.096307052779865e-12,1.4901969820940482e-19,2.052196297068309e-15,7.154498887858747e-20,-1.339181663238625e-19,-4.2697231726565332e-19,1.7571249590331976e-16,4.679698517902117e-19,5.69707844820516e-20,4.095928081390586e-12,3.3326784780639984e-17,-5.793972929099163e-20,2.0521782600114815e-15,2.1632623989315368e-19,2.2063409917972655e-16,2.594334535713525e-19,1.696732224939678e-16,7.528624722087026e-16,3.355157207654201e-16,5.107730487070431e-16,3.411672932512767e-19,2.0522699729851784e-15,4.3219023937542636e-16,-5.1773662033430065e-18,6.943737185804926e-19,3.8769878329165134e-16,4.403788499268921e-19,2.051843101003348e-15,4.096085281785168e-12,-7.528252508984194e-21,2.976640630168418e-20,1.600103508705082e-16,2.051847324441464e-15,2.7311930476642195e-16,1.0556283885497771e-19,9.717892490506424e-20,4.726390184710297e-16,3.435083566870276e-16,1.6163880779779247e-19,-9.574355020357354e-17,1.2590876806545905e-19,4.096263388962194e-12,1.844908140480332e-16,2.0523812935504813e-15,2.994281638365924e-16,3.5542569780038785e-16,2.0800266713832408e-16,7.474556018231933e-20,3.635117837314287e-17,1.838018965185591e-16,4.096661082525042e-12,5.289790493529676e-16,3.6692729238758123e-16,3.1055076139669164e-16,5.008455976749799e-16,-1.2309313286365461e-19,-5.251063508312639e-20,1.78360009017429e-19,2.5727236048788404e-19,3.443303958432998e-19,2.3101019372302343e-19,2.0519852628568666e-15,-2.2845868823552624e-19,4.929090053775094e-20,1.2491842480641715e-19
3.629658975530945e-11,9.403230765960304e-16,2.8402318474500467e-19,1.9800572764709863e-19,1.1478047303289609e-15,1.7420326010345661e-12,1.398208754278907e-18,2.5878448258782412e-19,-3.006521084701621e-19,5.131720059281731e-19,3.368882069411167e-19,4.524519827065824e-16,1.234802583499683e-19,1.6700832132210967e-14,7.622369669446039e-16,9.611609707702081e-16,-8.624772417646329e-18,2.0085414540800462e-19,1.5784129261175666e-19,-8.827272422819512e-20,1.6701205793498008e-14,1.9555766883265931e-19,3.501871015417692e-19,6.703529267470966e-16,-1.1144365240976207e-19,7.66733813982574e-16,4.687127859040734e-19,3.7533240053575236e-16,2.658273533796987e-19,8.124901681381675e-16,-1.732967894880298e-16,8.256024788352388e-17,5.581465334773178e-16,7.595469906134615e-19,3.7631491833890777e-16,5.499197703478604e-16,9.844063302817796e-16,3.0009636353536953e-16,2.2345183662833373e-19,2.7276737209128374e-16,2.546694852334972e-19,2.1103976541293182e-16,-5.580228984975477e-19,7.331305818518441e-19,2.391570322272522e-19,4.641081921949485e-16,4.0282311472381757e-16,3.333737518379242e-11,2.860692506745461e-16,-3.734077196665576e-19,1.6700931962945752e-14,8.150208809555914e-20,2.989631162770196e-16,1.6700903758967307e-14,3.333713808469551e-11,3.038108144541633e-16,3.333671598905225e-11,2.9401523303219103e-19,7.947817914652609e-17,-1.0698900462427765e-19,8.373183926838566e-20,1.2323075446637741e-19,3.3337329893035363e-11,2.8254355931836e-19,3.3337295617149174e-11,7.716113925568635e-16,1.6701026816471494e-14,1.8389548929757142e-19,4.742619938386966e-16,-6.532331580878686e-16,8.183029149412564e-20,7.972888151697526e-16,1.4320707320878636e-19,3.333675361817529e-11,-4.586157385780839e-17,-8.371678989219043e-19,1.6701062676046995e-14,-1.5221733325791956e-16,2.7483123062656076e-16,6.088606089425021e-16,1.57789207792047e-19,9.591808743697557e-16,2.215511362868738e-19,3.2881780777175316e-19,7.504228213147258e-16,3.333742109310433e-11,3.1757097141239267e-19,4.185326164386619e-20,5.887718776165365e-19,-2.2844422437254727e-19,4.1587107750728192e-19,1.6701148010640467e-14,1.670089114993331e-14,-9.968781363675886e-20,4.4005627061730863e-16,-4.073059009021706e-19,3.333685235118761e-11,3.270181958596771e-16,2.9420513405176943e-19,1.233202833083555e-16,5.613322879787236e-16,3.8410253959627717e-16,1.379925011243648e-20,-1.33269392595734e-19,5.470595803833025e-16,1.6701134238690417e-14,1.1174523209727957e-19,3.3337394895207597e-11,-2.3666963971667898e-20,4.519318619006938e-16,2.3236524895548814e-16,3.4056627835997165e-16,-4.730941649294198e-17,2.0969825052082543e-16,3.333770498854067e-11,5.239383466248259e-19,4.157137972410467e-16,-4.509764137440514e-19,5.887903434027966e-16,3.43382349265344e-16,1.1803682018377742e-16,5.983903620965853e-16,5.812306648454877e-16,1.528406301392332e-16,-2.1061133810575747e-20,1.6700903727498384e-14,4.1103442829976352e-19,2.292022644408466e-19,5.01464576737679e-20
5.449264350245839e-12,2.013711402265133e-17,6.766434350915026e-17,6.435321734157432e-19,-2.5427695259284203e-20,1.398208754278907e-18,1.7410857560911553e-12,2.2053810549379603e-17,4.383980367769737e-16,3.158740651486767e-19,-5.683490207970706e-20,1.7739793444781177e-16,3.740702812495599e-16,2.4822885806998378e-12,1.0754740028584273e-16,2.1508669398696587e-16,3.2511111660198167e-16,1.761580076153185e-16,1.7614557281232142e-16,3.4316001106105133e-16,2.4822260121733082e-12,3.970108714016176e-16,-3.367684676964204e-20,-1.3184649402691042e-19,3.222659880453861e-16,2.898853812368918e-17,1.0528604340718954e-16,1.3311651806006435e-19,1.754044632068674e-19,2.082986107324725e-16,3.363195632674576e-16,7.862099816666578e-20,1.0670672345552707e-16,1.429839181268027e-19,2.4671800963167087e-19,1.9533980013596175e-16,2.2130484825071392e-16,2.9493561054750424e-16,2.738828587762017e-20,2.2088397374181047e-16,1.2276517657482884e-16,2.9879036410890457e-19,3.825318885133338e-16,6.454373513148855e-19,3.0284330774845155e-16,2.4598664471825566e-16,1.7946026780268296e-16,2.482719458178377e-12,2.77441621419515e-16,5.333365357798712e-20,2.482420147378887e-12,6.183764897820668e-17,2.2293154539892235e-16,1.2436677212969853e-15,1.2435881747656199e-15,2.3844171134973447e-16,1.2435432934046184e-15,4.486501690502134e-19,3.113696706257601e-19,4.187326433270159e-16,-1.0902337567767474e-19,-4.830629616058039e-19,1.2435593855620949e-15,2.682120533885893e-19,1.243292228824412e-15,2.1741352963086077e-20,1.2434433717866295e-15,9.453784036592417e-20,1.6851525073917427e-19,2.4962340351705995e-19,4.1458789672328847e-16,-7.449894455048234e-20,1.9369785900058466e-16,2.4823611372456995e-12,3.6339482015001797e-16,3.085217777418483e-16,1.2435118255253986e-15,2.9229596200506366e-16,3.6308455134708317e-19,-6.998701698335258e-19,2.645968359268178e-16,2.244899781251713e-16,2.4224982399544693e-19,3.1119934977173553e-16,1.2582916762617709e-16,1.2436160792950972e-15,1.6757316952729501e-19,3.239698710973383e-16,4.145321113780879e-19,1.805816261188294e-16,1.4904708306136822e-19,1.2436369294582896e-15,2.4824324859322546e-12,3.883068850970284e-19,1.8334080079383074e-16,4.097772412076302e-16,1.2436248884766013e-15,1.4878400258197643e-19,7.232937218870447e-20,2.1982071240289828e-16,3.2282057421842943e-16,7.979850224636313e-20,1.4903979797719105e-16,3.042163403899454e-19,-2.3178178677283212e-16,1.2434786580812793e-15,3.2473837224286223e-16,1.2437158010567675e-15,-3.155018474269765e-19,1.5944460352408957e-19,5.575147138661636e-20,-2.073432567240977e-19,4.327662862472419e-19,1.4391034502983878e-16,1.2435637379539628e-15,1.2354785830677566e-19,4.1218706803499396e-16,2.718799239448778e-20,1.870219855523839e-19,2.343308609286153e-19,-1.7222572223475328e-19,1.931232889240363e-16,2.8082449002359673e-16,1.1112453553456138e-19,2.661208380246091e-16,2.482342412661052e-12,4.362063611767497e-16,2.503375250304512e-16,3.143253036165572e-16
-4.116565978256992e-12,5.442825645687435e-16,3.1271816325690767e-16,3.2940469601293066e-16,6.766388818688994e-16,2.5878448258782412e-19,2.2053810549379603e-17,1.7356049001981907e-12,-6.130520803885905e-19,3.4636170940229843e-19,3.898381712001555e-19,3.728480626709904e-19,3.383340429057048e-16,-7.068751260292615e-12,4.0913170074529596e-16,5.84796815172908e-16,1.0884617907155364e-19,1.8392669848765397e-16,3.90414376324971e-20,2.617583523088724e-19,-3.5412651763627506e-15,5.022034747904954e-19,1.8985875929951645e-19,4.044986165479624e-16,-2.300255007220739e-17,2.9461989865979156e-19,1.65302531715137e-19,-4.64667272997627e-19,3.697934483660686e-16,3.1659430639972947e-19,-4.805264587008787e-19,4.2408952021334954e-17,3.2744365634305845e-16,1.4190216511576738e-19,4.883947440461178e-20,3.2858708436401567e-16,6.822336784936657e-16,2.0924567438912518e-16,2.3050047661231082e-19,1.4196276715360718e-19,1.687643850706671e-19,2.000735390672041e-19,-2.4432349866711195e-19,3.432163826978956e-16,3.2251525955210007e-19,1.4239420407861318e-19,2.800340709018641e-16,-3.541101556643879e-15,2.5162777479671795e-16,4.3561243343213986e-17,-7.068645753545978e-12,-2.133722131656263e-19,-7.831720292000785e-20,-7.068568363689129e-12,-7.068479102992011e-12,1.7644110421726703e-16,-7.06890458498714e-12,2.804898508118815e-16,-2.5261037725591775e-18,-4.2955970070297276e-20,3.29108355140728e-16,1.6304179974971632e-19,-7.0684720522306675e-12,2.0405233570235842e-16,-7.068554355246966e-12,4.539315203465568e-16,-7.0682214250213285e-12,1.6330583500164854e-19,3.4134109580495953e-16,-3.7799033603418863e-19,1.6456364500953517e-16,4.378114565556955e-16,2.23121913683091e-16,-3.54145001339099e-15,2.281356090101574e-19,5.911682448976448e-20,-3.541115323934564e-15,-1.2503943986681052e-19,6.390471738343834e-20,1.1243317053420052e-18,2.355443051521306e-20,2.7951984547487954e-19,4.7559122738333047e-20,4.11366172432967e-16,1.235495270966751e-19,-7.068266040832603e-12,3.85750302478941e-16,8.560443132249718e-20,6.980689612811669e-16,-1.5827614639115939e-19,2.337158838463859e-19,-3.5413708649082393e-15,-3.5405529135168103e-15,-1.1847119299309815e-16,9.151961989184127e-20,-2.855155920124815e-20,-7.0688006445707785e-12,1.5696222217230827e-16,1.0887108008866906e-19,6.7597220327923995e-19,3.584180935900579e-16,2.960893332449509e-16,2.2083095696371594e-19,-2.3083850127624722e-20,2.346842010732226e-19,-3.5415947553695533e-15,1.3130077822351237e-16,-7.068285344137742e-12,5.696945893684999e-19,8.800771892231178e-20,1.6349166557111506e-19,6.320534522822787e-20,6.151242023083554e-19,1.02957081320644e-16,-3.5411908828009474e-15,3.5663577301736836e-20,2.1114473988152294e-19,2.2354834677988695e-19,1.7125874692595342e-19,2.992055795351495e-16,9.360479088440187e-17,3.2197890258563224e-16,4.188454478618527e-16,1.5352808150172205e-19,2.259746164964094e-16,-3.5415166918039314e-15,1.1497275149304299e-16,2.130235478292944e-19,1.5284530118003393e-19
-6.120723143285451e-12,-1.3106688578828178e-16,-1.0628262539833083e-17,3.285842342172165e-16,-1.2650380226310698e-16,-3.006521084701621e-19,4.383980367769737e-16,-6.130520803885905e-19,1.7414142906545851e-12,-1.7755688562115614e-16,8.908334046721596e-17,1.9159760725039998e-16,5.07578139424521e-16,-4.551883274820525e-15,1.4323480703963602e-17,1.675010889820131e-16,4.935683019893395e-16,1.415271565864785e-19,-1.0060892281059577e-20,9.097399215556025e-20,-9.086076380142154e-12,4.0430400551308806e-19,2.367879277684945e-16,1.8112659684206123e-19,4.86488443586103e-16,-2.0116580463983014e-19,-7.096105834905856e-20,2.800253697798398e-19,1.035032494382127e-19,1.896039249835521e-16,2.1639504087703347e-19,3.267489605627865e-16,7.668790503032218e-17,2.7043985281387845e-19,3.796155287665375e-16,2.6998566866581566e-19,3.522327589704091e-19,3.976451652435886e-16,3.654501871912384e-16,3.220058860839942e-19,1.0657933900910862e-16,4.309177860460516e-16,2.9902722638856264e-19,2.3488173709289656e-16,3.771200911772488e-16,1.3867566299354304e-19,5.563145037015036e-20,-4.551896630587029e-15,3.855922641286046e-16,2.984603044339793e-19,-4.551596748079629e-15,6.873805462355068e-20,2.943726311934555e-16,-9.086154775383891e-12,-4.551852134109889e-15,1.3578147611622463e-19,-9.086142977588752e-12,1.410418444148318e-19,3.699949090491714e-16,6.583437109392063e-16,-2.1439801706210297e-19,8.07393867787464e-20,-9.08617741703225e-12,2.965858102424834e-19,-4.552141879455618e-15,-3.119861101733307e-17,-9.085755126455061e-12,1.838677599498469e-16,5.409812455453693e-19,4.43181857535554e-19,6.183139957359557e-16,-8.04256141687193e-17,2.003560737785309e-16,-9.085780640892399e-12,5.601032847292573e-16,4.637101320464108e-16,-4.5518052379716155e-15,4.632945095757233e-16,1.0919196336584033e-19,1.8925481504239956e-16,2.6647767599431164e-19,-3.090776306052512e-20,2.0693805283536117e-21,-1.2697465332504862e-19,1.1000450523184094e-20,-4.551696064725203e-15,1.587423016758958e-19,3.859598482415552e-19,-3.6671536990164377e-19,2.5116192076797777e-19,-2.195624858155079e-19,-4.551879309433474e-15,-4.551768023357376e-15,1.0283434730004072e-15,1.8442695996072843e-16,6.323858551915178e-16,-9.085896508656619e-12,1.9121922432339104e-16,-9.365925117444932e-21,3.107077270976891e-16,4.1203094604477265e-16,2.4886648174604203e-16,-2.566844686666833e-19,7.36321873121742e-16,-4.039608319234349e-16,-4.551581825720991e-15,5.0558487862871886e-20,-4.551628312541944e-15,1.099009237840989e-19,1.9295407670646437e-16,4.0938143767315033e-16,2.101009987210394e-16,5.799438345716734e-16,1.8811297889199525e-16,-4.5520207733783134e-15,1.7584318611368342e-20,5.321508048851731e-16,1.6149204355973067e-19,-1.1923953488545544e-19,5.741675408196778e-16,4.418532579169247e-16,-3.411621380977981e-20,3.2251482993559415e-16,3.7136663626967106e-16,3.626517316283199e-16,-4.551260135639748e-15,2.9875329540440877e-19,3.389417682111102e-16,3.7567432462185623e-16
4.837454507015824e-12,6.304928061330498e-16,4.1019317048791317e-16,3.2073977635778e-16,7.642112087032717e-16,5.131720059281731e-19,3.158740651486767e-19,3.4636170940229843e-19,-1.7755688562115614e-16,1.7413878761875425e-12,4.712462716993447e-16,3.0119593983381934e-16,2.501463922791643e-16,9.302221577842494e-16,4.0192732236044836e-19,3.5324935526318004e-19,-5.195788441442112e-20,3.3465305370535537e-16,2.931962961853522e-16,5.454846477896517e-19,9.30194673016017e-16,-1.1202177368649403e-16,3.712384945590092e-16,2.3213850551991695e-19,-7.09889088258839e-17,2.4379568989099223e-19,1.7736595056886873e-19,1.677879595056437e-19,3.756042654634232e-16,1.3272306651221145e-19,-8.649616586735638e-20,1.5821961793020187e-19,3.813764069682844e-16,3.5430893141403844e-19,1.4022540425358302e-19,1.7190328646834482e-19,6.375926775017983e-16,1.8032339436699515e-16,3.402134023428138e-20,1.6469755055473055e-16,4.0283115161915635e-16,-1.0447560258431608e-20,-3.8066191578029733e-16,-4.1204944862121265e-20,3.203592327496283e-16,3.1069657388385587e-16,2.4740552311822356e-16,1.857360712018251e-12,3.1998308027472646e-19,-1.6651794420063874e-19,9.303896735040649e-16,1.318017572982962e-20,-9.361577108970626e-20,1.8572239354399567e-12,9.300159378732164e-16,2.0004312158273608e-16,9.297319941905345e-16,2.603802012204557e-16,6.5597276553931e-17,-9.467361241834365e-17,6.995939973109652e-19,3.198268916075339e-16,9.304065727114122e-16,1.0326576180389509e-19,9.30411621659149e-16,2.659625617433845e-19,9.304461446217505e-16,2.3006893076377168e-20,-6.424287748151583e-20,-2.785742708419021e-19,9.418726281707705e-17,2.369212061734571e-19,2.8325061121623444e-16,9.302808776131083e-16,3.6422210175909365e-19,-4.455565333665742e-17,1.8571244521803328e-12,2.7322500548361115e-19,1.8901786111137678e-16,4.636029597757106e-19,5.840779354188683e-17,3.583103731135971e-19,7.45495572068314e-19,3.850572435942465e-16,2.5642052701325705e-19,9.304351133641286e-16,1.8484566569186137e-19,-1.470697346416932e-19,7.867875559704033e-16,2.2579017559340974e-19,5.836514736413591e-16,9.304674193083281e-16,9.30260538819479e-16,-2.3785302120453e-16,1.8338696417632451e-19,6.972936210046815e-17,9.302225283160164e-16,2.234513402121544e-16,3.502743646974007e-16,-6.738955595004634e-20,3.573564324043874e-16,2.894068001799282e-19,2.666419319395213e-16,1.231495548673207e-20,2.24740536584276e-19,9.301865155051168e-16,1.8387747049335546e-19,1.857362133326146e-12,1.906047093506251e-16,3.8858075808560266e-19,2.4027692949288205e-19,2.487354844813866e-16,4.162693061010845e-20,7.443676493546544e-20,9.304779348188062e-16,3.078926469360862e-19,2.7498117994141354e-16,1.9796219321095546e-16,3.7453539202678336e-16,9.292248580688462e-20,8.227426295582227e-17,4.016961139267478e-16,3.6244844742701724e-16,-2.1515275931679268e-19,1.8959515089614116e-16,9.301421215683614e-16,2.478809399700764e-19,2.479239930890684e-16,2.69475469770758e-19
-3.991712604898281e-12,4.3541805265627097e-16,3.244742507138899e-16,5.222225670247293e-19,5.297802906115594e-16,3.368882069411167e-19,-5.683490207970706e-20,3.898381712001555e-19,8.908334046721596e-17,4.712462716993447e-16,1.7411375452924107e-12,2.8134254369499094e-16,3.3254358630529996e-16,-3.4856070873935617e-15,4.0286728769414303e-16,5.293935032509689e-16,2.7441486241587584e-20,3.9169627478865005e-19,2.733288975069446e-16,2.4758491243555257e-20,-3.485578647138673e-15,-3.4156746104878876e-19,3.476750112720728e-16,4.674890731694653e-19,1.247539691559315e-16,-1.3680398906073786e-19,2.9963395826376643e-16,3.0028304189867797e-16,1.8436820355157507e-19,3.8370554496051696e-19,-1.1563239092264088e-19,1.2730005664463916e-19,3.1888099116812707e-16,3.891892511798363e-19,2.1320452236100916e-19,2.867316550280545e-19,5.534957259905734e-16,2.5983336173730947e-16,2.9888957589584054e-16,2.4245275112664515e-16,3.1581308584454826e-16,2.533951464035895e-16,-9.550843171225078e-17,3.2596592173733435e-16,1.6593867221153628e-20,2.88844134322908e-20,2.5979642510303816e-16,-6.9570466970972405e-12,2.9662079933421466e-19,1.0385441912699306e-19,-6.957438968141831e-12,2.4937606764664785e-20,2.3528768993349266e-16,-3.4858881483238586e-15,-6.957333601338513e-12,2.472270217895861e-19,-3.4859119873241825e-15,3.371861024970744e-16,1.6255946940690223e-19,1.4631381839965201e-16,1.0630155885007379e-19,1.0485687483637197e-19,-3.4854723803607037e-15,2.331401108740842e-16,-3.485559088123315e-15,3.473760391745149e-19,-3.485592634458881e-15,3.2619640801781156e-16,4.629934743406663e-19,-7.124332275867526e-17,1.0383051408277167e-19,3.3805378617262616e-16,2.231392342652948e-20,-6.957549838219883e-12,-2.0666312217782656e-19,-1.9010895837873023e-19,-6.957437017438946e-12,7.528063222397223e-17,1.3597397351389194e-19,1.7048797505600328e-19,1.5035866855548407e-16,5.472501353616336e-16,2.829537381640076e-16,4.0179062049460563e-16,3.90792614487169e-16,-3.4853738514629467e-15,3.4529745694267956e-16,9.317787219295378e-20,5.079614447532784e-16,4.335745865369251e-20,4.0348959654407724e-16,-3.4853035029453276e-15,-6.95740242358409e-12,1.6398726406329542e-16,1.137426083975789e-19,2.388718386677175e-16,-3.485710030668684e-15,2.332871121214719e-16,1.381908076037423e-19,-7.59421723682657e-20,3.4640676512524707e-19,2.87988773489283e-16,1.3372014532224982e-19,1.2615225721510215e-16,1.0233793805053607e-16,-6.957352807919895e-12,3.0081636645340945e-16,-6.957134895490512e-12,1.3513769001622215e-19,3.0365421178559227e-16,1.6020687338077636e-19,1.4592135527247852e-19,-1.0568507701568425e-19,2.455250041424443e-19,-6.957205136715279e-12,3.459004719657752e-16,1.6011429668209994e-19,1.6999156947462127e-20,1.6575135648364892e-19,-3.3861274687580816e-19,2.1557855389249028e-16,3.9098793051631306e-19,3.5842891903803795e-19,7.866037730601436e-20,8.320545330469573e-20,-3.485284620306194e-15,2.7436729951029083e-16,2.693112716412371e-16,5.711651718519422e-19
7.720675087880922e-12,3.0637370726340204e-16,3.1450762759437726e-19,3.2212863426641514e-16,1.1615545413778896e-19,4.524519827065824e-16,1.7739793444781177e-16,3.728480626709904e-19,1.9159760725039998e-16,3.0119593983381934e-16,2.8134254369499094e-16,1.7410178102116395e-12,3.7810598690321615e-16,4.765380883036363e-12,3.265692970996032e-19,4.3260737223083994e-16,-4.023058367851555e-20,2.2123746313720864e-16,2.346366848052765e-16,2.652639221791628e-16,4.765438844290858e-12,-1.8042210288893567e-19,1.1730988845205375e-19,3.327861249257029e-16,1.690441991481062e-16,2.561400224175953e-16,2.5310089917065544e-16,2.8701309339758003e-16,2.0003740347972068e-19,6.57398122845577e-19,4.362062237109651e-19,1.6364945147301108e-16,2.287754552526624e-16,4.0256763826830534e-16,3.022749835480391e-16,2.8623190817195805e-16,4.590346867828568e-16,2.708278798757706e-16,-1.3067425192128033e-19,2.307282384387583e-16,1.6395526023423622e-19,2.634293827341548e-16,-7.561632870394557e-20,2.9628069951700633e-16,3.582167899331435e-19,2.764903650064049e-16,-2.083420366552245e-19,2.387121724711707e-15,2.6993429589412537e-16,2.062427113970138e-16,2.387701161931031e-15,8.861684730286516e-17,2.227037618736911e-16,2.3874557360157313e-15,4.765592832299309e-12,-2.485562132864554e-19,4.765214804913094e-12,6.515503975793234e-20,1.550522537607085e-16,2.9720773666926616e-19,3.0045530412720125e-16,-6.012299289509922e-20,4.765469360070658e-12,1.3894334152882629e-19,2.387410745099474e-15,3.018628784703976e-19,2.3874244173338722e-15,1.7383341215934629e-19,3.595491215647012e-16,9.382680960152011e-17,3.029840575379687e-16,2.498735013425772e-16,2.9971542875950105e-19,2.3871522803573143e-15,1.0381759036648841e-19,1.9863027038746287e-16,4.765475522439788e-12,3.023503973736494e-19,2.3198470946657207e-16,3.1846148151618034e-19,1.9501919740281592e-16,4.2166394888803193e-16,2.430703814120429e-16,6.014544497283606e-20,1.0761017572663693e-19,2.3878677486645306e-15,1.6612309613356164e-19,2.3128135568653153e-19,3.2935761252389605e-16,3.864212578142384e-20,5.989046692470024e-20,2.3873171527954213e-15,2.3872182882539945e-15,2.881506542018091e-16,8.160703733418291e-20,2.9193791880486646e-16,4.7653722855395e-12,-3.8809245622282026e-19,1.8373487876253366e-16,1.8352265795936363e-16,3.6548624678869293e-16,2.6089662106963714e-19,1.775528881760367e-19,2.146352409167749e-19,3.0008453056433e-19,2.3874522812071526e-15,2.7312653610174606e-16,4.7657599292549396e-12,-1.265705327958641e-20,2.395887941912421e-16,-2.545689399549232e-19,2.1086467009394127e-16,1.6755055073756291e-16,-3.06779042608889e-19,4.7655809153902835e-12,2.343076186667508e-16,3.819692272877505e-16,3.6766396561254066e-19,-5.270821202424429e-20,3.4979268712638366e-16,2.193205271090515e-16,2.81311865238971e-16,5.858695601913634e-20,1.8682252141150064e-16,2.5396021795729384e-16,4.765408835562588e-12,3.194953334349019e-16,2.720614393951881e-16,3.148284402054753e-19
-3.928585449008729e-12,3.143396111835687e-16,2.3455312514807513e-19,6.14651887234663e-19,4.2545288754805673e-16,1.234802583499683e-19,3.740702812495599e-16,3.383340429057048e-16,5.07578139424521e-16,2.501463922791643e-16,3.3254358630529996e-16,3.7810598690321615e-16,1.7414348268871552e-12,-3.4539213391456136e-15,1.3781871848363292e-19,2.9769355949074157e-19,4.1333027731596186e-16,1.7467461080170403e-19,3.8330351014058216e-16,9.205384385933641e-20,-6.894340471720831e-12,5.12950084370546e-16,2.1170786125340446e-19,4.4207889382892315e-16,3.0729427400206396e-19,4.394621913732143e-19,-2.6827967680744085e-19,3.471614535036828e-19,6.906427637695865e-16,5.752854793003877e-16,2.0358517181600454e-19,2.9142021974149144e-16,1.632747771282961e-19,3.856123695604466e-19,5.71223533978462e-16,3.06921296159076e-19,6.610729778102693e-19,5.020435315926567e-16,8.908152356935061e-19,3.8902975657862784e-16,2.8390098330582636e-19,4.646972654720343e-16,1.4955564044533565e-19,4.479533771136605e-16,5.6060387355574e-16,3.4817192522869723e-19,-1.8200874674766004e-19,-3.4535842062361928e-15,5.126107178754746e-16,3.0331224481659413e-19,-6.894167132694472e-12,-4.0316651335705937e-19,2.331676011988056e-19,-6.89444291844041e-12,-3.4540013218086927e-15,1.8251724200899796e-19,-3.4540437171976136e-15,3.648486447957288e-19,3.274142678728097e-16,5.583891503342854e-16,5.295457286180365e-16,3.1212220435099617e-16,-3.4538671003155566e-15,2.377947188118438e-19,-3.4543962746258277e-15,3.2557442867639767e-16,-3.4535696242278266e-15,1.354978688611099e-19,5.444869199330638e-16,4.3252291530394046e-16,1.3168035606404042e-19,1.739083013642771e-19,3.1535998829438087e-16,-6.894297947279332e-12,5.205005010395335e-16,4.4084618728467184e-16,-6.894244712107469e-12,3.145180721172287e-16,8.357905663345082e-19,1.6578033540194578e-19,4.986658705834065e-16,5.418583299011269e-16,1.9724997969414902e-19,2.5419553023104196e-19,4.17335086104347e-16,-6.893834172257162e-12,2.8466976288761844e-19,4.381920093756135e-16,2.740298385530715e-16,3.3130112341844583e-16,3.4514193474262966e-16,-3.4541310582686564e-15,-6.894202081335696e-12,7.2763943688769645e-16,3.6873542706822585e-16,5.376753023879293e-19,-3.4539372468026174e-15,3.009317731552377e-16,2.451673775892108e-16,1.6202703863829572e-19,4.926372474827021e-19,7.71138919618318e-20,1.4415333536206248e-19,5.536753298981634e-16,-1.0148206236928501e-17,-6.8942137360506355e-12,2.6719340686524333e-19,-3.4537300550501848e-15,4.941596207835619e-16,3.4009301030123795e-16,3.1145781110716537e-19,3.0279541227908345e-16,5.521382862252081e-16,3.0169260035434095e-19,-6.894206450540475e-12,1.5712610667777195e-19,7.233813432859557e-19,1.6776241446125373e-19,2.9672336952140115e-19,2.859255413906405e-19,1.2826521777903937e-19,2.522581438778569e-19,3.6145768855504654e-19,4.1231412634330285e-16,4.769121399795861e-16,-3.453917485341675e-15,2.974081394244713e-19,5.284551587639385e-16,1.0582831062277334e-19
