0.9999999999999746,2.339530721918594e-11,1.5480835194367273e-11,1.126596274338839e-11,-6.33768542308114e-12,1.6727414875829058e-10,1.7726040782875143e-11,8.819969579846447e-12,-4.902905769419613e-11,1.1846544485872906e-10,-1.4293430069631828e-10,-1.6031931477368767e-10,0.9999999999797844,0.9999999999803171,1.621802118837134e-11,-1.1424559191305081e-10,5.914505836553678e-12,-3.6190286145651937e-11,5.4118663668372294e-12,6.850983713183502e-11,-3.523606189744727e-11,-1.868428791101672e-11,-1.6819038751847442e-10,0.9999999999842839,0.9999999999544253,1.0134450343690521e-10,5.1585391327201116e-11,6.78720955199437e-11,0.9999999999973823,0.9999999999581695,-2.917073507029205e-11,-4.790672930184485e-11,-5.0471546811656774e-11,-2.7857868473839316e-11,0.9999999999743237,-8.333771179282508e-12,0.9999999999815965,3.225636385180811e-11,7.008825606237709e-12,1.6267125652161263e-13,-8.167248973121723e-11,5.5682467468164547e-11,0.9999999999683455,4.846778093737176e-11,1.9583702526261844e-11,2.6304196287623836e-12,-1.1902294816966023e-11,1.5180260032336497e-10,0.9999999999518149,5.101809555718175e-11,3.5390757097416477e-11,-7.825808007984654e-12,-1.8540918955582823e-10,1.0179074631297085e-10,0.9999999999855335,1.7836473137381632e-11,5.673404135287494e-12,5.820536292986475e-11,-8.948526887154416e-11,-1.4038924606942241e-11,2.245224471662373e-11,0.9999999999683226,0.9999999999589383,-1.2694674877138105e-10,2.8811455765434716e-11,-5.5903015183992754e-11,-3.5444768653547926e-12,1.0148075895916445e-12,1.2480378337716746e-11,7.777617173517415e-11,2.5322242307040094e-11,1.910533320849239e-11,5.0525898538579416e-12,1.861077869095619e-11,-8.517633760572104e-11,-2.8069070513449423e-11,1.8590082954429247e-11,3.471825728551286e-12,9.21765258961047e-11,-3.9015770601491865e-11,4.3364464614435954e-11,1.661249897068689e-11,4.3854072056123734e-11,-2.5981212779157694e-11,1.1007931924444886e-10,-1.1256297504872232e-10,1.198249413371328e-10,-1.4249295661374833e-10,2.3617434913193683e-11,0.9999999999821697,4.5218758988044075e-11,1.540071049105959e-12,1.7932516031317486e-11,4.3744386705036513e-11,-4.836447118242336e-11,1.2983160207578658e-10,6.140815148005167e-12,-1.852337544425601e-11,1.368270659812436e-10,-4.082893185210124e-11,-1.252587773221784e-10,0.9999999999746214,-2.509958931690382e-12,0.9999999999801951,-1.3596095640494402e-11,2.051973841943142e-11,-3.271778894939625e-11,-5.891352090535979e-11,-3.3356454544887295e-12,2.6763335744665265e-11,0.9999999999799567,7.350407621318375e-12,-4.713096369198217e-11,1.2655607675449127e-10,5.606920205801762e-11,0.9999999999519406,1.184989839927014e-11,3.727670158700205e-11,-1.8538975250674572e-11,0.9999999999872945,5.967339963424509e-11,0.999999999991628,-7.10404928531315e-11,1.562944825551508e-11,1.808994255405268e-11,-1.3520974679934584e-10,2.0315187679308067e-10,2.8446320832760315e-11,6.490155037620346e-12
2.339530721918594e-11,1.5806223700370556e-12,1.6183889918862544e-15,2.3056114618163185e-15,2.1663042717519013e-15,2.223235700917592e-15,1.6067727071327793e-15,1.7393990317413959e-15,1.9507951541493628e-15,2.41507806308006e-15,2.0179043780015526e-15,2.275878511026054e-15,1.5179786674986326e-11,1.5178882740881406e-11,2.2252388227078097e-15,2.455414525443878e-15,1.5980337136873488e-15,2.062974258383237e-15,1.7106855935872034e-15,2.4367346787585455e-15,3.3761010642644535e-15,1.8930382159344365e-15,2.2527284563718647e-15,1.5179793738378544e-11,1.5178893693567146e-11,2.263421329857348e-15,2.5163034708978236e-15,2.1015941489022298e-15,1.51791494763258e-11,1.5178868893858474e-11,1.8193676649299447e-15,2.151068981959671e-15,2.149270878294001e-15,2.181120528433374e-15,1.5179926454401852e-11,1.98099871324275e-15,1.5180916329649583e-11,1.7419621312865815e-15,2.4285797480804274e-15,2.5318468426895074e-15,2.7504060329008944e-15,2.0273771507383856e-15,7.60349657797655e-15,2.08688113695625e-15,1.3350537147375623e-15,2.0789013550374035e-15,1.4198970539509276e-15,2.2996110952616306e-15,1.5179084093333213e-11,1.742589600126992e-15,2.642354402697644e-15,3.094712917009977e-15,2.1619829369712048e-15,2.299543413731467e-15,1.5180731497784618e-11,1.7872436327544782e-15,1.687410250613038e-15,2.4384991355466915e-15,1.9983685175841123e-15,2.7939282466439443e-15,1.625645568783263e-15,1.5178870516823733e-11,1.5179149469198592e-11,1.925126064231081e-15,1.2416320037624832e-18,1.5104040178255796e-18,1.0949286377174413e-18,9.751922776637072e-19,7.314225970391279e-19,1.1553501254773634e-18,8.738843563207829e-19,1.0937646409055273e-18,8.714401547638692e-19,8.950541924629359e-19,1.5577182851286342e-18,1.0101623891121543e-18,8.704696168674847e-19,8.189057652284821e-19,1.0548387910680372e-18,1.0240358037848385e-18,1.6844224188253915e-18,1.160644175132694e-18,1.031115197505818e-18,1.7596633683405594e-18,1.0411206033895114e-18,1.2138938679113738e-18,9.383424869890293e-19,1.062449874259209e-18,6.91596282043624e-19,7.604302147250592e-15,1.0312172629305662e-18,6.997851035174899e-19,7.292096843807375e-19,9.46839111826749e-19,9.25332501683622e-19,1.120193994576528e-18,7.963821807069225e-19,1.5721689896519554e-18,1.1404884858265614e-18,9.099337771216137e-19,1.1178734419529935e-18,7.604994297401053e-15,8.6112939709864605e-19,7.604448302850428e-15,5.046969236385151e-19,1.2184778462509628e-18,9.133168801312908e-19,1.1010670477554698e-18,6.214170474160171e-19,8.249291123317378e-19,7.604619663638217e-15,6.4293073854457165e-19,1.082377190453025e-18,1.1753758950114195e-18,1.2561339840778171e-18,7.603994435681014e-15,3.7314146286467124e-19,7.457056478945346e-19,1.1993002090491553e-18,7.604003336696532e-15,1.4250274511736501e-18,7.604160862419439e-15,1.128214908007434e-18,1.48443924073543e-18,1.1579867145752433e-18,8.3951280197814055e-19,9.99929920733058e-19,9.346970589173856e-19,8.328159920626298e-19
1.5480835194367273e-11,1.6183889918862544e-15,1.579631637245779e-12,9.66224374009635e-19,1.5093392776948249e-15,9.295774125060949e-19,9.668054865472036e-16,4.582526738913421e-19,1.20700417701781e-15,6.600283474506216e-19,1.6045032634191838e-15,1.6773002135467672e-15,7.229212146095613e-12,3.621427065630002e-15,9.049936074905221e-19,6.159430009390938e-19,1.2494008534639922e-15,5.696872211309637e-19,8.508508390577325e-19,1.33513713930947e-15,1.2334784923546137e-18,1.269787276179984e-15,4.2779532757811793e-19,3.621627319536709e-15,3.621181165044833e-15,5.675809960630256e-19,8.807633739709956e-19,8.199657827897079e-19,3.621452311728429e-15,7.228357138341168e-12,7.064570329044189e-19,8.598582635761684e-19,6.199136527104895e-19,7.040155557164634e-19,7.229208012636677e-12,1.1754167615899179e-15,7.2301775954624366e-12,7.107403755346989e-19,7.188881445390124e-19,1.6034968798666483e-15,1.5566217492484074e-15,4.791423233349122e-19,3.621183910685146e-15,5.682048067462628e-19,8.427886817577475e-19,5.095394411493824e-19,1.2799745300555484e-15,7.1770425813976735e-19,3.621284507169302e-15,5.6189460853186165e-19,7.459712419494032e-19,1.049880773710134e-18,6.25664561932303e-19,5.668678085335202e-19,7.229525911149401e-12,1.1746975628571175e-15,1.1216496504640765e-15,1.3752346414512264e-15,1.5075884161892151e-15,1.6182116172411892e-15,1.2557130484376534e-15,3.6213686054255315e-15,3.621287385731597e-15,1.4379362987779495e-15,1.3066790460773905e-15,1.714520791289424e-15,1.391895842939608e-15,1.262005380195678e-15,9.52164614300068e-16,1.5701826452254583e-15,1.0094639327953956e-15,1.1127780925968578e-15,1.0302236904792365e-15,1.2591058929070846e-15,1.3245098399022096e-15,1.4309411224228286e-15,1.4378816317029836e-15,1.0997017620994764e-15,1.4323385804385469e-15,1.5188131282428204e-15,1.5555573655788486e-15,1.7798317723409326e-15,1.396097506387103e-15,2.363831756125528e-15,1.52991164755476e-15,1.5577127506635507e-15,1.4803052821206457e-15,1.3938955568987366e-15,9.196115949961141e-16,7.228647023385214e-12,1.4893208221656545e-15,1.1347699557459572e-15,8.478283279254844e-16,5.389929581772875e-19,7.353283753624099e-19,2.598327511689618e-19,7.836652693724944e-19,7.831656963104532e-19,6.673058803015714e-19,2.3809573859932925e-19,7.5299438356674055e-19,3.621535810298126e-15,3.1480429832693846e-19,3.620606388236405e-15,8.018596321402508e-19,8.706201714297922e-19,1.2686180567919354e-19,9.012887969242665e-19,1.0071981753783336e-19,5.155121249748194e-19,3.621838699450414e-15,5.758580859989382e-19,7.788133120820959e-19,6.059991846015725e-19,5.680476410197429e-19,3.621117390414348e-15,7.472095898974986e-19,8.294073124268364e-19,5.838063939064417e-19,3.621505010843138e-15,7.660374804398622e-19,3.620912380343494e-15,8.975118690129787e-19,8.5108426471135775e-19,8.416131004214912e-19,7.344016306624771e-19,9.253440258289755e-19,4.8918990595684865e-19,1.1626234755190869e-18
1.126596274338839e-11,2.3056114618163185e-15,9.66224374009635e-19,1.5806287905016543e-12,2.0902209257423387e-15,2.218982830145478e-15,1.4872712346721192e-15,1.850135119175758e-15,1.812202305291458e-15,2.248994750288204e-15,2.0640019078735328e-15,2.2326657450374977e-15,1.5238862327241439e-15,3.0416054710010456e-12,1.0110979227145186e-18,2.2954404830243456e-15,1.6760162960718756e-15,1.0800776963572499e-18,1.1289270575611443e-18,2.3303881456847063e-15,1.5234724774764473e-18,1.969889183302781e-15,1.0161064798804012e-18,3.0424359465338493e-12,1.5238316341230833e-15,2.105519047152012e-15,9.821412776409616e-19,7.00090466701367e-19,1.5238173487608013e-15,3.0415524409411068e-12,3.630155075784154e-19,9.670452946268556e-19,1.9536199180170987e-15,2.116180048654435e-15,3.0425801803902286e-12,1.800470759483709e-15,1.524594476901733e-15,1.8924484476694435e-15,1.132497918402536e-18,1.30453503368638e-18,2.6573857172950034e-15,5.656576991521998e-19,3.0414312867019313e-12,8.002136532223283e-19,1.280080406182049e-15,8.476120971127718e-19,5.050891991069707e-19,2.3174429011762018e-15,3.041849116290985e-12,1.0492085366620759e-18,2.585778456220213e-15,2.8594469125550717e-15,1.191433352910208e-18,2.1083101492590444e-15,1.5244403071062704e-15,8.718938210011181e-19,1.625270245402205e-15,2.352933327801796e-15,2.016203189205299e-15,8.766783721227622e-19,9.935869567394413e-19,3.0416532007437245e-12,3.041945127158236e-12,1.957466653843313e-15,2.008266344454391e-15,1.5238794765845054e-18,2.206558886292847e-15,5.460104926009201e-19,1.5981388529277898e-15,2.287409691114646e-15,7.923036262363265e-19,1.5996406228075104e-15,1.588344576311538e-15,1.6688784084696275e-15,8.2149496736893e-19,9.715053244411607e-19,1.576118140035195e-15,7.539805066582555e-19,8.399787530919806e-19,2.3553489502079916e-15,2.4055989524278173e-15,1.1410731890128478e-18,2.051452038056155e-15,3.119097579042206e-15,1.1210008054607437e-18,1.3617893620003934e-18,2.1817086479884784e-15,2.200805270073729e-15,1.4187261709741264e-15,3.0418250733356453e-12,1.2849677539129895e-18,1.2827140310827894e-15,7.158940381583372e-19,1.846810390234656e-15,1.6362677443920486e-15,2.2605580738261223e-15,1.8311918420235968e-15,2.444117399892975e-15,2.1492809765641245e-15,1.7837175572983156e-15,2.059092222714898e-15,3.042531563004438e-12,1.4774421370733243e-15,3.0412519089567913e-12,1.7983232356699948e-15,1.9574720898184664e-15,1.849751991911235e-15,1.5805566956899894e-15,1.2451059787903609e-15,7.655699056023133e-19,1.5240263985607198e-15,1.0016180684483801e-18,1.0055792275637335e-18,1.0397900877032905e-18,7.663816045816724e-19,1.5235610808881145e-15,8.900209134067452e-19,7.714789980092156e-19,9.01951448437497e-19,1.5242014027010567e-15,1.3215067595008245e-18,1.5237668824689848e-15,1.3287152516252304e-18,1.4259267228417026e-18,6.478613638146238e-19,1.3401676208723649e-18,1.0264363480514834e-18,9.061479322974447e-19,9.837089642519862e-19
-6.33768542308114e-12,2.1663042717519013e-15,1.5093392776948249e-15,2.0902209257423387e-15,1.580481691189864e-12,7.194669315655427e-19,6.6263330462482985e-19,1.779334764826204e-15,1.6707812839151193e-15,2.2415152226687096e-15,1.9720567915949767e-15,1.1938728653984225e-18,-7.296229158531684e-15,-7.296454808038155e-15,4.017863328580966e-19,1.1846565646062354e-18,1.5371128999643164e-15,1.889769146388688e-15,1.2364476182959074e-15,2.199625249581424e-15,2.932623835212651e-15,8.95132943311116e-19,8.0057377900776345e-19,-1.4563127462833853e-11,-1.4563717466342515e-11,1.0759811341542174e-18,1.8471378236649546e-15,1.5051489026778248e-15,-7.295790932341664e-15,-7.296208035635116e-15,1.607357370567064e-15,1.060525340196895e-18,1.7823157390506096e-15,7.657880134327729e-19,-1.4562890621120878e-11,6.919822095388387e-19,-1.456188965916316e-11,1.0423363702344115e-18,9.649609976666864e-19,2.655505600710698e-15,2.5415172870336404e-15,1.1381863282509217e-18,-7.296256994655043e-15,1.0477197042345254e-18,3.775624249911335e-19,1.8103130321193287e-15,1.2498928781528681e-15,9.937716206433647e-19,-1.456342090009291e-11,1.833012404530024e-15,1.1759988183361652e-18,2.6657469615929245e-15,1.0326881088425938e-18,6.8977526954641335e-19,-7.295104457856481e-15,7.327224565818492e-19,4.645242053682127e-19,9.342293340512832e-19,6.640715842815903e-19,1.2591620622142056e-18,1.189157714317823e-18,-1.456398117399425e-11,-1.4563409916729463e-11,6.815761353444532e-19,7.809513389537763e-19,2.5619230314054396e-15,2.003785667673818e-15,8.70870555083401e-19,1.0583893001431264e-18,9.213481612317615e-19,1.479860494698928e-15,8.234328530779109e-19,7.247949995539644e-19,6.494774297165626e-19,9.187329970578189e-19,2.0458285882582983e-15,5.165121943991392e-19,1.1131101478649484e-18,1.657372201830151e-15,1.1208617200872314e-18,2.1928381231133625e-15,1.7411534301682765e-15,1.8982863572010692e-15,2.6550014175796865e-15,8.405694900154851e-19,1.1403506454400603e-18,1.8067146408686495e-15,9.897383925251588e-19,5.177510923946819e-19,-1.4563621858465752e-11,1.7221489812553952e-15,9.974136672468051e-16,1.3237708124542998e-15,1.7063911627609044e-15,8.207382508706009e-19,9.458200292030428e-19,1.2281638181983067e-18,2.1234463109223954e-15,9.95112221934911e-19,1.0604083680474078e-18,1.8832698446356172e-15,-7.295779799004792e-15,1.4354660680934574e-15,-7.296022971140758e-15,9.125320636809186e-19,1.7170494633251553e-15,1.667664562577889e-15,7.817324092213285e-19,1.0000234263743322e-15,1.901797590263889e-15,-1.4562595955280398e-11,1.4676607617471176e-15,1.94730517588741e-15,1.7408457355124066e-15,1.9692439547616825e-15,-1.4564288070701172e-11,1.490234041449891e-15,1.117443414512849e-15,1.6897331734579134e-15,-1.4563304345799854e-11,1.1311959984026514e-18,-7.296085716625527e-15,3.344998648799468e-19,1.4407452868896734e-18,9.699296268488228e-19,1.3133013868731785e-18,7.8380204945122275e-19,9.45700041215523e-19,1.2123785484266014e-18
1.6727414875829058e-10,2.223235700917592e-15,9.295774125060949e-19,2.218982830145478e-15,7.194669315655427e-19,1.5806090369099578e-12,7.395348062621642e-19,1.806917789668575e-15,6.834259150378546e-19,2.2587982195790235e-15,1.1776692714361206e-18,1.4489113627131508e-18,1.59056028253099e-10,1.590551625965996e-10,1.2259854746331725e-18,6.965780649453416e-19,1.5421976474055352e-15,1.9808289784091165e-15,1.4344645127378558e-15,2.36090956108575e-15,3.040540070186769e-15,1.9258334006564113e-15,1.1485581359638866e-18,1.5905605208424686e-10,7.968266247051987e-14,1.0321833700851177e-18,2.1501015359769195e-15,9.8852748592482e-19,1.59055441957132e-10,1.590552781398816e-10,1.6801750176718513e-15,9.472260694272836e-19,1.8884042336863566e-15,1.0183714164384481e-18,7.968287342784025e-14,8.730717304885001e-19,7.968310625649433e-14,1.736614047556326e-15,9.49044432156824e-19,1.2379475402173934e-18,1.2937495960141825e-18,1.880321304656914e-15,7.968215296192595e-14,1.918326419356892e-15,1.191298259272277e-15,1.1550241156191107e-18,1.2721939063566382e-15,2.1905212260265034e-15,7.968248642231457e-14,1.871727170606606e-15,1.4454815485032968e-18,1.498128867148474e-18,1.3654249901176401e-18,1.1984861702949736e-18,1.590570649603363e-10,1.686553281805589e-15,4.755800748843643e-19,2.3517591090934023e-15,9.245046341218785e-19,1.838822419529957e-18,1.5699381203404704e-15,1.5905522584335217e-10,7.968274797402865e-14,7.048681399500805e-19,1.952993681012391e-15,2.6374857234556334e-15,1.151414012782591e-18,1.6385155257870752e-15,1.6040226727947842e-15,1.141114229892427e-18,8.261769120757941e-19,5.265424453249545e-19,7.892194517111775e-19,4.952063405028825e-19,1.3778813228312999e-18,1.2849448193874143e-18,1.4173426626963926e-15,1.577934653597038e-15,9.034870268686227e-19,2.2898804430840663e-15,2.317525459586598e-15,1.592658142094032e-18,9.777962567363304e-19,1.3316263923629764e-18,2.1250414772109646e-15,2.195594114848636e-15,2.1413842841097974e-15,9.736001343446996e-19,1.4204993998215118e-15,1.5905552032430023e-10,8.931485316146091e-19,1.1504604320561207e-15,1.3851080516100932e-15,1.840472294024555e-15,1.4535755130291242e-15,1.2538863621503894e-18,7.558293413193052e-19,1.1523073714866507e-18,2.0867961726957986e-15,5.657269549150424e-19,1.2859205313527656e-18,1.5905615967869187e-10,5.914446737041827e-19,7.96823727085267e-14,1.6049070929673985e-15,1.892584923831244e-15,7.005517141863558e-19,8.59750122832815e-19,1.1535029404856334e-15,1.9381670668359616e-15,1.5905636644328175e-10,8.59345239135653e-19,8.794039570710469e-19,1.9082086966921872e-15,9.220845559158002e-19,7.968237645073973e-14,8.848615359513317e-19,9.4989212975516e-19,1.0558668505004013e-18,1.5905562001397475e-10,2.411474425556755e-15,7.968257340333793e-14,2.6829970923177563e-15,2.8381934246883497e-15,1.9103575195364407e-15,2.305921139039096e-15,1.731005512129269e-15,9.018007621544849e-19,1.132432314467982e-18
1.7726040782875143e-11,1.6067727071327793e-15,9.668054865472036e-16,1.4872712346721192e-15,6.6263330462482985e-19,7.395348062621642e-19,1.5802533585067072e-12,6.150994033075606e-19,5.07011726262569e-19,7.80201195532155e-19,6.821238784502806e-19,7.392519135717054e-19,9.4749094983456e-12,4.74607554651668e-15,8.86447901372437e-19,1.4505959121075104e-15,2.455067100937698e-19,6.530348743497719e-19,1.3371923074969835e-15,1.4473912697209063e-15,2.1685987073566017e-15,4.32253648211868e-19,5.363413716638946e-19,4.746551577195678e-15,4.746141283110357e-15,1.6051280510791647e-15,8.733609388936884e-19,1.5405306288784669e-15,9.4746256728636e-12,9.474206735286301e-12,1.2524485104994615e-15,5.574200887398982e-19,1.371084502006692e-15,1.3643467238629495e-15,4.746507224979439e-15,1.3103563241271561e-15,9.475689753505086e-12,1.2162623258613654e-15,7.092555098320219e-19,1.4893618118166057e-15,1.34028332309174e-18,4.6205276580984055e-19,9.474076485812852e-12,1.3053410184155455e-15,1.0150026504609894e-15,6.492874519055547e-19,5.600195592538576e-19,1.5153427693377108e-15,4.745784318131834e-15,3.450193529342066e-19,1.4905666554270154e-15,1.0997517433927874e-18,1.3054453053380596e-15,9.688448608964006e-19,4.746766488066194e-15,4.7572855145020615e-19,7.053927625872518e-19,1.4415918220879717e-15,1.3508281276753214e-15,8.228882059754317e-19,6.91501262527819e-19,4.7462611999737614e-15,9.47443386225208e-12,1.2352602112113297e-15,6.37696983999174e-19,9.706541012728892e-19,1.4617212648992271e-15,4.0655898722636907e-19,9.205769320838235e-19,1.6134682283932139e-15,1.153568056229498e-15,5.464606442965375e-19,5.347809939645132e-19,1.2423226339413396e-15,2.8798958366057596e-19,1.2169477209253336e-15,5.548375040215592e-19,1.1228393468795572e-15,1.4683218369896494e-15,5.742128992769066e-19,7.979861301214907e-19,1.5861848291782043e-15,6.3033952898153e-19,1.1368598867157716e-18,7.15088426359376e-19,5.598707975002552e-19,8.403481221426228e-19,6.046031436910634e-19,6.4477478044180465e-19,4.746308600625346e-15,1.2597941205606142e-15,4.611339445966342e-19,4.636953872831665e-19,5.596242927119221e-19,1.2416548006762823e-15,1.5847624449590543e-15,1.2095625301922935e-15,1.6799586466954396e-15,6.804895802919515e-19,1.2179202266715782e-15,6.968938502700078e-19,4.746545943225837e-15,8.703114421378421e-16,4.745964384088723e-15,5.529280291348996e-19,1.2771028308847111e-15,1.2834774380030321e-15,6.575133325134532e-19,5.411477098747495e-19,1.0982679951569492e-15,4.7461789916184715e-15,1.942805233362009e-19,8.531474976458327e-19,1.0047393679595814e-18,9.743178398016356e-19,4.74604346221772e-15,1.0590818909712407e-15,3.8813709892463853e-19,1.4679585960943958e-15,4.746290822381388e-15,8.98765962997989e-19,4.746304548118349e-15,1.8550894554620785e-15,1.7594337142422411e-15,1.1282218086346702e-15,1.3790540966104876e-15,5.306797142182064e-19,1.3493854736130317e-15,6.2903708058327635e-19
8.819969579846447e-12,1.7393990317413959e-15,4.582526738913421e-19,1.850135119175758e-15,1.779334764826204e-15,1.806917789668575e-15,6.150994033075606e-19,1.5804723824452669e-12,1.2983469004204688e-15,1.6366422411216187e-15,1.9335848357130838e-15,1.8890392628089366e-15,5.721076845068691e-13,2.8635115439972886e-16,1.9584359059327837e-15,9.703967285504651e-19,1.5181009138216647e-15,1.5376527470195886e-15,1.623099154246798e-15,1.4979547386975299e-15,8.857212527966838e-19,1.5483413318468251e-15,1.7678343501273334e-15,2.8662957095130163e-16,2.864181514560938e-16,8.0224925481096875e-19,1.6683737383977782e-15,1.5660135728075257e-15,2.871379629115844e-16,2.861364005807932e-16,1.0909225495109112e-18,8.296621848279164e-19,6.954829343333194e-19,1.6208375052025215e-15,2.8650951079739715e-16,7.686532869742407e-19,5.732739324218343e-13,1.79337869434117e-15,1.111486221319234e-15,2.0137687151687032e-15,1.8008362535769487e-15,1.5639030904557674e-15,2.8600436745184277e-16,5.514385457830682e-19,1.154913108726276e-15,5.863696241836337e-19,1.4824913067934892e-15,1.0287801078279689e-18,2.865010196475211e-16,8.328704013116916e-19,8.117283767873499e-19,2.36620330525482e-15,1.4853551438418323e-15,1.5195825609795296e-15,5.724715702035872e-13,1.3282021866053426e-15,5.884515902199135e-19,6.511414170857116e-19,9.210218369692712e-19,1.7673154916047518e-15,1.5683612921130253e-15,2.8596408439990303e-16,2.8643738875309717e-16,1.7252001585507366e-15,1.4957420867008868e-15,7.6113299584802785e-19,8.100394477300567e-19,1.405875183797203e-15,1.0437235515961662e-15,1.6090152793384876e-15,3.8790703383567175e-19,1.236032932409575e-15,6.414909318114286e-19,1.3263566062906109e-15,1.4790856300287567e-15,9.500522936206387e-19,1.6712387929542061e-15,1.1601980698436956e-15,1.4269728626772293e-15,1.0494603759176567e-18,9.097553481127035e-19,1.9314753509812645e-15,6.629608616772891e-19,1.2384695901937684e-18,9.182058057195371e-19,1.0712873598774523e-18,6.502840228057968e-19,1.6918067557439242e-15,9.142270651780007e-16,5.715353946833426e-13,8.887018893841722e-19,6.355341260433948e-19,9.931447045364882e-16,6.266994714488853e-19,1.0493629350153476e-18,1.8493286676784792e-15,1.5579902935995388e-15,1.6142251408902533e-15,1.4982803804203097e-15,8.511013437583348e-19,1.5431668991201838e-15,2.863240297659911e-16,8.91237854756582e-19,5.708651288273247e-13,1.7680863415389207e-15,1.463220958130092e-15,7.44671370458969e-19,4.492744153538e-19,1.0441440767085397e-15,1.426352573746101e-15,5.727218283474253e-13,4.865746741401268e-19,1.8286888664021525e-15,6.68338828972558e-19,9.155633396411158e-19,2.859268149017563e-16,1.1887329321177766e-18,5.653775060859192e-19,1.4680023524658514e-18,5.720323727219315e-13,8.0047464421768815e-19,2.86195613837686e-16,1.735529365565687e-15,8.501297093771963e-19,1.4665043081426758e-15,1.9530933015154923e-15,6.339160739519117e-19,1.5955539564732267e-15,9.245545402077004e-19
-4.902905769419613e-11,1.9507951541493628e-15,1.20700417701781e-15,1.812202305291458e-15,1.6707812839151193e-15,6.834259150378546e-19,5.07011726262569e-19,1.2983469004204688e-15,1.5804046438506863e-12,7.443231172012616e-19,7.178890700332363e-19,1.9070030746956893e-15,-5.72663576991295e-11,-2.868940056966706e-14,6.815167832832605e-19,4.446698632648825e-19,1.319124129469418e-15,1.53919847809105e-15,1.59841496108674e-15,7.275448904600047e-19,2.668956586528434e-15,9.44997118537951e-19,1.686029277495465e-15,-2.8688556607546966e-14,-5.7267102796305444e-11,9.989595227022509e-19,2.0997554051679923e-15,1.8140047062722215e-15,-2.868953545636578e-14,-5.726723073474791e-11,1.5699458850585681e-15,1.7731506761102037e-15,1.0093906678277849e-18,1.6680540283684197e-15,-2.8688500488673356e-14,1.0078082715117995e-18,-2.8688288137242544e-14,1.043312716911292e-18,1.816440875887452e-15,8.73823677277674e-19,1.99744678369464e-15,7.595120888348256e-19,-2.8689308556840764e-14,7.74070520000811e-19,1.1765466917930441e-15,5.014211543880485e-19,1.2535303937742098e-15,1.8704103447667503e-15,-2.868926336713092e-14,7.90918029751376e-19,1.8758638994394056e-15,2.4193830897084927e-15,8.715098119826394e-19,1.9088937058083516e-15,-5.726576856883043e-11,4.690810977238336e-19,1.3978733314533265e-15,1.7565017408580106e-15,1.630313743485596e-15,8.585559506073381e-19,6.828768056172618e-19,-5.726692596518864e-11,-2.868938592312851e-14,8.542943671267109e-19,1.5898468889525587e-15,2.2798919692485375e-15,1.4154073762319522e-18,1.4687709850492766e-15,6.370848939075737e-19,8.316602134969189e-19,4.591989681177331e-19,1.3553791430112222e-15,3.414790229291609e-19,1.5408244831143549e-15,7.95389530427841e-19,1.4910698620508763e-15,5.629333495355825e-19,7.021190429031652e-19,6.785073038107253e-19,8.960944961703295e-19,1.020809950536558e-18,8.904191254100761e-19,1.6798786067135576e-15,1.2882720424536203e-18,4.3133624335079605e-19,1.7125981277206128e-15,1.973386446456148e-15,1.6478218000755939e-15,1.2615764426057919e-15,-2.868972601630806e-14,1.5629562694488252e-15,5.957053575430016e-19,1.0665248929851596e-15,4.928299510834145e-19,1.5134277816194098e-15,1.899996962603384e-15,9.711450093872791e-19,2.0770578129561125e-15,9.064472421862167e-19,7.568752656471407e-19,1.7267194386373095e-15,-5.726634739086997e-11,2.2309355156324204e-19,-2.868978423049524e-14,1.4051567165738983e-15,-1.3031746998352208e-19,1.5702677452355077e-15,6.136185042733154e-19,1.1579103790505156e-15,5.738067110919471e-19,-5.726622927707407e-11,1.2725478665664677e-15,1.014121003695016e-18,1.828646835962659e-15,2.06670206638246e-15,-2.8689142138723044e-14,3.900729853922225e-19,9.242890907991352e-19,1.7845846560878323e-15,-5.72669502208677e-11,2.0139503617518225e-15,-5.7267122436837525e-11,2.2322273437068456e-15,2.19859001119818e-15,7.123273245091203e-19,1.7603557205297876e-15,7.499152603265465e-19,1.653935038716578e-15,1.5401869464828996e-15
1.1846544485872906e-10,2.41507806308006e-15,6.600283474506216e-19,2.248994750288204e-15,2.2415152226687096e-15,2.2587982195790235e-15,7.80201195532155e-19,1.6366422411216187e-15,7.443231172012616e-19,1.5805456124178638e-12,1.0372903760135795e-18,1.0354914717349205e-18,5.523181318031175e-14,1.1024837209790075e-10,1.1759472115173356e-18,9.311749195371088e-19,8.591069697070331e-19,1.9806476966764915e-15,6.584261353495881e-19,9.19999302982985e-19,1.3016680216569857e-18,9.066748451201473e-19,2.2107178558976185e-15,5.5231869615152364e-14,1.1024829944110094e-10,2.2243899971074406e-15,2.226359662235111e-15,8.998001711812366e-19,1.1024872195574313e-10,1.1024803746938024e-10,1.7101352061206184e-15,2.2743231995385058e-15,1.9231631624879944e-15,2.0591574556726307e-15,1.1024924690130747e-10,1.6105619582691908e-15,1.1025044241941707e-10,1.8702528854776342e-15,1.8471031229891425e-15,2.371083329630909e-15,1.0073747564840036e-18,6.745295917316641e-19,5.523132512994615e-14,1.7427981465750225e-15,6.523497968528926e-19,8.362494933133794e-19,7.280362682484051e-19,1.3524775960488177e-18,1.1024834562456714e-10,1.8101762040490693e-15,2.2834757615297927e-15,1.5238138338019283e-18,2.129011223976346e-19,2.0221739511633166e-15,1.1024988255588127e-10,6.178557292411542e-19,1.5305570569597089e-15,7.33633891412501e-19,8.821784231757509e-19,1.5141746703084563e-18,1.7250033986942605e-15,5.523162469162121e-14,5.5232095612660735e-14,1.1734522048907575e-18,1.8663928927017325e-15,1.6054614652959262e-18,1.1365551687906121e-18,9.101117357487011e-19,1.4702316650197644e-15,1.0785709572131965e-18,1.5033590516041345e-15,1.4805472575974496e-15,8.00580542017861e-19,6.046254828286844e-19,1.3860023682805527e-18,2.113102813507307e-15,9.2574967893214e-19,7.6963169418387e-19,7.80694847866526e-19,2.3101829015842428e-15,2.889063503581851e-19,2.242168506094704e-15,1.887570514371077e-15,3.2601830138446693e-15,2.2232549492539256e-15,1.2230936545229315e-18,1.9718903867119505e-15,1.0548987355108996e-18,1.3172397152616239e-15,5.523155766516172e-14,6.291236649857352e-19,5.423716141442923e-19,3.8050002745329335e-19,8.55498214808438e-19,9.612605851294952e-19,1.1216717687250213e-18,9.438686798947164e-19,1.0109047712815742e-18,9.96743164529914e-19,8.4454557253707675e-19,9.46549885787974e-19,1.1024927580485261e-10,7.332357304646187e-19,1.1024762785358287e-10,1.865642884750337e-15,1.757230230364754e-15,1.9425021027536376e-15,7.295680589530363e-19,1.2800903382375725e-15,1.7362403278868232e-15,1.1024955096860259e-10,5.883031161283091e-19,1.1844537575310623e-18,1.0541307605734982e-18,9.972291118164535e-19,5.5230773909106646e-14,1.5509550416764903e-15,1.6014248487063912e-15,1.9868984835075934e-15,1.1024875272542053e-10,2.435244462886513e-15,5.523137317992066e-14,2.448885643434457e-15,1.6974581809576461e-18,1.1446896348138834e-18,1.0918742248800485e-18,9.126467533532204e-19,8.18982552116701e-19,7.27426921867922e-19
-1.4293430069631828e-10,2.0179043780015526e-15,1.6045032634191838e-15,2.0640019078735328e-15,1.9720567915949767e-15,1.1776692714361206e-18,6.821238784502806e-19,1.9335848357130838e-15,7.178890700332363e-19,1.0372903760135795e-18,1.580816734619416e-12,2.0973457430723285e-15,-1.5115887758080623e-10,-1.5115992228173812e-10,2.312562264454769e-15,2.2704988863903815e-15,1.6847578531724465e-15,1.069423515513136e-18,7.058418899205823e-19,1.2355541663947771e-18,1.4113545768972047e-18,1.8930665518034745e-15,1.2661881684788444e-18,-7.572655701678926e-14,-7.57271331964713e-14,8.936130274332038e-19,1.6813568109844422e-15,5.656717264485357e-19,-7.572716207188958e-14,-7.572719434014092e-14,1.8233784534946573e-15,8.2669697871698645e-19,8.639535202655544e-19,1.0416869144973384e-18,-1.5115883757615427e-10,9.730578922169653e-19,-1.5115763257233193e-10,1.9438824226547346e-15,2.1139772360270273e-15,3.0797275203638283e-15,1.1060600729684883e-18,1.7969579310460302e-15,-7.57272031838828e-14,1.6094473108277506e-15,7.247999626284747e-16,1.8599331766209487e-15,1.2160463939591043e-15,2.1993171054027207e-15,-7.57270595293199e-14,7.148181397192221e-19,2.802916402846127e-15,2.454450849112184e-15,2.1664665666472896e-15,9.335800617366216e-19,-1.5115799217065442e-10,1.4911926464818837e-15,1.5848087179206836e-15,2.1715630638915766e-15,8.123625269090036e-19,2.147605707168641e-15,1.8883214716350886e-15,-1.5115986883401568e-10,-1.511591489329509e-10,1.1333916660135411e-18,1.8687146908989455e-15,2.805974957377123e-15,2.0293958887237364e-15,1.5344652404153104e-15,1.4539492235541413e-15,1.4007228796984592e-18,4.748895837763494e-19,7.952900291711074e-19,1.4900346306303192e-15,1.5340729705316831e-15,9.098879700041946e-19,1.123430472068676e-18,1.2233887766884848e-15,1.478414391752576e-15,1.5866458575605788e-15,9.730472167152034e-19,1.5556080793920556e-18,1.7024154693840325e-15,2.146004158829935e-15,2.302756503430789e-15,9.294831820579228e-19,6.462456547181787e-19,6.076595264935236e-19,2.409301640029803e-15,1.302748855751053e-18,-1.5115943234752247e-10,1.8606003742631075e-15,1.0208432835872373e-15,1.3711362088246208e-15,1.6514079478218465e-15,1.4638024277600468e-15,6.833608029883977e-19,1.6524362609610753e-15,1.1327540778675798e-18,8.383136801531669e-19,8.317695552478436e-19,1.915198760194537e-15,-7.572677970184917e-14,1.215264174085643e-18,-1.5115993658719596e-10,8.900686990606053e-19,1.1027569700387129e-18,1.7613702372101587e-15,1.3318176699426532e-15,9.308741287847489e-16,2.0855043810767707e-15,-7.572665341709097e-14,1.5558822827918416e-15,2.0880696979835265e-15,1.7719279368970004e-15,6.576023794288278e-19,-7.57276797818899e-14,6.330236146847075e-19,9.33415185544855e-16,1.5772805032102807e-15,-1.5115903268607335e-10,7.337727337638549e-19,-7.572745777655384e-14,5.719288363656419e-19,2.7155203311618942e-15,2.1180926961011745e-15,1.0884909883607785e-18,1.19989240561463e-15,1.7190929074745687e-15,7.473625386933507e-19
-1.6031931477368767e-10,2.275878511026054e-15,1.6773002135467672e-15,2.2326657450374977e-15,1.1938728653984225e-18,1.4489113627131508e-18,7.392519135717054e-19,1.8890392628089366e-15,1.9070030746956893e-15,1.0354914717349205e-18,2.0973457430723285e-15,1.5806453993854897e-12,-1.685378550765453e-10,-8.443406786635016e-14,2.3167800886370157e-15,2.4918802915343496e-15,1.6575982097980156e-15,1.0090324690809663e-18,1.5073324198918546e-15,1.284157412568628e-18,1.6667894965919239e-18,1.104346978913571e-18,2.2760866455013216e-15,-1.6853789182447144e-10,-1.6853868267215512e-10,1.4201996341425504e-18,2.3290685052287745e-15,1.9520500053796332e-15,-1.6853864046025137e-10,-8.443369031659259e-14,1.986282571912284e-15,1.928665684532621e-15,2.0691088224211325e-15,1.3875755260210155e-18,-8.443318605748051e-14,9.975570589466845e-19,-1.6853657666453874e-10,9.55896880761827e-19,2.5856634567935546e-15,1.5085590702870962e-18,5.397829295248666e-19,1.9956066764596856e-15,-8.443396056495921e-14,2.0229933135101624e-15,1.1106703927860898e-15,1.1107926442303137e-18,1.292338868282366e-15,1.2191876013112577e-18,-8.443347858373909e-14,1.882513158892718e-15,1.3967199385647546e-18,1.0300781804854041e-18,2.240649178544697e-15,9.424711876443482e-19,-1.685368743672077e-10,4.473295931562587e-19,1.7991108262329624e-15,6.732694818755793e-19,1.896551931861461e-15,9.629104407492105e-19,1.7087866514413277e-15,-1.6853882180835636e-10,-8.443402333321916e-14,1.937372877662118e-15,5.204118554691049e-19,3.102472788434514e-15,2.361281221515117e-15,1.7560544279497255e-15,9.839072193588588e-19,2.4759537625926742e-15,9.595642910224365e-19,4.604974338012733e-19,1.44627705771047e-15,1.8415833244117397e-15,1.0768401807080527e-18,1.9598571850616585e-15,1.3583181223702e-15,8.306608959310198e-19,1.2306740881847986e-18,2.3248125465191693e-15,1.3028008624881444e-18,1.0126087596252373e-18,1.1211199760117273e-18,2.883088783809415e-15,2.1873430170628882e-15,1.1298915691059578e-18,2.3965711975657235e-15,2.326572162189999e-15,1.505994778601284e-15,-1.6853847302501165e-10,1.0895323068955845e-18,7.242969658041003e-19,8.29100819685318e-19,9.259690863663146e-19,7.130946225959264e-19,2.152765084443392e-15,1.7524948951554434e-15,2.644116944219863e-15,2.2992011296902583e-15,1.7381826574634746e-15,2.159103656427682e-15,-1.6853784073435811e-10,1.5481066246267574e-15,-8.443388440391604e-14,1.6753796431252601e-15,2.061539643541827e-15,1.0112688706808128e-18,1.748223511303993e-15,1.2468274887696942e-15,2.0516753469555577e-15,-1.6853759881571149e-10,1.829003243935853e-15,2.15408908134182e-15,1.0830944773262849e-18,1.0738717381499233e-18,-1.6853925438221283e-10,8.1472745044466355e-19,7.055990527654524e-19,2.036882599565717e-15,-8.443340076120143e-14,2.4429746444763477e-15,-8.443397935422371e-14,2.7134396347337293e-15,2.9167541264906122e-15,2.001313295384114e-15,2.5206133945967256e-15,7.207034872680551e-19,1.9496842456066492e-15,7.555599358224304e-19
0.9999999999797844,1.5179786674986326e-11,7.229212146095613e-12,1.5238862327241439e-15,-7.296229158531684e-15,1.59056028253099e-10,9.4749094983456e-12,5.721076845068691e-13,-5.72663576991295e-11,5.523181318031175e-14,-1.5115887758080623e-10,-1.685378550765453e-10,0.9999999999977486,0.999999999996706,4.005149253137612e-15,-1.2246414329367156e-10,-2.331151794743286e-12,-4.441567934726652e-11,-1.4161703734409588e-15,6.02845502685728e-11,-4.340750229034307e-11,-2.6922516554223057e-11,-8.837767270196718e-14,1.000000000000691,0.9999999999708182,9.312395829636791e-11,4.336448108171782e-11,5.964162575986534e-11,1.000000000013781,0.9999999999745514,-1.8741890441657742e-14,-5.613056044115023e-11,-2.940881175408386e-14,-3.608662462020166e-11,0.9999999999907281,-8.305572700309445e-15,0.9999999999980299,2.401244481897677e-11,-6.125602346503458e-16,-8.060193960732229e-12,-8.988259954366592e-11,4.745185328438288e-11,0.9999999999847268,2.0150555553011537e-14,5.677817864800182e-15,-5.609085902329772e-12,-1.009461831407252e-14,1.4358058371300903e-10,0.9999999999682037,2.1427759349151793e-14,1.3609769984763436e-14,-1.5998047378510598e-11,-1.936422819892396e-10,4.687092479671572e-14,1.0000000000019587,9.595893060089114e-12,-2.57242534988144e-12,2.5040705077857216e-14,-4.895185032652621e-14,-2.2236991713365604e-11,7.123697321929034e-15,0.9999999999847095,0.9999999999753243,-6.771988767061477e-14,2.057183665614331e-11,-6.410606728714874e-11,-1.1773345564771527e-11,-3.622094299136414e-15,2.12032587743254e-15,3.48429439169219e-14,8.55199723061109e-15,5.4358098073971924e-15,-1.6000285008383142e-15,5.195359486024998e-15,-9.339902742555785e-11,-1.818422961442324e-14,1.0352714861745165e-11,-2.3918182535998632e-15,4.2055236568689037e-14,-2.366353894427424e-14,1.759895022712629e-14,4.20217837948752e-15,1.7842308568990326e-14,-3.4152148229541003e-11,1.0186072188547624e-10,-1.2077206190354446e-10,5.590586766528853e-14,-1.5071852974769602e-10,7.696806957087354e-15,0.9999999999985486,1.8525490408157347e-14,-3.3676379741763188e-15,4.845142337292767e-15,3.5504770011933574e-11,-2.835541929514327e-14,1.2160697127085127e-10,-2.0931370546727817e-12,-2.6746159164120008e-11,1.2859384944042685e-10,-4.906615276944541e-11,-6.687659482812338e-14,0.9999999999910334,-5.393539492670184e-15,0.9999999999965636,-1.0938046174419357e-14,1.2274754336368013e-11,-2.051658125608696e-14,-6.716458961100271e-11,-5.808191671383007e-15,9.277166400237076e-15,0.9999999999963718,-4.538350315168542e-16,-2.7731416671595422e-14,1.1832218520914329e-10,4.7847989539925657e-11,0.9999999999683152,3.6029345161320076e-12,1.4543347307172655e-14,-2.6770104495403167e-11,1.0000000000036877,5.145745562667535e-11,1.0000000000080203,-3.9703072603740715e-14,3.720372260903784e-15,4.934077309717753e-15,-1.4342998981728237e-10,9.764962749447696e-14,1.0124993937224655e-14,-1.755211289030485e-12
