0.9999999999999782,0.9999999999260448,0.9999999999617205,-2.858308955734301e-12,1.0917116012403848e-11,1.0000000000119689,1.0000000000168863,8.241791493525611e-12,-8.322489889781396e-12,0.9999999999331617,2.4006638993130725e-11,1.0000000000008749,3.2432003988885424e-11,-4.161193949816107e-11,4.2314290272798023e-13,-3.07879180226868e-11,0.999999999942478,1.5309516701510398e-11,1.243805120552236e-11,1.000000000009377,1.0000000000040774,1.1910356523901185e-11,1.8660183003212034e-13,7.812826124146024e-11,0.9999999999820028,-2.2771440806565097e-11,0.9999999999699221,0.9999999999676358,2.0887825091781317e-11,-2.018375746791848e-11,3.896169875268286e-12,0.9999999999400794,1.7184335122247198e-11,-6.213981708431419e-12,5.639309640379322e-13,2.0347291413859424e-11,-3.250730112921451e-11,-1.9984909651284415e-11,3.536434379973979e-11,-2.8123341663288686e-11,-3.748688189741973e-11,1.921799577975109e-11,1.4679918196552162e-11,5.220787006266341e-12,0.9999999999473027,-3.964290649104426e-12,6.9137364384151145e-12,7.71437330516472e-12,1.000000000009907,3.4721706841680733e-11,-1.9239326461819684e-11,-2.518421823152857e-12,2.7087178504029652e-11,7.937117749097374e-12,3.293917934915415e-11,-2.172875604376614e-11,4.466479449136515e-11,1.570497591712822e-11,3.249821506982929e-11,0.9999999999949963,2.40741827538236e-12,-3.641849059899832e-11,-2.5264504748919553e-11,1.5869603333760313e-11,-3.5558532051154223e-13,1.7825754123317284e-11,1.533699860471097e-11,4.35421509205839e-11,0.9999999999504448,1.8552412575018617e-12,1.6354079589935096e-11,1.0303875289642901e-11,-8.724906813791281e-11,5.444075741559576e-12,1.3891097888225123e-11,8.397300201179002e-12,-1.2428049636016857e-11,1.0578715168400213e-11,5.3234338455606e-12,6.678204009425062e-12,1.6315731098555555e-11,1.4785349181958275e-12,3.4590099961015263e-12,2.0270786577682363e-11,0.9999999999851356,0.9999999999684833,4.078560500450393e-12,-4.843286401501489e-12,-1.0693039956033893e-11,1.0143423325341056e-11,-3.132122720924397e-11,2.6653603552651428e-11,7.368700220322246e-12,-6.785303626743504e-12,-5.7194436921547516e-11,1.908589036756478e-12,7.0941567313949926e-12,-5.909301485540374e-11,2.180310922273208e-11,2.2628851365906545e-11,-1.4236560437045097e-12,-1.3728285087516497e-11,-1.5543635280621524e-11,4.0562996597934005e-11,1.8263425798669622e-11,1.362149113819118e-11,-1.4674394472713237e-11,2.7724315921439057e-12,-1.300950117484897e-11,6.660221646753901e-12,-4.2159768692538164e-11,-3.0519260817999796e-12,3.223302762686141e-11,2.3253423181605958e-11,2.3409799031850476e-11,-1.4617370353086736e-12,1.2044128126717103e-11,-3.589185025542151e-12,8.674065037613253e-12,2.9119228325557234e-11,1.1273785601020479e-11,8.573591039842123e-13,8.434280693817474e-13,0.9999999999871412,2.8129860975183504e-11,5.7188823539792365e-12,7.58531052351936e-12,3.251773597388076e-11,1.9923217653714398e-11
0.9999999999260448,0.9999999998856774,0.999999999919091,-1.0145838799864466e-11,3.6358492149817854e-12,0.9999999999693641,0.9999999999742429,9.618458312264565e-13,-1.559596220684814e-11,0.9999999998905251,1.673240161131178e-11,0.9999999999582467,2.5151427927620403e-11,-4.883564952494163e-11,-6.842440139313051e-12,-3.8065872867088276e-11,0.9999999998998483,8.017794376087745e-12,5.153062283834889e-12,0.9999999999667413,0.9999999999614613,4.619490534526806e-12,-7.094854468507825e-12,7.085771099316075e-11,0.9999999999393793,-3.001154440428388e-11,0.9999999999272877,0.9999999999250165,1.363822173344007e-11,-2.7453527353778408e-11,-3.3652350675003127e-12,0.9999999998974367,9.89994735782173e-12,-1.3507663553310366e-11,-6.719631353824681e-12,1.3088415986090474e-11,-3.977097932033402e-11,-2.7259601678662644e-11,2.8103366044774356e-11,-3.538499505442915e-11,-4.4753316744032406e-11,1.1942188662563342e-11,7.389239763859759e-12,-2.068352685465959e-12,0.9999999999046665,-1.1192666307465095e-11,-3.812771759661122e-13,4.2260864024052947e-13,0.9999999999672888,2.7456010866329926e-11,-2.6523392709489345e-11,-9.802022297597532e-12,1.980608911323624e-11,6.537774946371414e-13,2.566253888016034e-11,-2.9008400333060192e-11,3.7381075779803356e-11,8.419621449193726e-12,2.5220479402511682e-11,0.9999999999523812,-4.876935270684828e-12,-4.368537549696362e-11,-3.254757953141034e-11,8.597850615479333e-12,-7.651500448413462e-12,1.0527888602413599e-11,8.052657093300123e-12,3.6258419527714694e-11,0.9999999999078208,-2.722703001733123e-15,4.541339745147852e-15,1.5072584533226264e-15,-4.7344813189291764e-14,-8.962428733534408e-16,3.3099511593456023e-15,5.588233914906743e-16,-9.876475877282808e-15,1.647028184054118e-15,-9.79702390185119e-16,-3.0794657557965177e-16,4.5272646803312964e-15,-2.911222097503731e-15,-1.9145461738774843e-15,6.501944615727915e-15,0.9999999999424989,0.9999999999258457,-1.603316342401184e-15,-6.079406441405998e-15,-9.001369434513146e-15,1.4268408960406193e-15,-1.9323073598817342e-14,9.703238229476485e-15,4.133734203117518e-17,-7.041136927650425e-15,-3.229530565950633e-14,-2.6963535862667066e-15,-9.541379920528216e-17,-3.324503719214353e-14,7.270849031062266e-15,7.682743384288877e-15,-4.3511410844450006e-15,-1.0527423519112074e-14,-1.1432103721285856e-14,1.669105379841339e-14,5.496271387053256e-15,3.1733349220161803e-15,-1.0981738762305295e-14,-2.2482028181520784e-15,-1.0164255121060803e-14,-3.174375572838279e-16,-2.476318408691843e-14,-5.1739332040067526e-15,1.249959452171058e-14,8.010007486580423e-15,8.076869383769276e-15,-4.384718148265389e-15,2.3809291573516393e-15,-5.444998020586044e-15,6.8648962122426845e-16,1.093289679520338e-14,1.9947461912844235e-15,-3.218956034513955e-15,-3.224114601652974e-15,0.9999999999444925,1.0441257064843679e-14,-7.902702367345446e-16,1.495257556632158e-16,1.2643971668553936e-14,6.334318564117286e-15
0.9999999999617205,0.999999999919091,0.9999999999570365,-5.082906480834453e-15,3.635862224060816e-12,1.00000000000504,1.0000000000099172,9.61820760188824e-13,-7.813361958229447e-15,0.9999999999262014,8.382026658559495e-15,0.9999999999939226,2.5151047415891828e-11,-4.8835670518465574e-11,-6.842818767595516e-12,-1.9070355969167785e-14,0.999999999935525,8.017641084054595e-12,2.5811053213861263e-15,1.0000000000024196,0.9999999999971373,2.314231501771239e-15,-3.554582237833775e-15,7.085743029572814e-11,0.9999999999750548,-1.5035010298864438e-14,0.9999999999629637,0.9999999999606922,1.3637904507120209e-11,-1.3753380087087709e-14,-1.686795194578863e-15,0.9999999999331131,9.899758301267e-12,-6.7671498235222114e-15,-3.3667045141009806e-15,1.3088112651585684e-11,-1.9924622914382025e-14,-2.725958419774823e-11,2.8103134333323147e-11,-1.772723853907552e-14,-2.2420207202240205e-14,1.1941846782450666e-11,3.7019348827339155e-15,-1.036526897511638e-15,0.9999999999403442,-1.1193186902517122e-11,-3.8156140675549293e-13,2.1178747579327214e-16,1.0000000000029643,1.375457270381583e-14,-1.3287682473826988e-14,-9.80214257582893e-12,1.9806011019291925e-11,6.535376446682061e-13,2.5662311248074346e-11,-1.4532601586243885e-14,3.738104435809916e-11,4.217913041722877e-15,1.263423178719276e-14,0.9999999999880581,-2.4430495631232966e-15,-4.368560165567515e-11,-1.6305506902440228e-14,8.597506289800519e-12,-3.833197489648171e-15,5.274081857046701e-15,8.05266337397533e-12,3.625838931367603e-11,0.9999999999434953,-5.434747847128812e-12,9.065963900092293e-12,3.0082847452217885e-12,-9.450594330780979e-11,-1.789161100580866e-12,6.607103455043448e-12,1.1157665067101964e-12,-9.876188474610552e-15,3.2876587960307826e-12,-1.955994362980689e-12,-6.145935637757707e-13,9.036503329823604e-12,-5.810970763065592e-12,-3.821571490878202e-12,1.2978182588372294e-11,0.9999999999781741,0.9999999999615216,-3.2004919877730328e-12,-1.2135715679014037e-11,-1.7967415205357908e-11,2.847961910669291e-12,-3.8570589130888924e-11,1.936854037446207e-11,8.249603222185586e-14,-1.4054570652020506e-11,-6.4464937192045e-11,-5.382331469457739e-12,-1.9074550816386516e-13,-6.63608584814564e-11,1.4513380305140312e-11,7.682444543144548e-15,-4.350904064824534e-15,-1.0527295786397818e-14,-1.143190499918811e-14,1.669106385036284e-14,5.4960642373995126e-15,3.173425737043379e-15,-1.0982285159298808e-14,-2.248544776279714e-15,-1.0164714500692963e-14,-3.17510775343676e-16,-2.4763698483701925e-14,-5.174013518268646e-15,1.2499766117098003e-14,8.009708565529706e-15,8.076494238741196e-15,-4.3848203034902576e-15,2.3808887707222828e-15,-5.4442569647531295e-15,6.863195662142654e-16,1.0932836786741302e-14,1.9949574503235364e-15,-3.2187810742135637e-15,-3.22421791648132e-15,0.9999999999801696,1.0441152779404298e-14,-7.905627150606649e-16,1.4932702103181776e-16,1.2644020816292114e-14,6.334281051432136e-15
-2.858308955734301e-12,-1.0145838799864466e-11,-5.082906480834453e-15,2.2639667963706512e-12,5.23974144658649e-16,-5.082520149774951e-15,-5.083280102439953e-15,-1.4992496317238154e-19,3.1616385117359777e-19,-1.0145946850632623e-11,5.849413645779872e-16,-5.083092882038892e-15,5.396607886874464e-16,5.517648265453995e-19,1.4944029161027017e-19,2.6533473537242627e-19,-1.014589958106027e-11,-8.3485603590662e-20,4.0194399995131726e-19,-5.083232367540903e-15,-1.014565635024894e-11,-2.4438956399291124e-19,4.83134921001188e-16,6.927431091581474e-16,-1.0145794172085747e-11,8.685149351446747e-19,-5.0828058028452345e-15,-5.083077573370634e-15,7.031472037791622e-16,2.9644897317875087e-19,7.400311729465642e-16,-5.083446875971257e-15,2.3300739613114816e-19,4.706001675560916e-19,5.319788871044123e-16,7.338109795293019e-16,2.202592617000019e-19,4.210557328231926e-19,3.743800497861274e-19,6.83935496620069e-16,5.262233228927731e-19,5.886351654307869e-16,5.226075670051418e-16,3.797449860623018e-19,-1.0146049026545197e-11,7.611648793375828e-16,1.1036373103933805e-19,3.2440697197234224e-19,-1.0145632583778383e-11,3.634445975021617e-19,4.962981505748486e-19,5.2292142852008964e-21,6.334696507823347e-16,5.410608170500886e-19,4.24568706684053e-19,5.884229709812555e-16,1.272692127224087e-19,5.766417934776647e-16,5.901862363660143e-16,-5.083071722704514e-15,5.092442074476963e-16,6.056995372299938e-16,4.2576934005930883e-19,3.8619452769654373e-19,4.231216290065719e-16,4.2356420118071317e-16,5.881007886390806e-16,5.762312564662102e-16,-5.083067721403789e-15,4.578523039144968e-16,6.29981744745732e-19,4.459179512243511e-16,7.326188616968446e-16,5.570589806770015e-19,8.160056181667122e-20,5.966408139814909e-16,5.039528590711939e-19,5.368204990065908e-16,4.47234195144244e-16,2.2395035860942023e-19,8.213124349218229e-20,4.2819617830465874e-19,3.060297534369696e-19,4.771508078826688e-16,-5.082822087082386e-15,-1.0146174479612751e-11,1.42807849967793e-19,-8.015077420164402e-20,2.349906753724534e-19,3.9992796278908083e-16,7.6062628829009525e-16,5.194269700033195e-16,2.45342043334819e-19,4.422684858153903e-19,6.647303113244344e-16,4.984788062098007e-16,3.8510642070738893e-19,5.781962772392132e-16,2.4412832694932173e-19,4.08739171359208e-16,6.583520629817965e-16,6.09393754315919e-16,5.370110235153861e-16,8.029426232678722e-16,3.862324360332762e-16,5.195760486295418e-16,8.070955081752971e-16,6.813340665234004e-16,4.778486504288739e-16,4.75250413006868e-16,5.916571295387309e-16,6.051355440436539e-16,5.156556314917429e-16,6.673118051721844e-16,4.4060783679704863e-16,5.049409397328147e-16,4.596542982495214e-16,6.021439915505578e-16,5.354815903796617e-19,2.368709994763112e-19,8.474474568205164e-19,-6.7423591325298855e-19,1.8313984933956953e-19,-5.083106409799099e-15,3.9883589865507056e-19,2.0609851666647636e-19,2.262250318217989e-19,9.238807081310313e-19,3.187625023866886e-19
1.0917116012403848e-11,3.6358492149817854e-12,3.635862224060816e-12,5.23974144658649e-16,2.2639408414719886e-12,3.6363055135661273e-12,1.8213154475708734e-15,4.875780446615081e-16,5.574966976415567e-16,3.6357033978580512e-12,1.0897055688233786e-19,1.821784374199752e-15,7.759695864364897e-19,4.370983798299469e-19,4.08135053428827e-19,4.867326614066578e-16,3.6356426185463518e-12,4.619747091170225e-16,5.031743308237885e-16,1.8213103006002454e-15,1.8215911339056995e-15,3.969950730894258e-16,6.308304719048448e-16,3.6007303726556937e-19,3.635845463038861e-12,6.083863482750079e-19,1.8213029290799796e-15,1.821523196387055e-15,4.610030239855459e-19,4.313607611757041e-19,7.401412210978755e-20,1.8211103514300372e-15,5.406792946498814e-16,3.499508538299426e-16,5.967211566145708e-16,8.189456606807729e-16,7.50005784838795e-16,5.432047804996009e-16,3.903641202706259e-19,7.151456129313292e-16,1.5969424499879408e-19,7.220506063822793e-16,4.856579585323668e-16,3.1463339918388255e-19,1.821413835955925e-15,9.448847065483433e-16,2.689597540071716e-19,4.581224072305867e-16,3.635914462905312e-12,3.2255521215260056e-19,3.1668957616355473e-19,4.43132202828933e-16,-1.4125069330409469e-19,3.3125679981534825e-19,3.5755299217712626e-19,5.962604412046685e-16,4.847474400730386e-16,5.079024903667461e-16,3.848044871186246e-19,1.8218628177207456e-15,4.730105260932165e-16,1.802348247788285e-19,3.1121074424054384e-19,3.5514447655364954e-19,4.149662051509356e-16,2.1487906942346361e-19,-6.638914975596326e-20,4.979987555448647e-16,1.821930789201753e-15,3.703478428369276e-16,4.0118065605434837e-16,4.885174861584801e-21,7.624260801839375e-16,9.793445977235263e-16,1.797385449805503e-19,3.1037763396335947e-19,3.062847107021512e-16,5.54403610425465e-19,4.741704978769373e-16,4.972748114230386e-16,4.606301767297311e-16,1.774450138643451e-19,7.203645554020931e-21,5.632805132742309e-16,3.6356523000924474e-12,1.8211041541788577e-15,2.437780177604152e-19,4.624519009598014e-16,5.215634791620308e-16,2.0609641734328392e-19,8.572434192848072e-16,5.422681112976291e-19,3.048565677349889e-19,4.126028164738618e-19,7.769381364929922e-19,4.612919636270491e-16,4.717072614248454e-19,7.029885797077009e-16,3.935247457085786e-16,4.172014251645657e-16,4.659390729882463e-19,2.0882808947223462e-19,4.845050663627025e-16,3.885373142156332e-19,3.121558443344388e-19,3.977667193264283e-16,7.877342387284129e-16,7.072035405123819e-16,5.965164174929157e-16,2.0675273955053807e-19,2.5442524327290747e-19,6.435980919771415e-16,5.115674558628731e-16,2.511890820914574e-19,2.3198186546518185e-19,3.9327086026073784e-19,1.5054820122438652e-18,2.6797221511391314e-19,3.2687381449741827e-16,4.591455408269373e-16,4.111327225988064e-16,6.125459749597719e-16,2.3190361476351147e-19,1.821299797222003e-15,-4.981508936912026e-20,1.381762628600892e-19,5.462491106078744e-19,3.428817955654836e-19,3.5664463044110316e-19
1.0000000000119689,0.9999999999693641,1.00000000000504,-5.082520149774951e-15,3.6363055135661273e-12,1.0000000000575742,1.0000000000601903,4.82369930185094e-16,-1.5595368468294143e-11,0.9999999999764737,8.382869442774693e-15,1.0000000000441949,2.5152151611562935e-11,-4.883472279032872e-11,-6.841637593891621e-12,-3.806527754720602e-11,0.9999999999857972,8.018294229109666e-12,2.5818717935834894e-15,1.0000000000526903,1.0000000000474099,2.3144141338341434e-15,-3.553966941100778e-15,3.549839989404408e-14,1.0000000000253284,-3.001076863706262e-11,1.0000000000132367,1.0000000000109648,1.3639122340180174e-11,-2.7452920087493942e-11,-3.3644606234398367e-12,0.9999999999833854,4.959716700674621e-15,-6.7663972350710805e-15,-3.366126973394853e-15,6.557302431286821e-15,-3.977023790738413e-11,-2.7259066138728847e-11,2.8104140261251177e-11,-3.5384223928971235e-11,-4.475261849342117e-11,5.983276868836496e-15,3.702013796317379e-15,-1.0360598559219764e-15,0.9999999999906151,-1.1191537785822594e-11,-3.807781503346024e-13,2.1168404842723813e-16,1.0000000000532383,2.74566608836097e-11,-2.652282830266919e-11,-9.801559405226893e-12,9.922617156836416e-15,6.543777153213933e-13,2.5663173646942214e-11,-1.453248051785595e-14,3.738156786131393e-11,4.218144799255754e-15,2.5221075908243548e-11,1.000000000038331,-4.8764382985397815e-12,-2.1884804093673396e-14,-3.254700658349781e-11,8.598619736719023e-12,-3.833164193620533e-15,5.2742334638632766e-15,4.0346760301397154e-15,3.625893095727907e-11,0.9999999999937692,-2.7225052765501383e-15,9.066380552645536e-12,3.0086779952322866e-12,-9.450494895560433e-11,-1.7876750643587628e-12,3.3103870372531594e-15,5.591268745173502e-16,-9.876400056227188e-15,3.2883168453779224e-12,-9.797144453041545e-16,-3.07427860967855e-16,9.036961575274871e-12,-5.810761907079456e-12,-1.9143176581583552e-15,6.5023016257338154e-15,1.0000000000284466,1.000000000011792,-3.1997187172342835e-12,-1.2135066557931237e-11,-1.7966815924186597e-11,1.426968590605185e-15,-3.856932631186069e-11,9.703602345754108e-15,8.325798572302285e-14,-1.4053724211811136e-11,-6.446412361436994e-11,-2.6963572281990463e-15,-1.898243796638737e-13,-3.3244772355225433e-14,7.271494830649454e-15,1.533589169028467e-11,-8.683804323390183e-12,-2.1013317215509015e-11,-1.1431382654726994e-14,3.3318079091372015e-11,5.4964494110788514e-15,6.334737875227485e-12,-2.192194229008722e-11,-4.486470821390377e-12,-2.028891155171074e-11,-3.1746029451946995e-16,-2.4762814180635798e-14,-5.173579523389203e-15,2.4950536414031275e-11,1.598961840108286e-11,8.077236770225762e-15,-4.384523876177661e-15,2.381279979590074e-15,-5.4447563738561994e-15,6.86555013661714e-16,1.0932939417853213e-14,1.994715163327588e-15,-6.424196249748169e-12,-3.2237320585260083e-15,1.0000000000304408,1.044154385418944e-14,-7.897445150661582e-16,1.4967135490543012e-16,1.2644318548509598e-14,6.334609545856046e-15
1.0000000000168863,0.9999999999742429,1.0000000000099172,-5.083280102439953e-15,1.8213154475708734e-15,1.0000000000601903,1.0000000000673326,4.814705129418318e-16,-1.5596375065571597e-11,0.9999999999813521,8.382179224827665e-15,1.0000000000490739,1.2599904011940055e-14,-2.4466047807010267e-14,-6.843127072116019e-12,-3.806626216739719e-11,0.9999999999906767,4.0165079328936395e-15,2.5813421555909364e-15,1.0000000000575697,1.000000000052289,2.3137348372426887e-15,-3.5544471489812245e-15,7.085705880292683e-11,1.0000000000302063,-1.5034824921385248e-14,1.0000000000181146,1.0000000000158438,1.3637580571044971e-11,-2.7453805550692584e-11,-3.3658081593182598e-12,0.9999999999882644,9.899505109988275e-12,-6.767182347285917e-15,-6.720076755404046e-12,6.556572174685317e-15,-1.9924634350472293e-14,-2.7259956793643255e-11,2.810283445340306e-11,-3.538553238953038e-11,-4.475382111232528e-11,5.982635104946574e-15,7.388875969295412e-12,-2.06883869458713e-12,0.9999999999954952,-1.1193535839313934e-11,-1.916130825736105e-16,2.115735555141298e-16,1.0000000000581173,1.3754515868206328e-14,-2.6523819742220123e-11,-9.802350471208157e-12,9.922476077520106e-15,3.274254121605052e-16,1.2856131670126884e-14,-2.9008834671412258e-11,3.7380771796691385e-11,4.2177896605909265e-15,2.5220079112979903e-11,1.00000000004321,-2.4433596261506507e-15,-4.3685887688583487e-11,-1.6305926797101978e-14,8.597234034993226e-12,-3.833408552857584e-15,1.0527587098616485e-11,4.033953508000613e-15,1.8164136386379876e-14,0.9999999999986477,-2.7226527860957744e-15,4.54167551745085e-15,1.5067879910444327e-15,-9.450632116128748e-11,-1.7895882936631695e-12,6.606868683969673e-12,5.587307357154373e-16,-9.876502291362501e-15,3.2873729979649904e-12,-9.801060210200108e-16,-3.0859488381200615e-16,9.036177073131512e-12,-2.911699728770538e-15,-3.821844847857785e-12,6.50152647403057e-15,1.0000000000333247,1.0000000000166736,-1.603521127890981e-15,-6.079939416503901e-15,-9.001373630715208e-15,1.4267455561032147e-15,-3.857097872910067e-11,1.936827970381306e-11,4.1091565213214387e-17,-7.040301758115384e-15,-3.2295743143708415e-14,-5.3825856913978e-12,-9.604485547036669e-17,-3.324531078138605e-14,1.4513112686915202e-11,1.533514508835802e-11,-8.684935202843159e-12,-1.0527786094547556e-14,-2.2819791126319124e-11,3.331683333490541e-11,1.0970710994850236e-11,6.334147151692413e-12,-2.192334458052784e-11,-2.2482331777893905e-15,-2.029006067415624e-11,-3.1778028156403336e-16,-4.9430157682961994e-11,-1.0328155016066622e-11,1.2498808097643739e-14,8.009578989074185e-15,1.612186419931915e-11,-4.3852371741406165e-15,4.752328332098408e-12,-5.4450782079059214e-15,6.86575033552515e-16,1.0932519741390495e-14,1.995048907227276e-15,-3.2188800252461313e-15,-6.436111274616285e-12,1.0000000000353209,2.0841579699363268e-11,-1.577599487874841e-12,2.980221356298554e-13,1.264364598051303e-14,6.3335914581335245e-15
8.241791493525611e-12,9.618458312264565e-13,9.61820760188824e-13,-1.4992496317238154e-19,4.875780446615081e-16,4.82369930185094e-16,4.814705129418318e-16,2.263957064412334e-12,6.370850755608169e-16,4.817125076842995e-16,3.1894917557085537e-19,9.61774914244101e-13,7.487860069855865e-16,8.385274519046281e-16,8.446232948296869e-19,5.504002418762327e-16,4.817216713573214e-16,-6.127277313789887e-20,6.153955582581928e-19,4.817345650902486e-16,9.619815728247141e-13,2.888054459780676e-19,5.544142276920938e-19,8.401271813534852e-16,9.618419757345422e-13,6.935891480468294e-16,9.618005489537627e-13,4.818150311677479e-16,8.618904505801269e-16,5.474067094657461e-16,5.497134272157933e-19,9.613135206558012e-13,5.829092884156266e-16,3.6543210427026094e-16,6.29888065614543e-16,8.907600841486993e-16,8.144623001548725e-16,3.089945271557542e-19,-3.881174903388445e-20,6.516295111864593e-19,3.5898391833383657e-19,3.8438271373437765e-19,5.464401726400105e-16,4.354823799419865e-19,4.822332370191264e-16,5.094078460670858e-19,5.531591714034755e-16,5.063293645682431e-16,4.818924028506762e-16,6.710005483895482e-16,6.062551080084321e-16,2.5383525147602657e-19,6.322888441893262e-16,6.649435719127978e-16,-2.3807871593399403e-20,6.289584551931901e-16,5.210487635788505e-16,5.72509403661588e-16,6.084283396666069e-16,9.621171585854896e-13,3.07035545194837e-19,7.203672579514786e-16,2.989685395234177e-19,7.685829513331483e-16,4.355263855905423e-19,2.2457861844635914e-19,5.437477789556408e-16,7.193391714684499e-19,4.818961617988798e-16,4.029781784261552e-16,4.517333517334486e-16,4.1245385785439923e-16,2.357574341279342e-19,1.0706544242006003e-15,2.4331643000405066e-19,5.978576211628964e-16,1.5451762539088252e-19,5.935457056413913e-16,5.265791449415365e-16,3.205078503942521e-19,2.3146671881791913e-19,3.826070469425881e-16,5.566855089888706e-16,3.343604548929353e-19,4.819640060446201e-16,9.61235984417044e-13,6.150123357913462e-16,5.125870081968156e-16,4.774586232440288e-19,4.573509293925988e-16,2.6992016201688265e-19,6.715669760698121e-16,6.007080370889687e-16,3.7949569383362694e-20,2.8583858665238567e-19,2.795199647415614e-19,6.280118892811686e-20,2.0071302364621782e-19,4.991759815752483e-19,4.661827399862304e-16,6.737006403297442e-16,4.2885880044274627e-19,2.2563924717529154e-19,4.159739297725883e-19,5.411939182792036e-16,4.3088988628846043e-16,4.350558556666974e-19,7.794907415190935e-16,6.473610591322206e-16,1.91717287399466e-19,5.271112233322038e-16,2.54031075823739e-19,5.570394919714068e-16,5.523633757915344e-16,3.1633107983483316e-19,-1.6734519488587088e-19,5.531172268128197e-16,5.873551562536279e-19,2.6238320283001343e-19,4.930520167246944e-16,3.2758641607218964e-19,6.714178066745067e-16,3.1906057752837657e-19,4.815165524621173e-16,6.009552921717092e-16,3.244727164564281e-19,3.7499671324274467e-19,6.514072564070863e-16,5.90977111613884e-19
-8.322489889781396e-12,-1.559596220684814e-11,-7.813361958229447e-15,3.1616385117359777e-19,5.574966976415567e-16,-1.5595368468294143e-11,-1.5596375065571597e-11,6.370850755608169e-16,2.264110251216249e-12,-1.5596229523809044e-11,8.343370650391038e-16,-1.559605301995828e-11,9.546301336422596e-16,9.645533664197793e-16,4.1807568348065074e-19,6.674493272439689e-16,-7.813332028417954e-15,6.34065276675386e-16,7.206015441668454e-16,-1.559639211470247e-11,-7.813185806726632e-15,5.736213807156206e-16,8.281885108944618e-16,1.0374748145290035e-15,-7.813107556057566e-15,8.102059474519351e-16,-1.5596057221644498e-11,-1.55959166882242e-11,4.923834388515e-19,5.80029431051095e-19,1.0007324216609736e-15,-7.813395653072281e-15,1.3276248082540242e-19,3.721293370976385e-16,7.397952134163043e-16,4.80162598215507e-19,7.115673335583533e-19,7.215537719860212e-16,3.4671675747734083e-19,3.3214672647303e-19,4.0531021815185117e-19,4.402631603283908e-19,2.4858011231042715e-19,5.080224503563356e-19,-7.813568994530048e-15,1.2638881021518677e-15,5.447341963401501e-19,6.321335689186132e-16,-7.813132790503771e-15,1.3265811489851317e-19,5.905570611141241e-19,5.88070957188569e-16,7.745966705187623e-16,4.126305084364371e-19,8.28445923427713e-16,7.461967000347321e-16,-5.158519781855909e-19,7.080332131724356e-16,7.488068268789061e-16,-7.812478241917975e-15,3.348129405645139e-19,4.959224044152243e-19,1.378703853805248e-19,9.31285028819424e-16,4.3081314845696867e-19,6.856454259341047e-19,6.481001780403411e-16,6.705545642237832e-16,-1.559586271484946e-11,4.457172528731888e-16,5.183388377471529e-16,4.3465034883427075e-19,9.749595714626215e-16,1.2947834134585298e-15,7.074411679488224e-16,4.253697269305703e-19,3.6449429819648805e-16,8.297310336776598e-20,6.36272898261733e-16,6.037230919814138e-16,6.073073965905938e-16,4.321509917195195e-16,6.803125198593502e-16,7.552660484110042e-16,-1.559629464379613e-11,-7.813749708545944e-15,3.595778216216537e-19,3.4595704784718837e-19,6.785143830231349e-16,5.463502142079115e-16,1.1026719503355468e-15,4.170080934822607e-19,3.9381495496549215e-19,9.402943476592934e-16,8.560545041001428e-16,4.952001856774802e-19,8.34639610518209e-16,8.591840157876882e-16,5.119447575000489e-16,2.1430397479049655e-19,6.559663012547844e-19,7.245485362861201e-19,7.177748325340579e-16,8.920549978285687e-19,6.348996318041659e-19,5.106770920850907e-16,6.350031984414606e-19,9.366782139377992e-16,8.187127431446068e-16,2.1189514469021546e-19,3.9437153742563263e-19,4.785839037185161e-19,3.943546201865094e-19,3.462771696614985e-19,7.050592731212273e-16,7.020228482306103e-16,4.2231668812466006e-19,3.047888559981895e-19,4.135959214543534e-16,5.840548715723433e-16,5.131388278311694e-16,8.468568954975688e-16,7.088561229046492e-16,-7.813746300979634e-15,7.632729931826808e-16,-2.0250662509697096e-19,3.80332777687679e-19,1.642202363185954e-19,6.933219491798018e-16
0.9999999999331617,0.9999999998905251,0.9999999999262014,-1.0145946850632623e-11,3.6357033978580512e-12,0.9999999999764737,0.9999999999813521,4.817125076842995e-16,-1.5596229523809044e-11,0.9999999998998946,1.673220802157176e-11,0.9999999999653563,1.2600325507518418e-14,-2.4465628733011197e-14,-6.8426337626157314e-12,-1.9070191271281574e-14,0.9999999999069582,4.016480486402261e-15,2.5814682781462858e-15,0.9999999999738505,0.9999999999685705,4.61927892854658e-12,-7.094948364169762e-12,7.085754397921097e-11,0.9999999999464882,-1.5035225055102063e-14,0.9999999999343979,0.9999999999321268,1.3638053092437658e-11,-1.3753288450821104e-14,-3.365447228733552e-12,0.9999999999045457,4.9595520720794684e-15,-6.767053476898171e-15,-3.366569477400892e-15,6.556833055180685e-15,-3.9771098368378426e-11,-1.3656497910572766e-14,2.810323185783086e-11,-3.538517652849505e-11,-4.475348788668889e-11,1.1942042873126388e-11,7.389056716866343e-12,-2.0683983371591057e-12,0.9999999999117765,-5.606933511350686e-15,-1.911558453531158e-16,2.1155164171980156e-16,0.9999999999743981,2.745575607130154e-11,-1.3287796436064239e-14,-4.9105377968958985e-15,9.922084348937738e-15,6.536492519690962e-13,2.5662348981008108e-11,-2.9008527473236566e-11,1.8726869181714657e-14,4.21784180402474e-15,2.5220257182240013e-11,0.9999999999594912,-2.4437052709201945e-15,-4.368549887912756e-11,-1.6305753582167392e-14,4.307194371903209e-15,-3.833572942360234e-15,1.0527819008466338e-11,8.05246499237287e-12,1.8164631865345638e-14,0.99999999991493,-5.434917918977373e-12,4.54152584989171e-15,1.5069982193938712e-15,-4.734525974675956e-14,-8.95929649190494e-16,3.3102861550928717e-15,5.586225394632854e-16,-1.9714802013753553e-11,1.6469859924000741e-15,-9.79704597001306e-16,-6.146238644371849e-13,4.526794521114993e-15,-2.9112063199148643e-15,-3.821618887675007e-12,6.501621957939886e-15,0.999999999949607,0.9999999999329531,-1.603464245999795e-15,-1.2135698158435849e-11,-9.001354236453821e-15,1.4268049621386304e-15,-3.857046319243929e-11,1.9368621092007308e-11,8.256793271739219e-14,-1.4054578483543226e-11,-6.446499690927984e-11,-5.382419780226856e-12,-9.499790665370021e-17,-6.636064283749524e-11,7.270657778276502e-15,7.682734411652668e-15,-8.68468785670291e-12,-2.101395008152258e-11,-2.281964762023405e-11,3.331701695850409e-11,5.496247450112159e-15,3.1734368250083465e-15,-2.1923006367459122e-11,-4.4874513626819674e-12,-2.028963984619396e-11,-6.340760940924933e-13,-4.9430085073943234e-11,-5.173795927004311e-15,1.2499155860793305e-14,1.5988715913936962e-11,8.07695159011018e-15,-4.384410068593274e-15,2.3809440397169962e-15,-1.0869039574549011e-11,1.3706051878422187e-12,1.093267340104151e-14,1.994609143126311e-15,-6.424991527033974e-12,-6.4359013346856145e-12,0.9999999999516017,2.08419030613537e-11,-1.5773079519442356e-12,2.9850063177240237e-13,2.5238665586507166e-11,6.334406982381052e-15
2.4006638993130725e-11,1.673240161131178e-11,8.382026658559495e-15,5.849413645779872e-16,1.0897055688233786e-19,8.382869442774693e-15,8.382179224827665e-15,3.1894917557085537e-19,8.343370650391038e-16,1.673220802157176e-11,2.264070907624659e-12,1.6732276558916827e-11,3.312822726355061e-19,1.0572007278436546e-15,8.579603190393143e-16,3.148827161045781e-19,8.382321335169524e-15,5.739998563404115e-16,5.813157038412151e-16,8.38202208791607e-15,1.673257514225903e-11,6.251969883288156e-16,1.0274223484158989e-18,5.047461052207588e-19,8.382102972517471e-15,4.103385738922954e-19,1.673238774356029e-11,1.6732516363777608e-11,8.718411874438893e-16,1.3449468524628747e-19,9.272774337591865e-16,1.6731924366858197e-11,5.971084317436451e-16,4.3124499982290124e-16,2.640874867229331e-19,9.261533832410568e-16,8.020570987007285e-16,8.695048925408328e-19,2.7308849647591985e-19,8.450615450655065e-16,3.3224386897640874e-19,7.790765352718963e-16,6.629132267954191e-16,-1.598947370764126e-20,8.382322076436005e-15,4.434341111452951e-19,3.8877983506991306e-19,6.199146422988417e-16,1.6732588460656975e-11,3.9393699194791365e-19,6.210724614608391e-16,5.475911115378449e-16,2.9047748083271886e-19,6.908268558909966e-16,4.28060030201249e-19,6.879741138971447e-16,1.3318489352979256e-19,7.157855696880137e-16,3.512750145547761e-19,1.673268056473278e-11,1.841145500580756e-19,3.768522146230928e-19,1.6375417239361738e-19,3.277707353441626e-19,5.241824625231893e-16,-1.6913590028970512e-19,4.0893828393244846e-19,4.0589792658141794e-19,8.383110374935879e-15,7.229416539882788e-21,4.291184239106547e-19,3.3151290679817617e-19,3.5503997114824e-19,1.2966053964226767e-18,6.197967945592841e-16,7.280487356667418e-16,5.747470951501856e-16,6.991869091315969e-16,-1.9538224492955913e-19,5.761431929099879e-16,6.81035466835481e-16,5.671209514334664e-19,6.431292097361294e-16,6.216374003426523e-16,1.673217730940378e-11,8.382972225780013e-15,6.606173627385636e-16,2.4453659861191864e-19,6.928915682815553e-16,4.992695548280381e-16,9.457434738385217e-16,2.2870943836475526e-19,6.297603323011444e-16,5.038077229389118e-19,8.051075261572989e-16,2.0463980437508711e-19,6.865118465068942e-16,7.081760370571073e-16,5.985840186090335e-16,5.206714282549606e-16,7.484869930993276e-16,7.927892657703596e-20,7.122451444107654e-16,4.328655093327324e-19,4.966086181310421e-16,3.5813089524614377e-19,9.794579679162418e-16,4.582694104278563e-19,6.427880913422966e-16,5.918701643961571e-16,7.215023035320448e-19,8.031430158402644e-16,2.9683647043063286e-19,7.973036479685333e-16,3.7154996849544437e-19,4.1903204824119622e-19,5.712369977593237e-16,5.574382385964382e-19,6.348307192460816e-19,5.9881652436426e-16,4.252936324795599e-20,2.1472653250363547e-19,6.797939404403226e-16,8.382366531803616e-15,6.458016710921621e-16,5.267834640723207e-16,6.435959311030895e-16,4.263544527100898e-19,6.74547224483939e-16
1.0000000000008749,0.9999999999582467,0.9999999999939226,-5.083092882038892e-15,1.821784374199752e-15,1.0000000000441949,1.0000000000490739,9.61774914244101e-13,-1.559605301995828e-11,0.9999999999653563,1.6732276558916827e-11,1.0000000000353408,1.259988016418721e-14,-4.883574024135138e-11,-6.842631202624453e-12,-3.806595715906607e-11,0.9999999999746801,8.017699502138705e-12,2.5812759386041106e-15,1.0000000000415734,1.0000000000362927,4.61943764140584e-12,-3.5545036215016115e-15,7.085752525745588e-11,1.0000000000142104,-3.001159695355523e-11,1.0000000000021194,0.9999999999998486,6.831851309703652e-15,-2.7453554633927653e-11,-1.6858651836634016e-15,0.9999999999722676,4.959539922231533e-15,-6.766704646749769e-15,-6.719762503753347e-12,1.3088225511209995e-11,-3.977116964425095e-11,-1.3656310683813731e-14,2.810322989083784e-11,-3.5385135613463615e-11,-2.2420265685132086e-14,1.1942000777605913e-11,3.7017918282923396e-15,-1.0363318510988823e-15,0.999999999979499,-1.11928919849088e-11,-3.814168338385612e-13,2.1148462683147e-16,1.0000000000421208,1.3754916590873038e-14,-2.6523512727903692e-11,-9.80210891024324e-12,9.922247884502218e-15,3.273424723394053e-16,1.2856298917676603e-14,-1.4532616246885766e-14,1.872665430222032e-14,8.419537781457464e-12,2.5220388185321537e-11,1.0000000000272131,-2.443460326132516e-15,-2.1885382841384457e-14,-1.630580207269126e-14,8.597677965217742e-12,-3.833222125096655e-15,5.274347177329612e-15,4.034159898758307e-15,1.8164470295806477e-14,0.999999999982651,-2.7222558269381225e-15,4.541794794757146e-15,3.0082342191043974e-12,-9.450589217068712e-11,-1.7889842937586506e-12,3.3099731011349116e-15,1.115732146491291e-12,-9.876669867636123e-15,3.2876875319024727e-12,-9.80042459148829e-16,-3.079525144882096e-16,4.527051344769087e-15,-2.911336352614211e-15,-3.821564180535954e-12,1.2978292031294181e-11,1.00000000001733,1.0000000000006755,-3.200425596351479e-12,-6.079647195935969e-15,-1.7967451617644014e-11,1.4268099421005226e-15,-1.9322412285225182e-14,9.703152689939797e-15,8.25685054758992e-14,-7.040883153245237e-15,-6.44649253182011e-11,-5.382332817369372e-12,-1.9061792084327756e-13,-3.324515511210616e-14,1.4513286562649137e-11,1.5335369363503626e-11,-8.684606203128046e-12,-2.1013806591832746e-11,-1.1431829892427169e-14,1.6690631029002616e-14,1.0971004212176166e-11,3.1733640306958424e-15,-2.1922926330167128e-11,-4.487388135112085e-12,-2.0289673541611386e-11,-3.172211271290772e-16,-4.9429928512030087e-11,-5.1740268071086125e-15,1.2499896558951216e-14,8.009970331752025e-15,1.6122176641568092e-11,-4.384773786832046e-15,2.3810716618619945e-15,-1.0868886942373956e-11,6.866989992214197e-16,1.0932820621183284e-14,3.981765537238735e-12,-6.424994848813071e-12,-3.2239587396331677e-15,1.0000000000193243,2.084192389556372e-11,-7.902946382141739e-16,1.4975392701117882e-16,2.5238754197817277e-11,6.334187550234688e-15
3.2432003988885424e-11,2.5151427927620403e-11,2.5151047415891828e-11,5.396607886874464e-16,7.759695864364897e-19,2.5152151611562935e-11,1.2599904011940055e-14,7.487860069855865e-16,9.546301336422596e-16,1.2600325507518418e-14,3.312822726355061e-19,1.259988016418721e-14,2.2639430634061532e-12,3.9958599494938163e-19,7.25428726287123e-16,6.47013701084217e-16,1.2600091594641892e-14,5.306356063731652e-19,2.2095150935862877e-19,1.2599843439831286e-14,2.515165727405368e-11,3.537392282889311e-19,4.707868388121513e-16,7.129289384741385e-19,2.5151513631309642e-11,1.1458597847664207e-15,2.5151488468317236e-11,2.5151651324644746e-11,7.513297464821417e-16,9.939254408230178e-16,2.048162145156528e-19,1.259982941380028e-14,1.9413259015172925e-19,4.40238368772422e-19,5.706140683785511e-16,5.356373596377303e-19,6.318525471696514e-16,5.152373455853931e-19,6.669734606267136e-16,7.935110827371775e-16,7.070455607644129e-19,6.433831742781244e-16,7.025219975034814e-16,4.0009501101486176e-16,2.5151174804752096e-11,3.9022327954278636e-19,3.018783908716732e-21,1.4341264854514364e-19,1.260025070873062e-14,9.602549632252032e-16,5.634083162678e-16,3.749895528096648e-19,4.004462080643933e-19,6.05155180066527e-16,6.906653561345005e-16,6.928609712532995e-16,6.689752095252411e-16,7.997960875904568e-16,7.960094733629321e-16,2.5151675464094047e-11,5.471363006564315e-19,6.583527194374125e-16,2.078547815336144e-19,5.113107371455249e-19,5.35949758059091e-16,4.461901490927044e-16,7.978779068890407e-16,7.705877433287831e-16,1.2600098212385346e-14,2.179785077841821e-19,3.856061966575821e-19,6.196797129673078e-16,8.591559982964083e-16,4.710093289890515e-19,5.717573726455982e-16,6.233319440646038e-19,4.609678248922845e-19,7.06408971360055e-16,5.72053008063876e-19,5.875192739003402e-16,8.189623713319797e-16,-2.2642142374302466e-20,6.592466529003235e-16,5.225069544915893e-16,1.2599767276372436e-14,1.2599741841918264e-14,1.0158076501483639e-19,5.700168281701594e-16,7.611337932483022e-16,4.712125305522986e-16,-2.1062856726329692e-19,6.745773662366922e-16,5.701657864875436e-16,8.476486097403591e-16,7.609295752969658e-19,6.497377431255905e-16,1.0036682704489334e-19,5.451638125254016e-16,7.325295071510368e-16,-9.530282681879176e-20,4.923619889388382e-19,3.6112574814922826e-19,1.4478791764711923e-19,6.491653301850434e-19,3.5472917539287255e-16,4.3299975219691484e-19,7.177373503054e-19,8.224288283334526e-16,2.613674785709983e-19,6.8575283273254045e-16,-1.644497085145618e-19,7.581923491075131e-16,6.05026261544344e-16,1.1783060473785317e-19,4.700597726709294e-16,6.036390913768172e-16,5.113755940926305e-16,8.587838066114448e-19,2.431780775087012e-19,6.707954029192886e-16,3.7082899569084796e-19,5.991610126788135e-16,6.936261462625789e-16,2.515091648819433e-11,3.387005737129042e-19,4.747722352729999e-16,2.4270162963947837e-19,5.593910868093679e-19,3.45023056232271e-19
