0.9999999999999994,1.000000000003239,9.086895791017125e-12,-8.232048608700643e-11,9.966620763410809e-11,9.696251710205495e-11,1.000000000005177,0.9999999999961856,1.2752989678677345e-11,-5.389455948728513e-12,-8.042058779934727e-11,-4.749671403358016e-11,1.5190570240860988e-11,2.250527202016107e-11,-5.1874520564151365e-11,1.4554145517113617e-11,-8.577451898110755e-11,-7.440855196215727e-11,4.024116312886316e-11,6.506146997375123e-12,3.986397911843494e-12,-8.039824612769522e-11,9.103775849570189e-12,-2.2957452282781085e-11,1.000000000000816,-9.054276601780355e-11,-1.3348127782641451e-11,-4.0625061296071165e-11,7.894799868750102e-11,-5.908646169603444e-11,-3.3752928293845923e-12,9.475437153633352e-11,8.09005121708502e-12,-1.3510944718271536e-11,6.981289499633512e-13,1.0000000000210065,1.94365540676514e-11,7.511450550267217e-12,-2.1334437238055827e-12,4.432754496110743e-11,4.515173485699175e-11,0.9999999999736409,1.0000000000035854,4.749027414016458e-13,0.9999999999493334,-1.1741857337474783e-11,1.000000000016424,-1.9749984956980214e-11,0.99999999999095,-1.0342423077461635e-11,0.9999999999946693,4.5948496193325504e-11,-7.814635257740415e-13,1.5656444812189098e-11,-2.387770624573703e-11,-1.3535141721270785e-12,1.6298736556119208e-11,-3.291745701932457e-12,0.9999999999780684,-8.087521287759887e-12,-4.4487926459341005e-11,-4.055906355555456e-12,-1.0226636523881012e-12,-7.053589038204156e-12,0.999999999989157,-9.371616512500105e-12,1.0048411773878797e-11,1.041243304599989e-11,6.15884790623961e-11,-1.2584152694571076e-11,8.788011479606163e-12,1.1853745630683886e-12,0.9999999999673584,7.094110088716155e-11,-6.074087107270373e-12,0.9999999999753226,8.755625352736711e-11,4.3337385907152846e-11,7.363529123812227e-11,-7.488935165418681e-12,-8.290806900864875e-11,1.000000000024012,9.243805583193406e-11,-7.250426428908739e-11,7.703659663923057e-11,1.0000000000108034,-4.994939201460821e-11,-1.1243826438851342e-11,9.305829441840932e-12,1.0857902069105553e-11,-6.054059822522688e-12,4.3480526543338963e-11,5.728984776034684e-11,-2.3796001131848637e-12,4.3408020805393266e-11,-1.475953683725602e-11,-1.219333894219418e-10,-1.0028291481078928e-12,-1.9799190635480824e-11,4.640005084396651e-11,1.0076855183672849e-10,-8.495231191318673e-11,5.85538597931575e-11,2.2532028727459055e-11,-5.2966131231967954e-11,1.000000000019191,5.595412395498318e-12,6.233157789452253e-12,3.614142787329598e-12,1.5895641901169255e-11,-2.814562532219859e-12,1.0000000000049842,-1.0470087357413581e-11,2.058866123482325e-11,9.509152571039153e-12,2.2245912039166452e-11,-2.2417750585066594e-11,0.9999999999974298,-1.478120346127116e-11,-7.614902201863913e-11,-8.421496465656905e-11,1.5666432239838864e-11,-2.0034004649675035e-11,3.806451817463095e-11,-2.4854255936451843e-12,-9.982614466424121e-12,1.786924847667387e-11,9.828889078560592e-13,-9.773603519587056e-11
1.000000000003239,1.000000000006787,9.975436637671797e-12,-8.14342120843048e-11,1.0057019248995947e-10,9.78642826537634e-11,1.0000000000079492,0.9999999999989378,1.3702351381892665e-11,-4.503206107818044e-12,-7.95004741046001e-11,-4.655859948238439e-11,1.6147920879162935e-11,2.339337579868109e-11,-2.5543807792562266e-14,7.759838667311821e-15,-8.488030605254726e-11,-7.350584792686597e-11,4.1131377103623356e-11,7.410925490154406e-12,4.868855098552456e-12,-7.950115591303052e-11,1.0041836984739541e-11,-2.206681323332645e-11,1.0000000000036,-8.964373526459637e-11,-1.2478977358132532e-11,-3.973872177741796e-11,7.986658257012162e-11,-5.812804502548656e-11,-1.2580713306842194e-15,9.566110520944405e-11,8.966671321440289e-12,-1.2608728279365379e-11,7.8084737135224065e-16,1.0000000000237885,2.0330749397464916e-11,8.394841497930948e-12,-6.37072648353407e-16,4.522099596055709e-11,4.608436523328803e-11,0.999999999976395,1.000000000006331,1.3545760250388587e-12,0.9999999999520871,-5.440508740630005e-15,1.0000000000191984,-1.8876587142344753e-11,0.9999999999936927,-9.463515671180014e-12,0.9999999999974485,4.688334849495868e-11,9.25377872952457e-14,8.28065565453272e-15,-2.2966767555558834e-11,-2.3901173128081384e-16,1.7172146345322798e-11,-2.3748343548558196e-12,0.9999999999808271,-3.616064989333965e-15,-4.3592989499692785e-11,-3.195892567137541e-12,-7.228726391174094e-17,-3.0995777348755735e-15,0.9999999999919278,-4.248331076232948e-15,5.4792112835989025e-15,5.668955057196905e-15,3.129979016526278e-14,-5.859894961233907e-15,4.845990120965623e-15,1.0287380698069056e-15,0.9999999999700906,3.599338557956471e-14,-2.6071841310720382e-15,0.9999999999780786,4.4307436518998977e-14,2.215438221287288e-14,3.735709624735919e-14,-3.314867032267277e-15,-4.1083496577817454e-14,1.0000000000268114,4.675388584830802e-14,-3.5875753947535974e-14,3.904736588740592e-14,1.0000000000135851,-2.457709666951992e-14,-5.196101196388382e-15,5.102798075722839e-15,5.874403505172725e-15,-2.600433120669353e-15,2.2234701520108073e-14,2.9147375845359836e-14,-7.519866399700593e-16,2.219394031563274e-14,-6.954586633611793e-15,-6.063315270108366e-14,-6.372138348573112e-17,-9.477512167389834e-15,2.369307817710302e-14,5.0937208225062975e-14,-4.211074944622751e-14,2.977712511408245e-14,1.173413432353419e-14,-2.6094032956851762e-14,1.0000000000219917,3.2460548751289005e-15,3.558392908613857e-15,2.2430467978806962e-15,8.409336629344359e-15,-9.70790554365009e-16,1.000000000007737,-4.805084632305159e-15,1.0765702488892894e-14,5.2038563211932886e-15,1.1577811543105874e-14,-1.0787368067814771e-14,1.0000000000001918,-6.959954913321408e-15,-3.7705056760594086e-14,-4.173947888389968e-14,8.286773942159701e-15,-9.579235038147258e-15,1.9508435057197027e-14,-8.088844241928487e-16,-4.5606512035703555e-15,9.421946261304297e-15,9.304898467284452e-16,-4.851360330312814e-14
9.086895791017125e-12,9.975436637671797e-12,7.759018037788105e-13,1.8475547173429103e-15,1.2832997194468906e-15,1.7920947671407798e-15,4.9972176003305564e-15,4.997449464156503e-15,1.3952709797132403e-18,1.3345976145014132e-15,1.1735692381361115e-18,8.074325007405939e-19,6.108246670723105e-19,9.75523431695991e-16,1.6794165038097884e-15,1.0571513161021766e-18,1.498692583305641e-15,1.454751848894907e-18,4.2404961696125403e-19,1.3258495431206045e-15,5.490066211118498e-19,1.5591595404006265e-15,3.735985537081231e-19,1.456026830281564e-15,4.997952934858844e-15,1.6339033773477508e-15,5.477694846886893e-19,4.496290645037214e-19,1.3490896885694084e-18,1.3050549106522647e-18,8.127256105120137e-16,4.449356451909171e-19,5.448065738260226e-19,7.3687133153999115e-19,1.0014273173173002e-18,9.976210696429497e-12,1.0784735636927665e-18,1.1192897693026926e-15,8.85991653745272e-16,8.131771148432612e-16,1.1336290549622779e-18,9.976165787125262e-12,4.997551692606215e-15,1.6916147318224257e-15,9.975982583779615e-12,7.011814428108115e-19,4.99753588134446e-15,1.5470580888719882e-15,9.975289749119918e-12,5.486616951556056e-19,9.976273525569831e-12,1.2609671470295036e-15,5.026349939103045e-19,6.215959957725399e-19,1.0230142700313946e-18,6.136215905870341e-19,8.585811192344442e-16,1.5108053079461764e-15,4.997233995115871e-15,1.0539417331408138e-15,4.801238959098524e-19,3.1974976430975843e-19,1.1614789250752213e-15,1.070380376613399e-15,9.975932066812651e-12,1.5016908810471862e-15,1.3139969864101825e-15,1.7322492369323038e-15,1.5859208061831387e-15,1.4291689154421316e-15,1.4352768870245349e-15,1.3337346061989481e-15,9.974897278369497e-12,1.4819416993598286e-15,1.0529186572067907e-15,4.997400662113132e-15,1.5206911678032396e-15,1.433055122795713e-15,2.1299366118372254e-15,1.3021494475694043e-15,1.6569542795798287e-15,9.976772567195268e-12,1.359624494360725e-15,1.2316454066323406e-15,1.393755121723673e-15,9.975634336355025e-12,1.489914051752442e-15,8.502916167425015e-16,1.1852079278616286e-15,1.1288094949947434e-15,9.278157183950638e-16,1.6636627471393736e-15,2.185242768691621e-15,1.400759936687012e-15,8.948117622630795e-16,9.974886288405212e-16,1.6592318725286923e-15,1.4717245254592564e-15,1.3261572662110107e-15,1.545072245228463e-15,1.3640078491897807e-15,1.1101346726779504e-15,7.287437776019571e-19,5.133035475626525e-19,7.278840767692979e-19,4.997978886071196e-15,5.281295994666572e-19,4.0131554694493064e-19,5.5884281742727525e-19,1.7062383640859427e-19,1.00623664404928e-18,4.9977043576660524e-15,1.750853609783926e-19,6.154297548493724e-19,4.030296956111813e-19,5.813259917876269e-19,6.313119067707721e-19,4.997605429253779e-15,7.082848726155331e-19,1.1125625858124437e-18,2.5004908113826965e-19,3.110049991107035e-19,6.453269349734267e-19,4.730105479766966e-19,6.136403964975629e-19,4.932390270210894e-19,7.034095988631377e-19,7.930605046032674e-19,5.591556801376423e-19
-8.232048608700643e-11,-8.14342120843048e-11,1.8475547173429103e-15,7.764971094626426e-13,-4.413239700873062e-20,5.215733253076056e-19,-4.079624734655226e-14,-4.0796360980050123e-14,7.815657629000021e-19,1.4681659358548833e-15,8.739500250329914e-19,7.744230314861894e-16,2.1602752852134667e-15,5.888819522286212e-19,8.046042488710869e-19,2.050006920603647e-15,1.6429655542986289e-15,9.586067532579902e-19,5.495568163048341e-19,1.0707314840676663e-15,4.957297966575351e-19,1.8354518934974767e-15,-4.611594217757682e-19,1.5730466255154064e-15,-8.143334791245167e-11,6.108203026901952e-19,6.601506242448496e-16,2.223325233203525e-19,1.769508397422153e-15,2.77128251101302e-15,6.677136759298192e-16,1.3460360742546887e-15,6.519013749581413e-16,7.116329204181034e-19,1.1692731096156924e-15,-8.143322197809239e-11,6.937392733307465e-19,5.859443471401002e-19,8.347694425795052e-16,1.9146226348995365e-19,1.0267496558778468e-18,-8.143293994975957e-11,-4.0796356298625416e-14,1.0309654667118968e-18,-4.0796231287889206e-14,4.400672116863339e-19,-8.143350891845943e-11,1.4732798582073805e-18,-4.0796675621749854e-14,1.1019641139063303e-15,-8.143319471443951e-11,5.61205420947916e-19,7.970142148615019e-16,1.2146592546177751e-18,8.006648884543457e-19,7.493565985613486e-19,6.694265901598293e-16,8.72303368932657e-19,-4.079671333346928e-14,3.527884519609621e-19,7.754471934720425e-19,1.0987229002245158e-15,1.0246694528725132e-15,4.936454471947198e-19,-4.079610757984935e-14,1.5907839502349118e-15,1.155319762941972e-15,1.0659166829111163e-18,5.651917312408611e-20,1.526663381387843e-15,6.730498422523861e-19,9.16329412542992e-19,-4.079682841784707e-14,1.5155023906261247e-15,1.0347517028558831e-15,-4.0796000931432596e-14,7.717430790113472e-19,9.075336239524343e-19,2.3099881544106702e-15,1.2914789506277012e-15,1.943757820368878e-15,-8.143257487646777e-11,1.2242989207492445e-15,6.864078696013964e-19,4.885511068199942e-19,-4.079630008008273e-14,1.4259116087025574e-15,7.838888807626364e-16,1.2108404910563501e-15,5.429782196141085e-19,9.319030076991468e-16,7.936389084546942e-19,2.6605886280267035e-15,5.285015186827306e-19,3.264044896855458e-19,5.072029296876489e-19,1.935645939118123e-15,1.812413355810723e-15,1.4806740150494948e-15,1.1322942194038927e-18,1.0607254325597373e-15,1.0396900203524206e-15,1.3640352520450679e-15,1.0101827238799758e-15,1.7716913366422392e-15,-8.143268259425663e-11,1.1519369001185438e-15,1.2766003330446454e-15,1.3318764417224684e-15,4.416571759837801e-16,1.5285024847052777e-15,-8.143335639311581e-11,9.996803936308552e-16,1.3623718177991928e-15,9.792370736369409e-16,1.1214248737490201e-15,1.218776657136331e-15,-8.143356925470894e-11,1.4745476668378474e-15,1.2010358031519468e-18,9.947136409008353e-19,4.93055385678441e-19,1.373961372945849e-18,4.669760556351313e-20,3.962378623895547e-19,6.381901674703664e-19,6.040313272328566e-19,7.840901457723131e-19,3.995650626525727e-19
9.966620763410809e-11,1.0057019248995947e-10,1.2832997194468906e-15,-4.413239700873062e-20,7.759112560495375e-13,1.5402501539654842e-15,1.005703275589804e-10,5.0382685299033565e-14,2.3689440525071177e-15,1.1027614529777463e-15,9.62850022088094e-19,1.944847809767804e-15,8.091699937504273e-19,1.416356021309318e-15,5.817369169315656e-19,1.0645146111266193e-18,1.199740294658862e-18,1.6178048893293378e-15,6.737014949305462e-19,1.908529569587318e-15,1.4225724453980333e-15,8.470864697848052e-19,1.9195233131508137e-15,1.3485412617154417e-15,1.005702068762645e-10,7.480045923791597e-19,1.1238682960607256e-18,1.1602400372957007e-18,1.431905555875165e-15,1.1846965956153156e-18,8.077350638708136e-19,1.0544550193487328e-18,1.2972695244195932e-15,9.200564578594008e-19,8.350866763629846e-16,1.0057049822854899e-10,1.2389258065032476e-15,9.96373868253355e-19,1.0671178586783295e-15,1.3183549438965866e-15,1.8695492637696376e-15,1.0056968941503223e-10,5.038292791105529e-14,1.167472291375412e-15,5.038280515141193e-14,1.378294127909041e-15,1.0057036530509328e-10,1.4386532365147851e-19,5.0382944119141084e-14,5.790692031406516e-19,1.0057052810801526e-10,1.9898168880332493e-15,6.876902427565757e-19,1.0110445664831117e-15,1.60342783957729e-15,1.082751092848353e-15,5.740844465480409e-19,6.718918869793734e-19,5.038297839718931e-14,7.00731780207361e-19,6.688579073846495e-19,6.060998880181216e-19,1.46822237431743e-15,4.578147909617379e-19,1.005700046793669e-10,5.689254046173693e-19,7.52125078898113e-19,1.3885267131610843e-15,1.3848262315129916e-15,1.3791454496005662e-15,9.007993366309175e-16,3.7456632523269307e-19,5.0382609506902315e-14,1.538844814211593e-15,1.1130750396959342e-15,1.00570269858112e-10,1.392905282611773e-15,4.6910952135960285e-19,6.316045584704203e-19,5.56485351910506e-19,6.839635694152735e-19,5.0383835287281274e-14,9.10402308359913e-19,5.231189706267035e-19,1.5431542177133205e-15,1.005708478276362e-10,1.6876678852959085e-15,1.0955969923373351e-15,1.313687091675054e-15,5.933635448416058e-19,8.957625707115077e-19,1.2864411894041902e-15,1.218573163999024e-15,5.911459863610562e-19,1.6841574031420926e-15,7.406248140531594e-19,3.270290809314741e-19,4.709680728876581e-19,1.1016811857294821e-15,1.4165720966571115e-15,9.894210985705853e-19,4.2406454997199244e-19,1.2281897524013675e-15,1.509190769387613e-15,1.2275517377504956e-15,5.0383558324705295e-14,9.020632651343356e-19,4.90205534926954e-19,8.541511025074337e-16,8.7659646373109e-19,9.994081739838699e-19,1.0057017953223979e-10,1.1281504984016712e-19,1.5765617541209873e-15,1.4242687620362782e-15,1.0489870727807476e-15,1.458399726820874e-15,5.038275846987582e-14,1.1435046493757889e-15,1.0281716331850003e-15,1.0504271943051454e-15,1.0976198162189227e-15,1.29858271273036e-15,1.7338146433919015e-15,4.093299662225421e-19,5.826100172793913e-19,1.0292230908111416e-18,8.564588634044133e-19,7.341809402354044e-19
9.696251710205495e-11,9.78642826537634e-11,1.7920947671407798e-15,5.215733253076056e-19,1.5402501539654842e-15,7.761186125847548e-13,4.902769478444246e-14,9.786433532452524e-11,9.633264257435819e-19,1.4697099321045444e-15,8.36239606788811e-19,1.3845508598587016e-15,1.1701833217529853e-18,5.421363595666669e-19,1.8453040496502852e-15,1.0274475995864183e-18,8.394120573909091e-19,7.87493476551079e-19,1.4252377977364063e-15,1.5142736262636496e-15,1.4994262983036206e-15,9.209586013738517e-19,5.109846024814784e-19,1.655860029360339e-15,9.786488585644857e-11,1.8447146258891633e-15,1.0149360851056297e-15,6.097864355350339e-19,1.8386583759453765e-15,2.867760859226102e-15,9.288151571712347e-19,1.6511924273920486e-15,9.923921185636337e-16,1.6779329951561531e-15,7.919205846972615e-19,4.902796746330827e-14,1.5246888057168611e-15,1.2695882342050537e-15,7.392739819691694e-19,3.8377654200449275e-19,2.5245332258766314e-15,4.902769476833533e-14,9.786430154362168e-11,8.773235207722634e-19,9.786480163944357e-11,5.152375608625083e-19,9.786485308882577e-11,1.7020296789402514e-15,9.786410491897758e-11,7.405542608047102e-19,4.902774933217068e-14,1.5946378110191119e-15,5.009853053676426e-19,1.5215535671271478e-15,1.0845347097867123e-18,6.863170806692535e-19,1.0176447209850617e-15,8.691220413280844e-19,4.902727636336173e-14,7.203516697809961e-19,1.5950689627147878e-15,1.0950898809338368e-15,1.3012982649502751e-15,6.150528492666003e-19,4.902769344575295e-14,1.6628594244745528e-15,1.0895093611948686e-18,1.944661122269138e-15,8.095288018514574e-19,1.0827349913444998e-18,1.58397056819771e-15,1.45821029965266e-15,4.9026923584314566e-14,6.404632347117787e-19,1.1613694299067127e-15,4.902680708194465e-14,1.6584544112475675e-15,1.579834760496646e-15,2.3805432826214704e-15,-4.358078478842127e-19,1.864769465551932e-15,9.786566561930037e-11,1.5336098259439716e-15,1.4342940728329783e-15,1.6043212661445849e-15,9.786451052107923e-11,1.66119716258605e-15,2.0952493033637114e-19,1.3936865431929565e-15,6.290371595062086e-19,5.249002369993073e-19,9.601215720627695e-19,1.2000865278835796e-18,1.3291303503293914e-18,1.137899086482181e-15,2.155418236929808e-19,1.8354881254066362e-15,9.235947345179383e-19,9.89075790839543e-19,8.3377171293023985e-19,1.5678467856702555e-15,8.47094468264893e-19,1.4569018104183638e-15,1.30188639807237e-15,1.1135376250656103e-18,9.786565426864119e-11,6.425272585100895e-19,1.3071969294355227e-15,1.2769141423677693e-15,8.567075340044907e-19,1.5241304322761774e-15,9.786485706228115e-11,7.274145766968664e-19,1.5989243613239827e-15,1.253999890572444e-15,1.1994264819530858e-15,1.0146354833489116e-18,4.9027644640492207e-14,6.540116667837222e-19,1.599672652289906e-18,7.686153021972697e-19,8.29326816811947e-19,9.977780364051295e-19,1.2036384468891493e-20,1.1500564617682266e-15,1.5496805743587449e-15,1.7378435224826334e-15,1.5449486477426193e-15,8.853476690319682e-19
1.000000000005177,1.0000000000079492,4.9972176003305564e-15,-4.079624734655226e-14,1.005703275589804e-10,4.902769478444246e-14,1.00000000001066,1.0000000000008733,1.3702436431385345e-11,-2.2564114805696255e-15,-7.950019426550603e-11,-4.655849160496203e-11,1.6148276422788788e-11,2.339344755215545e-11,-2.5543020622354835e-14,1.549038039947896e-11,-4.252281129068309e-14,-7.350569863190479e-11,2.060592525404929e-14,7.410945362758075e-12,2.439244061212913e-15,-3.98277982666223e-14,1.0041928720397673e-11,-2.2066607323011125e-11,1.000000000005538,-4.4909145725739005e-14,-6.2517647936002834e-15,-1.990822931700713e-14,7.986684773081072e-11,-2.9120615683002155e-14,-2.5109852295687516e-12,4.792375068921478e-14,4.4920753585736545e-15,-6.316516778000772e-15,1.5591979918318204e-12,1.0000000000257268,2.0330983524831647e-11,4.2049347989709595e-15,-6.372878406760713e-16,2.2654357182728633e-14,2.3087394474761003e-14,0.9999999999783334,1.0000000000082663,6.78612715264371e-16,0.9999999999540241,-1.0859530297604956e-11,1.000000000021136,-9.45678305413048e-15,0.9999999999956292,-9.463378004865359e-12,0.9999999999993857,4.688350377607684e-11,9.258072385186106e-14,1.6529542097607494e-11,-1.1506164640852793e-14,-2.389100051016514e-16,8.602731930955956e-15,-2.3745511341296143e-12,0.999999999982764,-7.217775123520062e-12,-4.359281113396114e-11,-1.6011132781769224e-15,-7.250753489341182e-17,-3.09994295723904e-15,0.9999999999938636,-4.2480434753712605e-15,1.0937761041772231e-11,1.1315891501980872e-11,3.130031319329409e-14,-1.169602476390147e-11,9.673551684643078e-12,1.0286338703092873e-15,0.9999999999720286,7.184691356380513e-11,-5.20391786765456e-12,0.9999999999800148,4.430751638844115e-14,4.422232063690219e-11,3.735653793506388e-14,-3.3152511687074993e-15,-4.1083486027633e-14,1.000000000028747,4.675383608570029e-14,-7.161150630757405e-11,7.794308396678275e-11,1.0000000000155218,-4.905828369615256e-11,-5.196066283762006e-15,1.0186067333661692e-11,5.874462157651424e-15,-5.190727478279396e-12,4.438330954966368e-11,5.818014714321456e-11,-1.5008968063805247e-12,4.430265676703076e-11,-6.955178119524744e-15,-1.210304653320913e-10,-6.356074684549253e-17,-9.477364223845847e-15,2.3693324806523885e-14,1.0167578053134895e-10,-8.405687122639878e-11,2.9777622517580336e-14,1.173417031582905e-14,-2.6094011401861825e-14,1.000000000023928,6.479816373989608e-12,3.558260942251476e-15,4.477744367775756e-12,8.409140182874638e-15,-9.70905904143967e-16,1.0000000000096738,-4.804965466706873e-15,2.1489849027494212e-11,1.0387789342456311e-11,2.3111340680541655e-11,-2.153264636050312e-11,1.0000000000021272,-6.95941315297984e-15,-3.770510898929498e-14,-8.331848578026098e-11,8.286700395168386e-15,-1.9121121711163134e-11,1.9508242845122908e-14,-8.089618401522445e-16,-4.560797184204741e-15,1.880727571529213e-11,9.304727690653215e-16,-4.851336230977779e-14
0.9999999999961856,0.9999999999989378,4.997449464156503e-15,-4.0796360980050123e-14,5.0382685299033565e-14,9.786433532452524e-11,1.0000000000008733,0.999999999992634,1.370231137321912e-11,-4.503191509816356e-12,-3.982751087296417e-14,-4.6558667834871e-11,8.089843494995837e-15,1.171946257510943e-14,-2.554303091823469e-14,7.760085046539687e-15,-8.488027540953795e-11,-7.350579200503557e-11,2.0605660924782045e-14,3.712216387634948e-15,2.439408235286237e-15,-7.950110404196228e-11,1.0041764752162392e-11,-1.1055120039352109e-14,0.9999999999965268,-8.964368047698106e-11,-6.2517449341813186e-15,-1.990822447463083e-14,4.001083680301085e-14,-5.812799704988829e-11,-1.257996488453938e-15,9.5661112061882e-11,4.491933824230881e-15,-1.260870294996194e-11,7.809466905206933e-16,1.0000000000167144,1.0185202257716164e-14,4.205504440464899e-15,-1.2715079812395968e-12,2.2654457565008256e-14,4.6084411119655854e-11,0.9999999999693202,0.9999999999992537,1.354655647030295e-12,0.9999999999450128,-5.440511126350373e-15,1.0000000000121243,-9.45683926175389e-15,0.9999999999866166,-9.463498350582992e-12,0.9999999999903736,4.688330030364853e-11,4.598610974570868e-17,8.280812477845272e-15,-2.2966734827162025e-11,-4.766645688096235e-13,1.7172164431100517e-11,-1.1898225245549204e-15,0.9999999999737537,-7.217766990053837e-12,-4.359296693083749e-11,-1.6015757102583727e-15,-7.23388915289839e-17,-3.099377080337293e-15,0.9999999999848522,-4.2485767839892805e-15,1.0937751889893293e-11,1.1315664528197947e-11,3.1300151288547504e-14,-1.1696143352694766e-11,4.845370380271777e-15,2.0533452293051423e-12,0.999999999963015,3.599258055917349e-14,-5.203978014845654e-12,0.9999999999710032,8.844279951052742e-11,4.422209848706786e-11,7.456773982822638e-11,-3.315094412500811e-15,-8.200710020133976e-11,1.0000000000197367,9.332582565560467e-11,-3.587571570762372e-14,3.904709931090628e-14,1.0000000000065101,-4.905829613207168e-11,-1.0371862660265757e-11,5.102971296169065e-15,5.8743446533838274e-15,-2.6006360408957747e-15,4.4383029380513186e-11,2.9146820460145077e-14,-1.5009532950596893e-12,2.2194480911021257e-14,-1.3881880503986679e-11,-1.210307171051094e-10,-6.383854835855716e-17,-1.8918154952013975e-11,4.7294746022947585e-11,5.093688876887667e-14,-8.40569976768402e-11,5.943974730308352e-11,2.3422568825662992e-11,-2.609377172364174e-14,1.0000000000149165,6.479702030828169e-12,3.558188464903547e-15,2.242753162707046e-15,1.6785501532687398e-11,-9.701901962467549e-16,1.0000000000006621,-4.80520545961995e-15,2.1489723207592458e-11,1.0387776073866177e-11,1.1578051047903213e-14,-2.1532695581544845e-11,0.9999999999931162,-6.9598580294171965e-15,-7.526329665548016e-11,-4.174042863536339e-14,1.654138533336322e-11,-1.9121487002240464e-11,3.894100089964954e-11,-8.090286530485074e-16,-4.560320131561665e-15,1.8807152105208128e-11,1.857777459135672e-12,-4.851360341857538e-14
1.2752989678677345e-11,1.3702351381892665e-11,1.3952709797132403e-18,7.815657629000021e-19,2.3689440525071177e-15,9.633264257435819e-19,1.3702436431385345e-11,1.370231137321912e-11,7.794452698970767e-13,8.038954204713389e-19,1.9172790731898585e-15,1.779981170114998e-18,2.3303420682070524e-15,1.9810663119509697e-15,8.735607981207315e-19,2.445251625589903e-15,1.7189687187675776e-15,1.2589124932658359e-18,2.2241926307329787e-15,1.3118853542108379e-18,2.118560036107318e-15,5.353479018468451e-19,8.64831001732595e-19,1.7649000944065389e-15,1.370219838900388e-11,1.2315699566877756e-18,2.0215727516454882e-15,2.7010225879277687e-15,1.2347470947882112e-18,1.771312966583249e-18,8.445251895874532e-19,1.1815516944077263e-18,9.959437887576317e-19,5.074304546046685e-19,4.855743014005308e-19,1.3702636617774927e-11,9.773191696793964e-19,1.6977119744632066e-15,6.524595829292557e-19,1.3137002729016147e-18,2.312366415803486e-15,1.370130626958204e-11,1.3702351928061185e-11,8.2416280348518335e-19,6.8639965188224296e-15,9.25622747367778e-19,1.3702416293931219e-11,4.108420283580862e-19,6.864195707048627e-15,1.5683215574452114e-15,1.3702846865092993e-11,2.6644971217981508e-15,1.1817371965632128e-18,7.68949301183804e-19,2.0047609371267296e-15,1.4272622741105978e-15,1.9753862066400093e-15,1.1612477894165703e-18,6.864545919269516e-15,8.69905599301702e-19,8.179611992976948e-19,3.4226735260129983e-19,2.1707702966432784e-15,1.6290110853951466e-15,1.3701905159806166e-11,1.2104844865303931e-18,2.473590815524184e-15,1.74573170176376e-15,1.9531749155628282e-15,1.8021667574270135e-15,4.465245376832168e-19,1.141949771583578e-15,6.863190028267543e-15,2.105568142478044e-15,2.0867715998627222e-19,1.370245973514641e-11,1.1317933150483419e-18,5.818189555099637e-19,2.4555691524727168e-15,9.433432859497356e-19,1.385512591818046e-15,1.3703224944594015e-11,1.1874446571058634e-18,6.491640732024415e-19,1.106640580777043e-18,6.865229775875109e-15,1.2765801632781986e-18,1.5257548449133779e-15,1.7773518449589434e-15,1.9747258864337914e-15,1.3243044941170438e-15,9.078100226343677e-19,1.4785866863960113e-15,8.667835747618983e-19,1.2022716247994663e-18,1.120286598036098e-18,1.4665287153250225e-15,3.5951691224098207e-19,1.4102696509768486e-15,7.784338846558959e-19,3.0584867207428576e-15,1.9739912338456615e-15,6.756810892302052e-19,1.1085511116125124e-18,7.660979489826065e-19,1.3703483012859047e-11,1.776724082821533e-15,1.3578620667603005e-15,6.422566462059199e-19,2.6824398981388526e-15,1.412054360062992e-15,1.3702227045259476e-11,1.6277186035287709e-15,1.009262869047844e-18,1.0719838677921669e-18,1.4796330788655983e-15,1.2151476362994695e-18,6.863325468015657e-15,7.231441288034739e-19,1.0957186242050073e-15,6.929414617690094e-19,8.107241173013129e-19,4.971108001704569e-19,2.694146322245027e-15,8.351663813855421e-19,4.614524344699942e-19,3.0098408473518538e-15,1.075002548762559e-18,7.852901803648163e-19
-5.389455948728513e-12,-4.503206107818044e-12,1.3345976145014132e-15,1.4681659358548833e-15,1.1027614529777463e-15,1.4697099321045444e-15,-2.2564114805696255e-15,-4.503191509816356e-12,8.038954204713389e-19,7.755924437323992e-13,8.327092126365355e-19,9.716323393275031e-16,8.089077008997386e-19,8.276814692924407e-16,1.3640456734416176e-15,1.6384962366543971e-15,1.2367036894528673e-15,1.3708626469651587e-15,1.0392989626467795e-15,1.0773131779528787e-15,4.382867828398358e-19,1.3009649723257702e-15,9.184907225989509e-16,5.091646570532777e-19,-4.502745259304425e-12,6.229352824786334e-19,3.6705334649391116e-19,3.0394457663775125e-19,1.3523654366328539e-15,1.270118939019662e-18,6.584776164412702e-16,4.569289452844929e-19,3.347566744388932e-19,8.380419972728953e-20,8.515873786404388e-16,-4.5025856360256685e-12,5.481376385352832e-19,7.795124616327744e-19,7.274847159024245e-16,3.8075711215802175e-20,1.8515843850118854e-15,-2.25554963082892e-15,-2.2565181502424826e-15,1.3480701998007414e-15,-2.2559843431935807e-15,1.0313326800507021e-15,-4.502766500081098e-12,1.2752754726873676e-15,-2.25616233858069e-15,9.138116474209343e-16,-2.2554848802084806e-15,5.332380599920831e-19,4.62267568775852e-19,1.1333504540397154e-15,5.728816380032879e-19,5.297989791808812e-19,7.103338042084e-16,8.399038905817422e-19,-2.2564531512489483e-15,8.407149112064934e-16,1.1820999242816146e-15,5.214446249474949e-19,2.4305290260883897e-19,8.542629539243194e-16,-2.256130171548179e-15,3.7574236248350847e-19,1.0531513283275689e-15,7.696835611434202e-19,1.268389436792606e-15,1.1812191277116637e-15,5.714028202180103e-19,1.0799277362266485e-15,-2.2563475548037512e-15,7.009919453173833e-19,8.503606975033886e-16,-4.503425810822911e-12,5.935804935308814e-19,1.1768827412115908e-15,9.743160488399205e-19,2.645257541249127e-19,6.225188041139361e-19,-4.502147131669789e-12,1.1028654656171246e-15,4.1295536090391253e-19,7.2247225156802e-19,-4.503067774000928e-12,5.732077405981962e-19,5.667884121718436e-19,1.001837272815912e-15,9.03349125278254e-16,4.427143109564241e-19,5.635169848857126e-19,1.7406053565599872e-15,5.641345913862385e-19,4.62119605070814e-19,4.415915227707296e-19,6.671956649222619e-19,1.1943049507068862e-15,6.78598684141451e-19,4.594178006576957e-19,3.5214451421418067e-19,6.449656178502368e-19,5.982064284071574e-19,5.763061847949404e-19,7.842787427520037e-19,-4.5021609504191e-12,4.869362468950061e-19,6.056886000581361e-19,7.773450732682511e-19,6.916185115259774e-16,1.1187676977241283e-15,-2.2560822908191486e-15,3.2586123964564444e-19,1.1574731782412487e-15,4.602703918257908e-19,8.797181409684482e-16,1.033839398236854e-15,-2.2559842029746376e-15,-1.6040091831192022e-19,1.579485271561394e-15,1.2415875551655107e-15,8.41348333469853e-20,7.713040563809454e-19,5.093451138195219e-16,3.6646097676211323e-19,5.00034650639001e-19,6.346651630453946e-19,5.429314236298556e-19,2.232982023327215e-19
-8.042058779934727e-11,-7.95004741046001e-11,1.1735692381361115e-18,8.739500250329914e-19,9.62850022088094e-19,8.36239606788811e-19,-7.950019426550603e-11,-3.982751087296417e-14,1.9172790731898585e-15,8.327092126365355e-19,7.758378222472586e-13,1.4496062730096724e-15,1.2446803619010996e-18,1.1543419993548356e-15,8.861427653810726e-19,1.3331993637370759e-18,9.324863111835794e-19,1.7392893214880004e-15,6.461741360313024e-19,1.4213950839538337e-15,1.3514155553836536e-15,8.076952087201548e-19,6.169590698086702e-19,6.7443865619216e-19,-7.949991523051865e-11,1.772277244203473e-15,1.958666536270725e-19,1.0180580151338194e-15,8.1503283372945525e-19,2.7361755757040223e-15,6.356425363494606e-19,8.668780825551931e-19,9.72024338648577e-16,1.6274508286382881e-15,1.105370138681688e-15,-7.949968915659951e-11,1.5303766482430145e-15,1.2268158195090617e-15,5.465980115224026e-19,7.132484154686966e-19,1.0829931380616103e-18,-3.9827686199238995e-14,-3.9827992762720246e-14,9.798676152610756e-19,-7.950004260855075e-11,1.345822811742714e-15,-7.949987658277175e-11,8.812027390530228e-19,-7.950069116817346e-11,5.98388303434831e-19,-7.949978026468448e-11,1.6385545598408758e-15,1.0658621497884306e-15,1.5397818358169594e-18,1.95952064347876e-15,1.3379533876190442e-15,6.004468422408847e-19,1.847284609877644e-15,-3.982753524513773e-14,5.382586101160498e-19,5.654200271268494e-19,1.0959377473401555e-15,1.1966898145863957e-15,1.0577232782136664e-15,-7.950003870459142e-11,6.878649336035115e-19,7.652978274492933e-19,1.8811481959946603e-15,8.117854810654572e-19,1.576963601106282e-15,7.152953009619838e-19,1.3858516543325011e-15,-3.982821487930511e-14,8.738047402085183e-19,5.544065307567898e-19,-3.9827832264389476e-14,1.5493676994648056e-15,1.5267372952067024e-15,1.158698674475797e-18,7.1825759954242e-19,1.8276405061312105e-15,-7.94991772752543e-11,1.4483407087976753e-15,1.443822137154465e-15,1.5595576505310867e-15,-7.950029501389842e-11,6.768780183154417e-19,1.3157212862817974e-18,1.356170676582189e-15,6.225870725300794e-19,1.0109325135601941e-15,1.0422212519518936e-18,1.2298219460788065e-18,1.3947472905898508e-15,8.356786579316117e-19,6.989619019479754e-19,1.7772236141650995e-15,1.5180665290786638e-15,1.4414757494279755e-15,8.361847917204967e-19,1.4685417550114096e-15,1.3484877677530427e-15,7.878885973321014e-19,1.2139128792938546e-15,1.5655887404236442e-15,-7.94991695350024e-11,6.96754813663341e-19,1.2522528088084665e-15,5.106866410016814e-19,9.40860249395962e-16,8.187106966803643e-19,-3.982755440760828e-14,6.038119667970901e-19,1.5511450115081674e-15,3.996229515248776e-19,5.277475077532215e-19,6.940860927878232e-19,-3.982791693774288e-14,7.354932002128085e-19,2.03151392894789e-15,1.5782588370590784e-15,1.150651813146862e-15,1.0330008563638425e-18,5.394171155799103e-19,4.729312444393117e-19,1.4461914246400492e-15,1.0154751107910229e-18,1.3907511540371954e-15,1.4410648800395135e-15
-4.749671403358016e-11,-4.655859948238439e-11,8.074325007405939e-19,7.744230314861894e-16,1.944847809767804e-15,1.3845508598587016e-15,-4.655849160496203e-11,-4.6558667834871e-11,1.779981170114998e-18,9.716323393275031e-16,1.4496062730096724e-15,7.758981084719026e-13,1.841783067329429e-15,1.6408400600454112e-15,4.206406013370831e-19,1.2841555908673127e-18,6.109209267418047e-19,6.933709656461099e-19,1.1619441637098227e-18,2.1683367282157105e-15,6.016471220647961e-19,9.075281063482948e-16,2.4207384945505396e-15,1.2751193640043197e-15,-4.6558908499864955e-11,1.3497494442553421e-15,1.5908320948420054e-15,2.1834432098298467e-15,4.997428264801375e-19,2.091180232177494e-15,6.182670618345263e-19,1.8817894627720638e-15,8.72974226878781e-19,7.375443735913066e-19,7.123127772493027e-16,-4.655853366381984e-11,5.636759751988112e-19,6.444054478323975e-19,1.1357038710846027e-15,1.590337814613879e-15,7.847269544896386e-19,-2.3325201244676465e-14,-2.3324470600325328e-14,4.462271630686969e-19,-2.3325324476473428e-14,1.0523668917392312e-18,-4.655858274332984e-11,1.273428864101463e-19,-2.3324487656097254e-14,1.2079802507566187e-15,-2.3324642380881144e-14,1.036644532897533e-18,1.5291443505528941e-15,7.82908396672112e-16,1.0907682977699435e-18,9.685651227611413e-16,1.5703262848455674e-15,6.818692285785385e-19,-4.655890393682984e-11,6.843958745830171e-19,1.1878780229254976e-15,6.397349488851764e-19,7.721724006368966e-19,4.901591917979504e-19,-4.6559155080411897e-11,1.2830273173993324e-15,1.0113649502668268e-18,1.19548337162479e-15,1.2470787671400053e-15,2.601927225939153e-19,2.748399876136956e-19,6.839032384018359e-16,-2.3325535295935838e-14,1.5496778102835314e-15,7.444382771057847e-19,-4.655836729288436e-11,6.243473791926455e-19,4.528527449441263e-19,1.1643973306115128e-18,1.2905887909611078e-15,9.55695783690504e-16,-4.655828899974413e-11,1.8364103578180326e-15,5.782989102139602e-19,7.093103537103811e-19,-4.6557743876266274e-11,8.346913292452593e-19,6.7612042943571585e-19,6.5078019075054795e-19,1.4196187011646764e-15,6.067733201341927e-19,5.794885267597561e-19,6.607828204999103e-16,1.2077590249707568e-15,2.0775805485147848e-15,1.6259380977081641e-15,2.815783429222943e-19,4.718075682026252e-19,9.744700686238152e-16,1.3239933523952436e-15,2.36287412010785e-15,1.6336828115052626e-15,9.724672524028324e-19,1.0638016053494013e-18,9.456526596311793e-19,-4.6558027948085903e-11,1.3855860338199738e-15,9.309415001568352e-16,5.368703738682908e-19,2.168296992483003e-15,6.010920042877899e-19,-2.3325012980243438e-14,6.32708891829414e-19,1.6507770659552136e-15,8.245932810527498e-19,1.0028675007772847e-15,7.154949554492416e-19,-4.655933336938362e-11,4.877000407444332e-19,4.340219253166045e-19,1.824368624363927e-19,1.1900241071565682e-15,5.049502919831463e-19,1.1807310972558953e-18,8.48274527174096e-16,4.992865564486616e-19,2.5039887780136255e-15,6.325667111384566e-19,1.3432726980722424e-15
1.5190570240860988e-11,1.6147920879162935e-11,6.108246670723105e-19,2.1602752852134667e-15,8.091699937504273e-19,1.1701833217529853e-18,1.6148276422788788e-11,8.089843494995837e-15,2.3303420682070524e-15,8.089077008997386e-19,1.2446803619010996e-18,1.841783067329429e-15,7.789724349397776e-13,1.40671039414814e-15,1.1308254460031717e-18,1.1225379121731161e-18,9.681650737547552e-19,2.0436511456486864e-15,3.45458081842848e-19,1.849971799042075e-19,9.140535976209001e-19,2.0694786098760464e-15,8.78086574060933e-19,1.022061013043968e-18,8.090217208001944e-15,2.1156710704982814e-15,1.1197759293847971e-15,8.76669034522462e-19,1.1212752074912655e-18,1.3191446377599911e-18,1.0490567191217735e-15,9.012176027293307e-19,1.1865749503264373e-15,1.0973151883745928e-18,6.093469338330432e-19,1.6148895138041205e-11,9.281076571848376e-19,7.151381612166517e-19,4.553458701476574e-19,1.289873211443524e-15,2.970657795555069e-15,1.614857103612412e-11,8.089399700536594e-15,9.246175687285536e-19,8.09003276695028e-15,7.944738567173989e-19,8.0898716322796e-15,1.9746793345063526e-15,1.6147607091409182e-11,1.4939941504773408e-15,1.614870415340713e-11,2.057292234917249e-15,1.2752120547007175e-15,8.0792321475302055e-19,2.3791496796717223e-15,1.5900938689235788e-15,6.481471373120564e-19,9.799692258661399e-19,1.614769218623646e-11,1.2641705385391175e-15,1.832344018806918e-15,1.3405961134006025e-15,8.28362188406783e-19,1.2164883875745955e-15,8.089968635762957e-15,1.882166321320169e-15,1.5718647377093497e-15,2.2666488457641274e-15,7.586411391304511e-19,1.860032072201763e-15,3.4963249997201747e-19,1.6444482089086104e-15,1.614726135850069e-11,1.9548642236868365e-15,6.567962045050991e-19,1.614761232527599e-11,8.35776185843516e-19,1.8594970829294816e-15,1.5501413140472907e-18,1.5115259222794801e-15,1.1438400930740984e-18,1.614946674543535e-11,1.7197388936665145e-15,9.022971598179448e-19,5.156099080294098e-19,1.6148104797932512e-11,1.7819442014717454e-15,9.855534387397705e-19,1.5993641405891888e-15,1.1460990452113252e-18,1.2138048025984907e-15,2.230819050454105e-15,2.544706793203322e-15,7.92261735080698e-19,1.4007099010702244e-15,1.2421403685868885e-15,2.15259945092947e-15,9.479787730098127e-19,7.111557346227872e-19,1.9621724737226745e-15,1.727653877226467e-15,1.6456337533751493e-15,8.546770716971602e-19,1.0623791649977568e-18,8.923459598146033e-19,1.614949559896923e-11,1.5464523364765901e-18,7.77802246071039e-19,6.718322499841472e-19,5.869988040065918e-19,1.0629976691445103e-18,1.6148383816221055e-11,1.484382520548531e-15,8.925694782674416e-19,1.2215288524658123e-18,1.321376363307549e-15,1.5761620175988336e-15,1.61482361543422e-11,8.742521055881868e-19,2.4276685267857615e-15,9.557433003276116e-19,1.3949564727540151e-15,2.4248960928422855e-15,5.128177712394261e-19,7.8100447862728e-19,1.6975905456306209e-15,1.2237163820520785e-18,7.382840299184194e-19,8.5867463641256595e-19
2.250527202016107e-11,2.339337579868109e-11,9.75523431695991e-16,5.888819522286212e-19,1.416356021309318e-15,5.421363595666669e-19,2.339344755215545e-11,1.171946257510943e-14,1.9810663119509697e-15,8.276814692924407e-16,1.1543419993548356e-15,1.6408400600454112e-15,1.40671039414814e-15,7.756631890478096e-13,4.779003333965904e-19,5.018908240766113e-19,4.448688426387008e-19,6.250736681460194e-19,1.2750747413572494e-15,1.6303860529603654e-15,1.1711445888151342e-15,8.184282719297697e-16,1.631851101796363e-15,1.0429817065285248e-15,1.1719573912724532e-14,3.199287464144555e-19,1.1831561594319379e-15,1.5642070540526386e-15,1.0755600190354585e-15,8.468243946920223e-19,5.804741585433961e-19,1.418069266183928e-15,5.610455181843466e-19,5.857353863983975e-19,4.476947047166497e-19,1.171960633619818e-14,9.444715765143947e-16,9.956485324155694e-16,8.797755250533898e-16,1.1168578422488564e-15,8.034834953732381e-19,2.339276086900006e-11,2.339336664479857e-11,6.839708205485289e-19,1.1719008930696542e-14,5.692909185403296e-19,2.3393418763062552e-11,-3.606211174282493e-20,1.1719451346842399e-14,2.6276073348827507e-19,2.3393586327626513e-11,1.636689444097685e-15,6.951503883530596e-19,4.1430643611744627e-19,-1.7847914272358073e-19,1.370064626127458e-19,1.1649005492270287e-15,1.1902474538766394e-15,2.339312386637689e-11,6.688365738019848e-19,8.095906915069096e-19,3.3389028263006866e-19,1.2354625809711936e-15,8.90336062993546e-16,1.1719410324871656e-14,5.527636745631385e-19,1.3931509182068783e-15,1.0275670744133064e-15,3.617651545819987e-19,1.0854250939953009e-15,6.174424796943638e-16,6.646706998058076e-16,2.3392427680083793e-11,6.4800097667817e-19,4.616421025631023e-19,1.1719409418531277e-14,5.767876408605893e-19,7.171138462715915e-16,1.4339264423111136e-15,1.0837780266732322e-15,3.733045536590858e-19,2.3393804668356304e-11,1.4135465091305638e-15,4.37654515273945e-19,5.591859063146542e-19,1.1719097148646529e-14,1.4131372264978158e-15,1.8750627934671536e-19,1.0661281248786138e-15,8.314444881202331e-19,7.823896276260619e-16,4.046812208915645e-19,1.2131890344363667e-19,6.583256342254777e-20,1.4448375708361877e-15,7.349826866481928e-19,8.588834697317728e-16,5.436413549854877e-16,1.7309707700479202e-19,5.501422456066795e-19,1.761299000977096e-15,1.1951576268985666e-15,9.554410890509919e-16,6.214138301142104e-19,9.385907521308686e-19,1.1719552095474687e-14,1.0694929204133637e-15,7.908089648187002e-16,6.222785545310789e-16,1.5485285785413049e-15,8.325805081837747e-16,1.1719447947563601e-14,9.999321026584432e-16,7.134608479607284e-19,6.057727125161203e-19,2.1068047726050058e-19,8.419741706009833e-19,1.1719031396302265e-14,8.645197574250518e-16,6.499776907096964e-16,7.762255116524947e-19,8.905437997164934e-16,9.211200075829095e-16,1.2000967585697488e-18,4.42031884870369e-19,9.199277821536425e-16,1.4042472801696984e-18,1.0980758514898688e-15,4.657516543258385e-19
-5.1874520564151365e-11,-2.5543807792562266e-14,1.6794165038097884e-15,8.046042488710869e-19,5.817369169315656e-19,1.8453040496502852e-15,-2.5543020622354835e-14,-2.554303091823469e-14,8.735607981207315e-19,1.3640456734416176e-15,8.861427653810726e-19,4.206406013370831e-19,1.1308254460031717e-18,4.779003333965904e-19,7.759695473176637e-13,2.0017191872636654e-15,1.5360296687728453e-15,1.6886062544840738e-15,1.1949487374206016e-15,6.88738212294347e-19,8.669637495377968e-19,1.673990440297603e-15,9.194476866106063e-16,6.041343891986116e-19,-2.5542617777151757e-14,1.6796490023681022e-15,7.709321345499362e-16,3.336666226607394e-19,1.2504998088525493e-18,2.618218784322599e-15,4.398601772132538e-19,1.0649320394271461e-18,7.611809468205829e-16,6.997069353612259e-19,1.0820914179125661e-15,-2.5542977085297742e-14,8.37103645450671e-19,5.525244281351317e-19,3.3822078022077887e-19,-3.433363029167534e-19,2.342354172098841e-15,-2.554293466088727e-14,-2.5542474537571186e-14,1.7376916484107882e-15,-5.098630134305137e-11,5.826991292733871e-19,-2.5543195204915534e-14,1.0210358634127074e-18,-2.5543526287673676e-14,1.0899303676269164e-15,-5.098613211166804e-11,1.2177671345464616e-15,8.709198645898322e-16,6.433243666177519e-19,9.057838481658014e-19,1.2966449737256634e-15,4.418362606403241e-19,8.340705509891189e-19,-5.098714606311095e-11,9.788940525306785e-16,2.202985581123803e-19,3.958020921263273e-19,1.0691353097729553e-15,3.8624197975479975e-19,-5.0986366119503377e-11,1.5095773259353428e-15,1.1948631353982334e-15,4.367046780517431e-19,1.5728319445924587e-15,5.591556129973232e-19,6.270160284351882e-19,1.4075437394178539e-15,-5.098734037070391e-11,7.362494575128622e-19,1.0141798987216831e-15,-5.0987281580058e-11,1.5041150611271542e-15,6.336353598708697e-19,1.1462982761422529e-18,8.042707768662702e-19,1.787901870140351e-15,-2.554265939006468e-14,3.563991292025463e-19,9.18576117645002e-19,2.4774811817398157e-19,-5.0986903136679394e-11,5.77786554046428e-19,8.216986190308288e-16,1.1973454822893127e-15,5.118716067004085e-19,4.699827230666039e-19,9.432057236860113e-19,2.3287319266135423e-15,8.65425591052789e-19,8.055644461762368e-16,4.613819184901531e-19,1.7535411575891863e-15,1.5873441073444097e-15,9.580296852145398e-19,9.136519429211693e-19,7.701289222862393e-19,5.748244174436489e-19,1.3106792386001566e-15,5.680129652437449e-19,1.609693503198393e-15,-5.098564552177971e-11,1.1647980742989382e-15,5.95598424564881e-19,1.2089832224885572e-15,6.558768046636665e-16,1.4191698949146774e-15,-5.098629771409298e-11,1.0363083317526442e-15,8.487534230944894e-19,1.0275637258374825e-15,1.0728208888487762e-15,2.7077754225809878e-20,-5.098650939096113e-11,1.3782836367093369e-15,1.0082358667379521e-18,7.747882356234263e-19,9.594676390547794e-16,9.244013401101624e-19,2.1264356924025382e-19,1.0595558587673143e-15,1.4333468419834479e-15,1.347672695209031e-15,1.3893079048522758e-15,1.3133551718649668e-15
1.4554145517113617e-11,7.759838667311821e-15,1.0571513161021766e-18,2.050006920603647e-15,1.0645146111266193e-18,1.0274475995864183e-18,1.549038039947896e-11,7.760085046539687e-15,2.445251625589903e-15,1.6384962366543971e-15,1.3331993637370759e-18,1.2841555908673127e-18,1.1225379121731161e-18,5.018908240766113e-19,2.0017191872636654e-15,7.761157223014538e-13,1.8831205908437084e-15,2.0801198781357454e-15,1.0703061279850996e-18,1.8495056100112937e-15,1.6517859184163208e-15,1.953281332576683e-15,9.404204273660414e-19,1.9000359157537494e-15,1.549061266207619e-11,1.0215747959810395e-18,1.2598396826956754e-15,1.4259445664957978e-15,2.1152427006690352e-15,3.2191758929933677e-15,5.684070984662915e-19,1.9946286873811254e-15,3.948379378882667e-19,9.228275694898925e-19,1.1163740447191809e-18,1.549090592709218e-11,1.8002828201204465e-15,1.4908430057986458e-15,1.2104899174686e-15,6.387168285035725e-19,2.8467133730472958e-15,7.760693386788003e-15,1.5489977104622424e-11,1.906733655228188e-15,7.76040417149511e-15,1.6415836431984392e-15,1.5490693063805742e-11,6.719924237859581e-19,1.54897639325045e-11,1.492835730686073e-15,1.5490817272452633e-11,2.09731191384589e-15,6.904259414475605e-19,1.632376793342546e-15,2.305039469057987e-15,1.565792378717691e-15,1.087600788763215e-18,2.1857408452579356e-15,1.5489821984448782e-11,5.670635943874854e-19,1.7937537781667343e-15,1.2478917715944708e-15,1.5217897190345075e-15,6.395127261632356e-19,7.760200045431667e-15,1.8686674317234565e-15,1.370553448553029e-18,2.173294715514784e-15,9.38591340526971e-19,8.26585305999042e-19,1.7174744962479445e-15,1.5693071505505835e-15,1.5489273236679192e-11,1.963023005568047e-15,1.3285177491603932e-15,1.5489867636696922e-11,1.8402254366093685e-15,5.598609136446694e-19,1.1758039820736347e-18,6.580435845655692e-19,2.0702969243974143e-15,7.760643486617892e-15,8.008196702090215e-19,8.504107515500252e-19,5.998238137987786e-19,1.549040549340074e-11,1.2369930411329288e-18,1.222806831273318e-15,1.6502201925150789e-15,1.4586356250090322e-15,4.2236408184944917e-19,2.0852147354278578e-15,1.4363456230168257e-18,8.094370722608193e-19,1.533869480542819e-15,6.263269515851414e-19,1.2800951314275097e-18,7.120883449972973e-19,1.672676446746191e-15,1.9424434593541874e-15,8.180054026308076e-19,1.3842307213250593e-18,1.0406879738065624e-18,7.700836782718733e-19,9.17325097116911e-19,1.5491539530200616e-11,1.6052910618461723e-15,1.4669090368813796e-15,1.2231399321966774e-18,1.3407057079166316e-15,9.134427245683753e-19,1.5490502440766028e-11,7.925300445567147e-19,1.8923664969134396e-15,5.806279074937987e-19,5.178563872774134e-19,8.851367997444591e-19,7.760107882690878e-15,1.6897857044878267e-15,2.2255533570728668e-15,9.213018800013746e-19,7.583421345589551e-19,2.2172537482333216e-15,2.624147086091314e-19,6.896105762967704e-19,1.6962949797610744e-15,2.2132370506267143e-15,1.677302840132077e-15,1.724764819971793e-15
-8.577451898110755e-11,-8.488030605254726e-11,1.498692583305641e-15,1.6429655542986289e-15,1.199740294658862e-18,8.394120573909091e-19,-4.252281129068309e-14,-8.488027540953795e-11,1.7189687187675776e-15,1.2367036894528673e-15,9.324863111835794e-19,6.109209267418047e-19,9.681650737547552e-19,4.448688426387008e-19,1.5360296687728453e-15,1.8831205908437084e-15,7.756748919678977e-13,1.5801248417148056e-15,1.3800459913674182e-19,1.2893107694176448e-15,6.442221134571703e-19,7.231110001338579e-19,9.18822934843701e-19,5.24255899822827e-19,-4.25231094295304e-14,1.5375764904782277e-15,8.598409846350058e-16,9.315402262178678e-16,1.5466958245959579e-15,1.0302483779412182e-18,3.3454967536303374e-19,5.70872637268204e-19,8.467958238780103e-16,6.995805128398096e-19,9.639754956066697e-16,-8.487962156113109e-11,1.2705068456685267e-15,8.581710045260974e-19,8.612572139188578e-16,5.508935270964816e-19,2.1091114500537603e-15,-8.487976886195873e-11,-4.252304285048153e-14,1.5090994304522539e-15,-4.252260956878982e-14,1.1979459462927965e-15,-8.487982748667447e-11,7.714808993979709e-19,-8.48804806064508e-11,8.245511235267387e-19,-4.252288987539634e-14,6.396111129973705e-19,9.350648726081033e-16,8.793481425757501e-19,9.824644386798544e-19,1.1752829005907982e-15,8.609398802103598e-16,1.5104863132497402e-15,-8.488050702069192e-11,1.4693323709398294e-18,6.994007939341029e-19,9.100130916345226e-16,1.0971010629902031e-15,5.01125746161586e-19,-8.487991927679018e-11,1.3974410649053758e-15,1.2374122727326032e-15,1.6220467766548665e-15,9.728843082131797e-19,6.723359424987332e-19,5.701830153781422e-19,2.9744087367161633e-19,-4.2523362503585274e-14,6.401141686739983e-19,1.1125054736527085e-18,-8.488052002334756e-11,8.029216964914869e-19,4.0337219829903135e-19,9.031925693896069e-19,1.1969409324667626e-15,1.5534071006718613e-15,-4.2522528224193806e-14,1.1820592100495432e-18,1.2103640334818716e-15,1.349352788213799e-15,-8.488010250526048e-11,1.3952317731697e-15,8.453985486612781e-16,1.1526280776408323e-15,1.0619118724159459e-15,8.864527703193121e-16,1.5602432734527987e-15,1.9371531036528663e-15,5.226192987070142e-19,1.134266909332068e-18,3.9884728556324956e-19,4.322041032842267e-19,7.946645442666094e-19,1.2447623526256806e-15,1.4452236298368606e-15,6.434449601887226e-19,1.128250308108292e-15,1.2216555903418908e-15,1.11062371150152e-15,6.79138266019844e-19,-4.252240447145614e-14,6.6368858512727625e-19,1.0914738027210606e-15,1.0650097143932192e-15,3.441022532321835e-19,1.2681683328945856e-15,-4.2522390921845995e-14,2.1148065498922236e-19,1.3499538030876677e-15,1.0606554386380671e-15,5.403044848243717e-19,5.650955148190469e-19,-4.2522901403012136e-14,1.2551723973108481e-15,9.453214414646893e-19,7.879604303706476e-19,9.39183093863478e-16,8.78342455150283e-19,1.6614114424401064e-19,9.7328009557579e-16,1.2975209069890947e-15,4.997115882154645e-19,1.2975624952102457e-15,1.2501418529424077e-15
-7.440855196215727e-11,-7.350584792686597e-11,1.454751848894907e-18,9.586067532579902e-19,1.6178048893293378e-15,7.87493476551079e-19,-7.350569863190479e-11,-7.350579200503557e-11,1.2589124932658359e-18,1.3708626469651587e-15,1.7392893214880004e-15,6.933709656461099e-19,2.0436511456486864e-15,6.250736681460194e-19,1.6886062544840738e-15,2.0801198781357454e-15,1.5801248417148056e-15,7.761048500095536e-13,1.5842152986295326e-15,1.8236187087371765e-15,1.6789319865788293e-15,7.984583005241173e-19,7.45406642082721e-19,1.5644297103790237e-15,-7.350547687799465e-11,7.526407292876435e-19,1.2635983419814979e-15,1.4975294529731276e-15,1.6491121961551617e-15,1.4879488891405378e-18,1.1215501092673076e-15,5.862488401248035e-19,1.1630822993019624e-15,1.6381428975316687e-15,5.195232512794721e-19,-3.6824731046160734e-14,4.061771686342829e-19,1.3035357117174437e-15,5.096846828221043e-19,1.1303982708370046e-15,1.6714827900035947e-18,-7.350564577093851e-11,-7.350574854352469e-11,1.6988980262890573e-15,-7.350558445627497e-11,1.5074867955218407e-15,-3.68244312579205e-14,1.3450992585368133e-15,-3.682523027557771e-14,7.06435748171793e-19,-7.350508562471273e-11,5.504102038583574e-19,5.503258744148375e-19,4.1470621622653685e-19,6.756094263772486e-19,1.3403143286658174e-15,1.2433548061032838e-15,8.0210075288367e-19,-3.682413438314852e-14,1.375439014653015e-15,1.5453542878092072e-15,9.245307490343995e-16,5.354636320581905e-19,1.2767688181173671e-15,-7.350564007343846e-11,9.725049086863551e-19,6.81174704378167e-19,1.7492156904538514e-15,1.7294780620415825e-15,9.006696139824885e-19,7.402572181036281e-19,1.3004250351306478e-15,-3.682572652800371e-14,8.402512365562307e-19,6.295605275448705e-19,-3.682515123482669e-14,1.6961879451848388e-15,1.368401593190103e-15,9.204528761666152e-19,6.83646981073088e-19,7.896753455449813e-19,-7.350464721199822e-11,6.72666146361933e-19,1.3053907663630974e-15,1.6303410783451893e-15,-3.682440311891792e-14,1.857887407956945e-15,6.63898730541087e-19,1.4033140275950494e-15,5.883684176074804e-19,1.0658453562777594e-15,1.6223431720260223e-15,9.277519750965141e-19,9.296623528626203e-19,1.3588144791295806e-15,1.3881909168790908e-15,9.321596000498291e-19,6.798520933931985e-19,4.354622386238666e-19,1.6728411844598781e-15,9.10038651860815e-19,1.379919171608835e-15,1.4135452122455154e-15,1.5244861076026621e-15,7.391004184824931e-19,-7.350459512916755e-11,6.138047780537204e-19,1.2468237236852763e-15,1.1309990817195923e-15,1.4457415127448563e-15,9.70664868726329e-19,-3.6824683988448555e-14,1.2212154614195282e-15,1.6515238596932417e-15,8.375580006704736e-19,5.549427704093387e-19,7.321804998427748e-19,-3.6824719307653844e-14,1.386028106966869e-15,1.6868407116590239e-15,1.4821482335504641e-15,1.1410995552375514e-18,8.083153761892656e-19,1.2781440440753842e-15,1.1143641725007775e-15,1.5187535921770128e-15,7.585370619991144e-19,7.361271853241351e-19,6.971818465091029e-19
4.024116312886316e-11,4.1131377103623356e-11,4.2404961696125403e-19,5.495568163048341e-19,6.737014949305462e-19,1.4252377977364063e-15,2.060592525404929e-14,2.0605660924782045e-14,2.2241926307329787e-15,1.0392989626467795e-15,6.461741360313024e-19,1.1619441637098227e-18,3.45458081842848e-19,1.2750747413572494e-15,1.1949487374206016e-15,1.0703061279850996e-18,1.3800459913674182e-19,1.5842152986295326e-15,7.757601217080543e-13,1.8068440362276463e-15,4.970393185881992e-19,3.9612309203042343e-19,1.6452360355861162e-15,7.285673181228756e-19,2.0605973496031925e-14,2.0092610933215823e-19,1.2829693263011274e-15,1.658809573459905e-15,5.429173391734154e-19,2.134471297104035e-15,1.0889345334350387e-15,8.39648333804653e-19,3.696389669804583e-19,1.3546691828598002e-15,7.847058036073652e-16,4.113166507302309e-11,4.723332074296398e-19,4.909878211392272e-19,9.84816328649461e-16,1.1649511173424624e-15,1.6784218375324692e-15,2.0605466800774455e-14,4.113140178578191e-11,1.1746794692211745e-15,4.1131195681784494e-11,4.0338174268376727e-19,4.1131495947661506e-11,8.069480112584449e-19,2.060552233805701e-14,6.23002002109868e-19,2.060579304281253e-14,1.276652354376431e-18,6.578974574045561e-19,8.873983464247949e-19,1.4144234534681412e-15,4.902042778926842e-19,1.2563873658712187e-15,1.322872208997039e-15,4.1131042756616896e-11,8.57202332961694e-19,1.3713171767251324e-19,1.7347534474997654e-19,6.060123445648092e-20,5.464623217730877e-19,2.0605438043922662e-14,7.12721237841986e-19,7.640013463302398e-19,1.274400285955123e-15,7.464363315113465e-19,1.2630289306421649e-15,7.378142887209203e-19,8.741432290830538e-16,4.113029821224159e-11,1.4304929276348264e-15,8.911980836524202e-19,4.1131390676882036e-11,4.816692443584563e-19,-1.3608089083185812e-19,6.544028560511761e-19,7.488561083643219e-19,1.0590082346838206e-15,2.0606228108313945e-14,8.01266044190161e-19,1.0606553767329945e-15,1.4229318028100072e-15,4.113202441377802e-11,6.772719238809834e-19,5.628578453707267e-19,1.1988299932086036e-15,1.298258460678094e-15,9.014566793028634e-16,1.1676026738166512e-15,6.201363068755018e-19,1.2878670728748757e-15,7.895920045472226e-19,6.858553372155217e-19,1.1164166391619648e-15,2.8944826798634056e-19,1.0199562079694685e-15,7.094207123214422e-19,1.939339858388952e-15,8.116415654700369e-19,1.140456926082278e-15,1.4513672894815887e-15,1.236973166749002e-15,2.0605762596675452e-14,6.917841980472185e-19,1.2013345821635444e-19,7.937229510154054e-16,1.640349904515215e-15,-3.0499785822214385e-19,4.113142513287079e-11,5.379813643957547e-19,1.450673555603095e-15,1.361321006061086e-15,7.887002423792627e-19,1.402988691903048e-15,2.060535767755387e-14,1.0571114793845631e-15,9.469434344083487e-16,3.744318491198286e-19,9.468719174497478e-16,1.1287637909671771e-15,1.1177342477194078e-18,4.1376465430955537e-19,1.15439678250319e-15,9.189072283373321e-19,5.408765571221021e-19,8.463536735235286e-19
6.506146997375123e-12,7.410925490154406e-12,1.3258495431206045e-15,1.0707314840676663e-15,1.908529569587318e-15,1.5142736262636496e-15,7.410945362758075e-12,3.712216387634948e-15,1.3118853542108379e-18,1.0773131779528787e-15,1.4213950839538337e-15,2.1683367282157105e-15,1.849971799042075e-19,1.6303860529603654e-15,6.88738212294347e-19,1.8495056100112937e-15,1.2893107694176448e-15,1.8236187087371765e-15,1.8068440362276463e-15,7.764466911799545e-13,8.549162925401402e-19,7.336033120113248e-19,1.2219974232141838e-18,6.504723150183446e-19,3.712571985201349e-15,1.4693918176909366e-15,1.7205517810026647e-15,1.5101477552209056e-18,6.835246562892829e-19,2.312537556692877e-15,1.4271671567396227e-15,1.9308001518294794e-15,6.72583693601392e-19,7.9735017424799705e-19,8.081339126421565e-16,7.411018638723656e-12,1.2038121114760886e-19,1.3470505493332415e-15,5.086730204750664e-19,1.4978415601149465e-15,1.0630858603751358e-18,7.409903136686647e-12,7.41101521287102e-12,9.363720803827306e-19,3.712377631518307e-15,1.5698360030647909e-15,3.712001812692717e-15,-3.223628000979739e-20,7.410440120897423e-12,1.223848149696343e-15,7.411266556579024e-12,2.1477938409774107e-15,1.6063917332744775e-15,9.979169553175325e-16,1.5001976663034276e-15,7.428534813556235e-19,8.976338683054114e-19,7.422434050235052e-19,3.7122543431118736e-15,1.6239456744298862e-15,6.528951948052989e-19,5.352984335339487e-19,1.0375456073878066e-18,6.638820732523915e-19,3.712324798696792e-15,9.10551507503448e-19,2.0532812336295296e-15,7.582701736120481e-19,1.5235991326643082e-15,8.195219400763604e-19,6.1258230782247e-19,4.1478658757897013e-19,7.40942620775497e-12,1.6542872684883364e-15,1.2898913157122707e-15,7.411110966033867e-12,1.5475238450387207e-15,8.519403127436967e-16,1.884768723103593e-15,1.5661868459230981e-15,9.52349928150921e-16,3.712761953563936e-15,2.0182566840127627e-15,7.288492197537473e-19,1.2816242038464346e-18,7.411920454536462e-12,2.0442747838600726e-15,1.2266045588013886e-15,1.079268745492332e-18,1.6388635198890267e-15,3.886739083473266e-19,1.113963141992914e-15,1.0019322560692304e-15,8.31152697128824e-19,2.0037099067888407e-15,1.808853642884972e-15,1.0307244085410354e-15,6.173654032214767e-16,1.0391956407125493e-15,1.4691659727526973e-15,1.1572206831876733e-18,1.5744341650534754e-15,5.204548230106598e-19,8.562052668452128e-19,1.3185737526859503e-15,3.712860822125951e-15,1.4149030898506807e-15,1.035936148943268e-15,1.4484524633209663e-18,1.1058395271228927e-18,5.5600674010338995e-19,7.410793296793797e-12,6.12793894173847e-19,1.7261640495878883e-15,1.0668910959470702e-18,1.1736474750046254e-15,8.869782660778689e-19,3.712260111301096e-15,1.1919807601346926e-20,5.732242976213173e-19,9.583463461823212e-16,1.0947538276730512e-15,5.62080497745148e-19,2.3723232412708514e-15,3.7411914611284866e-20,7.052221470493107e-19,1.137057378361019e-18,6.852454496176755e-19,1.4152103796586645e-15
3.986397911843494e-12,4.868855098552456e-12,5.490066211118498e-19,4.957297966575351e-19,1.4225724453980333e-15,1.4994262983036206e-15,2.439244061212913e-15,2.439408235286237e-15,2.118560036107318e-15,4.382867828398358e-19,1.3514155553836536e-15,6.016471220647961e-19,9.140535976209001e-19,1.1711445888151342e-15,8.669637495377968e-19,1.6517859184163208e-15,6.442221134571703e-19,1.6789319865788293e-15,4.970393185881992e-19,8.549162925401402e-19,7.75913483406765e-13,1.1105032430749307e-15,1.3494335182508424e-15,1.2632011973775355e-15,4.86901122711317e-12,1.4183082011499023e-15,6.571122986040597e-19,1.5324482650579973e-15,7.849761545534215e-19,6.955984029717527e-19,7.046701321185373e-19,1.528881343907268e-15,5.110622480217853e-19,6.168469273505994e-19,3.3461205609964986e-19,4.869222645299439e-12,6.592778580278683e-19,3.272963282398749e-19,6.0836483518435e-19,1.0217831200605445e-15,1.739246335948708e-15,2.4389579171052253e-15,2.4390175737700755e-15,7.761229032989506e-19,2.4391129201982693e-15,7.447869037614042e-19,2.4394009382077656e-15,9.053318074032164e-16,4.868568734270067e-12,1.0357858090800249e-15,4.869462617448233e-12,1.4561982901448603e-15,1.232548282550107e-20,5.236937852148369e-19,8.227095528391913e-19,1.0820973794720293e-15,3.9435364465924143e-19,7.593678124257115e-19,2.4388170845007897e-15,6.687715906423049e-19,1.2762881833597734e-15,3.425028586115381e-19,4.347853449250869e-19,1.738476949610446e-19,2.43917603838793e-15,1.3663505609293293e-15,1.6135348592886578e-15,1.3459772487676233e-15,1.474827581713406e-15,1.2965856545153132e-15,9.436644923449928e-16,9.877423131050724e-16,2.4385422234058383e-15,7.651735470184527e-19,1.1031279796058155e-15,2.4391906067450558e-15,1.4519522023604214e-15,1.0140959380384187e-15,1.8387549666694534e-15,1.3758038771239012e-15,1.1279992483476501e-15,2.439714613920425e-15,1.585545450495052e-15,1.006055160376505e-15,2.6970855543522497e-19,4.869451747978905e-12,1.6973158784209045e-15,9.423898335842613e-16,1.1924617142776797e-15,6.268118765098221e-19,9.029533404345432e-16,1.223023212652833e-15,7.919829365232186e-19,1.3879575212509764e-15,1.2952226832157825e-15,7.195843463769695e-19,1.2041406902229015e-15,9.512687992469106e-16,1.0649815084040186e-15,7.772537782835531e-19,1.8666397219964432e-15,1.1905314751896232e-15,6.511790537651896e-19,1.4365932239962307e-15,7.070647541518719e-19,4.869827389100558e-12,3.234516377747747e-19,6.926601748044192e-20,8.597876310075545e-16,6.842732415364909e-19,6.846916777244198e-19,4.869119928198913e-12,1.0234648261138045e-15,7.878704329076602e-19,1.352223550920156e-15,1.0654742646414215e-15,1.4260761365412796e-15,4.8686454352780794e-12,6.952991864737307e-19,3.240541666057008e-19,1.0279272235680043e-18,3.6102054725199598e-19,6.396862971424559e-19,1.3995689343953174e-15,9.74519798599683e-19,8.76787223486918e-19,1.6490033009816057e-18,7.171006198592052e-19,1.2381014672926655e-15
-8.039824612769522e-11,-7.950115591303052e-11,1.5591595404006265e-15,1.8354518934974767e-15,8.470864697848052e-19,9.209586013738517e-19,-3.98277982666223e-14,-7.950110404196228e-11,5.353479018468451e-19,1.3009649723257702e-15,8.076952087201548e-19,9.075281063482948e-16,2.0694786098760464e-15,8.184282719297697e-16,1.673990440297603e-15,1.953281332576683e-15,7.231110001338579e-19,7.984583005241173e-19,3.9612309203042343e-19,7.336033120113248e-19,1.1105032430749307e-15,7.759156167107042e-13,8.330477750665831e-16,1.4297859236109882e-15,-3.9827712285363214e-14,1.5924055177041635e-15,7.056306165926224e-20,4.893925052797842e-16,1.6635187631926038e-15,1.3180942659226116e-18,3.6876328079950065e-19,4.888928151787425e-19,2.9482897157704346e-19,8.38685992234108e-19,1.0351151322313913e-15,-7.950028520754939e-11,6.058251861465979e-19,4.408408722434357e-19,7.802134542393257e-16,6.943469864883141e-16,1.192577035030878e-18,-7.95000933004935e-11,-7.950116650574133e-11,1.6235440945680314e-15,-3.9828017858729997e-14,5.745565527605526e-19,-3.982794233532884e-14,1.7321968144628897e-15,-3.9828180058408674e-14,6.789840328088067e-19,-7.950039034210982e-11,1.1428469527483756e-15,7.343075722413084e-16,1.3632803362954891e-15,1.7587132334213749e-15,1.2253012373977238e-15,6.625017674926518e-19,1.605498245523937e-15,-3.982845915592448e-14,6.674753220627961e-19,-2.3032467448844606e-19,5.522303411201273e-19,5.248892852464499e-19,8.53316913030948e-16,-3.9827805392811644e-14,5.423794126316899e-19,9.662557511737462e-16,9.269946152365356e-19,1.4176824274756705e-15,1.3896208707850743e-15,1.5481659744837546e-15,5.660186945697987e-19,-3.982806633873354e-14,1.3650776734932113e-15,8.937520945017304e-16,-7.950147027760584e-11,6.430628992409292e-19,9.326195515219423e-19,2.053524732723528e-15,1.0846176115405788e-15,-1.454315039890521e-19,-3.982761560602124e-14,6.1031519788910345e-19,6.446659732527418e-19,1.2767278408020583e-15,-3.9828059022319786e-14,4.444264582191024e-19,2.8228606015179407e-19,5.641578911618618e-19,8.855838916878022e-16,8.550267588011019e-16,1.732023114327774e-15,2.258220587134824e-15,5.918218243944403e-19,6.71946894473758e-16,6.99124822760161e-16,1.7270086624158864e-15,1.5728793753031748e-15,1.336642616644457e-15,8.271200448828996e-19,9.378522992538908e-16,1.024481892018812e-15,5.773293419433411e-19,8.693246980816133e-16,7.578137905104e-19,-7.949988986448766e-11,1.0836221476281188e-15,1.1358228346977707e-15,1.1210555399550652e-19,-3.4490145028724115e-19,7.495023459690816e-19,-7.950049458075315e-11,5.135872735863192e-19,3.9319088571888375e-19,8.477968489858425e-16,5.965720591579375e-19,1.0538573557755728e-15,-7.950057928994593e-11,1.3279909570541908e-15,2.1441955969711256e-15,1.534029740359145e-15,9.436075063370066e-16,8.69219609387273e-19,4.517896314822538e-20,4.868061418708322e-19,8.323080202896879e-19,1.1870252618282667e-15,4.397611648504697e-19,1.2334260941673774e-15
9.103775849570189e-12,1.0041836984739541e-11,3.735985537081231e-19,-4.611594217757682e-19,1.9195233131508137e-15,5.109846024814784e-19,1.0041928720397673e-11,1.0041764752162392e-11,8.64831001732595e-19,9.184907225989509e-16,6.169590698086702e-19,2.4207384945505396e-15,8.78086574060933e-19,1.631851101796363e-15,9.194476866106063e-16,9.404204273660414e-19,9.18822934843701e-19,7.45406642082721e-19,1.6452360355861162e-15,1.2219974232141838e-18,1.3494335182508424e-15,8.330477750665831e-16,7.75916992646691e-13,1.2198410381710395e-15,1.004148382303656e-11,1.2886464229161452e-15,7.47488896445894e-19,1.2200507091630777e-18,1.2798874161562345e-15,1.9981141709839936e-15,6.242888540077323e-19,9.270027510928508e-19,1.536868931670197e-15,1.4022641274980616e-15,4.658046340723071e-19,1.0041853993873696e-11,1.1667445225820375e-15,1.2618960809629114e-15,1.121657437205519e-15,1.586274065907837e-15,1.5525229078185204e-15,5.03015141565633e-15,5.0298846393080644e-15,2.9247442414586556e-19,1.0041097248633696e-11,6.959267040726259e-19,1.0041816450326762e-11,2.1146232352472678e-19,1.0041310989003512e-11,7.44703624402629e-19,1.0041834985253738e-11,1.250546022407518e-18,1.5213700118814345e-15,2.205026984131585e-19,9.785340570614023e-19,9.198068674431456e-16,1.5722877375326787e-15,1.5251760594271146e-15,1.0041533156463172e-11,7.050884665004142e-19,1.1379236334305252e-15,6.303942818724371e-16,1.5633193290196037e-15,1.0289022271062734e-15,5.03053242760226e-15,1.232660976381493e-15,9.65821733962171e-19,7.080671759688667e-19,1.1946287116263161e-15,1.262612362608939e-15,3.3926006492763474e-19,1.687559632803005e-19,1.0040517813305708e-11,1.5078054282734615e-15,1.1077450345677904e-15,5.0303625287219415e-15,6.589335637126883e-19,1.5797223001192736e-19,1.6056216315764067e-15,1.2579591706911563e-15,8.760763268236992e-16,5.030730498487256e-15,1.0469309595418609e-18,9.774380847811599e-19,1.0334203016110086e-18,1.004271521654056e-11,7.172224551229096e-19,4.513610655237277e-19,7.342809100727119e-19,1.4001399018091327e-15,9.654679786340087e-16,4.528718725886914e-19,5.45004027732155e-16,6.075070804393704e-19,2.085710565057943e-15,7.92934948798531e-19,8.628581911646338e-16,1.6100459749784366e-19,9.20568990131286e-16,1.2734006266807043e-15,2.359646146808711e-15,8.484805797696546e-19,1.1301129671719431e-15,1.0447664975767867e-18,9.28584460775595e-16,1.0042345824303316e-11,6.336021406541255e-19,8.888108098086947e-16,6.435472707170331e-16,2.1943278282524722e-15,9.001818761904252e-16,5.030626890505471e-15,1.3173540825329667e-15,8.96678068438398e-19,6.503443169626777e-19,3.669630293449336e-19,1.4853766823340019e-15,5.030197273318762e-15,4.998644412116034e-19,2.3280397442538223e-19,9.700958613981005e-20,5.972808082539821e-19,5.208485810405353e-19,9.380875003742654e-19,5.0987503722471895e-19,7.67175909888322e-19,2.492122176782344e-15,3.9518112806425526e-19,1.3073970658386225e-15
-2.2957452282781085e-11,-2.206681323332645e-11,1.456026830281564e-15,1.5730466255154064e-15,1.3485412617154417e-15,1.655860029360339e-15,-2.2066607323011125e-11,-1.1055120039352109e-14,1.7649000944065389e-15,5.091646570532777e-19,6.7443865619216e-19,1.2751193640043197e-15,1.022061013043968e-18,1.0429817065285248e-15,6.041343891986116e-19,1.9000359157537494e-15,5.24255899822827e-19,1.5644297103790237e-15,7.285673181228756e-19,6.504723150183446e-19,1.2632011973775355e-15,1.4297859236109882e-15,1.2198410381710395e-15,7.7580679233378e-13,-1.1054824447546232e-14,1.5270025902670167e-15,3.345264506373824e-19,1.0131615154690025e-15,1.537007718137847e-15,1.0326159789083017e-18,5.580588068629847e-19,5.546172298688179e-19,8.964764201735896e-16,6.906737997278495e-19,4.644891624524189e-19,-1.1054878112725893e-14,1.278022422444769e-15,1.0905762580613906e-15,3.740501558760849e-19,2.6885933016056366e-19,9.64029402410651e-19,-1.1054426285844386e-14,-1.1054724405256599e-14,1.4501725136871856e-15,-1.1054820027666713e-14,5.83257132339235e-19,-2.206636367774935e-11,1.3447705148975643e-15,-2.2066980332148807e-11,7.01794984147288e-19,-1.1055021846175015e-14,8.647461678947871e-19,5.598880936505443e-19,7.236459782113655e-19,1.6575782121630216e-15,1.1628922942097476e-15,3.613145736888211e-19,1.530249917337073e-15,-2.2066993345633956e-11,3.9501795576809675e-19,7.047892939556164e-19,4.847366766589437e-20,9.677843676304068e-19,4.686471560793989e-19,-2.206648717417094e-11,1.3883317846973469e-15,1.2588942788871218e-15,1.5957648226100714e-15,1.4169200201963983e-15,1.3717667098459836e-15,1.2693193150047399e-15,1.1811952579774813e-15,-2.206735402874183e-11,9.21157973129865e-19,7.571200429786422e-19,-2.2066975921030718e-11,1.3791122449406998e-15,5.879741239162549e-19,1.1212042098527399e-18,6.814321744699415e-19,6.312241869232553e-19,-1.105445253420937e-14,7.153072110649275e-19,4.79866389850666e-19,1.3705170547238308e-15,-1.1055022598037692e-14,1.411082447774892e-15,7.133481812631602e-19,6.405356878072518e-19,3.5448208174437495e-19,4.957447044889826e-19,8.133912005768983e-19,1.8444037680826088e-15,1.2622550920018249e-15,8.865843698044133e-19,1.0032090164202555e-15,1.4918907092917253e-15,1.2636780194201105e-15,1.2273594839956876e-15,6.465950501239891e-19,1.3991581728307865e-15,1.1711597559423016e-15,1.2193151793772625e-15,1.1366371325976543e-15,1.3856662432007282e-15,-2.206571293123929e-11,1.1594763965184976e-15,4.655573161326617e-19,5.439146286389337e-19,9.550709814625378e-16,5.796327066977218e-19,-2.206640221188105e-11,6.411377030416374e-19,7.1361263626257215e-19,6.067416370994257e-19,1.00172433365203e-15,1.2256310218453663e-15,-1.1054919489095882e-14,1.2391110945128852e-15,1.6714328055741964e-15,1.3352288491550034e-15,4.623099230069518e-19,8.062538987423682e-19,8.818845918023861e-20,9.61237270968276e-16,1.2748127964082636e-15,1.5484241717632042e-15,1.2785019803136383e-15,1.2619416877653859e-15
1.000000000000816,1.0000000000036,4.997952934858844e-15,-8.143334791245167e-11,1.005702068762645e-10,9.786488585644857e-11,1.000000000005538,0.9999999999965268,1.370219838900388e-11,-4.502745259304425e-12,-7.949991523051865e-11,-4.6558908499864955e-11,8.090217208001944e-15,1.1719573912724532e-14,-2.5542617777151757e-14,1.549061266207619e-11,-4.25231094295304e-14,-7.350547687799465e-11,2.0605973496031925e-14,3.712571985201349e-15,4.86901122711317e-12,-3.9827712285363214e-14,1.004148382303656e-11,-1.1054824447546232e-14,1.0000000000019578,-8.964321630559413e-11,-6.251336717451225e-15,-3.973925003579169e-11,7.986714084945588e-11,-5.812725511505264e-11,-1.2580466157732993e-15,4.7923680909027865e-14,8.96649047604322e-12,-1.2608375446754594e-11,7.810018163648237e-16,1.0000000000213773,1.0185992837265413e-14,8.394989880114027e-12,-6.371071122539114e-16,2.2654574376930075e-14,4.608521858350189e-11,0.9999999999739844,1.000000000003918,1.3552877013226907e-12,0.9999999999496757,-5.4406761747441e-15,1.0000000000167868,-9.456413301519567e-15,0.999999999991279,-9.463302339232762e-12,0.9999999999950367,2.348714131892479e-14,9.243143364087342e-14,8.28105978208718e-15,-2.2966204675598378e-11,-2.385974190522553e-16,8.602747741862919e-15,-2.3743640711501325e-12,0.9999999999784156,-3.616013246515241e-15,-2.1838889148545812e-14,-1.6008280886643044e-15,-7.237926608610673e-17,-6.186589669035807e-12,0.9999999999895162,-4.248212701577472e-15,1.0937658051583429e-11,5.669073372911603e-15,3.1299973467805556e-14,-1.1695809791767747e-11,9.67405869670632e-12,1.028942900356282e-15,0.9999999999676801,7.184704249840748e-11,-2.607032739211333e-15,0.999999999975667,4.4308005664060316e-14,4.4222732085366717e-11,7.456834995483193e-11,-6.617116870599096e-12,-8.200634486757397e-11,1.0000000000244003,4.67535776087973e-14,-7.161135554523852e-11,3.904756526488477e-14,1.0000000000111726,-2.4577028295025108e-14,-1.0371834993845057e-11,1.0186153966128095e-11,5.8745576241257774e-15,-5.190664335126436e-12,4.4383724724111346e-11,2.914705277288134e-14,-7.519070417004114e-16,2.219452387528412e-14,-6.954341778291759e-15,-6.063331239818176e-14,-6.342544808156371e-17,-1.8917689248277668e-11,4.729513876910602e-11,5.09365817693406e-14,-8.405694193594117e-11,5.944006239293738e-11,2.3422478109821178e-11,-2.6093593493648258e-14,1.0000000000195803,3.2461526542660505e-15,3.5584215889443626e-15,2.243223020418623e-15,1.6784932658917616e-11,-9.70747481170065e-16,1.0000000000053264,-9.591187254291865e-12,1.0765831064506796e-14,1.0387697217777452e-11,1.1578609645595839e-14,-1.0787018054795811e-14,0.9999999999977796,-6.959681666974042e-15,-7.526220299026371e-11,-8.331802771487583e-11,8.286638387808807e-15,-1.9120663947156713e-11,1.9508167363884195e-14,-1.614158082767017e-12,-9.102767827181466e-12,9.422063741319925e-15,9.306907134340987e-16,-4.851396669526105e-14
-9.054276601780355e-11,-8.964373526459637e-11,1.6339033773477508e-15,6.108203026901952e-19,7.480045923791597e-19,1.8447146258891633e-15,-4.4909145725739005e-14,-8.964368047698106e-11,1.2315699566877756e-18,6.229352824786334e-19,1.772277244203473e-15,1.3497494442553421e-15,2.1156710704982814e-15,3.199287464144555e-19,1.6796490023681022e-15,1.0215747959810395e-18,1.5375764904782277e-15,7.526407292876435e-19,2.0092610933215823e-19,1.4693918176909366e-15,1.4183082011499023e-15,1.5924055177041635e-15,1.2886464229161452e-15,1.5270025902670167e-15,-8.964321630559413e-11,7.758834420086009e-13,9.961029536873079e-16,6.455456264693197e-19,1.0995471504721652e-18,2.64300168231022e-15,9.268709914885332e-16,1.5602594843186815e-15,4.048813657797765e-19,8.211276420639614e-19,-6.277794209079705e-20,-4.490884127633743e-14,1.4011323680193528e-15,4.555551325213685e-19,4.33269690594786e-19,9.842656767881614e-16,1.3902041536096757e-18,-8.964319232358588e-11,-4.4909217866617754e-14,6.753036675853447e-19,-4.490900885537471e-14,5.437169510442603e-19,-8.964323979341001e-11,1.5117921865629865e-15,-8.964390433514625e-11,1.1717077230402548e-15,-4.4908746182529785e-14,1.5338644053459572e-15,1.060204475349634e-15,1.37559717184651e-15,1.8228400573559164e-15,5.294252260073143e-19,1.467511771028887e-19,1.6689405101738503e-15,-4.490920426137243e-14,1.130719437357999e-15,7.033206454726626e-19,6.319647163680186e-19,5.7850015205818075e-19,1.078661017848425e-15,-8.964334264134723e-11,9.010281007256554e-19,1.4383107346740593e-18,1.7763888485158815e-15,9.530132720927865e-19,1.520410044067302e-15,8.341831029579493e-19,5.619644884184064e-19,-4.490966868503597e-14,8.1492369617734235e-19,6.30168601855084e-19,-8.964393050456293e-11,1.075007964376943e-18,1.4377018465816883e-15,2.1900693347696473e-15,1.3364677486898381e-15,1.7002667103545862e-15,-8.964251445051837e-11,1.4715809766596698e-15,1.3384714241497235e-15,6.757498602748625e-19,-8.9643482438814e-11,5.43425318084914e-19,9.497687003593682e-16,1.295424350249791e-15,1.2007160665943816e-15,9.92340464709243e-16,7.092432508122028e-19,6.3747903354411985e-19,1.412472943253828e-15,1.127863055483347e-15,8.673713711001317e-19,1.665368250903142e-15,6.527358567553009e-19,1.363607052178365e-15,1.5962414691125642e-15,7.359992060676954e-19,1.2715800146081592e-15,1.3538071455060217e-15,1.2576487141943303e-15,8.116317745245341e-19,-4.490853957561229e-14,8.16600374268816e-19,6.208543715708959e-19,5.891809545549047e-19,3.906347773730775e-19,6.892035304294298e-19,-8.964323967959938e-11,1.1583517367237483e-15,1.508139583008312e-15,3.673268392132645e-19,5.635023240464692e-19,5.352393439133022e-19,-4.4909242389077854e-14,6.865456343685848e-19,1.8802147072917713e-15,7.974733918196569e-19,1.0564699247599411e-15,9.20405909876248e-19,4.425773414928695e-19,1.2210422523314718e-19,1.429414583404428e-15,7.36967319766809e-19,7.379176968329839e-19,1.3935617980259537e-15
-1.3348127782641451e-11,-1.2478977358132532e-11,5.477694846886893e-19,6.601506242448496e-16,1.1238682960607256e-18,1.0149360851056297e-15,-6.2517647936002834e-15,-6.2517449341813186e-15,2.0215727516454882e-15,3.6705334649391116e-19,1.958666536270725e-19,1.5908320948420054e-15,1.1197759293847971e-15,1.1831561594319379e-15,7.709321345499362e-16,1.2598396826956754e-15,8.598409846350058e-16,1.2635983419814979e-15,1.2829693263011274e-15,1.7205517810026647e-15,6.571122986040597e-19,7.056306165926224e-20,7.47488896445894e-19,3.345264506373824e-19,-6.251336717451225e-15,9.961029536873079e-16,7.759338551604558e-13,1.7253278652876048e-15,8.728029618557421e-16,7.711706520136183e-19,1.0447621305504045e-15,1.3660352790537884e-15,1.1327623972793661e-15,1.0508125636066363e-15,1.9720468086707904e-19,-1.24789783476858e-11,4.499338972584467e-19,2.339815049701826e-19,9.834084689277556e-20,1.0915082425036558e-15,6.718168869139365e-19,-6.2523577015635745e-15,-1.2478902349098263e-11,7.510833888828085e-16,-6.2520717945997986e-15,5.569809867458573e-19,-1.2479089694190032e-11,2.501058786655233e-16,-6.251961349631797e-15,9.285103871748059e-19,-6.2516929103219285e-15,1.5533539527746687e-15,5.414476048567722e-19,6.395327823533933e-16,1.0148145447246266e-15,7.413393802100093e-19,6.303122343876692e-19,5.169038334191539e-19,-6.252412722399858e-15,1.1672793532401916e-15,4.898357107027077e-19,3.977348337062865e-16,1.29955087646506e-15,4.57238387547109e-19,-6.2520681893499946e-15,8.239545476929978e-19,1.4678436978198158e-15,8.366828373652065e-16,5.180994956081674e-19,9.81236179834084e-16,3.9839106724931066e-16,-2.5370932890236854e-19,-1.2480075204774556e-11,1.1473911364574695e-15,9.001677009079598e-16,-6.251469470311428e-15,3.217423744404099e-19,4.467572206018212e-19,1.2720505697303825e-15,1.0971804769278685e-15,-5.158467734471143e-20,-6.2517619032298e-15,1.4425413925007892e-15,3.8746034826980327e-19,3.6016273674604445e-19,-6.251368295492492e-15,9.04834764279635e-19,4.891003500769498e-19,9.972675572757485e-16,1.1684669087302544e-15,6.7982092681266e-19,7.060870963388905e-16,5.642095929361126e-19,4.76211777382755e-19,1.480966110735932e-15,5.242207323549903e-19,6.506278684441837e-16,3.425277330855904e-16,6.880877294584733e-16,9.991808500485649e-16,9.07703264883483e-19,1.1220284693598795e-15,2.7211434842823435e-19,6.344105570636865e-19,8.654734816132794e-16,-1.2478509277657088e-11,1.0010543094688832e-15,5.801144998754167e-19,1.744645142401139e-19,1.725562230279932e-15,3.873505235173842e-19,-6.251920703969053e-15,4.0855406147549114e-19,1.2160641004148865e-15,3.49423868754227e-19,8.086352256420394e-16,3.767914609128734e-19,-6.252033585922988e-15,3.9931093105788646e-19,3.3700636978465704e-16,5.985435521625976e-16,7.792164544919005e-16,6.181436738686582e-16,1.786457900926573e-15,6.386762002133852e-16,-2.3707182455827132e-19,1.1421746305120772e-18,1.1252629354886263e-15,4.502595946810014e-19
-4.0625061296071165e-11,-3.973872177741796e-11,4.496290645037214e-19,2.223325233203525e-19,1.1602400372957007e-18,6.097864355350339e-19,-1.990822931700713e-14,-1.990822447463083e-14,2.7010225879277687e-15,3.0394457663775125e-19,1.0180580151338194e-15,2.1834432098298467e-15,8.76669034522462e-19,1.5642070540526386e-15,3.336666226607394e-19,1.4259445664957978e-15,9.315402262178678e-16,1.4975294529731276e-15,1.658809573459905e-15,1.5101477552209056e-18,1.5324482650579973e-15,4.893925052797842e-16,1.2200507091630777e-18,1.0131615154690025e-15,-3.973925003579169e-11,6.455456264693197e-19,1.7253278652876048e-15,7.768492122960591e-13,4.106829387687106e-19,1.7278514636477563e-15,8.293398843744528e-19,9.190299112963353e-19,8.501887684208846e-19,1.2303705609581398e-15,4.0536454269693113e-19,-3.973892295818239e-11,4.606632900755116e-19,5.43492014425721e-19,4.09392690878908e-19,4.903152929944585e-19,5.822937246959534e-19,-3.974026880937789e-11,-3.973863918731535e-11,8.162974664033882e-19,-1.9908639982182755e-14,1.374365463931662e-15,-1.99082830535089e-14,-4.591571927251742e-17,-1.990835460918644e-14,1.031614746486861e-15,-1.990831912872504e-14,2.07313561080761e-15,6.425988296222383e-19,1.0927108360256887e-19,1.0982053645034844e-15,7.930781680717696e-16,1.6701645436254922e-15,5.43024576759059e-19,-3.97391464721555e-11,7.460319498288952e-19,3.353220942815076e-19,1.8092675719069496e-19,9.978099107172646e-19,1.1588335208637105e-15,-1.9908722582959317e-14,6.5308063457044205e-19,1.9483472353716843e-15,4.1392976977144186e-19,5.425686745135679e-19,1.116477194602669e-15,5.124956169584434e-19,4.338943277323319e-16,-1.990871942531386e-14,7.831332257034993e-19,1.1237046649580719e-15,-1.990789380992004e-14,1.2398171172839064e-15,1.3958495783596597e-19,1.392957745216047e-15,1.3624097332680612e-15,3.5793506920794357e-19,-1.9908362607407942e-14,7.127076256178615e-19,5.068393680557282e-19,9.996229321195343e-19,-1.9907587954611682e-14,9.979138037247743e-19,5.619821571144884e-19,1.2159078122809683e-15,7.884220505857449e-19,1.5777836765303922e-19,6.512111602774967e-16,2.3943623595817052e-20,9.23612861428914e-19,1.0073943228256798e-18,1.7806563939881185e-15,1.7095058175343394e-19,2.7378260732630443e-19,5.888106441327368e-20,5.684703702969137e-19,2.57456376205118e-15,1.4390181941366184e-15,9.95647403661856e-16,9.13992525939373e-19,4.554178838031608e-19,-3.973832750552584e-11,1.2248991408845507e-15,2.6736577355607595e-19,1.2573187408839429e-20,2.473415518626202e-15,2.1359676556533156e-19,-3.9739136498456377e-11,1.0627818090700969e-18,1.5087596231274848e-15,6.940197908916736e-19,9.695499018119965e-16,6.41392302613037e-19,-3.973973413738552e-11,7.723322864951088e-16,3.338746824489569e-19,5.207135831650419e-16,6.395683408355341e-19,4.894980853081597e-16,2.6325716823215484e-15,2.7180378299689333e-19,9.40849165725538e-16,2.3970953117713034e-15,7.655969397608847e-19,1.1730399912165212e-15
7.894799868750102e-11,7.986658257012162e-11,1.3490896885694084e-18,1.769508397422153e-15,1.431905555875165e-15,1.8386583759453765e-15,7.986684773081072e-11,4.001083680301085e-14,1.2347470947882112e-18,1.3523654366328539e-15,8.1503283372945525e-19,4.997428264801375e-19,1.1212752074912655e-18,1.0755600190354585e-15,1.2504998088525493e-18,2.1152427006690352e-15,1.5466958245959579e-15,1.6491121961551617e-15,5.429173391734154e-19,6.835246562892829e-19,7.849761545534215e-19,1.6635187631926038e-15,1.2798874161562345e-15,1.537007718137847e-15,7.986714084945588e-11,1.0995471504721652e-18,8.728029618557421e-16,4.106829387687106e-19,7.757099492170341e-13,1.2161820263549926e-18,8.2455294809492e-16,7.93173555094555e-19,9.007680717754226e-16,1.5461417489650636e-15,5.546992684436153e-19,7.986734282961872e-11,1.4697573449799747e-15,1.1593914386582999e-15,1.6529940226305548e-19,9.697866791713284e-16,2.3542629570253877e-15,7.986720523720096e-11,7.986650206494167e-11,5.864139985085647e-19,4.001123192581848e-14,6.72583038214056e-19,7.986716636492694e-11,1.6127007068587622e-15,4.001116003393984e-14,8.83147591347146e-19,7.98672505392118e-11,1.5246346443415152e-15,9.876581667660275e-16,6.338745028411133e-19,1.880131041686105e-15,1.2814502478414321e-15,8.923779194866045e-16,1.7688607711259066e-15,7.986641393511082e-11,1.0125015217440592e-15,1.020803544742421e-18,5.848184356336107e-19,1.109048313254681e-15,5.032567127917797e-19,4.00115488857403e-14,1.504009078569284e-15,6.223885569324168e-19,1.0305531274976275e-18,1.5180287152784947e-15,1.5013714914500945e-15,1.5024229059546508e-15,6.410840945417396e-19,7.986611656733729e-11,1.5462570607563249e-15,6.532759565023152e-19,4.001111550152469e-14,9.545535812714238e-19,6.376450917236841e-19,2.1648322804954876e-15,3.3264039609336465e-19,1.7703085579843267e-15,7.986782987044972e-11,6.340892567923402e-19,5.953853978487656e-19,9.803069020179527e-19,7.986670316060617e-11,6.3026082713117e-19,9.254701691674433e-16,7.361112436876855e-19,6.355206787986499e-19,1.0876689473175444e-19,1.7589754556927481e-15,2.1140275637557177e-15,5.919959633294339e-19,1.0410982209012377e-15,4.961426311496429e-19,1.7218635741145887e-15,1.4841175514588308e-15,6.620276943601528e-19,1.5646842868589093e-15,8.528287344324344e-19,1.2688807986527818e-15,1.3307707792597085e-15,1.123463436322681e-15,1.4971202575822284e-15,4.001163560956334e-14,4.580711580169293e-19,4.795243360989902e-19,1.2013261424837523e-15,5.8784919079612975e-19,1.4096096758816082e-15,4.001134835495124e-14,5.619346157669161e-19,6.097053041642282e-19,4.763391090161442e-19,1.0613916240673138e-15,7.820008571068577e-19,4.001108940526713e-14,7.349703256825434e-19,6.998302597823897e-19,6.912655213577048e-19,1.0993565367720599e-15,1.897791461351489e-15,6.344045189729902e-16,5.161610191715626e-19,7.665792639221539e-19,9.54991017993995e-19,7.978055594688747e-19,1.369252484236459e-15
-5.908646169603444e-11,-5.812804502548656e-11,1.3050549106522647e-18,2.77128251101302e-15,1.1846965956153156e-18,2.867760859226102e-15,-2.9120615683002155e-14,-5.812799704988829e-11,1.771312966583249e-18,1.270118939019662e-18,2.7361755757040223e-15,2.091180232177494e-15,1.3191446377599911e-18,8.468243946920223e-19,2.618218784322599e-15,3.2191758929933677e-15,1.0302483779412182e-18,1.4879488891405378e-18,2.134471297104035e-15,2.312537556692877e-15,6.955984029717527e-19,1.3180942659226116e-18,1.9981141709839936e-15,1.0326159789083017e-18,-5.812725511505264e-11,2.64300168231022e-15,7.711706520136183e-19,1.7278514636477563e-15,1.2161820263549926e-18,7.814160212402217e-13,1.4242987733896516e-15,2.443221358829791e-15,7.590291330149359e-19,2.429053126977298e-15,1.6444621841753182e-15,-5.8126921037795094e-11,2.1685943470045283e-15,1.140195174425701e-18,6.1859342484189155e-19,1.5349121230272097e-15,3.57698335344494e-15,-5.8127273879105673e-11,-5.812803790546146e-11,1.0945298377618954e-18,-2.911985965565298e-14,2.0940236240432022e-15,-5.812727430411187e-11,2.3383768455935746e-15,-5.812838424932529e-11,8.065289357632155e-19,-2.912026691408976e-14,2.3646560806717095e-15,1.668727073255504e-15,2.166239028100653e-15,2.8207124227486355e-15,2.012965445046359e-15,1.553301865959498e-15,2.5847677909423965e-15,-2.9120526819206674e-14,5.747491874943979e-19,2.30274453733667e-15,1.528918183679352e-15,9.18157236372883e-19,9.274448566788761e-19,-5.812745978547116e-11,1.1325025266720236e-18,2.200472704866382e-15,2.7573919077249513e-15,1.2487426271015057e-18,1.3809741949894905e-18,2.2094873982510863e-15,2.0557158331476526e-15,-2.912160472304319e-14,2.458885440503705e-15,1.7191791152223044e-15,-2.912077778515714e-14,1.0436488500337786e-18,2.2167972746705174e-15,1.501487082265238e-18,2.1021189536901183e-15,2.6082134839871645e-15,-5.812606537904537e-11,2.299684105079577e-15,1.1503318360542784e-18,1.2512216518420515e-18,-5.812760975576956e-11,1.1996235450518592e-18,1.4811632679758742e-15,1.0801659404276672e-18,1.8863495237449725e-15,1.531376843368966e-15,2.628171543665834e-15,1.729572774846e-18,1.1049401763978945e-18,5.938038450445432e-19,9.67278069343223e-19,1.4404565037232944e-18,2.2166809322477394e-15,2.117694678317489e-15,2.483025871454349e-15,1.2523152648103864e-18,1.9822268608523907e-15,2.0998028675181972e-15,1.9735933891641525e-15,1.1872185327349912e-18,-5.8126049292275646e-11,1.9726731153670467e-15,1.8775465607610845e-15,1.809059033485652e-15,8.6035930332193115e-19,1.0578529200045028e-18,-5.8127300346587594e-11,1.1778226010308246e-18,1.268374580318224e-18,1.8905374444116354e-15,1.7523501997013056e-15,2.1259732280400166e-15,-5.812773031505813e-11,4.3036335531244216e-19,2.904002367324255e-15,1.1769334910969184e-18,5.693059193911103e-19,1.3615091570594407e-18,1.3155190135219248e-15,1.6536617877171497e-15,2.235124886326192e-15,1.2016716291801269e-18,2.27574982819776e-15,1.3545555704545588e-18
-3.3752928293845923e-12,-1.2580713306842194e-15,8.127256105120137e-16,6.677136759298192e-16,8.077350638708136e-19,9.288151571712347e-19,-2.5109852295687516e-12,-1.257996488453938e-15,8.445251895874532e-19,6.584776164412702e-16,6.356425363494606e-19,6.182670618345263e-19,1.0490567191217735e-15,5.804741585433961e-19,4.398601772132538e-19,5.684070984662915e-19,3.3454967536303374e-19,1.1215501092673076e-15,1.0889345334350387e-15,1.4271671567396227e-15,7.046701321185373e-19,3.6876328079950065e-19,6.242888540077323e-19,5.580588068629847e-19,-1.2580466157732993e-15,9.268709914885332e-16,1.0447621305504045e-15,8.293398843744528e-19,8.2455294809492e-16,1.4242987733896516e-15,7.756988913868019e-13,1.1780665611741495e-15,9.449140398519445e-16,9.480732293700128e-16,5.162254109292512e-16,-1.2580375876575723e-15,7.216299367039441e-16,8.239859704176675e-16,4.807528067541977e-19,5.438519956553688e-19,1.0757382659220184e-15,-1.2583980330459541e-15,-1.2581403516385612e-15,1.0093060293943666e-19,-2.5112739307952547e-12,9.63967976270172e-16,-1.258129252391964e-15,2.476566797783951e-19,-1.2581577204432597e-15,2.9157044726531304e-19,-1.2580314735592903e-15,6.754219834676774e-19,9.77024548946088e-16,1.4063451782797906e-19,3.8987007216593113e-19,5.601351559089164e-19,5.909865449273415e-19,9.06300265116466e-16,-1.2583524749871398e-15,9.911946405104535e-16,4.6535329113057815e-19,1.3759624047690235e-19,1.0947755243237112e-15,9.049523633311872e-19,-1.2582847246097546e-15,9.017605504296318e-16,1.2283426595596295e-15,8.098207612715084e-16,2.4041880378428416e-19,9.080997254734285e-16,3.04492152834582e-20,2.4912652793969094e-19,-1.2583008849299107e-15,1.0221470957767943e-15,3.558506103497841e-19,-1.258492012115073e-15,9.480798626427537e-16,2.0336937491164018e-19,1.175445425302035e-15,-2.6274842109708727e-19,2.896267379962872e-19,-1.258054485893796e-15,1.218427177352678e-15,7.103423740089552e-16,6.230291628449455e-19,-2.5104286575105607e-12,7.33000641329949e-19,3.736529055802713e-19,8.53883290057145e-19,4.557974831903828e-19,2.272730348616074e-19,6.919310279914233e-16,6.592648952873014e-19,9.113210929323048e-16,6.12536156298944e-19,3.519348553089303e-19,6.578463717617835e-16,4.09625509220551e-16,2.838516909440313e-19,9.065203272521312e-16,8.69200389071982e-19,9.782529916477998e-16,7.854294264117296e-16,1.106827364872194e-15,2.7626971352019985e-19,-2.5105535231816866e-12,8.86366592940825e-16,4.16437232421906e-19,4.842020869251875e-16,7.340850789433409e-19,3.86335503828184e-19,-1.2585466481269949e-15,3.4753303274581474e-19,1.0650031619141378e-15,4.2995999718136094e-19,7.134780630493759e-16,1.0401843840736326e-15,-1.2581609610794961e-15,6.860306974881776e-16,4.522758088064757e-16,2.432583180992266e-19,7.17566870024895e-16,2.3168173265442303e-19,1.4170645340974338e-15,2.623052826867791e-19,7.2242177061508005e-19,8.376696141801185e-19,2.4062170062110986e-19,7.912699017379347e-19
9.475437153633352e-11,9.566110520944405e-11,4.449356451909171e-19,1.3460360742546887e-15,1.0544550193487328e-18,1.6511924273920486e-15,4.792375068921478e-14,9.5661112061882e-11,1.1815516944077263e-18,4.569289452844929e-19,8.668780825551931e-19,1.8817894627720638e-15,9.012176027293307e-19,1.418069266183928e-15,1.0649320394271461e-18,1.9946286873811254e-15,5.70872637268204e-19,5.862488401248035e-19,8.39648333804653e-19,1.9308001518294794e-15,1.528881343907268e-15,4.888928151787425e-19,9.270027510928508e-19,5.546172298688179e-19,4.7923680909027865e-14,1.5602594843186815e-15,1.3660352790537884e-15,9.190299112963353e-19,7.93173555094555e-19,2.443221358829791e-15,1.1780665611741495e-15,7.759390594265505e-13,1.2947920116826653e-15,9.476425717048649e-19,9.074722127118038e-16,4.792392717157388e-14,9.690820741084458e-19,1.283371388494503e-15,5.506394698206704e-19,6.18226648349397e-19,1.1132595080680077e-18,9.566075551459521e-11,4.792367631712614e-14,1.3239891450351737e-15,9.566097463917435e-11,1.4378744588601441e-15,9.566132062456345e-11,9.58071644085922e-16,9.566073816836661e-11,1.128009421165389e-18,4.792384860984505e-14,8.661249163990509e-19,1.350549578375101e-15,1.129591366135558e-15,1.6721317016750733e-15,6.136491365249122e-19,6.303604158524289e-19,8.511895140694795e-19,9.566079668990795e-11,1.3593091290599797e-15,6.994812257507347e-19,4.717246676817997e-19,7.772003318207419e-19,6.194637325030528e-19,9.566100512252551e-11,1.4742126718905025e-15,1.7061959998706135e-15,6.602236531318767e-19,1.5042580798617049e-15,1.4522367114942608e-15,1.0230436844959546e-15,6.027267670855295e-19,4.7923482083744366e-14,1.608670840736782e-15,4.1004850273412266e-19,9.566111578947232e-11,1.5026150738350452e-15,1.1206651837945559e-15,2.0041364162799956e-15,1.4087014359945228e-15,7.817636041368333e-19,4.792436306629643e-14,1.73832038766406e-15,6.228895385293974e-19,1.5969385052803824e-15,4.792387429939116e-14,8.491257945163025e-19,1.1118019484145033e-15,5.214088125957621e-19,8.100589164125586e-19,4.968853898610926e-19,1.3941111362127725e-15,1.4345405943565892e-15,1.4049511491792315e-15,8.785718550743669e-19,7.676494493831543e-19,7.213572301748411e-19,4.1909675422083725e-19,1.0474277604147701e-18,1.5076799056298089e-15,1.1620829004902807e-18,1.4639107489128237e-15,1.299319097720013e-15,8.537705386422424e-19,7.438517228151204e-19,9.566206568285492e-11,1.355533758330628e-15,1.094593541520732e-15,6.169802098310062e-19,1.712557780611582e-15,5.944194334641642e-19,9.56611933342632e-11,7.008944428740832e-19,1.624580064577098e-15,1.4641411632496511e-15,6.44932565224939e-19,4.309222752358416e-19,4.7923222406681336e-14,5.340030205772068e-19,1.1977302031533111e-15,6.939430883976307e-19,1.101172126318255e-15,1.397943238468141e-15,1.6587559402881712e-15,3.2240186595683077e-19,1.29763344032639e-15,2.141691758097114e-15,5.889292386971163e-19,1.405069109821394e-15
8.09005121708502e-12,8.966671321440289e-12,5.448065738260226e-19,6.519013749581413e-16,1.2972695244195932e-15,9.923921185636337e-16,4.4920753585736545e-15,4.491933824230881e-15,9.959437887576317e-19,3.347566744388932e-19,9.72024338648577e-16,8.72974226878781e-19,1.1865749503264373e-15,5.610455181843466e-19,7.611809468205829e-16,3.948379378882667e-19,8.467958238780103e-16,1.1630822993019624e-15,3.696389669804583e-19,6.72583693601392e-19,5.110622480217853e-19,2.9482897157704346e-19,1.536868931670197e-15,8.964764201735896e-16,8.96649047604322e-12,4.048813657797765e-19,1.1327623972793661e-15,8.501887684208846e-19,9.007680717754226e-16,7.590291330149359e-19,9.449140398519445e-16,1.2947920116826653e-15,7.75638724692672e-13,1.0181761129328868e-15,5.28908455333246e-16,4.491845077756144e-15,7.94433224995334e-16,8.254193524230834e-19,5.707767293142686e-19,1.0431927302750462e-15,1.1390312492379261e-15,4.491699926986214e-15,8.966668852560213e-12,7.141106664422952e-16,4.4918491003932866e-15,5.445641075399617e-19,8.966634593460606e-12,3.2912479912483035e-16,8.966325695250574e-12,8.273561598220216e-16,4.4923859894459605e-15,7.418326887475184e-19,1.7532324298385266e-18,1.6258641450780394e-20,4.863002353723086e-19,4.37996896106127e-19,5.599856776515249e-19,7.540450625192385e-20,4.491737156445736e-15,1.0475039815351944e-15,3.5638664967443115e-19,4.3768245003457513e-16,1.1644479005441444e-15,5.086257697651624e-19,4.491709370613784e-15,1.077744718315899e-18,7.8505237397096495e-19,3.8877890764264803e-19,5.37563741586598e-19,9.402291420836166e-16,4.14813669075584e-19,5.249429732339284e-16,8.965708762319566e-12,6.952675783385604e-19,4.343935487553354e-19,8.966802037048757e-12,9.860136045462324e-16,5.14284454152146e-19,1.2292393360711991e-15,5.274515068408203e-19,4.847141904445161e-19,4.4921157250796e-15,6.584942796541485e-19,7.905676982127207e-16,1.1194028569383629e-15,8.967301078871515e-12,1.3075007614407879e-15,3.624279395484134e-19,9.500860079348374e-16,1.049430317225744e-15,4.588071203235988e-19,2.316003502921145e-19,5.954886989331591e-16,9.408314896114111e-16,1.3738738109333418e-15,1.1764251669344117e-15,6.830780665538033e-16,2.7812625349979073e-19,2.4055647768928556e-19,4.81321314795677e-19,8.628755623899527e-19,4.76292456331272e-19,4.370174379333886e-19,1.2024465698601652e-15,5.268038033403731e-19,4.492319846135024e-15,9.31243356868877e-19,3.384790035138657e-19,2.579676154190786e-19,1.530427123655555e-15,3.185813982594598e-19,4.491502830612658e-15,5.756944472810651e-19,5.859596395292649e-19,1.1277054384577852e-15,1.4582658398844514e-19,1.0250411942941737e-18,4.491747555417843e-15,7.323511000237485e-16,2.0583778000469675e-19,6.146021767250906e-16,7.786041746117589e-16,4.321819249982732e-19,1.5813685575647792e-15,7.870052739196332e-20,2.9362808796047377e-19,7.662146166837889e-19,1.001173736693616e-15,4.871186367376952e-19
-1.3510944718271536e-11,-1.2608728279365379e-11,7.3687133153999115e-19,7.116329204181034e-19,9.200564578594008e-19,1.6779329951561531e-15,-6.316516778000772e-15,-1.260870294996194e-11,5.074304546046685e-19,8.380419972728953e-20,1.6274508286382881e-15,7.375443735913066e-19,1.0973151883745928e-18,5.857353863983975e-19,6.997069353612259e-19,9.228275694898925e-19,6.995805128398096e-19,1.6381428975316687e-15,1.3546691828598002e-15,7.9735017424799705e-19,6.168469273505994e-19,8.38685992234108e-19,1.4022641274980616e-15,6.906737997278495e-19,-1.2608375446754594e-11,8.211276420639614e-19,1.0508125636066363e-15,1.2303705609581398e-15,1.5461417489650636e-15,2.429053126977298e-15,9.480732293700128e-16,9.476425717048649e-19,1.0181761129328868e-15,7.75710951655043e-13,4.654503168936668e-19,-1.2608159212040217e-11,1.2991905910455284e-15,1.1554535210352228e-15,4.918365710354097e-19,5.636297065733066e-19,2.0850662651445395e-15,-6.316459130152138e-15,-6.317050002691308e-15,8.09930009900144e-19,-1.2608507513243598e-11,3.940489300288729e-19,-6.316750882114457e-15,1.2598397258815803e-15,-1.2608956774265593e-11,1.1214689912941275e-15,-6.316611204742647e-15,9.198874168804013e-19,5.742751468582127e-19,1.2237687082621948e-15,1.2582800592722195e-18,1.1809900947191536e-15,6.037341327640597e-19,1.5692943187850766e-15,-1.260894979139438e-11,4.3166142606379923e-19,9.487723441756198e-19,3.2089535806883112e-19,5.6190291068624505e-19,1.038375669592698e-15,-6.316602612103861e-15,7.470894336379288e-19,1.3992754495054899e-15,5.074170742057708e-19,7.654465976705212e-19,6.95619306601274e-19,1.221497221631984e-15,1.160058539533082e-15,-6.3170747512413845e-15,1.497668966502252e-15,5.37573794140885e-19,-1.2608848970883081e-11,6.91553718646016e-19,1.25949006551276e-15,2.0022281299276423e-15,1.276675782247037e-15,7.668110185857811e-19,-1.2607702460321505e-11,5.283755984848254e-19,1.2454385932555836e-15,1.4511906746396437e-15,-6.3165402199442826e-15,1.5369928231311406e-15,3.2624661045494436e-19,6.242677047271823e-19,4.939898941687406e-19,4.547930950124563e-19,1.5115077170670422e-15,8.837281463778572e-19,1.3214365392075798e-15,4.950530176253199e-19,1.1442622188256744e-15,1.4682359622918809e-15,1.1633478365225231e-18,5.800887037546356e-19,7.869419099519663e-19,7.021741037926569e-19,1.26798374934745e-15,4.689573374032257e-19,1.2684006190860515e-15,1.4050486620330978e-15,-1.2607652010917557e-11,5.654704210574449e-19,5.53192238847743e-19,1.0300183853326039e-15,5.90359305622405e-19,1.257036004277679e-15,-1.2608402466929023e-11,6.093693128957753e-19,1.45880362743722e-15,7.599962406415991e-19,1.049703772175604e-15,6.925115287563668e-19,-6.316545793520457e-15,1.2560602713847314e-15,1.5672577736983233e-15,6.024685735291559e-19,1.0254934599767665e-15,1.0189342074284137e-18,1.0379200016436786e-15,4.738388270935224e-19,6.97099773552024e-19,1.7265431778155397e-15,1.0469535053487035e-18,6.144395113615441e-19
6.981289499633512e-13,7.8084737135224065e-16,1.0014273173173002e-18,1.1692731096156924e-15,8.350866763629846e-16,7.919205846972615e-19,1.5591979918318204e-12,7.809466905206933e-16,4.855743014005308e-19,8.515873786404388e-16,1.105370138681688e-15,7.123127772493027e-16,6.093469338330432e-19,4.476947047166497e-19,1.0820914179125661e-15,1.1163740447191809e-18,9.639754956066697e-16,5.195232512794721e-19,7.847058036073652e-16,8.081339126421565e-16,3.3461205609964986e-19,1.0351151322313913e-15,4.658046340723071e-19,4.644891624524189e-19,7.810018163648237e-16,-6.277794209079705e-20,1.9720468086707904e-19,4.0536454269693113e-19,5.546992684436153e-19,1.6444621841753182e-15,5.162254109292512e-16,9.074722127118038e-16,5.28908455333246e-16,4.654503168936668e-19,7.755380083639005e-13,7.808387042680931e-16,8.714400957801974e-16,4.1447031355593716e-19,5.77054378919991e-16,-1.2752792077516233e-19,1.4662190677270335e-15,7.810703086348867e-16,7.812913817480899e-16,1.0638105523647061e-15,7.810527053979007e-16,8.011567705069674e-16,7.811939604185616e-16,1.0258421113711686e-15,7.809621811704135e-16,7.060470229764163e-16,7.810642819613313e-16,8.405732549968364e-16,-3.447839052071787e-20,8.883581008611863e-16,5.481491865902046e-19,3.6349609722484616e-19,4.1051852736824333e-19,5.800541647593896e-19,7.8077407571122e-16,6.504796913775475e-16,5.1614433155386765e-19,6.458977680258614e-16,1.5911990648389988e-19,3.667075299035778e-19,7.810390764393246e-16,7.275826029998894e-19,7.917167252847796e-16,5.477336652068286e-19,4.612631776930108e-19,9.407393754714638e-16,9.404235435536089e-16,5.031852541863385e-19,7.807204125698466e-16,6.927451508605116e-19,6.70068134799203e-19,7.81029534184642e-16,4.2405287856582974e-19,9.329273334277155e-16,6.962359176720143e-19,8.049417873974078e-16,1.1023812969637749e-15,1.559882274322685e-12,8.429644027554042e-16,2.1870809911685367e-19,3.404009885033147e-19,1.5591399396527819e-12,4.606676924929702e-19,5.491406458758447e-16,7.814491337704615e-16,4.968369550150278e-19,3.3482398986652712e-19,5.190658252710792e-19,1.404767537734711e-15,8.680990431769552e-16,5.843531645694755e-16,5.950910255273941e-19,1.081999437131942e-15,2.622542312455665e-19,5.245729427542275e-19,5.418644527235342e-19,4.897578796695062e-19,7.354840765782915e-16,2.8225680672224057e-19,2.742070051750311e-19,8.028388974308747e-19,7.813696255359569e-16,7.604006202797603e-16,7.545529406325934e-16,7.476007307064511e-16,3.061965718993374e-19,3.004024637539555e-19,7.809425087090101e-16,-2.9051589045134294e-21,8.962130485981276e-16,6.846258500373211e-16,2.943880002881958e-19,3.8502082803763393e-19,1.5592921536892723e-12,3.410598372670261e-19,4.0706619972715214e-19,4.397841675579323e-19,8.632022215283805e-20,5.02139793904641e-19,1.6958573055005068e-19,6.6627112712103e-16,8.94356821858452e-16,9.246524300737042e-16,8.774736035455867e-16,8.498982716464027e-16
1.0000000000210065,1.0000000000237885,9.976210696429497e-12,-8.143322197809239e-11,1.0057049822854899e-10,4.902796746330827e-14,1.0000000000257268,1.0000000000167144,1.3702636617774927e-11,-4.5025856360256685e-12,-7.949968915659951e-11,-4.655853366381984e-11,1.6148895138041205e-11,1.171960633619818e-14,-2.5542977085297742e-14,1.549090592709218e-11,-8.487962156113109e-11,-3.6824731046160734e-14,4.113166507302309e-11,7.411018638723656e-12,4.869222645299439e-12,-7.950028520754939e-11,1.0041853993873696e-11,-1.1054878112725893e-14,1.0000000000213773,-4.490884127633743e-14,-1.24789783476858e-11,-3.973892295818239e-11,7.986734282961872e-11,-5.8126921037795094e-11,-1.2580375876575723e-15,4.792392717157388e-14,4.491845077756144e-15,-1.2608159212040217e-11,7.808387042680931e-16,1.0000000000423386,1.0185503155502787e-14,8.395184765949949e-12,-6.369351617459415e-16,2.265486449028527e-14,4.608547105612801e-11,0.9999999999941722,1.0000000000241058,6.789040626574236e-16,0.999999999969864,-1.085926431340753e-11,1.0000000000369746,-1.8875564629544587e-11,1.0000000000114677,-4.741079724362069e-15,1.0000000000152238,4.688356785410799e-11,4.586012295209718e-17,8.280812957701883e-15,-2.2965985424326078e-11,-4.761519088504081e-13,8.602825374010186e-15,-1.1894732796538612e-15,0.9999999999986035,-3.6159801696934715e-15,-4.35923755865545e-11,-1.6008833257141168e-15,-1.4408766544335387e-13,-3.0994709313982442e-15,1.0000000000097042,-4.248144479451141e-15,5.479601009994303e-15,5.668581090165347e-15,3.130047835765061e-14,-1.1695635840581043e-11,9.674159738907795e-12,1.0291746034483953e-15,0.9999999999878678,3.5993856777887894e-14,-2.6068207411913447e-15,0.9999999999958541,8.844331628281062e-11,4.422285385185527e-11,3.7356882118887016e-14,-3.314839013263344e-15,-8.200620965998267e-11,1.0000000000445877,9.332607218845197e-11,-3.5875470446357906e-14,7.794339037294905e-11,1.0000000000313627,-4.90579907054318e-11,-5.195339168920721e-15,5.103274697581746e-15,1.1726481676978787e-11,-2.600438772945031e-15,4.438390992992775e-11,5.8181082335040955e-11,-1.5005237247965866e-12,4.430257038750817e-11,-1.388182977637271e-11,-1.2102983341198764e-10,-6.336019726316143e-17,-9.477197017762701e-15,4.729533947701846e-11,1.0167582115410684e-10,-4.211103339081496e-14,2.977764981673188e-14,1.1733911737692917e-14,-2.6093334174452277e-14,1.0000000000397677,3.246219493462089e-15,3.5583361991170446e-15,4.478174881851816e-12,8.408766106387164e-15,-1.9371270324328375e-12,1.0000000000255134,-9.590997527289617e-12,1.0765911830021803e-14,1.0387928359043508e-11,2.3111627474978727e-11,-1.0787459259271123e-14,1.0000000000179672,-1.3891820261585334e-11,-3.7704610604364164e-14,-4.174030982017073e-14,8.286809138772432e-15,-1.9120478061090208e-11,1.950801479942788e-14,-8.085276594702958e-16,-9.102612904768655e-12,1.8807368863434375e-11,9.30677923307921e-16,-9.68385373724984e-11
1.94365540676514e-11,2.0330749397464916e-11,1.0784735636927665e-18,6.937392733307465e-19,1.2389258065032476e-15,1.5246888057168611e-15,2.0330983524831647e-11,1.0185202257716164e-14,9.773191696793964e-19,5.481376385352832e-19,1.5303766482430145e-15,5.636759751988112e-19,9.281076571848376e-19,9.444715765143947e-16,8.37103645450671e-19,1.8002828201204465e-15,1.2705068456685267e-15,4.061771686342829e-19,4.723332074296398e-19,1.2038121114760886e-19,6.592778580278683e-19,6.058251861465979e-19,1.1667445225820375e-15,1.278022422444769e-15,1.0185992837265413e-14,1.4011323680193528e-15,4.499338972584467e-19,4.606632900755116e-19,1.4697573449799747e-15,2.1685943470045283e-15,7.216299367039441e-16,9.690820741084458e-19,7.94433224995334e-16,1.2991905910455284e-15,8.714400957801974e-16,1.0185503155502787e-14,7.755647748249553e-13,9.881092407110515e-16,7.941123292410598e-16,2.222550782262946e-19,1.2914591961519233e-18,2.0331200314014056e-11,1.018542467833808e-14,6.795374742549952e-19,1.0185230827163105e-14,1.0632209526469979e-15,2.0331240293128945e-11,1.2938833599052862e-15,2.033059190866796e-11,9.879872744102835e-16,2.033126199413439e-11,6.909590379167799e-19,6.275676709881088e-19,1.1009120104629231e-15,8.440507973671469e-19,6.149728549359234e-19,7.750760328012651e-16,1.4981060783914407e-15,1.0184965953702162e-14,8.531164134464455e-16,4.635134494991393e-19,3.3105215180869945e-19,6.985857321691712e-19,8.035054957357824e-16,1.0185263372223942e-14,1.2484967459981856e-15,3.1826073074134003e-19,1.4952937699354489e-15,1.2377184884244036e-15,1.253326505192177e-15,3.605419474313487e-19,1.0931635749790815e-15,1.0184858246113006e-14,1.2921677050896125e-15,4.198235712112859e-19,2.0330584196512933e-11,5.499279711896693e-19,8.247266760118392e-19,1.79337931271402e-15,1.0149478330444916e-15,5.85128841554307e-19,2.033173983218201e-11,5.465563009953258e-19,1.1826398144913721e-15,6.964629151874408e-19,2.033088622839047e-11,1.0480054352583605e-18,7.943057142819682e-16,2.0859629513053216e-19,1.6910273247836458e-19,3.806896045701423e-19,7.309825156216355e-19,1.683386397165429e-15,3.878128958157227e-19,9.473919620247612e-16,3.5440556283842455e-19,5.1676709185409e-19,1.1841093988964608e-15,6.4780524673706635e-19,1.3003315501378916e-15,8.824317090252528e-19,1.1370189628356197e-18,5.375049202359567e-19,6.457531886474808e-19,5.873990431197233e-19,1.0185476152599816e-14,1.0651326346127528e-15,4.586896572881733e-19,4.3226405321445163e-19,7.556016793857538e-16,6.303895108980421e-19,2.0331086809916506e-11,9.94163736734552e-16,3.808157431746694e-19,9.205406042411176e-16,8.753464384099649e-16,3.8725885766664514e-19,1.0184977181208813e-14,1.1534825754291158e-15,1.600047995152604e-15,1.2318975479814318e-15,9.358034804510702e-16,7.683187905647573e-19,-2.29529797098881e-19,3.273942309454283e-19,4.917719146558328e-19,1.4052381957548116e-15,1.0609486137961319e-15,5.388730098471335e-19
7.511450550267217e-12,8.394841497930948e-12,1.1192897693026926e-15,5.859443471401002e-19,9.96373868253355e-19,1.2695882342050537e-15,4.2049347989709595e-15,4.205504440464899e-15,1.6977119744632066e-15,7.795124616327744e-19,1.2268158195090617e-15,6.444054478323975e-19,7.151381612166517e-19,9.956485324155694e-16,5.525244281351317e-19,1.4908430057986458e-15,8.581710045260974e-19,1.3035357117174437e-15,4.909878211392272e-19,1.3470505493332415e-15,3.272963282398749e-19,4.408408722434357e-19,1.2618960809629114e-15,1.0905762580613906e-15,8.394989880114027e-12,4.555551325213685e-19,2.339815049701826e-19,5.43492014425721e-19,1.1593914386582999e-15,1.140195174425701e-18,8.239859704176675e-16,1.283371388494503e-15,8.254193524230834e-19,1.1554535210352228e-15,4.1447031355593716e-19,8.395184765949949e-12,9.881092407110515e-16,7.754483396819608e-13,3.937808945685552e-19,4.317694190639264e-19,1.5410827407029773e-15,4.2050163496509595e-15,8.394833463017252e-12,4.87427115236414e-19,4.2056629356669165e-15,1.0585369135011177e-15,4.205477123558122e-15,4.451187137533597e-19,8.394590251916236e-12,4.47315938930208e-19,8.395236853221305e-12,3.600646136122863e-19,9.557199462392382e-16,9.096437125642571e-16,7.902662666717975e-19,8.987124436219177e-16,1.4162547267395694e-20,1.2081128933774655e-15,4.205401862087782e-15,9.700941954197617e-16,1.9135130999633817e-19,6.418592627501328e-16,1.074383022289642e-15,-2.7251792682783053e-19,4.205508907947011e-15,5.089168182002146e-19,1.2146895472382095e-15,1.1775220648888287e-15,-6.363168167149054e-19,1.1006896121818658e-15,8.561869744403813e-16,8.77170951685734e-19,4.205140137863337e-15,1.0745627166154367e-18,3.828482931517039e-19,4.205600363646838e-15,3.6079079985448424e-19,8.983876721605749e-16,7.650091533659484e-19,1.0414710559460008e-15,9.397154853925172e-19,8.395544999780655e-12,1.2441219907656556e-15,9.494146974059724e-16,1.178051207974133e-15,8.395230844464757e-12,1.2966614602151117e-15,7.98857185139651e-16,5.103061340940818e-19,1.0065677467978074e-15,7.512162146466382e-16,6.614248983460166e-19,7.531441655383622e-19,1.0565788420544434e-15,6.291315137654683e-19,3.955536763468104e-19,1.0598231564569284e-15,4.719474264573396e-19,5.599561695967232e-19,1.1424853122443485e-15,1.4333233016307551e-15,4.359321607757616e-19,9.792323899032388e-16,1.0961907967225865e-15,2.3951642536317662e-19,4.2060124449842475e-15,6.356861240581427e-19,2.1039682437124329e-19,7.537675880276487e-16,7.738994665345329e-19,9.358786951862536e-16,4.205374218751431e-15,9.123823601654736e-16,1.1901726982070464e-15,5.22620162590229e-19,8.389536255213821e-16,5.242628463296213e-19,8.394719893821056e-12,6.365993651888243e-19,1.0382897404551236e-15,9.608405785915689e-16,3.192327488358674e-19,7.087473737722387e-19,1.070230933963366e-15,7.54166362883669e-16,1.0011836107616107e-15,8.769618071039856e-19,1.099094150706793e-15,6.586764794982531e-19
-2.1334437238055827e-12,-6.37072648353407e-16,8.85991653745272e-16,8.347694425795052e-16,1.0671178586783295e-15,7.392739819691694e-19,-6.372878406760713e-16,-1.2715079812395968e-12,6.524595829292557e-19,7.274847159024245e-16,5.465980115224026e-19,1.1357038710846027e-15,4.553458701476574e-19,8.797755250533898e-16,3.3822078022077887e-19,1.2104899174686e-15,8.612572139188578e-16,5.096846828221043e-19,9.84816328649461e-16,5.086730204750664e-19,6.0836483518435e-19,7.802134542393257e-16,1.121657437205519e-15,3.740501558760849e-19,-6.371071122539114e-16,4.33269690594786e-19,9.834084689277556e-20,4.09392690878908e-19,1.6529940226305548e-19,6.1859342484189155e-19,4.807528067541977e-19,5.506394698206704e-19,5.707767293142686e-19,4.918365710354097e-19,5.77054378919991e-16,-6.369351617459415e-16,7.941123292410598e-16,3.937808945685552e-19,7.755102175107092e-13,8.016037022316295e-16,1.2256066733250192e-15,-1.271731488466159e-12,-6.372908880768858e-16,7.531270987091348e-19,-6.371249249597999e-16,6.446869438446415e-19,-1.2714240977489691e-12,5.961102054041347e-16,-6.372949220026413e-16,5.377778662269831e-19,-6.37575599761653e-16,5.833851819191738e-19,4.853206770270545e-19,3.2791346672533974e-19,1.0423729959257496e-15,4.386812665948464e-19,8.536363430375647e-16,9.754072443193242e-16,-6.374671629361054e-16,3.8198283657286054e-19,5.091102354599673e-19,5.086788685002925e-16,9.495435407084081e-16,7.285215203562724e-16,-6.373027412603829e-16,3.8809075720415076e-19,1.0627763134661717e-15,4.929126945445375e-19,9.361392881951549e-16,2.4308869607534903e-19,2.4677580497831957e-19,6.510679557599391e-16,-6.374453293644335e-16,1.004401376017325e-15,3.5325299145349126e-19,-6.369956146314218e-16,4.733950308051596e-19,6.841547564570679e-16,1.250295746915316e-15,8.923115277632883e-16,8.073742091317901e-16,-6.370959681139278e-16,4.1446822457307745e-19,7.680041564434292e-16,4.1015682958286055e-19,-1.2711368967169458e-12,1.1244500596922136e-15,6.863903197634811e-16,8.631552395435161e-16,8.548365583455739e-19,6.360495832442863e-16,8.440878710392377e-16,1.6023905022075277e-18,5.211854971252412e-19,1.0121776474311524e-15,4.646784811194622e-19,8.122746130038667e-16,4.00051194482809e-19,7.362626935180844e-16,3.1573927022491804e-19,1.2899636660590443e-15,9.046914458328401e-16,8.035559100472511e-16,9.58384035439473e-16,4.712426753435052e-19,-1.2709613899296648e-12,3.8175288229954407e-19,4.42806030765253e-19,3.938148691538207e-19,5.043902803737722e-19,7.496518753918842e-16,-6.371999312423616e-16,4.738591913876218e-19,1.0141995797276733e-15,9.155351767399875e-16,4.440934622659299e-19,9.470750107323896e-16,-6.372761461659268e-16,7.552157451494674e-16,5.627829444560809e-19,3.6970995684392563e-19,1.8161998108618494e-19,8.454731501061149e-16,1.0382239347885782e-15,3.170910277439902e-19,5.043969198558268e-19,6.936714997120349e-19,4.648354970603126e-19,8.835923257983195e-16
4.432754496110743e-11,4.522099596055709e-11,8.131771148432612e-16,1.9146226348995365e-19,1.3183549438965866e-15,3.8377654200449275e-19,2.2654357182728633e-14,2.2654457565008256e-14,1.3137002729016147e-18,3.8075711215802175e-20,7.132484154686966e-19,1.590337814613879e-15,1.289873211443524e-15,1.1168578422488564e-15,-3.433363029167534e-19,6.387168285035725e-19,5.508935270964816e-19,1.1303982708370046e-15,1.1649511173424624e-15,1.4978415601149465e-15,1.0217831200605445e-15,6.943469864883141e-16,1.586274065907837e-15,2.6885933016056366e-19,2.2654574376930075e-14,9.842656767881614e-16,1.0915082425036558e-15,4.903152929944585e-19,9.697866791713284e-16,1.5349121230272097e-15,5.438519956553688e-19,6.18226648349397e-19,1.0431927302750462e-15,5.636297065733066e-19,-1.2752792077516233e-19,2.265486449028527e-14,2.222550782262946e-19,4.317694190639264e-19,8.016037022316295e-16,7.755560819970441e-13,6.452741487964728e-19,2.2654400461460405e-14,4.522095712056376e-11,6.956810152865128e-16,2.2654254169057415e-14,1.003455747996738e-15,4.5221028066749254e-11,3.8722601617684095e-16,2.2654316085611422e-14,8.404227844682666e-16,4.522111344489017e-11,8.270285894627487e-19,1.0455456229992935e-15,3.3895593550725514e-19,1.0956931613877715e-15,2.8452101300931917e-19,1.073357281407152e-15,1.0930841267426194e-15,2.26538060442015e-14,6.766271274077711e-19,8.707722861328169e-16,4.944643300023282e-16,1.1119604926331687e-15,2.7724418018309083e-19,4.522068930716018e-11,5.016779644035878e-19,1.2543116363390673e-15,4.186296736854996e-19,3.096363845853737e-19,9.519697558990263e-16,5.017286536317454e-16,5.482680616493682e-16,2.2654189875121394e-14,4.862872888384826e-19,5.548850035264832e-19,4.5221118540540506e-11,4.82531170997461e-19,5.290042187327623e-20,4.801787889062648e-19,4.457981026763121e-19,7.317214795110138e-16,2.2654558858627502e-14,6.410423567125868e-19,3.7805889784410265e-19,5.089874247580286e-19,4.522156707204771e-11,5.923395984249081e-19,8.357521564469318e-16,4.698561627484306e-19,1.0057016906530161e-15,7.077663496500975e-16,8.166256524866186e-16,6.099744568883321e-16,2.5679004847622145e-19,1.3805977598234123e-15,8.535531481242837e-19,7.127859900188411e-19,3.2723732631561186e-19,7.4320322278528145e-19,9.671508544993493e-20,1.6215340951116447e-15,4.859786733518667e-19,8.49422149797561e-16,5.462574056007213e-19,2.7295378862061488e-19,4.522146416398741e-11,9.743412978109977e-16,6.863805757072644e-16,5.266908401225281e-16,6.846738062266425e-19,2.880021747186162e-19,2.265418981175352e-14,3.614348406277669e-19,1.1612336000705542e-15,5.451229344546843e-19,7.298135881853851e-16,5.746367741660541e-19,4.5220560567260644e-11,7.618717489877621e-16,6.583950261776816e-19,3.0309801196491606e-19,4.562243321384351e-19,5.697764556108193e-19,7.678965740868399e-19,6.306685505656216e-16,4.950865913491801e-19,1.6929620963141393e-15,9.323219479165996e-16,9.645388367888191e-16
4.515173485699175e-11,4.608436523328803e-11,1.1336290549622779e-18,1.0267496558778468e-18,1.8695492637696376e-15,2.5245332258766314e-15,2.3087394474761003e-14,4.6084411119655854e-11,2.312366415803486e-15,1.8515843850118854e-15,1.0829931380616103e-18,7.847269544896386e-19,2.970657795555069e-15,8.034834953732381e-19,2.342354172098841e-15,2.8467133730472958e-15,2.1091114500537603e-15,1.6714827900035947e-18,1.6784218375324692e-15,1.0630858603751358e-18,1.739246335948708e-15,1.192577035030878e-18,1.5525229078185204e-15,9.64029402410651e-19,4.608521858350189e-11,1.3902041536096757e-18,6.718168869139365e-19,5.822937246959534e-19,2.3542629570253877e-15,3.57698335344494e-15,1.0757382659220184e-15,1.1132595080680077e-18,1.1390312492379261e-15,2.0850662651445395e-15,1.4662190677270335e-15,4.608547105612801e-11,1.2914591961519233e-18,1.5410827407029773e-15,1.2256066733250192e-15,6.452741487964728e-19,7.766010987349287e-13,2.308743086570089e-14,4.6084315453190305e-11,7.034657601442005e-19,4.6085114662501505e-11,1.7069756332875078e-15,4.608519470166214e-11,1.2167812261733966e-18,2.308706579997821e-14,1.1920046284870438e-18,4.6085376535978424e-11,1.9326990339676144e-15,1.2821343752358158e-15,1.9192380980210836e-15,2.5337052104973417e-15,8.111760089311475e-19,1.1426047360209813e-15,1.0021174194648966e-18,2.3087002702834806e-14,1.3505680093415401e-15,1.9835669509454413e-15,1.4427159098503241e-15,9.63341370227834e-19,7.212884269030743e-19,4.608507811447829e-11,2.055048138355853e-15,1.0620541961446002e-18,2.490447314123038e-15,2.090577661980604e-15,1.1889663152216067e-18,2.081858859845813e-15,9.073609846038692e-19,2.308729315390003e-14,2.0745002816623323e-15,1.3464484104858629e-18,4.6084012127806125e-11,2.0170541654834526e-15,2.041747510126217e-15,2.9705470488680338e-15,9.166979505983497e-19,2.4435783809740287e-15,4.608617907462312e-11,1.7909285790873762e-15,1.2011832906066258e-18,9.365424527054459e-19,2.3086895744849626e-14,1.0029748509462862e-18,5.122582533625074e-19,1.7252444531307414e-15,1.4583161058982815e-15,6.468688846560809e-19,2.4011847248396534e-15,1.615958140525854e-18,1.4054249652782431e-18,5.842374566686585e-19,6.176672948005644e-19,2.3737091689675627e-15,1.044810011661101e-18,9.166384756442183e-19,1.2432552281826822e-18,7.149270658668905e-19,1.6543095224603993e-15,1.051091654143583e-18,4.836934140373954e-19,2.099192096899749e-15,4.608613983438186e-11,1.6607265127425634e-15,1.6417683580966975e-15,1.6496795141059998e-15,3.2190217713715885e-19,-1.1830929008793182e-19,4.6085118944994447e-11,1.5176594854871626e-15,1.9448420487001654e-15,1.0367542369589906e-18,1.4500644113488292e-15,1.6765457849779336e-15,2.308746209915683e-14,1.8970539964666388e-15,2.8039926055550527e-15,2.117214554201582e-15,1.4354790428451688e-15,1.2715391193756903e-18,7.15163390324438e-16,4.852104225077976e-19,1.911318079275394e-15,8.668633446405434e-19,1.8191837628052953e-15,1.839187812740055e-15
0.9999999999736409,0.999999999976395,9.976165787125262e-12,-8.143293994975957e-11,1.0056968941503223e-10,4.902769476833533e-14,0.9999999999783334,0.9999999999693202,1.370130626958204e-11,-2.25554963082892e-15,-3.9827686199238995e-14,-2.3325201244676465e-14,1.614857103612412e-11,2.339276086900006e-11,-2.554293466088727e-14,7.760693386788003e-15,-8.487976886195873e-11,-7.350564577093851e-11,2.0605466800774455e-14,7.409903136686647e-12,2.4389579171052253e-15,-7.95000933004935e-11,5.03015141565633e-15,-1.1054426285844386e-14,0.9999999999739844,-8.964319232358588e-11,-6.2523577015635745e-15,-3.974026880937789e-11,7.986720523720096e-11,-5.8127273879105673e-11,-1.2583980330459541e-15,9.566075551459521e-11,4.491699926986214e-15,-6.316459130152138e-15,7.810703086348867e-16,0.9999999999941722,2.0331200314014056e-11,4.2050163496509595e-15,-1.271731488466159e-12,2.2654400461460405e-14,2.308743086570089e-14,0.999999999947552,0.9999999999767123,6.79128231420417e-16,0.9999999999224712,-5.440872472074119e-15,0.9999999999895838,-1.887501657054906e-11,0.9999999999640748,-4.740488954233023e-15,0.9999999999678335,2.3486730994129844e-14,4.590229546969184e-17,8.28102115507783e-15,-2.2966175131177705e-11,-2.3890191895907624e-16,8.602159674594449e-15,-2.3744210474523198e-12,0.9999999999512108,-7.218269220044866e-12,-4.3592600380850966e-11,-1.6009594938636496e-15,-1.448141906120583e-13,-3.0997089952884835e-15,0.9999999999623108,-4.248120061880483e-15,5.479120187153484e-15,1.13165027399658e-11,6.247926625916527e-11,-1.1695858917266734e-11,9.674468154063946e-12,2.054176713890071e-12,0.9999999999404743,3.599324572680041e-14,-2.6077632404408346e-15,0.9999999999484601,4.4307678626166527e-14,2.2154542818569686e-14,7.456838521641278e-11,-3.315184963196665e-15,-4.108309599503881e-14,0.9999999999971957,9.332525444955065e-11,-7.161140614299817e-11,3.9047134157668045e-14,0.9999999999839677,-2.4577708770348214e-14,-5.196869314858263e-15,1.0185958511603383e-11,1.1725877908456576e-11,-5.1908096716685874e-12,4.438394300180469e-11,5.818168813545441e-11,-1.5008402902314256e-12,4.430145027865361e-11,-6.9543136032573275e-15,-1.2102968473254137e-10,-6.323279272327267e-17,-9.477383920680872e-15,4.72950851302982e-11,5.093643116102044e-14,-4.211021038095496e-14,5.943999333871836e-11,2.3421917877783448e-11,-5.208540736720972e-11,0.9999999999923742,6.4796146762553285e-12,3.558371765116113e-15,4.478258376064839e-12,1.6783879119984327e-11,-9.704721895820155e-16,0.9999999999781204,-9.591442557180068e-12,2.1489568142487348e-11,5.2035604072849045e-15,1.1578066295997109e-14,-1.0787322742174705e-14,0.9999999999705738,-1.3891932623851604e-11,-3.770424536286378e-14,-4.173996135530784e-14,8.286610507816944e-15,-1.9120359442221103e-11,1.950733766677279e-14,-8.085014117421336e-16,-9.102733061576978e-12,9.422107847067987e-15,1.8577956832467604e-12,-9.683888489858796e-11
1.0000000000035854,1.000000000006331,4.997551692606215e-15,-4.0796356298625416e-14,5.038292791105529e-14,9.786430154362168e-11,1.0000000000082663,0.9999999999992537,1.3702351928061185e-11,-2.2565181502424826e-15,-3.9827992762720246e-14,-2.3324470600325328e-14,8.089399700536594e-15,2.339336664479857e-11,-2.5542474537571186e-14,1.5489977104622424e-11,-4.252304285048153e-14,-7.350574854352469e-11,4.113140178578191e-11,7.41101521287102e-12,2.4390175737700755e-15,-7.950116650574133e-11,5.0298846393080644e-15,-1.1054724405256599e-14,1.000000000003918,-4.4909217866617754e-14,-1.2478902349098263e-11,-3.973863918731535e-11,7.986650206494167e-11,-5.812803790546146e-11,-1.2581403516385612e-15,4.792367631712614e-14,8.966668852560213e-12,-6.317050002691308e-15,7.812913817480899e-16,1.0000000000241058,1.018542467833808e-14,8.394833463017252e-12,-6.372908880768858e-16,4.522095712056376e-11,4.6084315453190305e-11,0.9999999999767123,1.0000000000074238,6.79034732549432e-16,0.9999999999524047,-1.085957424855191e-11,1.0000000000195157,-1.887660876489527e-11,0.9999999999940083,-4.741302879335925e-15,0.9999999999977653,4.6883232034470925e-11,4.6462969094561103e-17,1.6529422383944375e-11,-1.1505691535492484e-14,-2.389481292275908e-16,1.717221616141018e-11,-1.1900343314980884e-15,0.9999999999811439,-7.217701952911113e-12,-2.183895409298726e-14,-1.6013554841652795e-15,-7.266762884920836e-17,-6.186625054657766e-12,0.9999999999922449,-8.480021458781681e-12,5.479485875654888e-15,5.669329272937301e-15,6.24789731733489e-11,-5.859842318338726e-15,4.845887245370913e-15,2.053317618954468e-12,0.9999999999704082,7.184677081725762e-11,-2.60747433107157e-15,0.9999999999783973,4.430752670570821e-14,4.4222037351662166e-11,7.456771955542569e-11,-6.617186858465042e-12,-8.200719735711817e-11,1.000000000027128,4.675363438617509e-14,-3.587566555149257e-14,3.904726344505672e-14,1.000000000013903,-2.4577091445965143e-14,-5.195990519017035e-15,5.103000097026068e-15,5.874413907297892e-15,-2.600589754625039e-15,2.2234425968652244e-14,5.8179897640417155e-11,-1.5009043639978327e-12,4.4302612098172936e-11,-6.954475920309668e-15,-1.2103077551576666e-10,-6.355542904131226e-17,-9.477582717447263e-15,2.369358800446158e-14,1.0167587876872885e-10,-8.405702250597011e-11,5.943973227253497e-11,1.1734009361831121e-14,-2.6094442884105163e-14,1.000000000022307,6.479690597947716e-12,7.1028269232037015e-12,2.2426635559976552e-15,1.6785598248306662e-11,-1.937774247418363e-12,1.000000000008055,-4.805286655396411e-15,2.1489721031302643e-11,5.2039312586277e-15,1.1578084810969198e-14,-2.1532653584935664e-11,1.0000000000005085,-1.3892471774721354e-11,-3.770504545655953e-14,-8.331870338305373e-11,8.286687940809618e-15,-9.57943832767223e-15,1.9508284766430425e-14,-1.6144605627528758e-12,-9.10313985189519e-12,1.8807148463025776e-11,9.306911326142621e-16,-4.8513958384665144e-14
4.749027414016458e-13,1.3545760250388587e-12,1.6916147318224257e-15,1.0309654667118968e-18,1.167472291375412e-15,8.773235207722634e-19,6.78612715264371e-16,1.354655647030295e-12,8.2416280348518335e-19,1.3480701998007414e-15,9.798676152610756e-19,4.462271630686969e-19,9.246175687285536e-19,6.839708205485289e-19,1.7376916484107882e-15,1.906733655228188e-15,1.5090994304522539e-15,1.6988980262890573e-15,1.1746794692211745e-15,9.363720803827306e-19,7.761229032989506e-19,1.6235440945680314e-15,2.9247442414586556e-19,1.4501725136871856e-15,1.3552877013226907e-12,6.753036675853447e-19,7.510833888828085e-16,8.162974664033882e-19,5.864139985085647e-19,1.0945298377618954e-18,1.0093060293943666e-19,1.3239891450351737e-15,7.141106664422952e-16,8.09930009900144e-19,1.0638105523647061e-15,6.789040626574236e-16,6.795374742549952e-19,4.87427115236414e-19,7.531270987091348e-19,6.956810152865128e-16,7.034657601442005e-19,6.79128231420417e-16,6.79034732549432e-16,7.761313739346991e-13,1.355288312040065e-12,6.397044763350964e-19,6.783541240227501e-16,1.0518674355604836e-18,6.785110458271438e-16,5.395018274139266e-19,6.790422662284313e-16,5.558452357316433e-19,4.675470862612272e-19,6.334945216131748e-19,1.698811561449826e-15,1.2768997342455241e-15,2.6392286319135227e-19,1.4797328384240697e-15,1.3543771393950105e-12,9.76600818808137e-16,7.058073368292072e-19,9.734944279839438e-16,1.0718999134071839e-15,1.0379325797933883e-15,1.355207414664478e-12,1.4929526950625898e-15,1.2079185284332473e-15,1.2489411866602677e-18,8.960381690837568e-19,6.816702736225869e-19,8.537475942691706e-19,8.414226235678778e-19,6.778496411487925e-16,6.869380686216908e-19,2.0454068370366289e-19,6.781828589816816e-16,1.5114431213950325e-15,7.040142342461275e-19,1.1617954843192761e-18,1.2696293543787074e-15,1.7268904614745645e-15,6.792720538361975e-16,1.2580490317991706e-15,8.421366952226381e-19,7.987126858344859e-19,6.786697199577297e-16,8.631711565074054e-19,4.508315527153655e-19,1.1461570941522794e-15,5.122156904211392e-19,9.00054715568809e-16,1.701729696328721e-15,9.697862253484103e-19,7.872508216442053e-19,7.197710461820231e-16,5.045996317922037e-19,8.784088712373216e-19,1.5765254148593461e-15,1.3447596295369135e-15,1.5382664403277813e-15,5.058902595018267e-19,1.0215251859288044e-15,1.2804254400319181e-15,3.9250667099029334e-19,1.6427822532981703e-15,1.3559417508251866e-12,1.111378189074132e-15,1.1776033711094891e-15,1.1820385684469431e-15,1.7108427926509078e-19,1.3867981240195178e-15,1.3553082060709148e-12,9.681228698229829e-16,1.3259521783118004e-15,4.984446915221856e-19,1.0726291925604248e-15,8.203351977566735e-19,1.355044947858665e-12,1.3457620191033016e-15,1.5210871941382571e-18,1.579146781271761e-15,7.464107884948744e-19,7.64169557568709e-19,3.4902246835911824e-16,3.8403504671861525e-19,7.8361012935110675e-19,6.961202278051598e-19,1.0810132833513546e-18,1.2731618226413903e-15
0.9999999999493334,0.9999999999520871,9.975982583779615e-12,-4.0796231287889206e-14,5.038280515141193e-14,9.786480163944357e-11,0.9999999999540241,0.9999999999450128,6.8639965188224296e-15,-2.2559843431935807e-15,-7.950004260855075e-11,-2.3325324476473428e-14,8.09003276695028e-15,1.1719008930696542e-14,-5.098630134305137e-11,7.76040417149511e-15,-4.252260956878982e-14,-7.350558445627497e-11,4.1131195681784494e-11,3.712377631518307e-15,2.4391129201982693e-15,-3.9828017858729997e-14,1.0041097248633696e-11,-1.1054820027666713e-14,0.9999999999496757,-4.490900885537471e-14,-6.2520717945997986e-15,-1.9908639982182755e-14,4.001123192581848e-14,-2.911985965565298e-14,-2.5112739307952547e-12,9.566097463917435e-11,4.4918491003932866e-15,-1.2608507513243598e-11,7.810527053979007e-16,0.999999999969864,1.0185230827163105e-14,4.2056629356669165e-15,-6.371249249597999e-16,2.2654254169057415e-14,4.6085114662501505e-11,0.9999999999224712,0.9999999999524047,1.355288312040065e-12,0.9999999998989415,-1.0859604269155026e-11,0.9999999999652737,-1.887556986854677e-11,0.9999999999397674,-4.740859904105536e-15,0.9999999999435235,4.688286371061937e-11,9.223771543131028e-14,1.6529920475695746e-11,-2.2966330794064505e-11,-2.392837994239637e-16,8.602493944538045e-15,-1.1896335971616634e-15,0.9999999999269028,-3.616183744713215e-15,-4.3592670488465724e-11,-3.195497215684497e-12,-1.4448383388646586e-13,-3.0995951121339897e-15,0.9999999999380027,-8.479754072597676e-12,1.0937451346758044e-11,1.1316247010363451e-11,6.247923308003198e-11,-5.859457684386507e-15,9.674058792784715e-12,1.0288114139050616e-15,0.999999999916168,7.184688676561282e-11,-5.203970697786526e-12,0.9999999999241531,8.844302798720921e-11,2.2154112128241486e-14,7.456824741688889e-11,-6.617211736504922e-12,-4.1082771883566484e-14,0.9999999999728865,9.332558321032564e-11,-7.16114816662378e-11,7.794297680856848e-11,0.99999999995966,-4.9058424628338896e-11,-5.196191509397564e-15,1.0186025411155803e-11,5.874434157481159e-15,-2.600735106747751e-15,2.2235338433308126e-14,2.9147111545713764e-14,-7.509589597076674e-16,2.2194207245753807e-14,-6.954852625982053e-15,-6.06329008700787e-14,-6.340276971845944e-17,-1.891775178050618e-11,2.3693453730226986e-14,1.0167516967192622e-10,-4.211051646336857e-14,2.9777955026061745e-14,1.173413827530937e-14,-5.208554296230347e-11,0.9999999999680665,3.2460296139210865e-15,7.103116181720143e-12,2.2433281861815e-15,1.6784620773433845e-11,-9.707713357484355e-16,0.9999999999538117,-4.805126584401369e-15,2.1489713301311974e-11,5.20380524933128e-15,2.3111392793831977e-11,-2.153278753627997e-11,0.9999999999462666,-6.959785753329997e-15,-7.526211569636531e-11,-8.331805433043245e-11,1.6541418072769996e-11,-1.9120759532734264e-11,1.9507953058477113e-14,-8.08686602502822e-16,-9.102819448826275e-12,9.421708704105162e-15,1.8578939837046382e-12,-9.68388472869771e-11
-1.1741857337474783e-11,-5.440508740630005e-15,7.011814428108115e-19,4.400672116863339e-19,1.378294127909041e-15,5.152375608625083e-19,-1.0859530297604956e-11,-5.440511126350373e-15,9.25622747367778e-19,1.0313326800507021e-15,1.345822811742714e-15,1.0523668917392312e-18,7.944738567173989e-19,5.692909185403296e-19,5.826991292733871e-19,1.6415836431984392e-15,1.1979459462927965e-15,1.5074867955218407e-15,4.0338174268376727e-19,1.5698360030647909e-15,7.447869037614042e-19,5.745565527605526e-19,6.959267040726259e-19,5.83257132339235e-19,-5.4406761747441e-15,5.437169510442603e-19,5.569809867458573e-19,1.374365463931662e-15,6.72583038214056e-19,2.0940236240432022e-15,9.63967976270172e-16,1.4378744588601441e-15,5.445641075399617e-19,3.940489300288729e-19,8.011567705069674e-16,-1.085926431340753e-11,1.0632209526469979e-15,1.0585369135011177e-15,6.446869438446415e-19,1.003455747996738e-15,1.7069756332875078e-15,-5.440872472074119e-15,-1.085957424855191e-11,6.397044763350964e-19,-1.0859604269155026e-11,7.756731124146415e-13,-1.085944019715935e-11,4.2435238221578612e-19,-5.440722956666711e-15,9.948140956204913e-16,-5.4403948861597304e-15,1.480393089728154e-15,1.5210459954471916e-19,1.0267837359468116e-15,1.3992478247550924e-15,1.0141504783542226e-15,4.953401607057194e-19,6.931207453093959e-19,-5.440609291041695e-15,8.607187542593662e-19,1.1826589106135302e-15,6.872320208274944e-16,1.2604469691677872e-15,1.0095608343339024e-15,-5.440373278450968e-15,1.266387165662948e-15,1.422635422916479e-15,4.517606745349619e-19,1.3192480779927559e-15,1.2382469354907588e-15,9.217367448944187e-16,9.3064150199294e-16,-1.0860471190435933e-11,1.4681696561993047e-19,9.966734183711153e-16,-1.0859664850027482e-11,4.086749550235262e-19,4.014326652951463e-19,1.38094142837454e-18,1.2201956128975673e-15,5.485214959835206e-19,-5.4402697410640815e-15,1.4379975409987643e-15,1.0297925044996323e-15,1.3213803436159776e-15,-1.085914399838979e-11,1.4999000930479386e-15,9.896863081331629e-19,1.1306013947068563e-15,1.1760627616032422e-15,8.53829777162615e-16,8.102753856849558e-19,5.76852210598564e-19,4.436017046661969e-19,1.2517791483509148e-15,1.1891063964208485e-15,6.036078564036836e-19,9.046534737075384e-16,1.0225916766214373e-15,1.2937913501589742e-15,1.6778001525036177e-15,1.1651897674217274e-15,1.1033142181294611e-15,1.2800159456724296e-15,1.2358903062889257e-15,-5.439486813195615e-15,1.1177979467003346e-15,9.503214251372127e-16,8.256773105099386e-16,5.712914885300232e-19,5.421573409348964e-19,-5.440436345637982e-15,1.0124318241899657e-15,1.3557955910818715e-19,1.2128151799941277e-15,5.141781366387334e-19,5.467734326866087e-19,-1.0859785776112946e-11,1.0532153058983276e-15,8.654115338244153e-19,1.063647764854824e-15,8.917140340439281e-16,1.1839656152100508e-15,6.591759650979983e-19,8.535868826643661e-16,1.1463012290209156e-15,8.714504295821952e-19,4.2859776298742366e-19,1.1778026920466661e-15
1.000000000016424,1.0000000000191984,4.99753588134446e-15,-8.143350891845943e-11,1.0057036530509328e-10,9.786485308882577e-11,1.000000000021136,1.0000000000121243,1.3702416293931219e-11,-4.502766500081098e-12,-7.949987658277175e-11,-4.655858274332984e-11,8.0898716322796e-15,2.3393418763062552e-11,-2.5543195204915534e-14,1.5490693063805742e-11,-8.487982748667447e-11,-3.68244312579205e-14,4.1131495947661506e-11,3.712001812692717e-15,2.4394009382077656e-15,-3.982794233532884e-14,1.0041816450326762e-11,-2.206636367774935e-11,1.0000000000167868,-8.964323979341001e-11,-1.2479089694190032e-11,-1.99082830535089e-14,7.986716636492694e-11,-5.812727430411187e-11,-1.258129252391964e-15,9.566132062456345e-11,8.966634593460606e-12,-6.316750882114457e-15,7.811939604185616e-16,1.0000000000369746,2.0331240293128945e-11,4.205477123558122e-15,-1.2714240977489691e-12,4.5221028066749254e-11,4.608519470166214e-11,0.9999999999895838,1.0000000000195157,6.783541240227501e-16,0.9999999999652737,-1.085944019715935e-11,1.0000000000331686,-9.456194211160673e-15,1.0000000000068783,-9.46324943265152e-12,1.0000000000106353,2.348742350256109e-14,4.6315561112225176e-17,1.652984554976294e-11,-1.1505304052035087e-14,-2.3876026348950044e-16,8.60228199022894e-15,-2.374265275623648e-12,0.9999999999940137,-3.615931298420355e-15,-2.1838676443075633e-14,-3.195474774548544e-12,-1.4426085226077304e-13,-6.186602976996926e-12,1.0000000000051128,-4.2483196544872866e-15,1.0937739430633403e-11,5.669013850263705e-15,3.1300377539677326e-14,-5.8596152319678865e-15,9.673966934415914e-12,2.0538116879167967e-12,0.999999999983277,3.5993550416029033e-14,-2.607119983631854e-15,0.9999999999912635,8.844308684016172e-11,2.2154259906062086e-14,3.7356840998232837e-14,-3.3153033430282755e-15,-8.200640687960935e-11,1.0000000000399978,4.675436227866716e-14,-7.161128927562749e-11,7.79432196907285e-11,1.0000000000267721,-2.4577117640306156e-14,-1.0371744817457225e-11,5.102772686607096e-15,1.1726310296695671e-11,-2.6006991498856897e-15,4.438370380293929e-11,2.9147304789411183e-14,-1.5007469313403888e-12,4.430250318136008e-11,-6.954609413170837e-15,-1.2103005310923894e-10,-6.35250322889848e-17,-1.891771393907981e-11,4.729513029453661e-11,1.0167563341275645e-10,-8.405680973507469e-11,2.9777345012215093e-14,2.3422572068774168e-11,-5.208560280303378e-11,1.0000000000351772,3.2460784181817355e-15,3.557613271484493e-15,2.2433342084586444e-15,8.408939664871696e-15,-1.9373106881823424e-12,1.0000000000209233,-9.591098952005086e-12,1.0765592528847458e-14,5.2039166347089626e-15,1.1578136345630415e-14,-2.153259955164359e-11,1.0000000000133766,-1.3891995582956066e-11,-7.526239694011179e-11,-8.331811219156199e-11,8.286999993672653e-15,-9.579299459358901e-15,1.950809345679134e-14,-8.087719306927685e-16,-4.5603119098562204e-15,1.8807229905913422e-11,9.303911694063174e-16,-9.683869822489358e-11
-1.9749984956980214e-11,-1.8876587142344753e-11,1.5470580888719882e-15,1.4732798582073805e-18,1.4386532365147851e-19,1.7020296789402514e-15,-9.45678305413048e-15,-9.45683926175389e-15,4.108420283580862e-19,1.2752754726873676e-15,8.812027390530228e-19,1.273428864101463e-19,1.9746793345063526e-15,-3.606211174282493e-20,1.0210358634127074e-18,6.719924237859581e-19,7.714808993979709e-19,1.3450992585368133e-15,8.069480112584449e-19,-3.223628000979739e-20,9.053318074032164e-16,1.7321968144628897e-15,2.1146232352472678e-19,1.3447705148975643e-15,-9.456413301519567e-15,1.5117921865629865e-15,2.501058786655233e-16,-4.591571927251742e-17,1.6127007068587622e-15,2.3383768455935746e-15,2.476566797783951e-19,9.58071644085922e-16,3.2912479912483035e-16,1.2598397258815803e-15,1.0258421113711686e-15,-1.8875564629544587e-11,1.2938833599052862e-15,4.451187137533597e-19,5.961102054041347e-16,3.8722601617684095e-16,1.2167812261733966e-18,-1.887501657054906e-11,-1.887660876489527e-11,1.0518674355604836e-18,-1.887556986854677e-11,4.2435238221578612e-19,-9.456194211160673e-15,7.763804082577295e-13,-9.456360209669217e-15,8.832006419945818e-16,-9.456352847429691e-15,3.35937105599028e-19,4.387658414416482e-16,8.629512334198905e-19,1.6647650130178317e-15,1.176227960683889e-15,2.3764525299274645e-19,1.4863920154621925e-15,-9.456635138396632e-15,2.0492399268034943e-19,8.925502759655083e-19,4.565036318567812e-19,5.764119368305233e-16,7.5169156570333215e-19,-9.45634695143854e-15,1.295355874749341e-15,7.344784570434777e-19,1.7711034438763125e-15,7.483430909929899e-19,7.927509811924195e-19,1.6733558917595454e-15,6.747638088203616e-19,-9.456715281185296e-15,5.819070868575143e-19,4.752436962573549e-19,-9.457022235920782e-15,6.556541877600973e-19,9.021716412413812e-19,1.9578138249784253e-15,9.041112098833306e-16,9.114026544457799e-19,-1.8875079563468547e-11,1.4573081963243082e-19,9.384163742013916e-19,1.0680241002464534e-15,-9.456945220762137e-15,4.929380585158975e-19,3.986005489488368e-19,5.743349838542003e-19,6.3483896265985e-16,7.319197255552651e-16,1.7604494359271933e-15,2.4822547736216576e-15,1.5105404160494877e-19,2.180671581379624e-16,1.8616210109826274e-19,1.7957067558236043e-15,1.0651096020742963e-18,5.544550426070247e-19,6.909727403764852e-19,4.189378479980033e-19,7.690179907652548e-16,1.128836515178457e-15,7.870410167598093e-19,7.165186507632375e-19,-1.887523493939009e-11,8.931515996154386e-16,3.1981565156803357e-19,8.952134876633017e-19,-1.4209903119341524e-16,1.3537197995199948e-15,-9.456383043061338e-15,3.391366454704046e-19,1.0269144256884442e-15,3.2357081748577007e-19,9.671231416761447e-19,4.1766778311149255e-19,-1.8875711336900608e-11,5.941916751333496e-19,2.3951735881040114e-15,8.363934788115066e-19,5.14078742389863e-19,1.944625550107449e-15,3.1666252323404385e-19,6.835849978543861e-19,6.536954967550865e-19,7.154484095435076e-16,6.720921546933616e-19,8.614677468087618e-19
0.99999999999095,0.9999999999936927,9.975289749119918e-12,-4.0796675621749854e-14,5.0382944119141084e-14,9.786410491897758e-11,0.9999999999956292,0.9999999999866166,6.864195707048627e-15,-2.25616233858069e-15,-7.950069116817346e-11,-2.3324487656097254e-14,1.6147607091409182e-11,1.1719451346842399e-14,-2.5543526287673676e-14,1.54897639325045e-11,-8.48804806064508e-11,-3.682523027557771e-14,2.060552233805701e-14,7.410440120897423e-12,4.868568734270067e-12,-3.9828180058408674e-14,1.0041310989003512e-11,-2.2066980332148807e-11,0.999999999991279,-8.964390433514625e-11,-6.251961349631797e-15,-1.990835460918644e-14,4.001116003393984e-14,-5.812838424932529e-11,-1.2581577204432597e-15,9.566073816836661e-11,8.966325695250574e-12,-1.2608956774265593e-11,7.809621811704135e-16,1.0000000000114677,2.033059190866796e-11,8.394590251916236e-12,-6.372949220026413e-16,2.2654316085611422e-14,2.308706579997821e-14,0.9999999999640748,0.9999999999940083,6.785110458271438e-16,0.9999999999397674,-5.440722956666711e-15,1.0000000000068783,-9.456360209669217e-15,0.9999999999821492,-9.463711248415906e-12,0.9999999999851272,4.6882868167492033e-11,9.221700144903558e-14,1.6529280863228977e-11,-2.2966949293329692e-11,-4.768337519311121e-13,1.7171817008039335e-11,-1.1891063351133368e-15,0.9999999999685051,-3.616349416160976e-15,-2.183895769049441e-14,-1.6013458245011382e-15,-7.242418142687636e-17,-3.099974682288367e-15,0.9999999999796058,-4.248327252986328e-15,1.0937323628468932e-11,1.1315495912910572e-11,6.247868046276404e-11,-5.859863424205168e-15,4.84598978602518e-15,1.0279882099048658e-15,0.9999999999577703,7.184648249463882e-11,-2.607630855267007e-15,0.9999999999657575,8.844253193128309e-11,4.4222001361655224e-11,3.735690234599085e-14,-6.61753459444937e-12,-4.108388689553748e-14,1.0000000000144904,4.675352975442353e-14,-7.161192413684373e-11,3.904670836949185e-14,1.0000000000012645,-4.9058690037517736e-11,-1.0372105068650222e-11,5.102698721226745e-15,5.8742660393063055e-15,-5.190998404047234e-12,4.4382875818546706e-11,5.817986591009613e-11,-1.501221584985665e-12,4.4302177155784755e-11,-6.9547164047973876e-15,-6.06332898307281e-14,-1.2707330508838644e-13,-9.477407539506363e-15,2.369313579599555e-14,5.093671706576001e-14,-4.21106616781111e-14,2.977753411974885e-14,1.1733586375421936e-14,-5.208620680347176e-11,1.0000000000096694,6.479446950872031e-12,7.1026754084244734e-12,2.2431033783733884e-15,8.408715990576428e-15,-9.709560857946468e-16,0.9999999999954163,-4.805393448533824e-15,1.0765826811044938e-14,5.203703154212189e-15,1.1577861964423214e-14,-2.153303717909897e-11,0.9999999999878695,-1.3892606786070898e-11,-7.526328237643589e-11,-4.1740852179149894e-14,8.286402269943845e-15,-9.57949052097296e-15,3.894044299673196e-11,-1.6146030423108993e-12,-9.103354740672303e-12,1.88066501369577e-11,9.30638119353243e-16,-9.683922149555916e-11
-1.0342423077461635e-11,-9.463515671180014e-12,5.486616951556056e-19,1.1019641139063303e-15,5.790692031406516e-19,7.405542608047102e-19,-9.463378004865359e-12,-9.463498350582992e-12,1.5683215574452114e-15,9.138116474209343e-16,5.98388303434831e-19,1.2079802507566187e-15,1.4939941504773408e-15,2.6276073348827507e-19,1.0899303676269164e-15,1.492835730686073e-15,8.245511235267387e-19,7.06435748171793e-19,6.23002002109868e-19,1.223848149696343e-15,1.0357858090800249e-15,6.789840328088067e-19,7.44703624402629e-19,7.01794984147288e-19,-9.463302339232762e-12,1.1717077230402548e-15,9.285103871748059e-19,1.031614746486861e-15,8.83147591347146e-19,8.065289357632155e-19,2.9157044726531304e-19,1.128009421165389e-18,8.273561598220216e-16,1.1214689912941275e-15,7.060470229764163e-16,-4.741079724362069e-15,9.879872744102835e-16,4.47315938930208e-19,5.377778662269831e-19,8.404227844682666e-16,1.1920046284870438e-18,-4.740488954233023e-15,-4.741302879335925e-15,5.395018274139266e-19,-4.740859904105536e-15,9.948140956204913e-16,-9.46324943265152e-12,8.832006419945818e-16,-9.463711248415906e-12,7.754852387178049e-13,-4.740880932364979e-15,1.2927127025039015e-15,8.740050607352544e-16,8.883064108860826e-16,1.2747438359220036e-15,6.86505974877315e-19,3.854314900863356e-19,3.79755296498498e-19,-9.463686832508954e-12,8.854369627197169e-16,7.266408927452852e-19,6.64939641725207e-16,4.978480019890103e-19,7.916887352596186e-16,-4.7410745907817946e-15,6.452248716939975e-19,1.1021461036480992e-15,1.1809454700474932e-15,1.098236446980438e-15,1.0676894373200276e-15,8.761887906883183e-16,8.415307088788193e-16,-4.741302190686279e-15,1.146982107326312e-15,4.640682919739252e-19,-9.463568616923392e-12,1.0811521458788573e-15,6.3014437115414095e-19,1.503606332782192e-15,7.852106942614914e-19,1.4034735163707742e-18,-4.7408551130156665e-15,1.1569125278273201e-15,3.304742801332976e-19,7.24565876884087e-19,-4.740994403693289e-15,7.47770581293867e-19,7.495696624766407e-16,3.5116457070563125e-19,4.486763151639461e-19,3.501717860355536e-19,2.681697757802413e-19,1.2450603140573543e-15,9.95542522193123e-16,1.0211975436351673e-15,9.150125289828617e-16,1.0721679982200373e-15,4.223519733760663e-19,5.972500366282705e-19,7.641289017101194e-19,4.842300428272554e-19,4.847572010428925e-19,4.8352585775893835e-19,1.0065949218957828e-15,1.0334661116798035e-15,-4.740580894209929e-15,9.549096704861454e-16,4.786150987619491e-19,7.515317388842019e-16,3.2043716202649634e-19,4.874057044306728e-19,-4.741278818596586e-15,8.838354576844262e-16,1.132101003757641e-15,9.519194471823502e-16,3.8554714755821883e-19,5.573444617838563e-19,-4.741093589070174e-15,9.40838064120111e-16,1.100629915633364e-15,4.978203423329348e-19,7.92093324128867e-16,1.158665388549316e-15,3.0812453419306587e-19,3.705747800553312e-19,9.683967017529692e-16,1.0309927030760393e-18,5.34302418366838e-19,1.008740086238663e-15
0.9999999999946693,0.9999999999974485,9.976273525569831e-12,-8.143319471443951e-11,1.0057052810801526e-10,4.902774933217068e-14,0.9999999999993857,0.9999999999903736,1.3702846865092993e-11,-2.2554848802084806e-15,-7.949978026468448e-11,-2.3324642380881144e-14,1.614870415340713e-11,2.3393586327626513e-11,-5.098613211166804e-11,1.5490817272452633e-11,-4.252288987539634e-14,-7.350508562471273e-11,2.060579304281253e-14,7.411266556579024e-12,4.869462617448233e-12,-7.950039034210982e-11,1.0041834985253738e-11,-1.1055021846175015e-14,0.9999999999950367,-4.4908746182529785e-14,-6.2516929103219285e-15,-1.990831912872504e-14,7.98672505392118e-11,-2.912026691408976e-14,-1.2580314735592903e-15,4.792384860984505e-14,4.4923859894459605e-15,-6.316611204742647e-15,7.810642819613313e-16,1.0000000000152238,2.033126199413439e-11,8.395236853221305e-12,-6.37575599761653e-16,4.522111344489017e-11,4.6085376535978424e-11,0.9999999999678335,0.9999999999977653,6.790422662284313e-16,0.9999999999435235,-5.4403948861597304e-15,1.0000000000106353,-9.456352847429691e-15,0.9999999999851272,-4.740880932364979e-15,0.9999999999896629,2.348717037888291e-14,9.277799375615498e-14,8.281048479477277e-15,-1.1505426913304954e-14,-4.761287887204747e-13,1.7172326519533123e-11,-2.3742850916756166e-12,0.9999999999722624,-7.217449519042114e-12,-4.359234161285382e-11,-1.6007656822073732e-15,-1.4388055979793358e-13,-3.0993812545774313e-15,0.9999999999833639,-8.479405546790082e-12,5.479607333085465e-15,1.1316425316982389e-11,6.247963983851612e-11,-1.1695615004500127e-11,4.8461421504651154e-15,2.0539842593135465e-12,0.9999999999615267,3.5993233199352255e-14,-5.2035764833095385e-12,0.999999999969515,8.844343736658853e-11,2.215460747966836e-14,7.456863043254912e-11,-3.3149348600478487e-15,-8.200634255064239e-11,1.0000000000182485,4.6754118988795833e-14,-3.587583615927378e-14,7.794343104583263e-11,1.0000000000050207,-4.90577761160731e-11,-1.0371606427450049e-11,5.102921125474563e-15,5.8745651070761356e-15,-2.6007714492020747e-15,2.223498046107149e-14,5.818106396904309e-11,-7.519311447457021e-16,2.2193998295793085e-14,-1.3881625165332401e-11,-6.063301251772837e-14,-6.401833212279785e-17,-9.47732605474829e-15,4.7295382825258546e-11,1.0167610054890546e-10,-4.211048783942493e-14,2.977797780465619e-14,2.3422939502703626e-11,-2.6093488185222968e-14,1.0000000000134281,6.480086979051896e-12,3.5586123518923495e-15,2.2429844287010443e-15,8.40937877808974e-15,-9.707458447302127e-16,0.9999999999991729,-4.805213463711075e-15,1.0765941572830392e-14,5.204292188799269e-15,2.3111715279596572e-11,-1.0787266131411856e-14,0.9999999999916277,-1.3891845098843201e-11,-3.770459480931401e-14,-8.3317919899086e-11,8.287015773941117e-15,-9.579271748299177e-15,3.8940867018960227e-11,-8.087255350887834e-16,-4.560195161523636e-15,1.880745523969554e-11,1.858381778775645e-12,-9.68385054338506e-11
4.5948496193325504e-11,4.688334849495868e-11,1.2609671470295036e-15,5.61205420947916e-19,1.9898168880332493e-15,1.5946378110191119e-15,4.688350377607684e-11,4.688330030364853e-11,2.6644971217981508e-15,5.332380599920831e-19,1.6385545598408758e-15,1.036644532897533e-18,2.057292234917249e-15,1.636689444097685e-15,1.2177671345464616e-15,2.09731191384589e-15,6.396111129973705e-19,5.504102038583574e-19,1.276652354376431e-18,2.1477938409774107e-15,1.4561982901448603e-15,1.1428469527483756e-15,1.250546022407518e-18,8.647461678947871e-19,2.348714131892479e-14,1.5338644053459572e-15,1.5533539527746687e-15,2.07313561080761e-15,1.5246346443415152e-15,2.3646560806717095e-15,6.754219834676774e-19,8.661249163990509e-19,7.418326887475184e-19,9.198874168804013e-19,8.405732549968364e-16,4.688356785410799e-11,6.909590379167799e-19,3.600646136122863e-19,5.833851819191738e-19,8.270285894627487e-19,1.9326990339676144e-15,2.3486730994129844e-14,4.6883232034470925e-11,5.558452357316433e-19,4.688286371061937e-11,1.480393089728154e-15,2.348742350256109e-14,3.35937105599028e-19,4.6882868167492033e-11,1.2927127025039015e-15,2.348717037888291e-14,7.758965340094653e-13,1.5292778465801776e-15,1.4892808387910157e-19,8.247807706821938e-19,3.2301292085521307e-19,1.5391451487632825e-15,1.7456102632614986e-15,4.688305606143514e-11,1.42955225570415e-15,4.5265816432953445e-19,5.257199085259387e-19,8.046309570833558e-19,1.1325784666683734e-15,2.3487090612299966e-14,1.4259486302280939e-15,8.465095634902421e-19,1.4206133157648803e-15,3.4249513562845483e-19,1.4588453695684403e-15,8.581132353566034e-16,3.9972432515905067e-19,4.688212623176445e-11,1.3265448670354104e-18,1.0435080931563253e-18,2.3487195749368903e-14,8.92907115625087e-19,9.951130144144023e-16,1.919836318998231e-15,1.3820660776697835e-15,1.2068363025660679e-15,4.688388675054831e-11,1.5093373030361279e-18,7.211259236030568e-19,1.697251064277347e-15,4.688411998324538e-11,1.811998813504708e-15,5.568004493455644e-20,9.320422895954976e-19,9.31472118082073e-19,5.822542888841191e-19,7.844912324449068e-19,1.036053970911904e-15,6.571640714579646e-19,2.017086895522397e-15,1.6046524762829274e-15,1.6251470087029532e-18,3.496604267141938e-19,6.449996720679855e-19,7.309242418535807e-19,2.323159147984027e-15,1.6841067894314252e-15,1.2950031858220056e-15,1.6683689118364508e-15,3.847366630319265e-19,4.6884108808119034e-11,1.455229801964282e-15,9.682273535073212e-19,8.57433957000854e-16,1.3197200057882483e-18,4.647367601915374e-19,2.3487668961849642e-14,1.3987020250013987e-15,1.7313930166684209e-15,7.957828996138507e-19,1.6480388663475813e-19,1.5625463605243694e-15,4.68827877970972e-11,5.0163228701816045e-19,8.95801732558085e-16,1.0083502018497414e-15,6.321305371018423e-19,3.330026731863936e-19,1.0647890858727164e-18,9.47582666655422e-16,1.1942758718494636e-15,2.5021392038331396e-15,1.360924870410124e-15,1.4463526176938415e-15
-7.814635257740415e-13,9.25377872952457e-14,5.026349939103045e-19,7.970142148615019e-16,6.876902427565757e-19,5.009853053676426e-19,9.258072385186106e-14,4.598610974570868e-17,1.1817371965632128e-18,4.62267568775852e-19,1.0658621497884306e-15,1.5291443505528941e-15,1.2752120547007175e-15,6.951503883530596e-19,8.709198645898322e-16,6.904259414475605e-19,9.350648726081033e-16,5.503258744148375e-19,6.578974574045561e-19,1.6063917332744775e-15,1.232548282550107e-20,7.343075722413084e-16,1.5213700118814345e-15,5.598880936505443e-19,9.243143364087342e-14,1.060204475349634e-15,5.414476048567722e-19,6.425988296222383e-19,9.876581667660275e-16,1.668727073255504e-15,9.77024548946088e-16,1.350549578375101e-15,1.7532324298385266e-18,5.742751468582127e-19,-3.447839052071787e-20,4.586012295209718e-17,6.275676709881088e-19,9.557199462392382e-16,4.853206770270545e-19,1.0455456229992935e-15,1.2821343752358158e-15,4.590229546969184e-17,4.6462969094561103e-17,4.675470862612272e-19,9.223771543131028e-14,1.5210459954471916e-19,4.6315561112225176e-17,4.387658414416482e-16,9.221700144903558e-14,8.740050607352544e-16,9.277799375615498e-14,1.5292778465801776e-15,7.756700572479826e-13,7.166622329783547e-16,1.1127099191205417e-15,7.871608944974142e-16,5.709932512220131e-19,5.045172229754797e-19,4.6181308344008776e-17,5.106588537900457e-19,9.524896736650435e-16,6.210506501316449e-19,1.2278062057252626e-15,8.887463980907175e-16,4.599820805043906e-17,4.815112271532605e-19,1.5790134175839362e-18,2.8028186694952294e-19,1.0652408320155076e-15,1.0172469890470727e-15,5.479079360178002e-16,6.171023455350478e-16,4.569441152806691e-17,1.1688266602553526e-15,4.363678042541714e-19,9.264485166594503e-14,1.080169738160028e-15,6.605564285508287e-16,1.3611703914206499e-15,1.0730699921057201e-15,8.474633287203768e-20,4.6277429749917896e-17,1.3852775069587347e-15,8.487851615422405e-16,6.535169463609175e-19,9.317370541151686e-14,7.967910148635207e-19,2.3660532495442423e-19,3.8100037618121573e-19,1.1127331506269128e-15,3.4397990743976845e-19,5.381151288048996e-19,1.2300519878748772e-18,1.0304571489704266e-15,7.32070731408048e-19,1.2176362069748e-15,7.888418822410678e-16,3.852214303386419e-19,4.823148805553618e-19,9.387520852014541e-19,7.021610534181663e-19,7.056353343888547e-19,3.45349196792143e-19,7.92977252525485e-19,4.0649558672819443e-19,4.6051073539363016e-17,7.827638253704556e-19,7.469425609449277e-16,4.5960507941104665e-19,7.595349953916589e-19,3.6817395938936907e-19,4.621282212804206e-17,4.869918309239019e-19,1.0620282960425367e-18,1.1837480154254612e-15,5.501708549841223e-19,7.234133105771918e-19,4.621803154227405e-17,3.9008831174860365e-19,1.2041020098212992e-19,3.349010867098186e-19,7.943817378644442e-16,4.950148393409547e-19,1.5642842502003043e-15,6.795626773216572e-16,8.944370871481417e-16,8.547330792149415e-19,1.1036453306474059e-15,1.0119830417624793e-15
1.5656444812189098e-11,8.28065565453272e-15,6.215959957725399e-19,1.2146592546177751e-18,1.0110445664831117e-15,1.5215535671271478e-15,1.6529542097607494e-11,8.280812477845272e-15,7.68949301183804e-19,1.1333504540397154e-15,1.5397818358169594e-18,7.82908396672112e-16,8.0792321475302055e-19,4.1430643611744627e-19,6.433243666177519e-19,1.632376793342546e-15,8.793481425757501e-19,4.1470621622653685e-19,8.873983464247949e-19,9.979169553175325e-16,5.236937852148369e-19,1.3632803362954891e-15,2.205026984131585e-19,7.236459782113655e-19,8.28105978208718e-15,1.37559717184651e-15,6.395327823533933e-16,1.0927108360256887e-19,6.338745028411133e-19,2.166239028100653e-15,1.4063451782797906e-19,1.129591366135558e-15,1.6258641450780394e-20,1.2237687082621948e-15,8.883581008611863e-16,8.280812957701883e-15,1.1009120104629231e-15,9.096437125642571e-16,3.2791346672533974e-19,3.3895593550725514e-19,1.9192380980210836e-15,8.28102115507783e-15,1.6529422383944375e-11,6.334945216131748e-19,1.6529920475695746e-11,1.0267837359468116e-15,1.652984554976294e-11,8.629512334198905e-19,1.6529280863228977e-11,8.883064108860826e-16,8.281048479477277e-15,1.4892808387910157e-19,7.166622329783547e-16,7.758217257223004e-13,1.442466423847393e-15,1.0685122868829677e-15,6.376684978197032e-16,6.169611239995028e-19,8.280690330578862e-15,5.581321107249643e-19,5.395943216931977e-19,3.914626970895185e-19,5.937793077584924e-19,8.617992811541273e-16,8.280934231932179e-15,1.2543965523969241e-15,9.834330086803147e-19,5.92017380206828e-19,1.324145223479867e-15,1.200852594960832e-15,5.250556227940776e-19,5.084587701771661e-19,1.6529017787378227e-11,8.699158083267635e-20,5.512211859463107e-19,8.279660569218212e-15,7.079840295094483e-19,8.799894843636859e-19,1.800162263561521e-15,1.058315038931453e-15,1.4554728203294088e-15,8.281000730525793e-15,5.511881358023757e-19,1.038477822226907e-15,1.1349077661599665e-15,8.280604864722912e-15,1.1844531233000124e-15,7.999762456930234e-20,9.697151585108755e-16,6.612789172577016e-19,3.9945181572819693e-19,7.580271792457289e-19,9.457350647873868e-19,1.1543680643872785e-15,7.170404461893394e-20,7.493970353671014e-16,1.4464333364317594e-15,6.861614078148131e-19,1.1343650932420781e-15,6.502471360391313e-19,1.0138740589548829e-15,2.18642923806655e-19,5.625043561831268e-19,9.030543225542837e-16,1.3622579191605316e-15,1.6530490601585727e-11,4.942126555603135e-19,9.886018729123265e-16,4.778031454244333e-19,5.607011689079041e-16,1.163806227940408e-15,8.280958702702301e-15,8.331064813317143e-16,1.126419123094674e-15,6.047441662441193e-19,2.4065757821345674e-19,9.058820499687135e-19,8.280541991756352e-15,1.1361575154684143e-15,1.7320964177345206e-15,1.3161477581536394e-15,7.509269966655099e-16,3.964164388111107e-19,2.478166289382759e-19,5.432708155315006e-19,1.1986799011856794e-15,7.127386039966389e-19,5.603518989949904e-19,1.0763025533036312e-15
-2.387770624573703e-11,-2.2966767555558834e-11,1.0230142700313946e-18,8.006648884543457e-19,1.60342783957729e-15,1.0845347097867123e-18,-1.1506164640852793e-14,-2.2966734827162025e-11,2.0047609371267296e-15,5.728816380032879e-19,1.95952064347876e-15,1.0907682977699435e-18,2.3791496796717223e-15,-1.7847914272358073e-19,9.057838481658014e-19,2.305039469057987e-15,9.824644386798544e-19,6.756094263772486e-19,1.4144234534681412e-15,1.5001976663034276e-15,8.227095528391913e-19,1.7587132334213749e-15,9.785340570614023e-19,1.6575782121630216e-15,-2.2966204675598378e-11,1.8228400573559164e-15,1.0148145447246266e-15,1.0982053645034844e-15,1.880131041686105e-15,2.8207124227486355e-15,3.8987007216593113e-19,1.6721317016750733e-15,4.863002353723086e-19,1.2582800592722195e-18,5.481491865902046e-19,-2.2965985424326078e-11,8.440507973671469e-19,7.902662666717975e-19,1.0423729959257496e-15,1.0956931613877715e-15,2.5337052104973417e-15,-2.2966175131177705e-11,-1.1505691535492484e-14,1.698811561449826e-15,-2.2966330794064505e-11,1.3992478247550924e-15,-1.1505304052035087e-14,1.6647650130178317e-15,-2.2966949293329692e-11,1.2747438359220036e-15,-1.1505426913304954e-14,8.247807706821938e-19,1.1127099191205417e-15,1.442466423847393e-15,7.758708402914393e-13,1.378834668117605e-15,1.0281670598353973e-15,6.637861250725978e-19,-2.2966931265455243e-11,5.511415037374553e-19,1.557789825660128e-15,1.193288734932448e-18,1.2553414633838829e-15,4.949261332491211e-19,-1.1505614706671982e-14,1.0501026072284976e-18,1.3926540380966951e-15,1.9333106156951373e-15,6.824046789189984e-19,1.6376922538551916e-15,1.5580458260353414e-15,1.420821064844635e-15,-2.2967292187923606e-11,1.6787508531298815e-15,1.1336658297548056e-15,-2.2966970468128594e-11,1.0085414663114911e-18,1.5672071225362908e-15,2.3357922448576946e-15,8.192392680843316e-19,1.886984284863587e-15,-2.296549904488354e-11,7.623477040768945e-19,7.595255796733367e-19,8.940922046094936e-19,-1.1505651975908578e-14,8.010555836130693e-19,1.0253122488685075e-15,1.3984310699151546e-15,1.216193741261269e-15,1.0606761490064707e-15,1.861054197126839e-15,2.207854466140628e-15,1.3251200084825037e-18,1.2272689591292211e-15,5.163593314342337e-19,1.8153092859172686e-15,7.556258292631352e-19,3.6520027499580063e-19,1.0934674901747804e-18,1.5500538300611676e-15,6.60958860555831e-19,7.121551508097373e-19,7.428818631496396e-19,9.037144610724342e-19,-1.1505340921615853e-14,7.144908748755732e-19,1.2891644105997585e-15,1.2590807864479157e-15,1.0180052706777765e-15,7.564152812664564e-19,-1.1505582439517581e-14,1.2825624332330729e-15,1.6152627065489265e-15,1.2221413068479496e-15,5.358627944614889e-19,1.3907984280207181e-15,-2.2966474063056045e-11,5.960342563023146e-19,2.0607766445811753e-15,7.305104456081272e-19,1.1977385632451555e-15,2.000307186571517e-15,8.241283682769286e-16,1.1395631328155469e-15,1.1698677991343438e-18,9.044984307244923e-19,7.906368952639343e-19,1.5021340756740746e-15
-1.3535141721270785e-12,-2.3901173128081384e-16,6.136215905870341e-19,7.493565985613486e-19,1.082751092848353e-15,6.863170806692535e-19,-2.389100051016514e-16,-4.766645688096235e-13,1.4272622741105978e-15,5.297989791808812e-19,1.3379533876190442e-15,9.685651227611413e-16,1.5900938689235788e-15,1.370064626127458e-19,1.2966449737256634e-15,1.565792378717691e-15,1.1752829005907982e-15,1.3403143286658174e-15,4.902042778926842e-19,7.428534813556235e-19,1.0820973794720293e-15,1.2253012373977238e-15,9.198068674431456e-16,1.1628922942097476e-15,-2.385974190522553e-16,5.294252260073143e-19,7.413393802100093e-19,7.930781680717696e-16,1.2814502478414321e-15,2.012965445046359e-15,5.601351559089164e-19,6.136491365249122e-19,4.37996896106127e-19,1.1809900947191536e-15,3.6349609722484616e-19,-4.761519088504081e-13,6.149728549359234e-19,8.987124436219177e-16,4.386812665948464e-19,2.8452101300931917e-19,8.111760089311475e-19,-2.3890191895907624e-16,-2.389481292275908e-16,1.2768997342455241e-15,-2.392837994239637e-16,1.0141504783542226e-15,-2.3876026348950044e-16,1.176227960683889e-15,-4.768337519311121e-13,6.86505974877315e-19,-4.761287887204747e-13,3.2301292085521307e-19,7.871608944974142e-16,1.0685122868829677e-15,1.378834668117605e-15,7.756558363899515e-13,4.2909564080096276e-19,4.1062038727488645e-19,-4.768689030914456e-13,8.5009705438190035e-16,1.1236220927918219e-15,7.610478867110047e-16,5.257527737560437e-19,8.295478462336877e-16,-2.389782696512703e-16,1.1790064199868994e-15,1.048184426752717e-15,1.3572529228650592e-15,1.2174679378567462e-15,6.170601827134682e-19,1.097117062378486e-15,1.0246200777896357e-15,-2.389122613914994e-16,1.189798927001382e-15,8.287582096928714e-16,-2.3894498407571286e-16,1.180065774793786e-15,1.1008638986687067e-15,1.6711412207054986e-15,4.464617672703405e-19,9.722007354587171e-19,-4.757376695935578e-13,1.0986964830617247e-15,5.3341699686497535e-19,1.134511782711385e-15,-2.3903721937350283e-16,9.14030527140452e-19,7.0603943809899e-16,2.699641976557156e-19,9.054495600511458e-16,2.9428753970445513e-19,4.3109787785882584e-19,1.6394191785121319e-15,4.430955945115346e-19,4.845527461314599e-19,7.123902996574454e-19,1.7919783540127475e-19,1.1119753199584249e-15,1.0414115916146228e-15,4.848600311381398e-19,9.82462332841437e-19,9.355556327342756e-19,1.0233069948727812e-15,5.7673621752526395e-19,7.311967334902454e-19,-2.3815630230239225e-16,9.57390778198988e-16,7.473725629594858e-19,2.8123194422030596e-19,7.420701285765638e-16,7.598562582066458e-19,-2.388033136986727e-16,3.131224556602693e-19,7.13758024776179e-19,8.858249371038273e-19,5.646292858113244e-19,1.022825655579097e-15,-4.76501668297157e-13,6.657134145988364e-19,1.4654679309329117e-15,7.432003378848743e-19,7.906273915706885e-16,8.60615199609431e-19,5.801481242212502e-16,3.936520323043577e-19,4.830458676887879e-19,4.89866223150476e-19,1.1080957680211639e-15,1.0543581973697103e-15
1.6298736556119208e-11,1.7172146345322798e-11,8.585811192344442e-16,6.694265901598293e-16,5.740844465480409e-19,1.0176447209850617e-15,8.602731930955956e-15,1.7172164431100517e-11,1.9753862066400093e-15,7.103338042084e-16,6.004468422408847e-19,1.5703262848455674e-15,6.481471373120564e-19,1.1649005492270287e-15,4.418362606403241e-19,1.087600788763215e-18,8.609398802103598e-16,1.2433548061032838e-15,1.2563873658712187e-15,8.976338683054114e-19,3.9435364465924143e-19,6.625017674926518e-19,1.5722877375326787e-15,3.613145736888211e-19,8.602747741862919e-15,1.467511771028887e-19,6.303122343876692e-19,1.6701645436254922e-15,8.923779194866045e-16,1.553301865959498e-15,5.909865449273415e-19,6.303604158524289e-19,5.599856776515249e-19,6.037341327640597e-19,4.1051852736824333e-19,8.602825374010186e-15,7.750760328012651e-16,1.4162547267395694e-20,8.536363430375647e-16,1.073357281407152e-15,1.1426047360209813e-15,8.602159674594449e-15,1.717221616141018e-11,2.6392286319135227e-19,8.602493944538045e-15,4.953401607057194e-19,8.60228199022894e-15,2.3764525299274645e-19,1.7171817008039335e-11,3.854314900863356e-19,1.7172326519533123e-11,1.5391451487632825e-15,5.709932512220131e-19,6.376684978197032e-16,1.0281670598353973e-15,4.2909564080096276e-19,7.758128925613422e-13,9.784016000419171e-16,8.602614327627282e-15,1.1370351227925967e-15,8.388368295413879e-19,4.187455200941074e-16,1.264152488805034e-15,5.330295948990305e-19,8.602504366881093e-15,3.617043905262832e-19,7.059578731415369e-19,1.4731312699768752e-19,1.0147249891100508e-15,9.775655462481135e-16,4.188197499564338e-16,4.151687188499205e-19,8.602265409263919e-15,1.1356218864348565e-15,4.487139212481595e-19,8.602806358071927e-15,1.0437269979314121e-15,5.512217881547793e-16,6.274653373032301e-19,1.0723780166872603e-15,6.274367763675855e-16,1.7172441658920994e-11,7.210353877638933e-19,7.839230148845924e-16,1.1616609871463214e-15,8.603055125842903e-15,8.044591921023179e-19,8.632830847462506e-16,9.825840917674294e-16,1.1372003962020183e-15,7.311694139610873e-16,2.5297618906924617e-19,2.278508390229648e-19,1.0108517554070391e-15,1.1782140524631642e-18,1.2731262756722518e-15,3.4879696513085457e-19,1.9974800520823801e-19,6.935546921180472e-16,5.826153427964997e-19,1.8277949515706765e-15,1.1117715423290511e-15,9.183850342467677e-19,8.54788809644767e-19,8.532146137359404e-16,8.603029096538535e-15,7.42802056400172e-19,7.005852745438784e-16,4.92671813769387e-16,1.668388355277291e-15,7.015631641649885e-16,1.7172008490725838e-11,9.188981606729567e-16,1.203568339580037e-15,5.629093859532698e-19,7.349676078237443e-19,1.1933474244021417e-15,8.602541228423669e-15,3.8505597159569265e-19,3.7337062784505134e-16,6.05636397008651e-16,7.822854050831174e-16,4.380524027399114e-19,9.552565536635422e-19,6.395761484964418e-16,8.409386768581674e-16,8.398911201901314e-19,8.161204915915296e-19,6.566124770181398e-19
-3.291745701932457e-12,-2.3748343548558196e-12,1.5108053079461764e-15,8.72303368932657e-19,6.718918869793734e-19,8.691220413280844e-19,-2.3745511341296143e-12,-1.1898225245549204e-15,1.1612477894165703e-18,8.399038905817422e-19,1.847284609877644e-15,6.818692285785385e-19,9.799692258661399e-19,1.1902474538766394e-15,8.340705509891189e-19,2.1857408452579356e-15,1.5104863132497402e-15,8.0210075288367e-19,1.322872208997039e-15,7.422434050235052e-19,7.593678124257115e-19,1.605498245523937e-15,1.5251760594271146e-15,1.530249917337073e-15,-2.3743640711501325e-12,1.6689405101738503e-15,5.169038334191539e-19,5.43024576759059e-19,1.7688607711259066e-15,2.5847677909423965e-15,9.06300265116466e-16,8.511895140694795e-19,7.540450625192385e-20,1.5692943187850766e-15,5.800541647593896e-19,-1.1894732796538612e-15,1.4981060783914407e-15,1.2081128933774655e-15,9.754072443193242e-16,1.0930841267426194e-15,1.0021174194648966e-18,-2.3744210474523198e-12,-1.1900343314980884e-15,1.4797328384240697e-15,-1.1896335971616634e-15,6.931207453093959e-19,-2.374265275623648e-12,1.4863920154621925e-15,-1.1891063351133368e-15,3.79755296498498e-19,-2.3742850916756166e-12,1.7456102632614986e-15,5.045172229754797e-19,6.169611239995028e-19,6.637861250725978e-19,4.1062038727488645e-19,9.784016000419171e-16,7.757463091560624e-13,-2.37497947430402e-12,1.0445984692984722e-15,1.4271047194329169e-15,1.0672871526384078e-15,3.0948534235473925e-19,9.488169804383093e-16,-1.189798489419494e-15,7.718466125881697e-19,5.056118792405759e-19,9.112322795366969e-19,3.310632275887142e-19,5.697685489797884e-19,1.9995260389657038e-19,1.2701905206645498e-15,-1.1899834988035674e-15,1.5624147741762259e-15,1.0356276425842607e-15,-2.374998482669288e-12,7.9676136827381e-19,9.173385823784251e-19,2.1289722864355e-15,5.115791123825414e-19,7.147327938654404e-19,-2.3737189753986574e-12,1.4136110531538548e-15,1.4424593802141125e-15,6.4409192604253e-19,-1.1900501996370658e-15,1.4387949506820672e-15,9.835678732727732e-16,7.870048092755864e-19,1.109162700767487e-15,9.880848887565893e-16,7.626886413669916e-19,1.912688473477029e-15,1.2762373342537195e-15,1.2344850729970145e-15,1.0395557008048104e-15,7.472314593708718e-19,1.3557677271427639e-15,8.681480483768354e-19,7.53462813177041e-19,1.4636079295701928e-15,1.3614902211172764e-15,1.3339335774411122e-15,4.587687752318706e-19,1.3983511207439914e-15,-2.373678002198885e-12,6.407905442080895e-19,6.847611797881144e-19,4.413393182986946e-19,2.8357053868382373e-19,5.344915181137753e-19,-2.3745070310784928e-12,6.323256234377531e-19,1.5198452096202912e-15,5.893032944287717e-19,3.834808952079904e-19,4.437217776706249e-19,-2.3746255382164893e-12,1.3707334201507096e-15,1.836552804258657e-15,1.4309694379595753e-15,1.1589877984705144e-15,9.679342479040127e-19,8.508447123515852e-16,5.283462253318837e-19,1.3236545733579256e-15,1.2180584935680532e-18,1.2469945394970741e-15,1.400368990220043e-15
0.9999999999780684,0.9999999999808271,4.997233995115871e-15,-4.079671333346928e-14,5.038297839718931e-14,4.902727636336173e-14,0.999999999982764,0.9999999999737537,6.864545919269516e-15,-2.2564531512489483e-15,-3.982753524513773e-14,-4.655890393682984e-11,1.614769218623646e-11,2.339312386637689e-11,-5.098714606311095e-11,1.5489821984448782e-11,-8.488050702069192e-11,-3.682413438314852e-14,4.1131042756616896e-11,3.7122543431118736e-15,2.4388170845007897e-15,-3.982845915592448e-14,1.0041533156463172e-11,-2.2066993345633956e-11,0.9999999999784156,-4.490920426137243e-14,-6.252412722399858e-15,-3.97391464721555e-11,7.986641393511082e-11,-2.9120526819206674e-14,-1.2583524749871398e-15,9.566079668990795e-11,4.491737156445736e-15,-1.260894979139438e-11,7.8077407571122e-16,0.9999999999986035,1.0184965953702162e-14,4.205401862087782e-15,-6.374671629361054e-16,2.26538060442015e-14,2.3087002702834806e-14,0.9999999999512108,0.9999999999811439,1.3543771393950105e-12,0.9999999999269028,-5.440609291041695e-15,0.9999999999940137,-9.456635138396632e-15,0.9999999999685051,-9.463686832508954e-12,0.9999999999722624,4.688305606143514e-11,4.6181308344008776e-17,8.280690330578862e-15,-2.2966931265455243e-11,-4.768689030914456e-13,8.602614327627282e-15,-2.37497947430402e-12,0.9999999999564132,-3.61607167784978e-15,-4.3593213154028224e-11,-1.601266202252334e-15,-7.242836923063096e-17,-3.0997128787170387e-15,0.9999999999667418,-4.248865195537009e-15,5.479060027577372e-15,5.6686623505742975e-15,6.247861674044495e-11,-5.859743652653379e-15,4.84592958266168e-15,1.0288067386552762e-15,0.9999999999449053,3.599336495921802e-14,-2.6071591159006856e-15,0.9999999999528933,4.430736736977642e-14,4.422196339090271e-11,7.456739762337207e-11,-3.3153259733273886e-15,-8.200722999594234e-11,1.0000000000016256,4.6753466308705263e-14,-3.587559639368756e-14,3.9047020611466e-14,0.9999999999884004,-2.457714911324576e-14,-5.196631939058254e-15,1.0185749332272353e-11,5.8742268829693874e-15,-2.6007193042729786e-15,4.438286626467946e-11,2.9146398105063417e-14,-7.522319332099781e-16,4.430232369908103e-11,-6.954526259589276e-15,-1.21030887344174e-10,-1.2717881234920763e-13,-1.8918325814799774e-11,2.369320779898512e-14,1.0167530775203733e-10,-4.2110527789119124e-14,2.977736159230795e-14,1.1733855043404236e-14,-2.609376785886333e-14,0.9999999999968046,3.2454562264436722e-15,3.558134783539573e-15,2.2429098642947043e-15,1.6785079546647727e-11,-1.9379286276520647e-12,0.9999999999825514,-4.805220811827439e-15,2.1489442799629465e-11,5.203831332829568e-15,1.1577862696168512e-14,-1.0787678448149377e-14,0.9999999999750049,-6.960084393657979e-15,-7.526341224392193e-11,-8.331886639734579e-11,8.286420527348546e-15,-1.912157609883754e-11,3.8940596964328126e-11,-1.6146183703326995e-12,-4.560707613188465e-15,1.88067875544032e-11,9.30341010568511e-16,-4.8513885605391796e-14
-8.087521287759887e-12,-3.616064989333965e-15,1.0539417331408138e-15,3.527884519609621e-19,7.00731780207361e-19,7.203516697809961e-19,-7.217775123520062e-12,-7.217766990053837e-12,8.69905599301702e-19,8.407149112064934e-16,5.382586101160498e-19,6.843958745830171e-19,1.2641705385391175e-15,6.688365738019848e-19,9.788940525306785e-16,5.670635943874854e-19,1.4693323709398294e-18,1.375439014653015e-15,8.57202332961694e-19,1.6239456744298862e-15,6.687715906423049e-19,6.674753220627961e-19,7.050884665004142e-19,3.9501795576809675e-19,-3.616013246515241e-15,1.130719437357999e-15,1.1672793532401916e-15,7.460319498288952e-19,1.0125015217440592e-15,5.747491874943979e-19,9.911946405104535e-16,1.3593091290599797e-15,1.0475039815351944e-15,4.3166142606379923e-19,6.504796913775475e-16,-3.6159801696934715e-15,8.531164134464455e-16,9.700941954197617e-16,3.8198283657286054e-19,6.766271274077711e-19,1.3505680093415401e-15,-7.218269220044866e-12,-7.217701952911113e-12,9.76600818808137e-16,-3.616183744713215e-15,8.607187542593662e-19,-3.615931298420355e-15,2.0492399268034943e-19,-3.616349416160976e-15,8.854369627197169e-16,-7.217449519042114e-12,1.42955225570415e-15,5.106588537900457e-19,5.581321107249643e-19,5.511415037374553e-19,8.5009705438190035e-16,1.1370351227925967e-15,1.0445984692984722e-15,-3.61607167784978e-15,7.757781945540458e-13,1.0095961329962274e-15,5.059659213520792e-16,6.493299896501599e-20,9.635331101620292e-16,-3.616347435893338e-15,1.106608213329139e-15,1.4377882419080013e-15,1.0251041742238676e-15,1.1657044753046762e-15,3.5744958929255833e-19,2.323715003209391e-19,1.9790070256824249e-19,-3.616402707969134e-15,1.2113960393568522e-15,4.531031768235837e-19,-3.61608307693178e-15,7.5439870188459e-19,2.5477134081661476e-19,1.1548415999474922e-18,5.60924597021699e-19,8.174452478083003e-16,-3.61728573486898e-15,8.860982799291527e-19,8.411949835990752e-16,6.946926825802795e-19,-7.217174319770192e-12,1.4675779056753672e-15,8.548487018548362e-16,4.2223514464900886e-19,1.1643395885665139e-15,3.642431053527363e-19,9.034659692197424e-16,1.0694915222936622e-18,1.1284072976930067e-15,9.102035336368175e-19,1.2410575489436227e-15,8.269423705809471e-19,1.2191403997087174e-19,2.65318060546435e-19,1.117618292872099e-15,1.7578691628422367e-15,1.0926267638539036e-15,9.559368907822604e-16,5.471582158498613e-19,5.317177228207909e-19,-3.615638278416965e-15,1.0243988149285488e-15,8.019569337769917e-16,3.067441972075508e-19,9.082283087736746e-19,8.38527920648828e-16,-7.21775409839029e-12,9.226435422761655e-16,7.156858625978151e-19,1.2165558036385775e-15,6.502665551110588e-19,6.856529735115599e-19,-3.616356940383277e-15,8.574213195431577e-16,6.91884850273624e-16,6.582153709125478e-19,7.881411916585234e-16,8.289329143900864e-16,1.6053799340564925e-19,4.1472784610717154e-19,8.035716430168334e-19,1.6702217394001705e-15,1.2185620433834306e-15,5.57834509334523e-19
-4.4487926459341005e-11,-4.3592989499692785e-11,4.801238959098524e-19,7.754471934720425e-19,6.688579073846495e-19,1.5950689627147878e-15,-4.359281113396114e-11,-4.359296693083749e-11,8.179611992976948e-19,1.1820999242816146e-15,5.654200271268494e-19,1.1878780229254976e-15,1.832344018806918e-15,8.095906915069096e-19,2.202985581123803e-19,1.7937537781667343e-15,6.994007939341029e-19,1.5453542878092072e-15,1.3713171767251324e-19,6.528951948052989e-19,1.2762881833597734e-15,-2.3032467448844606e-19,1.1379236334305252e-15,7.047892939556164e-19,-2.1838889148545812e-14,7.033206454726626e-19,4.898357107027077e-19,3.353220942815076e-19,1.020803544742421e-18,2.30274453733667e-15,4.6535329113057815e-19,6.994812257507347e-19,3.5638664967443115e-19,9.487723441756198e-19,5.1614433155386765e-19,-4.35923755865545e-11,4.635134494991393e-19,1.9135130999633817e-19,5.091102354599673e-19,8.707722861328169e-16,1.9835669509454413e-15,-4.3592600380850966e-11,-2.183895409298726e-14,7.058073368292072e-19,-4.3592670488465724e-11,1.1826589106135302e-15,-2.1838676443075633e-14,8.925502759655083e-19,-2.183895769049441e-14,7.266408927452852e-19,-4.359234161285382e-11,4.5265816432953445e-19,9.524896736650435e-16,5.395943216931977e-19,1.557789825660128e-15,1.1236220927918219e-15,8.388368295413879e-19,1.4271047194329169e-15,-4.3593213154028224e-11,1.0095961329962274e-15,7.756387592173691e-13,6.5536029251566e-19,1.1180783977352209e-15,5.080357380417123e-19,-2.1838877824016424e-14,7.750366250268026e-19,1.2651436864742964e-15,9.980263735238481e-19,1.4100731470708633e-15,6.371553720843861e-19,1.2193561521028981e-15,1.1367915136288913e-15,-4.3593599334561475e-11,1.3789588108690317e-15,2.3345538350727603e-19,-2.1839022213408882e-14,1.3633863763803083e-15,1.2332828897153292e-15,1.9000200919242586e-15,7.21034606628078e-19,7.202271292653729e-19,-4.3591899865406515e-11,7.898294955767598e-19,4.887389239422635e-19,1.3195196462273454e-15,-2.1838735189572327e-14,1.4055646763837556e-15,2.7535108759719563e-19,5.554467076236739e-19,1.0723449317710902e-15,4.848258916795248e-19,4.628335332281758e-19,9.037055491992086e-19,6.336152772167286e-19,9.944507763765651e-16,1.0002374564448661e-15,1.437675580163726e-15,1.220332487258432e-15,5.469482901914228e-19,6.856953298410838e-19,4.600075965627371e-19,1.1102519039421603e-15,1.1210592209327219e-18,1.1383573143674358e-15,7.035733771189238e-19,-2.1838287113643946e-14,5.832529591792487e-19,2.1991472606865904e-19,4.3319469372664353e-19,4.512659975849178e-19,1.2006555478205407e-15,-2.183876413848415e-14,5.261311786286445e-19,1.3201189324246857e-15,1.0800751892395413e-15,8.068487725588071e-19,1.2135152065719045e-15,-2.183871695266287e-14,1.1962399981766763e-15,1.5876257598405648e-15,7.453510584810917e-19,8.96044955710629e-16,8.34836234588018e-19,1.784172071424547e-19,3.8710969102371704e-19,6.487209486175923e-19,1.4797588728028694e-15,1.2917566250831303e-15,1.2093972119900016e-15
-4.055906355555456e-12,-3.195892567137541e-12,3.1974976430975843e-19,1.0987229002245158e-15,6.060998880181216e-19,1.0950898809338368e-15,-1.6011132781769224e-15,-1.6015757102583727e-15,3.4226735260129983e-19,5.214446249474949e-19,1.0959377473401555e-15,6.397349488851764e-19,1.3405961134006025e-15,3.3389028263006866e-19,3.958020921263273e-19,1.2478917715944708e-15,9.100130916345226e-16,9.245307490343995e-16,1.7347534474997654e-19,5.352984335339487e-19,3.425028586115381e-19,5.522303411201273e-19,6.303942818724371e-16,4.847366766589437e-20,-1.6008280886643044e-15,6.319647163680186e-19,3.977348337062865e-16,1.8092675719069496e-19,5.848184356336107e-19,1.528918183679352e-15,1.3759624047690235e-19,4.717246676817997e-19,4.3768245003457513e-16,3.2089535806883112e-19,6.458977680258614e-16,-1.6008833257141168e-15,3.3105215180869945e-19,6.418592627501328e-16,5.086788685002925e-16,4.944643300023282e-16,1.4427159098503241e-15,-1.6009594938636496e-15,-1.6013554841652795e-15,9.734944279839438e-16,-3.195497215684497e-12,6.872320208274944e-16,-3.195474774548544e-12,4.565036318567812e-19,-1.6013458245011382e-15,6.64939641725207e-16,-1.6007656822073732e-15,5.257199085259387e-19,6.210506501316449e-19,3.914626970895185e-19,1.193288734932448e-18,7.610478867110047e-16,4.187455200941074e-16,1.0672871526384078e-15,-1.601266202252334e-15,5.059659213520792e-16,6.5536029251566e-19,7.755510028624354e-13,3.210459739824438e-20,6.439014479705886e-19,-1.6011249193984068e-15,4.75930107118748e-19,2.610080664398025e-19,1.110305067324349e-15,4.741907707572774e-19,4.499477427662869e-19,9.62343601351897e-16,8.412560347752526e-16,-1.6013045480337377e-15,8.725118948218733e-16,3.4072381563879475e-20,-1.6012642735642338e-15,8.347665050666714e-16,9.272417904528288e-16,1.2846256106713774e-15,7.914693678024734e-19,1.130016477917544e-15,-1.6008567454854322e-15,6.830842212737e-16,3.8950634295079917e-19,8.242973732281078e-16,-1.6016220953050277e-15,7.4593600534362345e-16,4.906106759031092e-16,2.510439559188898e-19,5.494675944362928e-16,2.2146358712610055e-19,1.0807065436702805e-15,1.3563204366684746e-15,7.31808363486083e-16,4.841498443794529e-16,4.478370392747081e-16,1.0765091132578833e-15,5.201597611959978e-19,8.395640430439856e-16,9.098173252316847e-16,6.06366088405619e-16,4.191159539586415e-19,2.7813604317009534e-19,5.378992961038464e-16,8.71904408054736e-19,-1.6007251726458412e-15,3.312642152015188e-19,7.089330700877958e-16,3.455222806416871e-19,-3.303557222016417e-21,8.553497637212177e-16,-3.195545254738478e-12,-9.304656243796121e-20,2.040251066242883e-19,5.332394578766504e-16,2.8973451850092254e-19,6.487517677039381e-16,-1.6010902507866329e-15,8.295110249074849e-16,5.515149732655089e-19,9.43187160670521e-16,4.700757187910025e-19,6.026689301379626e-19,1.4499832187865748e-16,4.735980453040229e-19,2.969654766475801e-19,4.031639394647176e-19,7.022649706113079e-16,7.922075534770457e-16
-1.0226636523881012e-12,-7.228726391174094e-17,1.1614789250752213e-15,1.0246694528725132e-15,1.46822237431743e-15,1.3012982649502751e-15,-7.250753489341182e-17,-7.23388915289839e-17,2.1707702966432784e-15,2.4305290260883897e-19,1.1966898145863957e-15,7.721724006368966e-19,8.28362188406783e-19,1.2354625809711936e-15,1.0691353097729553e-15,1.5217897190345075e-15,1.0971010629902031e-15,5.354636320581905e-19,6.060123445648092e-20,1.0375456073878066e-18,4.347853449250869e-19,5.248892852464499e-19,1.5633193290196037e-15,9.677843676304068e-19,-7.237926608610673e-17,5.7850015205818075e-19,1.29955087646506e-15,9.978099107172646e-19,1.109048313254681e-15,9.18157236372883e-19,1.0947755243237112e-15,7.772003318207419e-19,1.1644479005441444e-15,5.6190291068624505e-19,1.5911990648389988e-19,-1.4408766544335387e-13,6.985857321691712e-19,1.074383022289642e-15,9.495435407084081e-16,1.1119604926331687e-15,9.63341370227834e-19,-1.448141906120583e-13,-7.266762884920836e-17,1.0718999134071839e-15,-1.4448383388646586e-13,1.2604469691677872e-15,-1.4426085226077304e-13,5.764119368305233e-16,-7.242418142687636e-17,4.978480019890103e-19,-1.4388055979793358e-13,8.046309570833558e-19,1.2278062057252626e-15,5.937793077584924e-19,1.2553414633838829e-15,5.257527737560437e-19,1.264152488805034e-15,3.0948534235473925e-19,-7.242836923063096e-17,6.493299896501599e-20,1.1180783977352209e-15,3.210459739824438e-20,7.759160688463769e-13,1.0796038538552095e-15,-7.241829500347004e-17,1.2171173694144574e-15,1.6043803107165535e-15,6.376327222582538e-19,1.2888710086742743e-15,1.1833495139875405e-15,3.430229729173855e-19,4.507492192404083e-19,-7.275068397309552e-17,1.3381121969977446e-15,1.0367108149620843e-15,-7.235255966466936e-17,6.171898182036146e-19,4.228674425692916e-19,1.607585368482166e-15,7.708028209585776e-19,8.879469531355206e-16,-7.172114966103797e-17,7.940199767731804e-19,9.061786025563457e-20,1.3358252583398723e-15,-1.4354889092888694e-13,9.312304692176403e-19,9.4578531798131e-16,1.1389862394699218e-15,1.2980895505864655e-15,4.675228675911245e-19,9.91691507744722e-16,1.0425150289454822e-15,1.247845374270529e-15,7.154351153327539e-19,6.960465700800467e-19,9.405316730327657e-16,8.421326170034454e-20,2.9582147365227076e-19,5.422293727644816e-19,1.0227898330216232e-18,1.2150817401900442e-15,1.0576989875092222e-15,9.04377976606919e-19,4.747284312506435e-19,-1.435420469820611e-13,2.520307329594032e-19,8.85411577771471e-16,6.579040032994015e-19,1.704511555433272e-15,6.443185032009525e-19,-1.442232372396956e-13,3.3020322136368733e-19,7.038081116988117e-19,1.3583839244106013e-15,9.725778751324025e-16,1.3769836475574986e-15,-7.245938308696835e-17,9.442849936044018e-16,7.403020985350787e-16,3.7104185987493987e-19,3.815121431079168e-19,9.002767516588886e-16,1.6905652434818554e-15,7.944988576382133e-16,5.688025192340456e-19,9.682806374114634e-19,1.356684273399109e-15,1.1527173169650352e-15
-7.053589038204156e-12,-3.0995777348755735e-15,1.070380376613399e-15,4.936454471947198e-19,4.578147909617379e-19,6.150528492666003e-19,-3.09994295723904e-15,-3.099377080337293e-15,1.6290110853951466e-15,8.542629539243194e-16,1.0577232782136664e-15,4.901591917979504e-19,1.2164883875745955e-15,8.90336062993546e-16,3.8624197975479975e-19,6.395127261632356e-19,5.01125746161586e-19,1.2767688181173671e-15,5.464623217730877e-19,6.638820732523915e-19,1.738476949610446e-19,8.53316913030948e-16,1.0289022271062734e-15,4.686471560793989e-19,-6.186589669035807e-12,1.078661017848425e-15,4.57238387547109e-19,1.1588335208637105e-15,5.032567127917797e-19,9.274448566788761e-19,9.049523633311872e-19,6.194637325030528e-19,5.086257697651624e-19,1.038375669592698e-15,3.667075299035778e-19,-3.0994709313982442e-15,8.035054957357824e-16,-2.7251792682783053e-19,7.285215203562724e-16,2.7724418018309083e-19,7.212884269030743e-19,-3.0997089952884835e-15,-6.186625054657766e-12,1.0379325797933883e-15,-3.0995951121339897e-15,1.0095608343339024e-15,-6.186602976996926e-12,7.5169156570333215e-19,-3.099974682288367e-15,7.916887352596186e-16,-3.0993812545774313e-15,1.1325784666683734e-15,8.887463980907175e-16,8.617992811541273e-16,4.949261332491211e-19,8.295478462336877e-16,5.330295948990305e-19,9.488169804383093e-16,-3.0997128787170387e-15,9.635331101620292e-16,5.080357380417123e-19,6.439014479705886e-19,1.0796038538552095e-15,7.756624814542696e-13,-6.18671799081441e-12,5.299631772025159e-19,1.2236851423385116e-15,1.037922742061849e-15,1.128479674845137e-15,9.846102480068343e-16,7.267929354012642e-16,3.0185280717239767e-19,-3.100080203154674e-15,1.0887121356059975e-15,7.81753322161093e-19,-3.099678995073862e-15,1.1030355913478616e-15,3.122547730826041e-19,1.4137683328530945e-15,1.048619545688429e-15,8.896128042733151e-16,-6.186039766891447e-12,5.89200880738526e-19,4.415157316405123e-20,1.0606425978521303e-15,-3.0995074906482463e-15,6.74164159877255e-19,3.873941070066061e-19,8.901754604003943e-16,7.000049605396087e-19,5.359164607798415e-19,4.896888800598033e-19,1.1533472535022083e-15,1.053666956050469e-15,6.242484582429218e-19,1.006152989151606e-15,6.811135584050035e-19,7.336959650563618e-16,3.033057451422624e-19,3.818925788639385e-19,1.4148082633618115e-15,5.562474868794873e-19,1.9907549157289218e-19,1.096178192553594e-15,3.336641832241231e-19,-3.0993551446600097e-15,3.9702189057818205e-19,2.8587671763904475e-19,3.283017395027559e-19,4.0940998241823455e-19,4.490179128555361e-19,-3.099430549597399e-15,5.581817620127915e-19,6.554234757659825e-19,1.0248163193957075e-15,8.168508387207029e-16,1.0944142923824605e-15,-3.099613506140495e-15,7.425910364071552e-19,8.938063415858902e-16,1.0568112045053465e-18,6.471012667158272e-16,4.788662092376423e-19,1.045351653047378e-15,6.96443970103629e-16,3.775485031806349e-19,7.660946080741034e-19,1.138952230410406e-15,9.40364670111939e-16
0.999999999989157,0.9999999999919278,9.975932066812651e-12,-4.079610757984935e-14,1.005700046793669e-10,4.902769344575295e-14,0.9999999999938636,0.9999999999848522,1.3701905159806166e-11,-2.256130171548179e-15,-7.950003870459142e-11,-4.6559155080411897e-11,8.089968635762957e-15,1.1719410324871656e-14,-5.0986366119503377e-11,7.760200045431667e-15,-8.487991927679018e-11,-7.350564007343846e-11,2.0605438043922662e-14,3.712324798696792e-15,2.43917603838793e-15,-3.9827805392811644e-14,5.03053242760226e-15,-2.206648717417094e-11,0.9999999999895162,-8.964334264134723e-11,-6.2520681893499946e-15,-1.9908722582959317e-14,4.00115488857403e-14,-5.812745978547116e-11,-1.2582847246097546e-15,9.566100512252551e-11,4.491709370613784e-15,-6.316602612103861e-15,7.810390764393246e-16,1.0000000000097042,1.0185263372223942e-14,4.205508907947011e-15,-6.373027412603829e-16,4.522068930716018e-11,4.608507811447829e-11,0.9999999999623108,0.9999999999922449,1.355207414664478e-12,0.9999999999380027,-5.440373278450968e-15,1.0000000000051128,-9.45634695143854e-15,0.9999999999796058,-4.7410745907817946e-15,0.9999999999833639,2.3487090612299966e-14,4.599820805043906e-17,8.280934231932179e-15,-1.1505614706671982e-14,-2.389782696512703e-16,8.602504366881093e-15,-1.189798489419494e-15,0.9999999999667418,-3.616347435893338e-15,-2.1838877824016424e-14,-1.6011249193984068e-15,-7.241829500347004e-17,-6.18671799081441e-12,0.9999999999786211,-4.24814838904199e-15,1.0937450870578688e-11,1.1316209210919544e-11,3.1300613234039626e-14,-1.1695938182756913e-11,4.846627177798239e-15,1.0288002296497152e-15,0.9999999999560069,7.184688510639397e-11,-2.6071946403179883e-15,0.9999999999639915,4.430812965890393e-14,2.2154731839722806e-14,3.735661141768649e-14,-3.315131331437822e-15,-8.200640423823495e-11,1.0000000000127258,9.332558741759475e-11,-7.161145419160232e-11,3.904699428595273e-14,0.9999999999995,-2.4577200329239985e-14,-5.19620868513245e-15,5.103126463826224e-15,1.1726109866649526e-11,-2.600480151915812e-15,2.2235051104964074e-14,2.9147167302824775e-14,-7.5236588207757e-16,2.219428482057208e-14,-6.9548265656309184e-15,-6.063305149364949e-14,-1.2630073407501833e-13,-1.8917773045440222e-11,4.729501027548807e-11,5.093653495726208e-14,-4.2110555039370966e-14,5.943995303656661e-11,1.173384188113312e-14,-5.208560860570277e-11,1.000000000007906,3.246133947934449e-15,3.558210215070539e-15,2.2433342625304016e-15,8.408566449686137e-15,-1.937353655235908e-12,0.9999999999936526,-9.591315499522125e-12,2.1489718889368148e-11,1.0387518920042777e-11,1.1578304604056292e-14,-1.0787252788416802e-14,0.9999999999861058,-6.959968266269822e-15,-3.770456497495917e-14,-8.331809274455592e-11,8.286710353823518e-15,-1.912073745523902e-11,1.950783923439393e-14,-1.6142294548827847e-12,-4.560602134233012e-15,9.421786767254072e-15,9.308718423519696e-16,-4.851399303044242e-14
-9.371616512500105e-12,-4.248331076232948e-15,1.5016908810471862e-15,1.5907839502349118e-15,5.689254046173693e-19,1.6628594244745528e-15,-4.2480434753712605e-15,-4.2485767839892805e-15,1.2104844865303931e-18,3.7574236248350847e-19,6.878649336035115e-19,1.2830273173993324e-15,1.882166321320169e-15,5.527636745631385e-19,1.5095773259353428e-15,1.8686674317234565e-15,1.3974410649053758e-15,9.725049086863551e-19,7.12721237841986e-19,9.10551507503448e-19,1.3663505609293293e-15,5.423794126316899e-19,1.232660976381493e-15,1.3883317846973469e-15,-4.248212701577472e-15,9.010281007256554e-19,8.239545476929978e-19,6.5308063457044205e-19,1.504009078569284e-15,1.1325025266720236e-18,9.017605504296318e-16,1.4742126718905025e-15,1.077744718315899e-18,7.470894336379288e-19,7.275826029998894e-19,-4.248144479451141e-15,1.2484967459981856e-15,5.089168182002146e-19,3.8809075720415076e-19,5.016779644035878e-19,2.055048138355853e-15,-4.248120061880483e-15,-8.480021458781681e-12,1.4929526950625898e-15,-8.479754072597676e-12,1.266387165662948e-15,-4.2483196544872866e-15,1.295355874749341e-15,-4.248327252986328e-15,6.452248716939975e-19,-8.479405546790082e-12,1.4259486302280939e-15,4.815112271532605e-19,1.2543965523969241e-15,1.0501026072284976e-18,1.1790064199868994e-15,3.617043905262832e-19,7.718466125881697e-19,-4.248865195537009e-15,1.106608213329139e-15,7.750366250268026e-19,4.75930107118748e-19,1.2171173694144574e-15,5.299631772025159e-19,-4.24814838904199e-15,7.758551617138266e-13,1.3701777909300713e-15,1.5829944760208104e-15,8.79964725721044e-19,7.835178800608217e-19,7.913625035476552e-19,6.318245660350415e-19,-8.480730456877895e-12,7.610207521254441e-19,1.038765240535179e-15,-8.480219333722346e-12,1.4390274610866304e-15,1.2619754281105252e-15,3.3993894697436207e-19,7.307844914836547e-19,1.468239998615124e-15,-8.478969345890323e-12,6.390628641404319e-19,6.774640170024421e-19,1.4004887189780297e-15,-8.479741748215077e-12,9.913290724525596e-19,8.992960407251331e-16,1.209853215844753e-15,1.1647678841808559e-15,9.1456304269203e-16,1.494575438169751e-15,9.169679588101157e-19,1.333356004759648e-15,1.1024846021179946e-15,4.927756494683501e-19,1.4739474989524606e-15,1.2440467772588586e-15,1.223682353309755e-15,6.67590523669497e-19,1.071417670033252e-18,7.173153030260154e-19,5.147554145899443e-19,1.2299033139801497e-15,7.036822669353003e-19,-8.478946611131116e-12,1.1832799410709475e-15,5.868775834565095e-19,-1.92797842780483e-19,1.0822695917666414e-15,7.662748763086796e-19,-8.479654398827165e-12,3.3582370689104655e-19,1.4054948360344836e-15,1.1722433633825796e-15,8.953496417431897e-19,1.3003723218678856e-15,-8.479950465500363e-12,1.2398929348897815e-15,1.0943295855318248e-18,7.145502411562067e-19,9.63311252181049e-16,9.165516199382968e-19,9.14577821286617e-16,7.978541129725383e-19,1.3128635167263384e-15,4.363904455116306e-19,5.353639560503076e-19,1.2797781003909727e-15
1.0048411773878797e-11,5.4792112835989025e-15,1.3139969864101825e-15,1.155319762941972e-15,7.52125078898113e-19,1.0895093611948686e-18,1.0937761041772231e-11,1.0937751889893293e-11,2.473590815524184e-15,1.0531513283275689e-15,7.652978274492933e-19,1.0113649502668268e-18,1.5718647377093497e-15,1.3931509182068783e-15,1.1948631353982334e-15,1.370553448553029e-18,1.2374122727326032e-15,6.81174704378167e-19,7.640013463302398e-19,2.0532812336295296e-15,1.6135348592886578e-15,9.662557511737462e-16,9.65821733962171e-19,1.2588942788871218e-15,1.0937658051583429e-11,1.4383107346740593e-18,1.4678436978198158e-15,1.9483472353716843e-15,6.223885569324168e-19,2.200472704866382e-15,1.2283426595596295e-15,1.7061959998706135e-15,7.8505237397096495e-19,1.3992754495054899e-15,7.917167252847796e-16,5.479601009994303e-15,3.1826073074134003e-19,1.2146895472382095e-15,1.0627763134661717e-15,1.2543116363390673e-15,1.0620541961446002e-18,5.479120187153484e-15,5.479485875654888e-15,1.2079185284332473e-15,1.0937451346758044e-11,1.422635422916479e-15,1.0937739430633403e-11,7.344784570434777e-19,1.0937323628468932e-11,1.1021461036480992e-15,5.479607333085465e-15,8.465095634902421e-19,1.5790134175839362e-18,9.834330086803147e-19,1.3926540380966951e-15,1.048184426752717e-15,7.059578731415369e-19,5.056118792405759e-19,5.479060027577372e-15,1.4377882419080013e-15,1.2651436864742964e-15,2.610080664398025e-19,1.6043803107165535e-15,1.2236851423385116e-15,1.0937450870578688e-11,1.3701777909300713e-15,7.760540100990879e-13,1.2514638654917163e-15,5.426317610229712e-19,5.605836924097348e-19,7.57002384254745e-16,8.527267580889557e-16,5.478903256641387e-15,1.5079043510979004e-15,5.746377822001694e-19,1.0937805942092323e-11,1.460486881167394e-15,4.576087022435281e-19,1.258033937172041e-18,1.0897091847121187e-18,9.765356953092931e-16,5.479668671887342e-15,1.7877180524532286e-15,7.894615248160838e-19,1.5015210080225535e-15,1.0938550440012765e-11,8.933014020883533e-19,8.082602344363449e-20,-6.580847185347197e-20,1.4622535812617396e-15,5.391439164113528e-19,4.209879264051503e-19,1.0715765650870727e-18,1.4088611952955463e-15,8.339452757223444e-19,9.065658370037431e-19,7.394529312996402e-19,-9.20226370451956e-19,5.522151407228723e-19,1.3848687732573956e-15,2.2277052246398055e-15,5.43227483912012e-19,1.1848068437430947e-15,1.105933561349634e-18,5.396773515822169e-19,1.0938573353134469e-11,5.6799498892100895e-19,5.276728754449785e-19,4.245889344156398e-19,1.93647050074562e-15,1.0248404293888492e-15,5.479757124104099e-15,1.1347992593810096e-15,5.965044096750329e-19,1.5350541394203324e-15,5.148855885945964e-19,1.1043661731869315e-18,5.479131244331095e-15,1.0619500771855496e-15,8.08736875756938e-16,5.116671289512162e-19,9.480717250457122e-16,1.0086983752930211e-15,1.916677555821074e-15,5.174051070240269e-19,5.85543319081392e-19,1.0675177508093546e-18,1.5295612299182789e-15,1.2931210629296533e-15
1.041243304599989e-11,5.668955057196905e-15,1.7322492369323038e-15,1.0659166829111163e-18,1.3885267131610843e-15,1.944661122269138e-15,1.1315891501980872e-11,1.1315664528197947e-11,1.74573170176376e-15,7.696835611434202e-19,1.8811481959946603e-15,1.19548337162479e-15,2.2666488457641274e-15,1.0275670744133064e-15,4.367046780517431e-19,2.173294715514784e-15,1.6220467766548665e-15,1.7492156904538514e-15,1.274400285955123e-15,7.582701736120481e-19,1.3459772487676233e-15,9.269946152365356e-19,7.080671759688667e-19,1.5957648226100714e-15,5.669073372911603e-15,1.7763888485158815e-15,8.366828373652065e-16,4.1392976977144186e-19,1.0305531274976275e-18,2.7573919077249513e-15,8.098207612715084e-16,6.602236531318767e-19,3.8877890764264803e-19,5.074170742057708e-19,5.477336652068286e-19,5.668581090165347e-15,1.4952937699354489e-15,1.1775220648888287e-15,4.929126945445375e-19,4.186296736854996e-19,2.490447314123038e-15,1.13165027399658e-11,5.669329272937301e-15,1.2489411866602677e-18,1.1316247010363451e-11,4.517606745349619e-19,5.669013850263705e-15,1.7711034438763125e-15,1.1315495912910572e-11,1.1809454700474932e-15,1.1316425316982389e-11,1.4206133157648803e-15,2.8028186694952294e-19,5.92017380206828e-19,1.9333106156951373e-15,1.3572529228650592e-15,1.4731312699768752e-19,9.112322795366969e-19,5.6686623505742975e-15,1.0251041742238676e-15,9.980263735238481e-19,1.110305067324349e-15,6.376327222582538e-19,1.037922742061849e-15,1.1316209210919544e-11,1.5829944760208104e-15,1.2514638654917163e-15,7.760789529664922e-13,1.6199161891378604e-15,1.5600489440071903e-15,1.0724227280256729e-18,1.4591057448344206e-15,1.1315223772150738e-11,6.629727661971079e-19,1.0626750694292647e-15,5.668231690200999e-15,1.5570911804646967e-15,1.5911578556094686e-15,9.975907201835375e-19,6.046938108077601e-19,1.892801353189648e-15,1.1317022142635814e-11,7.860292563752399e-19,3.309784826019558e-19,1.4891176501593417e-15,1.1315697783724387e-11,1.4774641261288428e-15,4.844174682031165e-19,1.2926206245389167e-15,5.075687696069089e-19,1.6063499969151992e-19,1.1403242196113709e-18,2.369571818534564e-15,1.4070739268114158e-15,1.3328171106781772e-19,3.378814688222522e-19,1.840960655875837e-15,8.001192577825508e-19,1.460463347229642e-15,7.023416803371717e-19,5.874235047532928e-19,3.112952550672915e-19,7.062625229588465e-19,6.57584746735539e-19,8.314334194948505e-19,5.669425238801152e-15,7.969778215925246e-19,1.2634129948789643e-15,6.319784451934764e-19,1.7444883556055323e-19,6.565614513510325e-19,1.1316242913898195e-11,1.1412359904544629e-15,7.935865049178708e-19,7.271302486516914e-19,1.1150849587253058e-15,5.902192756553644e-19,5.669022246798464e-15,9.760095133399118e-19,1.3085034329861542e-18,8.547903944450494e-19,8.286833082558553e-19,7.854221540517856e-19,4.779338875437764e-16,1.1102850410129686e-15,1.482399459589345e-15,7.678335435284335e-19,1.0417623490987036e-18,8.389151235085367e-19
6.15884790623961e-11,3.129979016526278e-14,1.5859208061831387e-15,5.651917312408611e-20,1.3848262315129916e-15,8.095288018514574e-19,3.130031319329409e-14,3.1300151288547504e-14,1.9531749155628282e-15,1.268389436792606e-15,8.117854810654572e-19,1.2470787671400053e-15,7.586411391304511e-19,3.617651545819987e-19,1.5728319445924587e-15,9.38591340526971e-19,9.728843082131797e-19,1.7294780620415825e-15,7.464363315113465e-19,1.5235991326643082e-15,1.474827581713406e-15,1.4176824274756705e-15,1.1946287116263161e-15,1.4169200201963983e-15,3.1299973467805556e-14,9.530132720927865e-19,5.180994956081674e-19,5.425686745135679e-19,1.5180287152784947e-15,1.2487426271015057e-18,2.4041880378428416e-19,1.5042580798617049e-15,5.37563741586598e-19,7.654465976705212e-19,4.612631776930108e-19,3.130047835765061e-14,1.2377184884244036e-15,-6.363168167149054e-19,9.361392881951549e-16,3.096363845853737e-19,2.090577661980604e-15,6.247926625916527e-11,6.24789731733489e-11,8.960381690837568e-19,6.247923308003198e-11,1.3192480779927559e-15,3.1300377539677326e-14,7.483430909929899e-19,6.247868046276404e-11,1.098236446980438e-15,6.247963983851612e-11,3.4249513562845483e-19,1.0652408320155076e-15,1.324145223479867e-15,6.824046789189984e-19,1.2174679378567462e-15,1.0147249891100508e-15,3.310632275887142e-19,6.247861674044495e-11,1.1657044753046762e-15,1.4100731470708633e-15,4.741907707572774e-19,1.2888710086742743e-15,1.128479674845137e-15,3.1300613234039626e-14,8.79964725721044e-19,5.426317610229712e-19,1.6199161891378604e-15,7.759748914568253e-13,7.281636402434653e-19,6.598172834130942e-19,8.509689592624797e-19,6.247815165908942e-11,1.5031382783459663e-15,5.527017591311944e-19,3.130032670853614e-14,2.608896634718828e-19,2.7131664854237295e-19,2.060904060203573e-15,7.431550223657315e-19,1.4854325052517327e-15,6.248007057804033e-11,7.368898584143321e-19,1.1779842166166814e-15,5.568970149742313e-19,3.130054800944946e-14,1.6040956322148295e-15,3.5720553027772533e-19,1.2238229018753787e-15,7.183985256248853e-19,9.37181162794384e-16,5.904673948345206e-19,1.9399191117612065e-15,1.4188072551300417e-15,1.0939599119100519e-15,5.694850974865728e-19,7.785916147169002e-19,1.291551673344675e-15,8.787399839881793e-19,1.512030415161542e-15,1.596952187130764e-15,1.1826458496507225e-15,1.2758216695389532e-15,1.301175905453421e-15,8.470261808219515e-19,6.24800910458816e-11,7.875718599703732e-19,1.133860257748193e-15,2.7839008849123083e-19,8.986680457942477e-19,1.2845796971542856e-15,3.130052536094787e-14,1.0569839110615101e-15,1.4391833384628998e-15,1.2327773142405391e-15,3.02163208583136e-19,5.341959787412504e-19,6.247899879232735e-11,1.2741570586351934e-15,8.287786240194915e-19,1.3989833824281767e-15,9.221202923019772e-19,6.488849697846653e-19,3.00712437604027e-19,8.23446410998917e-19,1.3845309861514974e-15,7.999765474792938e-19,6.28988663287352e-19,6.791104530247798e-19
-1.2584152694571076e-11,-5.859894961233907e-15,1.4291689154421316e-15,1.526663381387843e-15,1.3791454496005662e-15,1.0827349913444998e-18,-1.169602476390147e-11,-1.1696143352694766e-11,1.8021667574270135e-15,1.1812191277116637e-15,1.576963601106282e-15,2.601927225939153e-19,1.860032072201763e-15,1.0854250939953009e-15,5.591556129973232e-19,8.26585305999042e-19,6.723359424987332e-19,9.006696139824885e-19,1.2630289306421649e-15,8.195219400763604e-19,1.2965856545153132e-15,1.3896208707850743e-15,1.262612362608939e-15,1.3717667098459836e-15,-1.1695809791767747e-11,1.520410044067302e-15,9.81236179834084e-16,1.116477194602669e-15,1.5013714914500945e-15,1.3809741949894905e-18,9.080997254734285e-16,1.4522367114942608e-15,9.402291420836166e-16,6.95619306601274e-19,9.407393754714638e-16,-1.1695635840581043e-11,1.253326505192177e-15,1.1006896121818658e-15,2.4308869607534903e-19,9.519697558990263e-16,1.1889663152216067e-18,-1.1695858917266734e-11,-5.859842318338726e-15,6.816702736225869e-19,-5.859457684386507e-15,1.2382469354907588e-15,-5.8596152319678865e-15,7.927509811924195e-19,-5.859863424205168e-15,1.0676894373200276e-15,-1.1695615004500127e-11,1.4588453695684403e-15,1.0172469890470727e-15,1.200852594960832e-15,1.6376922538551916e-15,6.170601827134682e-19,9.775655462481135e-16,5.697685489797884e-19,-5.859743652653379e-15,3.5744958929255833e-19,6.371553720843861e-19,4.499477427662869e-19,1.1833495139875405e-15,9.846102480068343e-16,-1.1695938182756913e-11,7.835178800608217e-19,5.605836924097348e-19,1.5600489440071903e-15,7.281636402434653e-19,7.757873448156325e-13,1.2065174686505349e-15,1.156141240144297e-15,-5.859931181113273e-15,1.4292697973753618e-15,1.0000098274053309e-15,-5.859689838367602e-15,1.3870908298752388e-15,1.2388483641154076e-15,7.609299035230993e-19,1.3158399854078377e-18,1.480149492125438e-15,-1.1695195448465754e-11,8.77272888965339e-19,1.200883067535967e-15,5.842763804964332e-19,-5.8595058305855245e-15,8.589819584454452e-19,7.105715808048931e-19,1.2011461459314733e-15,6.601663103045108e-19,9.105607053743954e-16,1.4662960404345329e-15,1.7839868668955103e-15,9.296009376719989e-19,4.992219434043966e-19,1.0640057441445635e-15,1.4397335897561254e-15,6.585896597603716e-19,1.2020541687851358e-15,8.87673763083232e-19,1.1211692539402482e-18,1.1922342374995907e-15,1.2183505122623936e-15,9.622680932454458e-19,7.248427416663278e-19,-5.8590166159447415e-15,1.1833234098563112e-15,5.216202351164836e-19,1.0054114895312224e-15,1.055360193746416e-15,5.993819471618842e-19,-1.1695810157662263e-11,1.0839962539604793e-15,6.940179866418067e-19,3.8396577304783904e-19,1.0096841415834554e-15,1.2622223342389135e-15,-5.8598061290823425e-15,1.2157143615982576e-15,6.041995187352915e-19,1.2854830905677769e-15,5.30447980627068e-19,1.522834518141401e-15,9.08449408113385e-16,9.559111569439518e-16,1.2745850881822065e-15,1.6040213037878862e-15,8.012342734856849e-19,5.792099760990803e-19
8.788011479606163e-12,4.845990120965623e-15,1.4352768870245349e-15,6.730498422523861e-19,9.007993366309175e-16,1.58397056819771e-15,9.673551684643078e-12,4.845370380271777e-15,4.465245376832168e-19,5.714028202180103e-19,7.152953009619838e-19,2.748399876136956e-19,3.4963249997201747e-19,6.174424796943638e-16,6.270160284351882e-19,1.7174744962479445e-15,5.701830153781422e-19,7.402572181036281e-19,7.378142887209203e-19,6.1258230782247e-19,9.436644923449928e-16,1.5481659744837546e-15,3.3926006492763474e-19,1.2693193150047399e-15,9.67405869670632e-12,8.341831029579493e-19,3.9839106724931066e-16,5.124956169584434e-19,1.5024229059546508e-15,2.2094873982510863e-15,3.04492152834582e-20,1.0230436844959546e-15,4.14813669075584e-19,1.221497221631984e-15,9.404235435536089e-16,9.674159738907795e-12,3.605419474313487e-19,8.561869744403813e-16,2.4677580497831957e-19,5.017286536317454e-16,2.081858859845813e-15,9.674468154063946e-12,4.845887245370913e-15,8.537475942691706e-19,9.674058792784715e-12,9.217367448944187e-16,9.673966934415914e-12,1.6733558917595454e-15,4.84598978602518e-15,8.761887906883183e-16,4.8461421504651154e-15,8.581132353566034e-16,5.479079360178002e-16,5.250556227940776e-19,1.5580458260353414e-15,1.097117062378486e-15,4.188197499564338e-16,1.9995260389657038e-19,4.84592958266168e-15,2.323715003209391e-19,1.2193561521028981e-15,9.62343601351897e-16,3.430229729173855e-19,7.267929354012642e-16,4.846627177798239e-15,7.913625035476552e-19,7.57002384254745e-16,1.0724227280256729e-18,6.598172834130942e-19,1.2065174686505349e-15,7.7588222021534e-13,1.2743547995538262e-15,4.84601729686118e-15,1.175175664304465e-15,3.057487029197927e-19,9.672918349189452e-12,1.1991694206742434e-15,3.131392292833057e-19,1.8422279325273963e-15,2.756044351589036e-19,1.6742911881767792e-15,4.846568579443066e-15,8.623855710442342e-16,7.442475985423663e-19,1.0783987762013361e-15,4.845985355967929e-15,9.74177980768559e-16,3.2999865119718336e-19,4.528398414170144e-19,7.04481538176073e-16,4.953969388896537e-19,7.610645973804545e-19,2.162956143383554e-15,4.400866733123606e-19,4.760048173985362e-19,4.986029213551505e-16,1.6130205349899994e-15,5.64697765549005e-19,1.2163218539004408e-15,6.757466954002991e-19,6.509803684114748e-16,1.5258369492477892e-19,7.860082452470928e-19,-1.712482741633144e-20,6.704676530652429e-19,9.674502236397818e-12,9.054329655881398e-16,1.9803917234097448e-19,1.096885164993555e-15,1.4543604302069703e-16,7.525813770219834e-19,9.673966898429142e-12,8.127561828472259e-16,1.0505362089258347e-15,6.579392413994987e-16,1.23851174904299e-19,5.821167557839283e-19,4.846532728254499e-15,4.572103862927475e-19,2.0630569096887823e-15,1.4437812628748499e-15,2.460487964719579e-19,1.7539040544143073e-15,-2.9163123446314586e-19,5.119604252780391e-19,5.031141999878067e-19,8.812576642684323e-16,1.0278203496377177e-15,4.909141868439722e-19
1.1853745630683886e-12,1.0287380698069056e-15,1.3337346061989481e-15,9.16329412542992e-19,3.7456632523269307e-19,1.45821029965266e-15,1.0286338703092873e-15,2.0533452293051423e-12,1.141949771583578e-15,1.0799277362266485e-15,1.3858516543325011e-15,6.839032384018359e-16,1.6444482089086104e-15,6.646706998058076e-16,1.4075437394178539e-15,1.5693071505505835e-15,2.9744087367161633e-19,1.3004250351306478e-15,8.741432290830538e-16,4.1478658757897013e-19,9.877423131050724e-16,5.660186945697987e-19,1.687559632803005e-19,1.1811952579774813e-15,1.028942900356282e-15,5.619644884184064e-19,-2.5370932890236854e-19,4.338943277323319e-16,6.410840945417396e-19,2.0557158331476526e-15,2.4912652793969094e-19,6.027267670855295e-19,5.249429732339284e-16,1.160058539533082e-15,5.031852541863385e-19,1.0291746034483953e-15,1.0931635749790815e-15,8.77170951685734e-19,6.510679557599391e-16,5.482680616493682e-16,9.073609846038692e-19,2.054176713890071e-12,2.053317618954468e-12,8.414226235678778e-19,1.0288114139050616e-15,9.3064150199294e-16,2.0538116879167967e-12,6.747638088203616e-19,1.0279882099048658e-15,8.415307088788193e-16,2.0539842593135465e-12,3.9972432515905067e-19,6.171023455350478e-16,5.084587701771661e-19,1.420821064844635e-15,1.0246200777896357e-15,4.151687188499205e-19,1.2701905206645498e-15,1.0288067386552762e-15,1.9790070256824249e-19,1.1367915136288913e-15,8.412560347752526e-16,4.507492192404083e-19,3.0185280717239767e-19,1.0288002296497152e-15,6.318245660350415e-19,8.527267580889557e-16,1.4591057448344206e-15,8.509689592624797e-19,1.156141240144297e-15,1.2743547995538262e-15,7.758380318359891e-13,2.053101991325676e-12,1.137695182436358e-15,3.18133164089103e-19,1.0284498199810165e-15,6.925522467083913e-19,1.2300392465366079e-15,1.7213356563534154e-15,9.477372474410212e-16,7.961827470485044e-19,1.0291040505943075e-15,4.170913194734024e-19,5.765304622951512e-19,4.91332260298607e-19,1.028671210965383e-15,1.050110676883617e-15,6.095248333615179e-16,1.3742660644745528e-19,7.049623276264295e-19,8.5143609978258e-19,1.4094505420753366e-15,6.289123123196318e-19,1.049951909423986e-15,1.711804274594955e-20,6.139248389180612e-16,1.4293218488753439e-15,1.3164309457853887e-15,1.101536452997114e-15,1.2226384548197452e-15,8.193370361293883e-16,-8.615968425181222e-20,2.0474575842156203e-19,2.437085116367881e-19,4.688119924682812e-19,1.0291252569268763e-15,5.160271247120089e-19,9.479336636845243e-16,9.799015775954838e-16,4.838184371656858e-19,1.1352067024551495e-15,1.0288081787723508e-15,5.349449411316951e-19,5.1884827393311e-19,7.359114544031865e-16,4.056790616266147e-19,9.046279207590408e-16,1.0287139418067364e-15,6.572993276461538e-19,1.1253557071379896e-18,1.2887399189785945e-15,3.503501732518751e-19,1.2449492903393332e-18,1.383879523166267e-16,3.7381991625527154e-19,9.221619332684482e-19,6.195607835640282e-19,1.322841749353892e-18,4.1059804275005468e-19
0.9999999999673584,0.9999999999700906,9.974897278369497e-12,-4.079682841784707e-14,5.0382609506902315e-14,4.9026923584314566e-14,0.9999999999720286,0.999999999963015,6.863190028267543e-15,-2.2563475548037512e-15,-3.982821487930511e-14,-2.3325535295935838e-14,1.614726135850069e-11,2.3392427680083793e-11,-5.098734037070391e-11,1.5489273236679192e-11,-4.2523362503585274e-14,-3.682572652800371e-14,4.113029821224159e-11,7.40942620775497e-12,2.4385422234058383e-15,-3.982806633873354e-14,1.0040517813305708e-11,-2.206735402874183e-11,0.9999999999676801,-4.490966868503597e-14,-1.2480075204774556e-11,-1.990871942531386e-14,7.986611656733729e-11,-2.912160472304319e-14,-1.2583008849299107e-15,4.7923482083744366e-14,8.965708762319566e-12,-6.3170747512413845e-15,7.807204125698466e-16,0.9999999999878678,1.0184858246113006e-14,4.205140137863337e-15,-6.374453293644335e-16,2.2654189875121394e-14,2.308729315390003e-14,0.9999999999404743,0.9999999999704082,6.778496411487925e-16,0.999999999916168,-1.0860471190435933e-11,0.999999999983277,-9.456715281185296e-15,0.9999999999577703,-4.741302190686279e-15,0.9999999999615267,4.688212623176445e-11,4.569441152806691e-17,1.6529017787378227e-11,-2.2967292187923606e-11,-2.389122613914994e-16,8.602265409263919e-15,-1.1899834988035674e-15,0.9999999999449053,-3.616402707969134e-15,-4.3593599334561475e-11,-1.6013045480337377e-15,-7.275068397309552e-17,-3.100080203154674e-15,0.9999999999560069,-8.480730456877895e-12,5.478903256641387e-15,1.1315223772150738e-11,6.247815165908942e-11,-5.859931181113273e-15,4.84601729686118e-15,2.053101991325676e-12,0.9999999999349498,7.184593804586211e-11,-5.204703392786274e-12,0.9999999999421575,4.430722511672078e-14,4.4221885277905356e-11,7.456690236471036e-11,-3.3156857995049204e-15,-8.200728618658208e-11,0.9999999999908903,4.675314270916219e-14,-3.5876131713942485e-14,7.794208292754623e-11,0.9999999999776634,-2.4577412328690092e-14,-5.1964893541690876e-15,1.0185278653281121e-11,5.873951546707371e-15,-2.600888753480066e-15,4.438268570034639e-11,2.914691321130125e-14,-7.523300614170094e-16,2.2193722738571297e-14,-1.3883045863342052e-11,-6.06338216151306e-14,-6.378394208158391e-17,-9.477715826789094e-15,4.729404357058874e-11,5.0936098064715994e-14,-4.2110905944965117e-14,5.943914703639111e-11,1.1733214294339822e-14,-2.6094873272145787e-14,0.9999999999860686,6.478985352221382e-12,7.102380595815732e-12,4.477363777551625e-12,8.408655413363466e-15,-9.708739731327769e-16,0.9999999999718164,-4.8054990424708495e-15,1.0765227593683313e-14,1.0386696549559371e-11,2.3110654703804796e-11,-2.153372083889012e-11,0.9999999999642697,-1.3892887148285782e-11,-3.770489881837205e-14,-4.174050050350403e-14,1.6540918390699956e-11,-1.9121656529622453e-11,1.9507522546802065e-14,-8.091397390307164e-16,-9.103762191780406e-12,9.42137714984753e-15,1.8568234251366004e-12,-4.851447500032854e-14
7.094110088716155e-11,3.599338557956471e-14,1.4819416993598286e-15,1.5155023906261247e-15,1.538844814211593e-15,6.404632347117787e-19,7.184691356380513e-11,3.599258055917349e-14,2.105568142478044e-15,7.009919453173833e-19,8.738047402085183e-19,1.5496778102835314e-15,1.9548642236868365e-15,6.4800097667817e-19,7.362494575128622e-19,1.963023005568047e-15,6.401141686739983e-19,8.402512365562307e-19,1.4304929276348264e-15,1.6542872684883364e-15,7.651735470184527e-19,1.3650776734932113e-15,1.5078054282734615e-15,9.21157973129865e-19,7.184704249840748e-11,8.1492369617734235e-19,1.1473911364574695e-15,7.831332257034993e-19,1.5462570607563249e-15,2.458885440503705e-15,1.0221470957767943e-15,1.608670840736782e-15,6.952675783385604e-19,1.497668966502252e-15,6.927451508605116e-19,3.5993856777887894e-14,1.2921677050896125e-15,1.0745627166154367e-18,1.004401376017325e-15,4.862872888384826e-19,2.0745002816623323e-15,3.599324572680041e-14,7.184677081725762e-11,6.869380686216908e-19,7.184688676561282e-11,1.4681696561993047e-19,3.5993550416029033e-14,5.819070868575143e-19,7.184648249463882e-11,1.146982107326312e-15,3.5993233199352255e-14,1.3265448670354104e-18,1.1688266602553526e-15,8.699158083267635e-20,1.6787508531298815e-15,1.189798927001382e-15,1.1356218864348565e-15,1.5624147741762259e-15,3.599336495921802e-14,1.2113960393568522e-15,1.3789588108690317e-15,8.725118948218733e-16,1.3381121969977446e-15,1.0887121356059975e-15,7.184688510639397e-11,7.610207521254441e-19,1.5079043510979004e-15,6.629727661971079e-19,1.5031382783459663e-15,1.4292697973753618e-15,1.175175664304465e-15,1.137695182436358e-15,7.184593804586211e-11,7.757478029023777e-13,5.713733496467555e-19,3.59930896747742e-14,7.959912581569955e-19,1.2358751883766258e-15,6.847122176344478e-19,1.334969347321781e-15,7.387018764603881e-19,7.184774258180895e-11,8.103996731156532e-19,3.8347813360090135e-19,7.615473746199876e-19,3.5993522650167044e-14,1.6207094498288958e-15,8.302133175315098e-19,1.2750261403079394e-15,3.6030289151583363e-19,9.738442589272246e-16,6.284902531277149e-19,1.703481150954023e-15,7.81882474040857e-19,7.567372221041697e-19,3.8626527683855213e-19,1.4407546600936204e-15,1.0424620317269155e-18,1.231217456874021e-15,1.503436236046066e-15,1.7497264885123468e-15,6.715891265470334e-19,1.280940231540775e-15,1.367489353280515e-15,7.250338256673457e-19,7.184781459248395e-11,1.2715299522409325e-15,7.358320937105913e-19,1.0081451576181334e-15,1.3330495771718054e-15,6.957358657563045e-19,7.18470296925048e-11,9.201264749150681e-19,1.514368320216624e-15,1.295208489277013e-15,1.0836465275139548e-15,9.973972158341776e-19,7.18467111609314e-11,4.2558200174667584e-19,1.4784817804833493e-15,5.777217225352153e-19,1.039030207316699e-15,1.521246063530663e-15,1.211872268717983e-15,4.471483389493602e-19,1.3211425506311733e-15,1.2696564261953196e-18,1.414337600342107e-15,1.794449571181854e-19
-6.074087107270373e-12,-2.6071841310720382e-15,1.0529186572067907e-15,1.0347517028558831e-15,1.1130750396959342e-15,1.1613694299067127e-15,-5.20391786765456e-12,-5.203978014845654e-12,2.0867715998627222e-19,8.503606975033886e-16,5.544065307567898e-19,7.444382771057847e-19,6.567962045050991e-19,4.616421025631023e-19,1.0141798987216831e-15,1.3285177491603932e-15,1.1125054736527085e-18,6.295605275448705e-19,8.911980836524202e-19,1.2898913157122707e-15,1.1031279796058155e-15,8.937520945017304e-16,1.1077450345677904e-15,7.571200429786422e-19,-2.607032739211333e-15,6.30168601855084e-19,9.001677009079598e-16,1.1237046649580719e-15,6.532759565023152e-19,1.7191791152223044e-15,3.558506103497841e-19,4.1004850273412266e-19,4.343935487553354e-19,5.37573794140885e-19,6.70068134799203e-19,-2.6068207411913447e-15,4.198235712112859e-19,3.828482931517039e-19,3.5325299145349126e-19,5.548850035264832e-19,1.3464484104858629e-18,-2.6077632404408346e-15,-2.60747433107157e-15,2.0454068370366289e-19,-5.203970697786526e-12,9.966734183711153e-16,-2.607119983631854e-15,4.752436962573549e-19,-2.607630855267007e-15,4.640682919739252e-19,-5.2035764833095385e-12,1.0435080931563253e-18,4.363678042541714e-19,5.512211859463107e-19,1.1336658297548056e-15,8.287582096928714e-16,4.487139212481595e-19,1.0356276425842607e-15,-2.6071591159006856e-15,4.531031768235837e-19,2.3345538350727603e-19,3.4072381563879475e-20,1.0367108149620843e-15,7.81753322161093e-19,-2.6071946403179883e-15,1.038765240535179e-15,5.746377822001694e-19,1.0626750694292647e-15,5.527017591311944e-19,1.0000098274053309e-15,3.057487029197927e-19,3.18133164089103e-19,-5.204703392786274e-12,5.713733496467555e-19,7.755185770434351e-13,-2.6072331340093033e-15,1.0793675835503889e-15,6.24486672686634e-19,3.631221570909366e-19,1.0030852266205198e-15,9.22421868825661e-16,-2.606867940250875e-15,8.679089479126695e-19,8.33804475809195e-16,1.0778543666346884e-15,-2.6073696374458124e-15,4.935795431137474e-19,-2.3894363382938454e-19,9.148621667723327e-16,6.523502351584193e-19,6.972129321830082e-16,4.660261919134898e-19,5.936521424570329e-19,1.0182351481255251e-15,5.577276235214554e-19,2.429520851848998e-19,9.555818670210659e-16,7.31742309372174e-19,4.3143960790965333e-19,4.41432339647204e-19,1.3754646233264795e-15,4.657137511405313e-19,4.58944841133195e-19,1.0568667733205261e-15,1.7845149746769695e-19,-2.6074803156528103e-15,9.080139473622284e-16,7.80687850074968e-16,6.778919689144257e-16,1.1012211065789964e-15,8.497556211373693e-16,-5.203829676274197e-12,8.127217935886304e-16,1.0979643575713067e-15,6.658017949419669e-19,7.974009300141425e-16,1.0570465850924712e-15,-5.2041257184749504e-12,5.435488933616548e-19,9.2240256596048e-16,8.468594128932578e-19,2.0289338457564973e-19,4.710506470684876e-19,1.0244099148370302e-15,7.003584815267278e-16,9.457522899698797e-16,1.113020979654988e-18,1.0787863218742308e-15,9.600568970761338e-16
0.9999999999753226,0.9999999999780786,4.997400662113132e-15,-4.0796000931432596e-14,1.00570269858112e-10,4.902680708194465e-14,0.9999999999800148,0.9999999999710032,1.370245973514641e-11,-4.503425810822911e-12,-3.9827832264389476e-14,-4.655836729288436e-11,1.614761232527599e-11,1.1719409418531277e-14,-5.0987281580058e-11,1.5489867636696922e-11,-8.488052002334756e-11,-3.682515123482669e-14,4.1131390676882036e-11,7.411110966033867e-12,2.4391906067450558e-15,-7.950147027760584e-11,5.0303625287219415e-15,-2.2066975921030718e-11,0.999999999975667,-8.964393050456293e-11,-6.251469470311428e-15,-1.990789380992004e-14,4.001111550152469e-14,-2.912077778515714e-14,-1.258492012115073e-15,9.566111578947232e-11,8.966802037048757e-12,-1.2608848970883081e-11,7.81029534184642e-16,0.9999999999958541,2.0330584196512933e-11,4.205600363646838e-15,-6.369956146314218e-16,4.5221118540540506e-11,4.6084012127806125e-11,0.9999999999484601,0.9999999999783973,6.781828589816816e-16,0.9999999999241531,-1.0859664850027482e-11,0.9999999999912635,-9.457022235920782e-15,0.9999999999657575,-9.463568616923392e-12,0.999999999969515,2.3487195749368903e-14,9.264485166594503e-14,8.279660569218212e-15,-2.2966970468128594e-11,-2.3894498407571286e-16,8.602806358071927e-15,-2.374998482669288e-12,0.9999999999528933,-3.61608307693178e-15,-2.1839022213408882e-14,-1.6012642735642338e-15,-7.235255966466936e-17,-3.099678995073862e-15,0.9999999999639915,-8.480219333722346e-12,1.0937805942092323e-11,5.668231690200999e-15,3.130032670853614e-14,-5.859689838367602e-15,9.672918349189452e-12,1.0284498199810165e-15,0.9999999999421575,3.59930896747742e-14,-2.6072331340093033e-15,0.9999999999509159,8.844260414295052e-11,2.2153864078727887e-14,7.456741155099503e-11,-6.617344364793653e-12,-4.1083833267515195e-14,0.9999999999988755,9.332586846966363e-11,-7.161187385065054e-11,7.794287981549486e-11,0.9999999999856525,-4.905834311875184e-11,-5.196240231178331e-15,5.102963725985096e-15,5.87459131546222e-15,-2.6007030641062633e-15,2.223444331388304e-14,2.9146366546171835e-14,-7.523253081968713e-16,4.430288983722469e-11,-6.9545326129813556e-15,-6.063318656515955e-14,-1.275090673031032e-13,-1.891839648609967e-11,4.7294538743006657e-11,5.0936966948707556e-14,-8.405695643446989e-11,2.977763316259943e-14,2.3422639994821152e-11,-5.208631062892528e-11,0.9999999999940561,3.245892981423824e-15,3.558095859398081e-15,2.2428974764749576e-15,8.409263115650154e-15,-9.710766732695869e-16,0.9999999999798024,-4.805154851179016e-15,2.148967769665987e-11,5.204219906905747e-15,1.1577939689106828e-14,-1.0787343915741043e-14,0.999999999972258,-6.959945888098912e-15,-3.770539980218193e-14,-4.174057717995019e-14,1.654135650403446e-11,-9.57925662701121e-15,3.8941497999592364e-11,-8.090446882994633e-16,-4.560754377456186e-15,9.421669712778455e-15,9.303329060644965e-16,-4.8514447990720674e-14
8.755625352736711e-11,4.4307436518998977e-14,1.5206911678032396e-15,7.717430790113472e-19,1.392905282611773e-15,1.6584544112475675e-15,4.430751638844115e-14,8.844279951052742e-11,1.1317933150483419e-18,5.935804935308814e-19,1.5493676994648056e-15,6.243473791926455e-19,8.35776185843516e-19,5.767876408605893e-19,1.5041150611271542e-15,1.8402254366093685e-15,8.029216964914869e-19,1.6961879451848388e-15,4.816692443584563e-19,1.5475238450387207e-15,1.4519522023604214e-15,6.430628992409292e-19,6.589335637126883e-19,1.3791122449406998e-15,4.4308005664060316e-14,1.075007964376943e-18,3.217423744404099e-19,1.2398171172839064e-15,9.545535812714238e-19,1.0436488500337786e-18,9.480798626427537e-16,1.5026150738350452e-15,9.860136045462324e-16,6.91553718646016e-19,4.2405287856582974e-19,8.844331628281062e-11,5.499279711896693e-19,3.6079079985448424e-19,4.733950308051596e-19,4.82531170997461e-19,2.0170541654834526e-15,4.4307678626166527e-14,4.430752670570821e-14,1.5114431213950325e-15,8.844302798720921e-11,4.086749550235262e-19,8.844308684016172e-11,6.556541877600973e-19,8.844253193128309e-11,1.0811521458788573e-15,8.844343736658853e-11,8.92907115625087e-19,1.080169738160028e-15,7.079840295094483e-19,1.0085414663114911e-18,1.180065774793786e-15,1.0437269979314121e-15,7.9676136827381e-19,4.430736736977642e-14,7.5439870188459e-19,1.3633863763803083e-15,8.347665050666714e-16,6.171898182036146e-19,1.1030355913478616e-15,4.430812965890393e-14,1.4390274610866304e-15,1.460486881167394e-15,1.5570911804646967e-15,2.608896634718828e-19,1.3870908298752388e-15,1.1991694206742434e-15,6.925522467083913e-19,4.430722511672078e-14,7.959912581569955e-19,1.0793675835503889e-15,8.844260414295052e-11,7.75903703413537e-13,2.9239022357401033e-19,1.997714314112175e-15,1.3330707782678208e-15,1.419757928111836e-15,8.844383614585758e-11,1.4829144595419882e-15,1.1594692951112742e-15,1.4193026582439498e-15,8.844314222633821e-11,6.584074940456134e-19,9.197112855642991e-16,1.2131049000730547e-15,8.774276746880533e-19,4.540093470549337e-19,1.464016204161424e-15,1.0641631522192544e-18,1.3859309155372526e-15,6.669792454730271e-19,1.1197111426404493e-18,1.4444647064459808e-15,1.2098172452254345e-15,7.275191106711237e-19,1.4764040660830768e-15,1.630421856034803e-15,1.1907499986259312e-15,1.2438465407708073e-15,1.3031083428106007e-15,1.2010975426773961e-18,4.4307886421228983e-14,7.472403739260965e-19,1.1019833302355558e-15,1.0131766456905829e-15,7.54704430635406e-19,5.41565067628326e-19,8.84431590381376e-11,1.0582822488633507e-15,1.431040906091794e-15,1.2389848031869156e-15,1.0761192400503703e-15,1.3625757950150737e-15,4.430728482976371e-14,4.3246671016544185e-19,1.5448397438014175e-15,1.3309624343442067e-15,9.395454754324946e-16,1.459483920631256e-15,1.0253768921693918e-15,9.85575342223022e-16,1.3369446642476244e-15,1.017696383387628e-18,5.736851023627533e-19,6.839030949582486e-19
4.3337385907152846e-11,2.215438221287288e-14,1.433055122795713e-15,9.075336239524343e-19,4.6910952135960285e-19,1.579834760496646e-15,4.422232063690219e-11,4.422209848706786e-11,5.818189555099637e-19,1.1768827412115908e-15,1.5267372952067024e-15,4.528527449441263e-19,1.8594970829294816e-15,7.171138462715915e-16,6.336353598708697e-19,5.598609136446694e-19,4.0337219829903135e-19,1.368401593190103e-15,-1.3608089083185812e-19,8.519403127436967e-16,1.0140959380384187e-15,9.326195515219423e-19,1.5797223001192736e-19,5.879741239162549e-19,4.4222732085366717e-11,1.4377018465816883e-15,4.467572206018212e-19,1.3958495783596597e-19,6.376450917236841e-19,2.2167972746705174e-15,2.0336937491164018e-19,1.1206651837945559e-15,5.14284454152146e-19,1.25949006551276e-15,9.329273334277155e-16,4.422285385185527e-11,8.247266760118392e-19,8.983876721605749e-16,6.841547564570679e-16,5.290042187327623e-20,2.041747510126217e-15,2.2154542818569686e-14,4.4222037351662166e-11,7.040142342461275e-19,2.2154112128241486e-14,4.014326652951463e-19,2.2154259906062086e-14,9.021716412413812e-19,4.4222001361655224e-11,6.3014437115414095e-19,2.215460747966836e-14,9.951130144144023e-16,6.605564285508287e-16,8.799894843636859e-19,1.5672071225362908e-15,1.1008638986687067e-15,5.512217881547793e-16,9.173385823784251e-19,4.422196339090271e-11,2.5477134081661476e-19,1.2332828897153292e-15,9.272417904528288e-16,4.228674425692916e-19,3.122547730826041e-19,2.2154731839722806e-14,1.2619754281105252e-15,4.576087022435281e-19,1.5911578556094686e-15,2.7131664854237295e-19,1.2388483641154076e-15,3.131392292833057e-19,1.2300392465366079e-15,4.4221885277905356e-11,1.2358751883766258e-15,6.24486672686634e-19,2.2153864078727887e-14,2.9239022357401033e-19,7.757833843931785e-13,1.0973511692482778e-18,9.82468440326936e-16,5.836249742088298e-19,2.215481688038429e-14,7.561383606559153e-19,4.5128493649303725e-19,1.1497691900319918e-15,4.422201419268894e-11,9.087587556968972e-19,6.655258858201278e-16,1.0034298362568803e-15,7.969929931947808e-16,5.301939948878809e-19,7.867564310101197e-19,1.0280965947066655e-18,4.6651822904986525e-19,5.755417128591506e-16,6.338369926558754e-16,1.5633174330297611e-15,1.42929179122147e-15,1.2054891825448011e-15,8.023916548561988e-19,8.401498201865587e-16,3.1544232236054313e-19,1.1018189865647671e-15,7.853387695169927e-16,6.956260821392368e-19,2.2154166264795438e-14,9.624838900097662e-16,4.283554988341352e-19,7.083747647781216e-19,6.527432469502897e-20,1.229542324497873e-15,2.2154411725371934e-14,8.61380517741321e-16,1.1257416308875302e-15,3.733904526549547e-19,1.8010202753319877e-19,9.459306593834944e-16,2.215426573803763e-14,1.198038596084539e-15,1.9312080796435915e-15,1.4039705319519358e-15,3.977017194097062e-19,1.6839445800899497e-15,4.360672801810732e-19,8.948272077292303e-16,8.305516642155494e-19,5.725351361910369e-19,1.0878620312821963e-15,4.883911837443972e-19
7.363529123812227e-11,3.735709624735919e-14,2.1299366118372254e-15,2.3099881544106702e-15,6.316045584704203e-19,2.3805432826214704e-15,3.735653793506388e-14,7.456773982822638e-11,2.4555691524727168e-15,9.743160488399205e-19,1.158698674475797e-18,1.1643973306115128e-18,1.5501413140472907e-18,1.4339264423111136e-15,1.1462982761422529e-18,1.1758039820736347e-18,9.031925693896069e-19,9.204528761666152e-19,6.544028560511761e-19,1.884768723103593e-15,1.8387549666694534e-15,2.053524732723528e-15,1.6056216315764067e-15,1.1212042098527399e-18,7.456834995483193e-11,2.1900693347696473e-15,1.2720505697303825e-15,1.392957745216047e-15,2.1648322804954876e-15,1.501487082265238e-18,1.175445425302035e-15,2.0041364162799956e-15,1.2292393360711991e-15,2.0022281299276423e-15,6.962359176720143e-19,3.7356882118887016e-14,1.79337931271402e-15,7.650091533659484e-19,1.250295746915316e-15,4.801787889062648e-19,2.9705470488680338e-15,7.456838521641278e-11,7.456771955542569e-11,1.1617954843192761e-18,7.456824741688889e-11,1.38094142837454e-18,3.7356840998232837e-14,1.9578138249784253e-15,3.735690234599085e-14,1.503606332782192e-15,7.456863043254912e-11,1.919836318998231e-15,1.3611703914206499e-15,1.800162263561521e-15,2.3357922448576946e-15,1.6711412207054986e-15,6.274653373032301e-19,2.1289722864355e-15,7.456739762337207e-11,1.1548415999474922e-18,1.9000200919242586e-15,1.2846256106713774e-15,1.607585368482166e-15,1.4137683328530945e-15,3.735661141768649e-14,3.3993894697436207e-19,1.258033937172041e-18,9.975907201835375e-19,2.060904060203573e-15,7.609299035230993e-19,1.8422279325273963e-15,1.7213356563534154e-15,7.456690236471036e-11,6.847122176344478e-19,3.631221570909366e-19,7.456741155099503e-11,1.997714314112175e-15,1.0973511692482778e-18,7.762408425624384e-13,1.739069815430591e-15,2.1831530375649468e-15,7.456928651288735e-11,8.626004215141722e-19,1.6938273052417141e-15,1.9303072279277236e-15,7.456800367159525e-11,9.14274285755597e-19,3.404504897200798e-19,7.769661772114201e-19,8.30384946419103e-19,1.2670029624236232e-15,2.1791912566363555e-15,2.7320049573787337e-15,1.2423481430896704e-18,6.997262870341337e-19,1.1411231688625573e-18,1.0850005820175376e-18,1.854973831752272e-15,1.7559151780744475e-15,2.0587675619755848e-15,9.893618692956292e-19,1.6219072465893686e-15,1.7353635713835003e-15,1.6151428350461254e-15,2.0394622030902934e-15,7.456929079912511e-11,1.6288245815901117e-15,1.5607457383815376e-15,1.501796591923437e-15,1.3074530533889778e-15,8.824856262993186e-19,3.735667023139789e-14,6.768027344525283e-19,1.0351669826588224e-18,1.5464649761072213e-15,5.136749116211776e-19,1.7493200424424169e-15,7.456798145809792e-11,9.983624861859476e-19,2.43865063266496e-15,1.1153073011538417e-18,1.3473631422833564e-15,2.2578837007292203e-15,1.0416859184236843e-15,6.323282073175202e-19,9.416630226750022e-19,2.119994901861426e-15,8.629634298917354e-19,6.428535772171441e-19
-7.488935165418681e-12,-3.314867032267277e-15,1.3021494475694043e-15,1.2914789506277012e-15,5.56485351910506e-19,-4.358078478842127e-19,-3.3152511687074993e-15,-3.315094412500811e-15,9.433432859497356e-19,2.645257541249127e-19,7.1825759954242e-19,1.2905887909611078e-15,1.5115259222794801e-15,1.0837780266732322e-15,8.042707768662702e-19,6.580435845655692e-19,1.1969409324667626e-15,6.83646981073088e-19,7.488561083643219e-19,1.5661868459230981e-15,1.3758038771239012e-15,1.0846176115405788e-15,1.2579591706911563e-15,6.814321744699415e-19,-6.617116870599096e-12,1.3364677486898381e-15,1.0971804769278685e-15,1.3624097332680612e-15,3.3264039609336465e-19,2.1021189536901183e-15,-2.6274842109708727e-19,1.4087014359945228e-15,5.274515068408203e-19,1.276675782247037e-15,8.049417873974078e-16,-3.314839013263344e-15,1.0149478330444916e-15,1.0414710559460008e-15,8.923115277632883e-16,4.457981026763121e-19,9.166979505983497e-19,-3.315184963196665e-15,-6.617186858465042e-12,1.2696293543787074e-15,-6.617211736504922e-12,1.2201956128975673e-15,-3.3153033430282755e-15,9.041112098833306e-16,-6.61753459444937e-12,7.852106942614914e-19,-3.3149348600478487e-15,1.3820660776697835e-15,1.0730699921057201e-15,1.058315038931453e-15,8.192392680843316e-19,4.464617672703405e-19,1.0723780166872603e-15,5.115791123825414e-19,-3.3153259733273886e-15,5.60924597021699e-19,7.21034606628078e-19,7.914693678024734e-19,7.708028209585776e-19,1.048619545688429e-15,-3.315131331437822e-15,7.307844914836547e-19,1.0897091847121187e-18,6.046938108077601e-19,7.431550223657315e-19,1.3158399854078377e-18,2.756044351589036e-19,9.477372474410212e-16,-3.3156857995049204e-15,1.334969347321781e-15,1.0030852266205198e-15,-6.617344364793653e-12,1.3330707782678208e-15,9.82468440326936e-16,1.739069815430591e-15,7.758855769753717e-13,1.1208170091344936e-15,-6.616469155306176e-12,1.4399785487630086e-15,9.734239489820874e-16,1.300544138241141e-15,-6.616797886887519e-12,4.708454524200547e-19,8.6742685249462e-16,2.3858793021092205e-19,1.196516287181367e-15,6.703375204652667e-19,1.1778166383582435e-15,1.4356408963958823e-15,9.869028228701078e-19,1.1947824907996618e-15,-2.1155034414844462e-21,1.1589135900193252e-15,7.040489740113774e-19,1.0156145165543251e-15,1.2987375212536693e-15,6.093877924192464e-19,1.5563162967464793e-19,1.0982746109614835e-15,6.123882838903651e-19,6.387955697216168e-19,-3.3144254927033136e-15,1.0892268569744085e-15,4.472882865922496e-19,8.257647018022462e-16,5.694249420120665e-19,6.907879999367594e-19,-3.3150908979362257e-15,9.703639816168532e-16,6.123108990587884e-19,7.042545329324074e-19,9.845201405699629e-16,1.2992049008924078e-15,-3.3151180792593804e-15,1.0423799341770386e-15,8.007012872173804e-19,1.0765417797799908e-15,6.008225113824124e-19,1.1261015148124773e-15,1.228178258019865e-15,8.509413211841701e-16,1.1786080872254306e-15,1.6224773745235948e-15,6.259105547798611e-19,8.540442653804265e-19
-8.290806900864875e-11,-4.1083496577817454e-14,1.6569542795798287e-15,1.943757820368878e-15,6.839635694152735e-19,1.864769465551932e-15,-4.1083486027633e-14,-8.200710020133976e-11,1.385512591818046e-15,6.225188041139361e-19,1.8276405061312105e-15,9.55695783690504e-16,1.1438400930740984e-18,3.733045536590858e-19,1.787901870140351e-15,2.0702969243974143e-15,1.5534071006718613e-15,7.896753455449813e-19,1.0590082346838206e-15,9.52349928150921e-16,1.1279992483476501e-15,-1.454315039890521e-19,8.760763268236992e-16,6.312241869232553e-19,-8.200634486757397e-11,1.7002667103545862e-15,-5.158467734471143e-20,3.5793506920794357e-19,1.7703085579843267e-15,2.6082134839871645e-15,2.896267379962872e-19,7.817636041368333e-19,4.847141904445161e-19,7.668110185857811e-19,1.1023812969637749e-15,-8.200620965998267e-11,5.85128841554307e-19,9.397154853925172e-19,8.073742091317901e-16,7.317214795110138e-16,2.4435783809740287e-15,-4.108309599503881e-14,-8.200719735711817e-11,1.7268904614745645e-15,-4.1082771883566484e-14,5.485214959835206e-19,-8.200640687960935e-11,9.114026544457799e-19,-4.108388689553748e-14,1.4034735163707742e-18,-8.200634255064239e-11,1.2068363025660679e-15,8.474633287203768e-20,1.4554728203294088e-15,1.886984284863587e-15,9.722007354587171e-19,6.274367763675855e-16,7.147327938654404e-19,-8.200722999594234e-11,8.174452478083003e-16,7.202271292653729e-19,1.130016477917544e-15,8.879469531355206e-16,8.896128042733151e-16,-8.200640423823495e-11,1.468239998615124e-15,9.765356953092931e-16,1.892801353189648e-15,1.4854325052517327e-15,1.480149492125438e-15,1.6742911881767792e-15,7.961827470485044e-19,-8.200728618658208e-11,7.387018764603881e-19,9.22421868825661e-16,-4.1083833267515195e-14,1.419757928111836e-15,5.836249742088298e-19,2.1831530375649468e-15,1.1208170091344936e-15,7.76271603918115e-13,-4.10829470625684e-14,1.1026715286871563e-15,1.3595424795361503e-15,1.345174605585437e-15,-4.1083803808455494e-14,5.845874558278751e-19,7.760004694095989e-16,8.725912930171992e-20,5.106827723014213e-19,8.864122831553656e-16,1.1277806845860083e-18,2.4186121160384925e-15,1.2549752694252123e-15,6.804247374069419e-16,7.021237910473405e-16,1.851268238148671e-15,8.561595040168328e-19,6.397270121183002e-19,7.854586707840033e-19,5.499252326988612e-19,4.529037505492895e-19,7.519932882880573e-19,5.900797979235815e-19,1.5358713658788869e-15,-4.1082945296771776e-14,1.1393911519732621e-15,3.3479426454594438e-19,5.357351762106512e-19,3.456049873331216e-20,8.219245106658245e-19,-8.200644886717703e-11,1.039769323922338e-15,1.4067582510474933e-18,7.129370427534852e-19,1.0050739834449572e-15,7.746089167347998e-19,-4.1083243312664165e-14,7.599091561782904e-19,2.3157187604492613e-15,1.6456442064662773e-15,1.0190829181021792e-15,1.0147344133704375e-18,1.2926176696567716e-19,1.045995621110727e-15,1.3880011367147492e-15,1.2376848877260244e-15,3.561354664152084e-19,1.296065265333677e-15
1.000000000024012,1.0000000000268114,9.976772567195268e-12,-8.143257487646777e-11,5.0383835287281274e-14,9.786566561930037e-11,1.000000000028747,1.0000000000197367,1.3703224944594015e-11,-4.502147131669789e-12,-7.94991772752543e-11,-4.655828899974413e-11,1.614946674543535e-11,2.3393804668356304e-11,-2.554265939006468e-14,7.760643486617892e-15,-4.2522528224193806e-14,-7.350464721199822e-11,2.0606228108313945e-14,3.712761953563936e-15,2.439714613920425e-15,-3.982761560602124e-14,5.030730498487256e-15,-1.105445253420937e-14,1.0000000000244003,-8.964251445051837e-11,-6.2517619032298e-15,-1.9908362607407942e-14,7.986782987044972e-11,-5.812606537904537e-11,-1.258054485893796e-15,4.792436306629643e-14,4.4921157250796e-15,-1.2607702460321505e-11,1.559882274322685e-12,1.0000000000445877,2.033173983218201e-11,8.395544999780655e-12,-6.370959681139278e-16,2.2654558858627502e-14,4.608617907462312e-11,0.9999999999971957,1.000000000027128,6.792720538361975e-16,0.9999999999728865,-5.4402697410640815e-15,1.0000000000399978,-1.8875079563468547e-11,1.0000000000144904,-4.7408551130156665e-15,1.0000000000182485,4.688388675054831e-11,4.6277429749917896e-17,8.281000730525793e-15,-2.296549904488354e-11,-4.757376695935578e-13,1.7172441658920994e-11,-2.3737189753986574e-12,1.0000000000016256,-3.61728573486898e-15,-4.3591899865406515e-11,-1.6008567454854322e-15,-7.172114966103797e-17,-6.186039766891447e-12,1.0000000000127258,-8.478969345890323e-12,5.479668671887342e-15,1.1317022142635814e-11,6.248007057804033e-11,-1.1695195448465754e-11,4.846568579443066e-15,1.0291040505943075e-15,0.9999999999908903,7.184774258180895e-11,-2.606867940250875e-15,0.9999999999988755,8.844383614585758e-11,2.215481688038429e-14,7.456928651288735e-11,-6.616469155306176e-12,-4.10829470625684e-14,1.0000000000483857,4.675420676251602e-14,-3.5875495462800634e-14,7.79438199478799e-11,1.0000000000343847,-4.9057477131476876e-11,-1.0371387094561961e-11,1.0186689498505751e-11,1.172687195533575e-11,-5.190223068741356e-12,2.2235351148591297e-14,5.8181825873461394e-11,-7.515461774177099e-16,4.430281515883416e-11,-1.388148563869977e-11,-6.063300164705955e-14,-6.387942544354006e-17,-9.477205841718758e-15,4.729585003736032e-11,1.0167629018514178e-10,-8.405639827424901e-11,5.94406554530662e-11,1.1733879969261072e-14,-5.208476464644819e-11,1.0000000000427904,6.480410403416702e-12,3.559046646918957e-15,2.2433715314219456e-15,1.678555188143121e-11,-9.704406082137972e-16,1.0000000000285354,-9.590699476911404e-12,1.0765876072375218e-14,1.0388310243007016e-11,2.3111995846207718e-11,-1.078707328626729e-14,1.0000000000209899,-6.959303473229881e-15,-7.526152733339501e-11,-8.331739467321216e-11,1.6541936539509883e-11,-1.9119980606769216e-11,3.894077580835296e-11,-8.085628455746545e-16,-4.560005795647586e-15,1.8807781463882128e-11,9.308752324176444e-16,-9.683813030537944e-11
9.243805583193406e-11,4.675388584830802e-14,1.359624494360725e-15,1.2242989207492445e-15,9.10402308359913e-19,1.5336098259439716e-15,4.675383608570029e-14,9.332582565560467e-11,1.1874446571058634e-18,1.1028654656171246e-15,1.4483407087976753e-15,1.8364103578180326e-15,1.7197388936665145e-15,1.4135465091305638e-15,3.563991292025463e-19,8.008196702090215e-19,1.1820592100495432e-18,6.72666146361933e-19,8.01266044190161e-19,2.0182566840127627e-15,1.585545450495052e-15,6.1031519788910345e-19,1.0469309595418609e-18,7.153072110649275e-19,4.67535776087973e-14,1.4715809766596698e-15,1.4425413925007892e-15,7.127076256178615e-19,6.340892567923402e-19,2.299684105079577e-15,1.218427177352678e-15,1.73832038766406e-15,6.584942796541485e-19,5.283755984848254e-19,8.429644027554042e-16,9.332607218845197e-11,5.465563009953258e-19,1.2441219907656556e-15,4.1446822457307745e-19,6.410423567125868e-19,1.7909285790873762e-15,9.332525444955065e-11,4.675363438617509e-14,1.2580490317991706e-15,9.332558321032564e-11,1.4379975409987643e-15,4.675436227866716e-14,1.4573081963243082e-19,4.675352975442353e-14,1.1569125278273201e-15,4.6754118988795833e-14,1.5093373030361279e-18,1.3852775069587347e-15,5.511881358023757e-19,7.623477040768945e-19,1.0986964830617247e-15,7.210353877638933e-19,1.4136110531538548e-15,4.6753466308705263e-14,8.860982799291527e-19,7.898294955767598e-19,6.830842212737e-16,7.940199767731804e-19,5.89200880738526e-19,9.332558741759475e-11,6.390628641404319e-19,1.7877180524532286e-15,7.860292563752399e-19,7.368898584143321e-19,8.77272888965339e-19,8.623855710442342e-16,4.170913194734024e-19,4.675314270916219e-14,8.103996731156532e-19,8.679089479126695e-19,9.332586846966363e-11,1.4829144595419882e-15,7.561383606559153e-19,8.626004215141722e-19,1.4399785487630086e-15,1.1026715286871563e-15,4.675420676251602e-14,7.761189758627925e-13,3.210297629323339e-19,1.5508493701160443e-15,9.33265630998137e-11,1.830930475773765e-15,6.597746910528587e-19,1.324279529304656e-15,7.36684820798611e-19,4.637290543814737e-19,1.2174780255403295e-15,7.134838330514702e-19,3.288649897450496e-19,1.6646740910418868e-15,1.5379035161459328e-15,5.903180770910918e-19,2.8187922349182764e-19,1.083376692452441e-15,1.4352558787166899e-15,1.1317521032046122e-18,1.4171983776962048e-15,1.2335005980275254e-15,1.6089456404725632e-15,1.3362386403261234e-15,9.332668637959644e-11,1.3091167765636825e-15,2.117743828554146e-19,5.546283712287965e-19,9.359926767467952e-19,1.1011620917017408e-15,9.33258536657474e-11,1.19352337021004e-15,9.374875999228284e-19,1.2699229435978062e-18,6.195036398563166e-19,1.5495756277285105e-15,9.332537520420378e-11,1.1258124467801581e-15,2.9770933818370393e-19,5.26008526900858e-19,8.53122561170357e-19,4.0876029027635735e-19,1.8398216060015083e-15,9.320368949160386e-16,2.53640733680465e-19,2.137188116048443e-15,1.515461529760994e-15,1.349440098541512e-15
-7.250426428908739e-11,-3.5875753947535974e-14,1.2316454066323406e-15,6.864078696013964e-19,5.231189706267035e-19,1.4342940728329783e-15,-7.161150630757405e-11,-3.587571570762372e-14,6.491640732024415e-19,4.1295536090391253e-19,1.443822137154465e-15,5.782989102139602e-19,9.022971598179448e-19,4.37654515273945e-19,9.18576117645002e-19,8.504107515500252e-19,1.2103640334818716e-15,1.3053907663630974e-15,1.0606553767329945e-15,7.288492197537473e-19,1.006055160376505e-15,6.446659732527418e-19,9.774380847811599e-19,4.79866389850666e-19,-7.161135554523852e-11,1.3384714241497235e-15,3.8746034826980327e-19,5.068393680557282e-19,5.953853978487656e-19,1.1503318360542784e-18,7.103423740089552e-16,6.228895385293974e-19,7.905676982127207e-16,1.2454385932555836e-15,2.1870809911685367e-19,-3.5875470446357906e-14,1.1826398144913721e-15,9.494146974059724e-16,7.680041564434292e-16,3.7805889784410265e-19,1.2011832906066258e-18,-7.161140614299817e-11,-3.587566555149257e-14,8.421366952226381e-19,-7.16114816662378e-11,1.0297925044996323e-15,-7.161128927562749e-11,9.384163742013916e-19,-7.161192413684373e-11,3.304742801332976e-19,-3.587583615927378e-14,7.211259236030568e-19,8.487851615422405e-16,1.038477822226907e-15,7.595255796733367e-19,5.3341699686497535e-19,7.839230148845924e-16,1.4424593802141125e-15,-3.587559639368756e-14,8.411949835990752e-16,4.887389239422635e-19,3.8950634295079917e-19,9.061786025563457e-20,4.415157316405123e-20,-7.161145419160232e-11,6.774640170024421e-19,7.894615248160838e-19,3.309784826019558e-19,1.1779842166166814e-15,1.200883067535967e-15,7.442475985423663e-19,5.765304622951512e-19,-3.5876131713942485e-14,3.8347813360090135e-19,8.33804475809195e-16,-7.161187385065054e-11,1.1594692951112742e-15,4.5128493649303725e-19,1.6938273052417141e-15,9.734239489820874e-16,1.3595424795361503e-15,-3.5875495462800634e-14,3.210297629323339e-19,7.754828535286167e-13,-2.1874321864891223e-20,-3.587622004354629e-14,5.295668786884899e-19,1.9212635973855824e-19,5.682767862315884e-19,3.25319923231987e-19,5.122344096560656e-19,7.737786970914721e-19,9.930751107546392e-19,1.035118854594449e-15,5.735860798630863e-19,8.378628719524019e-16,6.415302244027736e-19,3.611786685456834e-19,6.453100330455071e-19,3.011878999880836e-19,4.501860688332948e-19,4.627499050956675e-19,1.057215642260367e-15,6.942540133212971e-19,4.924466095338748e-19,-3.5875315188540096e-14,1.0314415852474666e-15,6.746144290626256e-19,9.426093943351433e-19,7.875006168100504e-16,1.0931623898640723e-15,-7.16114605453583e-11,9.635074829449243e-16,1.2058234251582663e-15,9.080379091466784e-16,8.373954552656827e-16,6.530288460460646e-19,-7.161156873474054e-11,3.3548557577425493e-19,1.4668677804784153e-15,7.29791557223607e-19,9.18311173781624e-16,1.4833108346580382e-15,2.681003443317004e-19,8.304185112637731e-16,1.5451236380031772e-19,1.3921280132682653e-15,1.0182436161928278e-15,5.941808960121574e-19
7.703659663923057e-11,3.904736588740592e-14,1.393755121723673e-15,4.885511068199942e-19,1.5431542177133205e-15,1.6043212661445849e-15,7.794308396678275e-11,3.904709931090628e-14,1.106640580777043e-18,7.2247225156802e-19,1.5595576505310867e-15,7.093103537103811e-19,5.156099080294098e-19,5.591859063146542e-19,2.4774811817398157e-19,5.998238137987786e-19,1.349352788213799e-15,1.6303410783451893e-15,1.4229318028100072e-15,1.2816242038464346e-18,2.6970855543522497e-19,1.2767278408020583e-15,1.0334203016110086e-18,1.3705170547238308e-15,3.904756526488477e-14,6.757498602748625e-19,3.6016273674604445e-19,9.996229321195343e-19,9.803069020179527e-19,1.2512216518420515e-18,6.230291628449455e-19,1.5969385052803824e-15,1.1194028569383629e-15,1.4511906746396437e-15,3.404009885033147e-19,7.794339037294905e-11,6.964629151874408e-19,1.178051207974133e-15,4.1015682958286055e-19,5.089874247580286e-19,9.365424527054459e-19,3.9047134157668045e-14,3.904726344505672e-14,7.987126858344859e-19,7.794297680856848e-11,1.3213803436159776e-15,7.79432196907285e-11,1.0680241002464534e-15,3.904670836949185e-14,7.24565876884087e-19,7.794343104583263e-11,1.697251064277347e-15,6.535169463609175e-19,1.1349077661599665e-15,8.940922046094936e-19,1.134511782711385e-15,1.1616609871463214e-15,6.4409192604253e-19,3.9047020611466e-14,6.946926825802795e-19,1.3195196462273454e-15,8.242973732281078e-16,1.3358252583398723e-15,1.0606425978521303e-15,3.904699428595273e-14,1.4004887189780297e-15,1.5015210080225535e-15,1.4891176501593417e-15,5.568970149742313e-19,5.842763804964332e-19,1.0783987762013361e-15,4.91332260298607e-19,7.794208292754623e-11,7.615473746199876e-19,1.0778543666346884e-15,7.794287981549486e-11,1.4193026582439498e-15,1.1497691900319918e-15,1.9303072279277236e-15,1.300544138241141e-15,1.345174605585437e-15,7.79438199478799e-11,1.5508493701160443e-15,-2.1874321864891223e-20,7.756974353648853e-13,7.79434048820658e-11,1.5966904361516307e-15,9.94336739411776e-16,1.2556412803595811e-15,1.2516470813556224e-15,9.496690458373325e-16,5.996240874100396e-19,8.033476584494654e-19,1.3201239292226453e-15,1.3824326186587747e-15,1.0471791529769579e-18,1.3408424295572211e-15,1.0429512967121726e-15,5.900409026957569e-19,8.871142151888598e-19,9.597460121563098e-19,1.3176022175536598e-15,1.2356393763185487e-15,1.3640400228232852e-15,9.383893840428161e-19,7.794390975815004e-11,5.611133458048622e-19,1.0636289443225403e-15,9.473680797029527e-16,1.3975067426388442e-15,1.184881713535691e-15,3.9047147089237426e-14,1.1511557221537468e-15,1.4916844455754306e-15,4.592814281352543e-19,1.046500300317116e-15,8.3290774485789e-19,7.794281690328397e-11,1.1971213804480197e-15,1.4711130052405877e-18,8.662130759192486e-19,1.0317636666549877e-15,1.4282672178718096e-15,1.3069106261575842e-15,9.554445259632382e-16,3.978042927008978e-19,1.86550557816362e-15,5.795914063648651e-19,1.3145106895660567e-15
1.0000000000108034,1.0000000000135851,9.975634336355025e-12,-4.079630008008273e-14,1.005708478276362e-10,9.786451052107923e-11,1.0000000000155218,1.0000000000065101,6.865229775875109e-15,-4.503067774000928e-12,-7.950029501389842e-11,-4.6557743876266274e-11,1.6148104797932512e-11,1.1719097148646529e-14,-5.0986903136679394e-11,1.549040549340074e-11,-8.488010250526048e-11,-3.682440311891792e-14,4.113202441377802e-11,7.411920454536462e-12,4.869451747978905e-12,-3.9828059022319786e-14,1.004271521654056e-11,-1.1055022598037692e-14,1.0000000000111726,-8.9643482438814e-11,-6.251368295492492e-15,-1.9907587954611682e-14,7.986670316060617e-11,-5.812760975576956e-11,-2.5104286575105607e-12,4.792387429939116e-14,8.967301078871515e-12,-6.3165402199442826e-15,1.5591399396527819e-12,1.0000000000313627,2.033088622839047e-11,8.395230844464757e-12,-1.2711368967169458e-12,4.522156707204771e-11,2.3086895744849626e-14,0.9999999999839677,1.000000000013903,6.786697199577297e-16,0.99999999995966,-1.085914399838979e-11,1.0000000000267721,-9.456945220762137e-15,1.0000000000012645,-4.740994403693289e-15,1.0000000000050207,4.688411998324538e-11,9.317370541151686e-14,8.280604864722912e-15,-1.1505651975908578e-14,-2.3903721937350283e-16,8.603055125842903e-15,-1.1900501996370658e-15,0.9999999999884004,-7.217174319770192e-12,-2.1838735189572327e-14,-1.6016220953050277e-15,-1.4354889092888694e-13,-3.0995074906482463e-15,0.9999999999995,-8.479741748215077e-12,1.0938550440012765e-11,1.1315697783724387e-11,3.130054800944946e-14,-5.8595058305855245e-15,4.845985355967929e-15,1.028671210965383e-15,0.9999999999776634,3.5993522650167044e-14,-2.6073696374458124e-15,0.9999999999856525,8.844314222633821e-11,4.422201419268894e-11,7.456800367159525e-11,-6.616797886887519e-12,-4.1083803808455494e-14,1.0000000000343847,9.33265630998137e-11,-3.587622004354629e-14,7.79434048820658e-11,1.000000000021928,-4.90576262393454e-11,-1.037144033949797e-11,5.102761495973388e-15,5.874419014178263e-15,-2.600603053655606e-15,4.4383029664343643e-11,5.817957947642075e-11,-7.519985534252983e-16,4.430349552640222e-11,-1.3881129017400853e-11,-1.2103078736750271e-10,-6.404199852742064e-17,-9.47772056550627e-15,2.3692623548770192e-14,1.0167690134384595e-10,-8.40564986591278e-11,2.977791970355263e-14,1.17342272771504e-14,-5.208581666510022e-11,1.0000000000295644,3.245930251109646e-15,7.10297735639616e-12,2.242490688483154e-15,8.409724441281976e-15,-1.937686225791608e-12,1.0000000000153109,-4.804923491057138e-15,1.0765493236637876e-14,1.0388432110926599e-11,1.1578389200333544e-14,-1.078712948091117e-14,1.0000000000077622,-6.959641105428668e-15,-7.52637767940413e-11,-4.1740790257243045e-14,8.286690554231046e-15,-9.579970689050626e-15,3.894230134277657e-11,-8.086378194148794e-16,-4.560667868271968e-15,1.8808113629773753e-11,1.8582205364647762e-12,-9.68386585517652e-11
-4.994939201460821e-11,-2.457709666951992e-14,1.489914051752442e-15,1.4259116087025574e-15,1.6876678852959085e-15,1.66119716258605e-15,-4.905828369615256e-11,-4.905829613207168e-11,1.2765801632781986e-18,5.732077405981962e-19,6.768780183154417e-19,8.346913292452593e-19,1.7819442014717454e-15,1.4131372264978158e-15,5.77786554046428e-19,1.2369930411329288e-18,1.3952317731697e-15,1.857887407956945e-15,6.772719238809834e-19,2.0442747838600726e-15,1.6973158784209045e-15,4.444264582191024e-19,7.172224551229096e-19,1.411082447774892e-15,-2.4577028295025108e-14,5.43425318084914e-19,9.04834764279635e-19,9.979138037247743e-19,6.3026082713117e-19,1.1996235450518592e-18,7.33000641329949e-19,8.491257945163025e-19,1.3075007614407879e-15,1.5369928231311406e-15,4.606676924929702e-19,-4.90579907054318e-11,1.0480054352583605e-18,1.2966614602151117e-15,1.1244500596922136e-15,5.923395984249081e-19,1.0029748509462862e-18,-2.4577708770348214e-14,-2.4577091445965143e-14,8.631711565074054e-19,-4.9058424628338896e-11,1.4999000930479386e-15,-2.4577117640306156e-14,4.929380585158975e-19,-4.9058690037517736e-11,7.47770581293867e-19,-4.90577761160731e-11,1.811998813504708e-15,7.967910148635207e-19,1.1844531233000124e-15,8.010555836130693e-19,9.14030527140452e-19,8.044591921023179e-19,1.4387949506820672e-15,-2.457714911324576e-14,1.4675779056753672e-15,1.4055646763837556e-15,7.4593600534362345e-16,9.312304692176403e-19,6.74164159877255e-19,-2.4577200329239985e-14,9.913290724525596e-19,8.933014020883533e-19,1.4774641261288428e-15,1.6040956322148295e-15,8.589819584454452e-19,9.74177980768559e-16,1.050110676883617e-15,-2.4577412328690092e-14,1.6207094498288958e-15,4.935795431137474e-19,-4.905834311875184e-11,6.584074940456134e-19,9.087587556968972e-19,9.14274285755597e-19,4.708454524200547e-19,5.845874558278751e-19,-4.9057477131476876e-11,1.830930475773765e-15,5.295668786884899e-19,1.5966904361516307e-15,-4.90576262393454e-11,7.762367571469286e-13,1.1030435416662295e-15,1.3487652230184537e-15,1.503097912103643e-15,1.0410918667221025e-15,4.9117791419931e-19,6.550070853665825e-19,1.525610964570562e-15,1.6122569876062194e-15,1.5539663038687914e-15,1.290728311988961e-15,9.778207008231994e-19,1.1697163815333177e-15,1.5430934561186523e-15,6.8501195601238805e-19,1.4064199243747071e-15,5.823930811333596e-19,1.6569620752032045e-15,1.4878749954069865e-15,-2.4576465476093125e-14,6.850580049230766e-19,1.1165403625181193e-15,9.169134436264677e-16,8.95830101083068e-19,1.198737361063245e-15,-4.9058154054886656e-11,1.214774787841068e-15,6.972402159872218e-19,7.910549182796415e-19,4.951876700630705e-19,9.042513949774917e-19,-2.4576920871053336e-14,1.2144816368980456e-15,6.7906810474425365e-19,5.921984454958923e-19,1.0313696800325167e-15,1.2579624456890142e-15,1.0773286248258645e-18,1.0093681817969283e-15,1.3753859974313977e-15,2.106626647078026e-15,1.6325531726659541e-15,5.979350780944249e-19
-1.1243826438851342e-11,-5.196101196388382e-15,8.502916167425015e-16,7.838888807626364e-16,1.0955969923373351e-15,2.0952493033637114e-19,-5.196066283762006e-15,-1.0371862660265757e-11,1.5257548449133779e-15,5.667884121718436e-19,1.3157212862817974e-18,6.7612042943571585e-19,9.855534387397705e-19,1.8750627934671536e-19,8.216986190308288e-16,1.222806831273318e-15,8.453985486612781e-16,6.63898730541087e-19,5.628578453707267e-19,1.2266045588013886e-15,9.423898335842613e-16,2.8228606015179407e-19,4.513610655237277e-19,7.133481812631602e-19,-1.0371834993845057e-11,9.497687003593682e-16,4.891003500769498e-19,5.619821571144884e-19,9.254701691674433e-16,1.4811632679758742e-15,3.736529055802713e-19,1.1118019484145033e-15,3.624279395484134e-19,3.2624661045494436e-19,5.491406458758447e-16,-5.195339168920721e-15,7.943057142819682e-16,7.98857185139651e-16,6.863903197634811e-16,8.357521564469318e-16,5.122582533625074e-19,-5.196869314858263e-15,-5.195990519017035e-15,4.508315527153655e-19,-5.196191509397564e-15,9.896863081331629e-19,-1.0371744817457225e-11,3.986005489488368e-19,-1.0372105068650222e-11,7.495696624766407e-16,-1.0371606427450049e-11,5.568004493455644e-20,2.3660532495442423e-19,7.999762456930234e-20,1.0253122488685075e-15,7.0603943809899e-16,8.632830847462506e-16,9.835678732727732e-16,-5.196631939058254e-15,8.548487018548362e-16,2.7535108759719563e-19,4.906106759031092e-16,9.4578531798131e-16,3.873941070066061e-19,-5.19620868513245e-15,8.992960407251331e-16,8.082602344363449e-20,4.844174682031165e-19,3.5720553027772533e-19,7.105715808048931e-19,3.2999865119718336e-19,6.095248333615179e-16,-5.1964893541690876e-15,8.302133175315098e-19,-2.3894363382938454e-19,-5.196240231178331e-15,9.197112855642991e-16,6.655258858201278e-16,3.404504897200798e-19,8.6742685249462e-16,7.760004694095989e-16,-1.0371387094561961e-11,6.597746910528587e-19,1.9212635973855824e-19,9.94336739411776e-16,-1.037144033949797e-11,1.1030435416662295e-15,7.754310477123589e-13,8.42111781297557e-16,8.709866935631761e-16,6.341537359527957e-16,5.183376458187958e-19,4.083714494030239e-19,-5.103394424613745e-20,1.0579293714363482e-15,9.262681654962603e-16,7.846779357164795e-16,5.512131206600966e-16,5.573970455751025e-19,9.245291634469406e-16,3.5186176151782833e-19,9.243096476731061e-16,3.2683494857819985e-19,2.813431739911998e-19,5.385910876717348e-19,-5.195829681651832e-15,4.760527839284519e-19,6.681915556917909e-16,5.62734045003659e-16,1.1124231443301106e-15,2.4627540250760613e-19,-5.19640499792958e-15,7.869487668394215e-16,1.0158543079785953e-15,4.899465516843179e-19,5.625676343334521e-20,4.995326812847278e-19,-5.196281338729212e-15,7.45635557383424e-16,6.79410506259314e-16,4.2580570338133156e-19,6.94718192339383e-16,3.4028387186824393e-19,1.0991044928674205e-15,3.3614578856821137e-19,7.832158817260736e-16,1.3636857973573584e-15,2.705750879561592e-19,8.688995814667336e-16
9.305829441840932e-12,5.102798075722839e-15,1.1852079278616286e-15,1.2108404910563501e-15,1.313687091675054e-15,1.3936865431929565e-15,1.0186067333661692e-11,5.102971296169065e-15,1.7773518449589434e-15,1.001837272815912e-15,1.356170676582189e-15,6.5078019075054795e-19,1.5993641405891888e-15,1.0661281248786138e-15,1.1973454822893127e-15,1.6502201925150789e-15,1.1526280776408323e-15,1.4033140275950494e-15,1.1988299932086036e-15,1.079268745492332e-18,1.1924617142776797e-15,5.641578911618618e-19,7.342809100727119e-19,6.405356878072518e-19,1.0186153966128095e-11,1.295424350249791e-15,9.972675572757485e-16,1.2159078122809683e-15,7.361112436876855e-19,1.0801659404276672e-18,8.53883290057145e-19,5.214088125957621e-19,9.500860079348374e-16,6.242677047271823e-19,7.814491337704615e-16,5.103274697581746e-15,2.0859629513053216e-19,5.103061340940818e-19,8.631552395435161e-16,4.698561627484306e-19,1.7252444531307414e-15,1.0185958511603383e-11,5.103000097026068e-15,1.1461570941522794e-15,1.0186025411155803e-11,1.1306013947068563e-15,5.102772686607096e-15,5.743349838542003e-19,5.102698721226745e-15,3.5116457070563125e-19,5.102921125474563e-15,9.320422895954976e-19,3.8100037618121573e-19,9.697151585108755e-16,1.3984310699151546e-15,2.699641976557156e-19,9.825840917674294e-16,7.870048092755864e-19,1.0185749332272353e-11,4.2223514464900886e-19,5.554467076236739e-19,2.510439559188898e-19,1.1389862394699218e-15,8.901754604003943e-16,5.103126463826224e-15,1.209853215844753e-15,-6.580847185347197e-20,1.2926206245389167e-15,1.2238229018753787e-15,1.2011461459314733e-15,4.528398414170144e-19,1.3742660644745528e-19,1.0185278653281121e-11,1.2750261403079394e-15,9.148621667723327e-16,5.102963725985096e-15,1.2131049000730547e-15,1.0034298362568803e-15,7.769661772114201e-19,2.3858793021092205e-19,8.725912930171992e-20,1.0186689498505751e-11,1.324279529304656e-15,5.682767862315884e-19,1.2556412803595811e-15,5.102761495973388e-15,1.3487652230184537e-15,8.42111781297557e-16,7.755995434866684e-13,5.19001030524661e-19,7.79187896997143e-19,5.121466857249697e-19,7.440953708230483e-19,1.1304712844409918e-15,1.181344040090156e-15,1.0623867922230296e-15,7.396308921246903e-19,9.071809299219703e-16,1.0055456069559253e-15,1.245247071992542e-15,1.510224742742949e-15,1.1174156415662527e-15,1.0660355189894949e-15,1.1559261147810267e-15,1.1472855324426729e-15,1.0186762452236736e-11,1.0763165759320206e-15,4.579147698486141e-19,5.203790931630657e-19,1.1722865042531856e-15,1.0264219816596315e-15,5.103078804442284e-15,9.9780213080938e-16,9.859672252099996e-19,1.0979684290623714e-15,8.942858740214294e-16,2.6778004505055127e-19,5.102454085508757e-15,1.0273645666280685e-15,1.1774732826295578e-15,1.0232854561270248e-15,8.870052051173152e-16,1.2322397184995753e-15,6.029598773001203e-19,4.567248379751156e-19,9.298812724921515e-19,7.972915378056422e-19,5.615006936719513e-19,1.138237316439921e-15
1.0857902069105553e-11,5.874403505172725e-15,1.1288094949947434e-15,5.429782196141085e-19,5.933635448416058e-19,6.290371595062086e-19,5.874462157651424e-15,5.8743446533838274e-15,1.9747258864337914e-15,9.03349125278254e-16,6.225870725300794e-19,1.4196187011646764e-15,1.1460990452113252e-18,8.314444881202331e-19,5.118716067004085e-19,1.4586356250090322e-15,1.0619118724159459e-15,5.883684176074804e-19,1.298258460678094e-15,1.6388635198890267e-15,6.268118765098221e-19,8.855838916878022e-16,1.4001399018091327e-15,3.5448208174437495e-19,5.8745576241257774e-15,1.2007160665943816e-15,1.1684669087302544e-15,7.884220505857449e-19,6.355206787986499e-19,1.8863495237449725e-15,4.557974831903828e-19,8.100589164125586e-19,1.049430317225744e-15,4.939898941687406e-19,4.968369550150278e-19,1.1726481676978787e-11,1.6910273247836458e-19,1.0065677467978074e-15,8.548365583455739e-19,1.0057016906530161e-15,1.4583161058982815e-15,1.1725877908456576e-11,5.874413907297892e-15,5.122156904211392e-19,5.874434157481159e-15,1.1760627616032422e-15,1.1726310296695671e-11,6.3483896265985e-16,5.8742660393063055e-15,4.486763151639461e-19,5.8745651070761356e-15,9.31472118082073e-19,1.1127331506269128e-15,6.612789172577016e-19,1.216193741261269e-15,9.054495600511458e-16,1.1372003962020183e-15,1.109162700767487e-15,5.8742268829693874e-15,1.1643395885665139e-15,1.0723449317710902e-15,5.494675944362928e-16,1.2980895505864655e-15,7.000049605396087e-19,1.1726109866649526e-11,1.1647678841808559e-15,1.4622535812617396e-15,5.075687696069089e-19,7.183985256248853e-19,6.601663103045108e-19,7.04481538176073e-16,7.049623276264295e-19,5.873951546707371e-15,3.6030289151583363e-19,6.523502351584193e-19,5.87459131546222e-15,8.774276746880533e-19,7.969929931947808e-16,8.30384946419103e-19,1.196516287181367e-15,5.106827723014213e-19,1.172687195533575e-11,7.36684820798611e-19,3.25319923231987e-19,1.2516470813556224e-15,5.874419014178263e-15,1.503097912103643e-15,8.709866935631761e-16,5.19001030524661e-19,7.758060444996346e-13,8.030486313392823e-16,9.884144147719175e-16,6.32002151435774e-19,1.1758100780934895e-15,1.3171022326231787e-15,1.2479246226689515e-15,4.294007988105907e-19,9.160753152697212e-19,1.7302535209050847e-19,9.1184341192724e-19,1.7703028771121481e-15,1.1224928380148918e-15,1.0090967787137877e-15,1.3161843755713836e-15,7.455222093936099e-19,5.874781006425091e-15,5.500645883513793e-19,8.519315280257071e-16,3.7926270813455955e-19,1.5023915577686628e-15,1.4210617776175444e-19,1.1726354728973499e-11,3.5775014848594315e-19,8.583071594818755e-19,1.2382499861029624e-15,9.166781898214217e-16,1.2716996178080853e-15,1.1725940740663758e-11,8.5533400806260695e-19,8.082969282694352e-16,8.824231285682847e-16,3.361646689745643e-19,4.681257229777965e-19,7.359777331791856e-19,7.649741826712833e-16,5.037451234808299e-19,7.949202623074778e-19,1.2671088757117488e-15,4.3245483271217612e-19
-6.054059822522688e-12,-2.600433120669353e-15,9.278157183950638e-16,9.319030076991468e-16,8.957625707115077e-19,5.249002369993073e-19,-5.190727478279396e-12,-2.6006360408957747e-15,1.3243044941170438e-15,4.427143109564241e-19,1.0109325135601941e-15,6.067733201341927e-19,1.2138048025984907e-15,7.823896276260619e-16,4.699827230666039e-19,4.2236408184944917e-19,8.864527703193121e-16,1.0658453562777594e-15,9.014566793028634e-16,3.886739083473266e-19,9.029533404345432e-16,8.550267588011019e-16,9.654679786340087e-16,4.957447044889826e-19,-5.190664335126436e-12,9.92340464709243e-16,6.7982092681266e-19,1.5777836765303922e-19,1.0876689473175444e-19,1.531376843368966e-15,2.272730348616074e-19,4.968853898610926e-19,4.588071203235988e-19,4.547930950124563e-19,3.3482398986652712e-19,-2.600438772945031e-15,3.806896045701423e-19,7.512162146466382e-16,6.360495832442863e-16,7.077663496500975e-16,6.468688846560809e-19,-5.1908096716685874e-12,-2.600589754625039e-15,9.00054715568809e-16,-2.600735106747751e-15,8.53829777162615e-16,-2.6006991498856897e-15,7.319197255552651e-16,-5.190998404047234e-12,3.501717860355536e-19,-2.6007714492020747e-15,5.822542888841191e-19,3.4397990743976845e-19,3.9945181572819693e-19,1.0606761490064707e-15,2.9428753970445513e-19,7.311694139610873e-16,9.880848887565893e-16,-2.6007193042729786e-15,3.642431053527363e-19,4.848258916795248e-19,2.2146358712610055e-19,4.675228675911245e-19,5.359164607798415e-19,-2.600480151915812e-15,9.1456304269203e-16,5.391439164113528e-19,1.6063499969151992e-19,9.37181162794384e-16,9.105607053743954e-16,4.953969388896537e-19,8.5143609978258e-19,-2.600888753480066e-15,9.738442589272246e-16,6.972129321830082e-16,-2.6007030641062633e-15,4.540093470549337e-19,5.301939948878809e-19,1.2670029624236232e-15,6.703375204652667e-19,8.864122831553656e-16,-5.190223068741356e-12,4.637290543814737e-19,5.122344096560656e-19,9.496690458373325e-16,-2.600603053655606e-15,1.0410918667221025e-15,6.341537359527957e-16,7.79187896997143e-19,8.030486313392823e-16,7.754415346604791e-13,3.316356469239906e-19,1.0535554680990779e-15,5.43905220808988e-19,7.366685784085666e-20,1.7130847736308108e-19,8.943591952340396e-16,7.143814756077987e-16,7.701275085826583e-16,9.388479620952649e-16,1.1145657987278398e-15,4.317595629640502e-19,3.0287247872630864e-19,8.611707077660033e-16,3.069283762581426e-19,-2.600363714485932e-15,4.799739779995415e-19,6.810608188882068e-19,-1.5936482627467049e-19,8.589323125041328e-16,4.876675790107377e-19,-2.6004567360170565e-15,7.360918686457352e-16,2.6844742336760927e-19,5.198075907590706e-19,3.6644699605090916e-19,4.9364591087636635e-19,-2.600082828726181e-15,6.551638758444734e-19,2.4810455445066534e-19,2.916481744204567e-19,3.0225621354967933e-19,9.365234297419964e-16,7.930255848479993e-16,6.211338542351965e-16,7.03483168698569e-19,5.88972587104126e-19,8.929276186940362e-16,8.542180465003915e-16
4.3480526543338963e-11,2.2234701520108073e-14,1.6636627471393736e-15,7.936389084546942e-19,1.2864411894041902e-15,9.601215720627695e-19,4.438330954966368e-11,4.4383029380513186e-11,9.078100226343677e-19,5.635169848857126e-19,1.0422212519518936e-18,5.794885267597561e-19,2.230819050454105e-15,4.046812208915645e-19,9.432057236860113e-19,2.0852147354278578e-15,1.5602432734527987e-15,1.6223431720260223e-15,1.1676026738166512e-15,1.113963141992914e-15,1.223023212652833e-15,1.732023114327774e-15,4.528718725886914e-19,8.133912005768983e-19,4.4383724724111346e-11,7.092432508122028e-19,7.060870963388905e-16,6.512111602774967e-16,1.7589754556927481e-15,2.628171543665834e-15,6.919310279914233e-16,1.3941111362127725e-15,2.316003502921145e-19,1.5115077170670422e-15,5.190658252710792e-19,4.438390992992775e-11,7.309825156216355e-19,6.614248983460166e-19,8.440878710392377e-16,8.166256524866186e-16,2.4011847248396534e-15,4.438394300180469e-11,2.2234425968652244e-14,1.701729696328721e-15,2.2235338433308126e-14,8.102753856849558e-19,4.438370380293929e-11,1.7604494359271933e-15,4.4382875818546706e-11,2.681697757802413e-19,2.223498046107149e-14,7.844912324449068e-19,5.381151288048996e-19,7.580271792457289e-19,1.861054197126839e-15,4.3109787785882584e-19,2.5297618906924617e-19,7.626886413669916e-19,4.438286626467946e-11,9.034659692197424e-16,4.628335332281758e-19,1.0807065436702805e-15,9.91691507744722e-16,4.896888800598033e-19,2.2235051104964074e-14,1.494575438169751e-15,4.209879264051503e-19,1.1403242196113709e-18,5.904673948345206e-19,1.4662960404345329e-15,7.610645973804545e-19,1.4094505420753366e-15,4.438268570034639e-11,6.284902531277149e-19,4.660261919134898e-19,2.223444331388304e-14,1.464016204161424e-15,7.867564310101197e-19,2.1791912566363555e-15,1.1778166383582435e-15,1.1277806845860083e-18,2.2235351148591297e-14,1.2174780255403295e-15,7.737786970914721e-19,5.996240874100396e-19,4.4383029664343643e-11,4.9117791419931e-19,5.183376458187958e-19,5.121466857249697e-19,9.884144147719175e-16,3.316356469239906e-19,7.760366738483118e-13,2.3045312216743993e-15,1.3012627439896955e-15,1.8748941962283753e-19,8.255215001489679e-16,8.530583891514513e-19,1.6120326697181716e-15,4.1321059633199487e-19,1.556101877035291e-15,1.118893277586329e-15,1.1502391174167126e-15,3.996586189077732e-19,5.582258172331598e-19,7.019634403452085e-19,4.438438041640766e-11,6.5626120479128485e-19,1.1985736913535532e-15,1.2474129869556713e-15,3.9059341378176116e-19,1.4354681935694362e-15,2.2235368802214313e-14,5.403809837368784e-19,6.195442702161804e-19,6.486492334517573e-19,2.325789286255363e-19,8.258915660195814e-19,2.223528790758955e-14,9.073054674776126e-19,2.1705178575659188e-15,6.946127458953075e-19,1.0107858043086022e-15,1.9699397922937853e-15,2.641473689202813e-19,1.0550752930187455e-15,8.39731818696175e-19,1.3812397349774595e-15,1.2888547859186606e-15,4.0536141354002265e-19
5.728984776034684e-11,2.9147375845359836e-14,2.185242768691621e-15,2.6605886280267035e-15,1.218573163999024e-15,1.2000865278835796e-18,5.818014714321456e-11,2.9146820460145077e-14,1.4785866863960113e-15,1.7406053565599872e-15,1.2298219460788065e-18,6.607828204999103e-16,2.544706793203322e-15,1.2131890344363667e-19,2.3287319266135423e-15,1.4363456230168257e-18,1.9371531036528663e-15,9.277519750965141e-19,6.201363068755018e-19,1.0019322560692304e-15,7.919829365232186e-19,2.258220587134824e-15,5.45004027732155e-16,1.8444037680826088e-15,2.914705277288134e-14,6.3747903354411985e-19,5.642095929361126e-19,2.3943623595817052e-20,2.1140275637557177e-15,1.729572774846e-18,6.592648952873014e-19,1.4345405943565892e-15,5.954886989331591e-16,8.837281463778572e-19,1.404767537734711e-15,5.8181082335040955e-11,1.683386397165429e-15,7.531441655383622e-19,1.6023905022075277e-18,6.099744568883321e-16,1.615958140525854e-18,5.818168813545441e-11,5.8179897640417155e-11,9.697862253484103e-19,2.9147111545713764e-14,5.76852210598564e-19,2.9147304789411183e-14,2.4822547736216576e-15,5.817986591009613e-11,1.2450603140573543e-15,5.818106396904309e-11,1.036053970911904e-15,1.2300519878748772e-18,9.457350647873868e-19,2.207854466140628e-15,1.6394191785121319e-15,2.278508390229648e-19,1.912688473477029e-15,2.9146398105063417e-14,1.0694915222936622e-18,9.037055491992086e-19,1.3563204366684746e-15,1.0425150289454822e-15,1.1533472535022083e-15,2.9147167302824775e-14,9.169679588101157e-19,1.0715765650870727e-18,2.369571818534564e-15,1.9399191117612065e-15,1.7839868668955103e-15,2.162956143383554e-15,6.289123123196318e-19,2.914691321130125e-14,1.703481150954023e-15,5.936521424570329e-19,2.9146366546171835e-14,1.0641631522192544e-18,1.0280965947066655e-18,2.7320049573787337e-15,1.4356408963958823e-15,2.4186121160384925e-15,5.8181825873461394e-11,7.134838330514702e-19,9.930751107546392e-19,8.033476584494654e-19,5.817957947642075e-11,6.550070853665825e-19,4.083714494030239e-19,7.440953708230483e-19,6.32002151435774e-19,1.0535554680990779e-15,2.3045312216743993e-15,7.774028490709128e-13,1.6415785385958682e-15,1.863492890230412e-20,5.103962489153097e-19,5.7525866466075345e-19,1.0559984433725443e-18,8.9135185398497e-19,1.9144126168448536e-15,9.576471114901673e-16,6.338043783273355e-19,1.0022462349753343e-18,4.994557961324668e-19,2.0931314965257085e-15,5.818164361502703e-11,1.283072122896512e-15,9.09497008448295e-19,1.6159432082762084e-15,2.7447615218587225e-19,9.322567429543312e-19,2.914710768597738e-14,1.109862639670157e-15,1.5008816794779168e-15,5.072362556854801e-19,7.811540853263579e-19,6.281939059860436e-19,5.8180802770694514e-11,8.675240990427684e-19,1.5485358560951552e-18,1.0779867590458602e-18,5.138367463636514e-19,1.2607897690239948e-18,-2.733043040224294e-16,1.3099119592022244e-15,9.088109277513543e-19,2.202260834777617e-19,1.648415741529198e-15,7.795858725773808e-19
-2.3796001131848637e-12,-7.519866399700593e-16,1.400759936687012e-15,5.285015186827306e-19,5.911459863610562e-19,1.3291303503293914e-18,-1.5008968063805247e-12,-1.5009532950596893e-12,8.667835747618983e-19,5.641345913862385e-19,1.3947472905898508e-15,1.2077590249707568e-15,7.92261735080698e-19,6.583256342254777e-20,8.65425591052789e-19,8.094370722608193e-19,5.226192987070142e-19,9.296623528626203e-19,1.2878670728748757e-15,8.31152697128824e-19,1.3879575212509764e-15,5.918218243944403e-19,6.075070804393704e-19,1.2622550920018249e-15,-7.519070417004114e-16,1.412472943253828e-15,4.76211777382755e-19,9.23612861428914e-19,5.919959633294339e-19,1.1049401763978945e-18,9.113210929323048e-16,1.4049511491792315e-15,9.408314896114111e-16,1.3214365392075798e-15,8.680990431769552e-16,-1.5005237247965866e-12,3.878128958157227e-19,1.0565788420544434e-15,5.211854971252412e-19,2.5679004847622145e-19,1.4054249652782431e-18,-1.5008402902314256e-12,-1.5009043639978327e-12,7.872508216442053e-19,-7.509589597076674e-16,4.436017046661969e-19,-1.5007469313403888e-12,1.5105404160494877e-19,-1.501221584985665e-12,9.95542522193123e-16,-7.519311447457021e-16,6.571640714579646e-19,1.0304571489704266e-15,1.1543680643872785e-15,1.3251200084825037e-18,4.430955945115346e-19,1.0108517554070391e-15,1.2762373342537195e-15,-7.522319332099781e-16,1.1284072976930067e-15,6.336152772167286e-19,7.31808363486083e-16,1.247845374270529e-15,1.053666956050469e-15,-7.5236588207757e-16,1.333356004759648e-15,1.4088611952955463e-15,1.4070739268114158e-15,1.4188072551300417e-15,9.296009376719989e-19,4.400866733123606e-19,1.049951909423986e-15,-7.523300614170094e-16,7.81882474040857e-19,1.0182351481255251e-15,-7.523253081968713e-16,1.3859309155372526e-15,4.6651822904986525e-19,1.2423481430896704e-18,9.869028228701078e-19,1.2549752694252123e-15,-7.515461774177099e-16,3.288649897450496e-19,1.035118854594449e-15,1.3201239292226453e-15,-7.519985534252983e-16,1.525610964570562e-15,-5.103394424613745e-20,1.1304712844409918e-15,1.1758100780934895e-15,5.43905220808988e-19,1.3012627439896955e-15,1.6415785385958682e-15,7.758504788072463e-13,4.928881578118948e-19,4.8259151894489524e-20,6.3749924048357585e-19,4.703345505162221e-19,4.682007351396359e-19,3.5558199778837254e-19,1.5865849282778397e-15,6.010756083669582e-19,1.1476283682104175e-15,8.11671816701445e-19,1.3787991597947684e-15,-7.514895375417553e-16,1.1056060522826542e-15,1.0116503272852716e-15,9.10010016315567e-16,1.1944926160774546e-15,5.742340425312871e-19,-7.521359235577612e-16,9.757268090057362e-16,4.053150478850453e-19,5.160040085895788e-19,5.584241428176351e-19,5.517782811404012e-19,-1.5010148827074507e-12,6.119998930730807e-19,5.68860221576634e-19,1.1996708213945732e-15,8.531190919355729e-16,1.27279267033671e-15,1.0464899372313674e-15,2.398276965224016e-19,1.2427383401809537e-15,7.615445468092491e-19,7.391673899197159e-19,1.1961577062490093e-15
4.3408020805393266e-11,2.219394031563274e-14,8.948117622630795e-16,3.264044896855458e-19,1.6841574031420926e-15,1.137899086482181e-15,4.430265676703076e-11,2.2194480911021257e-14,1.2022716247994663e-18,4.62119605070814e-19,8.356786579316117e-19,2.0775805485147848e-15,1.4007099010702244e-15,1.4448375708361877e-15,8.055644461762368e-16,1.533869480542819e-15,1.134266909332068e-18,1.3588144791295806e-15,7.895920045472226e-19,2.0037099067888407e-15,1.2952226832157825e-15,6.71946894473758e-16,2.085710565057943e-15,8.865843698044133e-19,2.219452387528412e-14,1.127863055483347e-15,1.480966110735932e-15,1.0073943228256798e-18,1.0410982209012377e-15,5.938038450445432e-19,6.12536156298944e-19,8.785718550743669e-19,1.3738738109333418e-15,4.950530176253199e-19,5.843531645694755e-16,4.430257038750817e-11,9.473919620247612e-16,6.291315137654683e-19,1.0121776474311524e-15,1.3805977598234123e-15,5.842374566686585e-19,4.430145027865361e-11,4.4302612098172936e-11,7.197710461820231e-16,2.2194207245753807e-14,1.2517791483509148e-15,4.430250318136008e-11,2.180671581379624e-16,4.4302177155784755e-11,1.0211975436351673e-15,2.2193998295793085e-14,2.017086895522397e-15,7.32070731408048e-19,7.170404461893394e-20,1.2272689591292211e-15,4.845527461314599e-19,1.1782140524631642e-18,1.2344850729970145e-15,4.430232369908103e-11,9.102035336368175e-19,9.944507763765651e-16,4.841498443794529e-16,7.154351153327539e-19,6.242484582429218e-19,2.219428482057208e-14,1.1024846021179946e-15,8.339452757223444e-19,1.3328171106781772e-19,1.0939599119100519e-15,4.992219434043966e-19,4.760048173985362e-19,1.711804274594955e-20,2.2193722738571297e-14,7.567372221041697e-19,5.577276235214554e-19,4.430288983722469e-11,6.669792454730271e-19,5.755417128591506e-16,6.997262870341337e-19,1.1947824907996618e-15,6.804247374069419e-16,4.430281515883416e-11,1.6646740910418868e-15,5.735860798630863e-19,1.3824326186587747e-15,4.430349552640222e-11,1.6122569876062194e-15,1.0579293714363482e-15,1.181344040090156e-15,1.3171022326231787e-15,7.366685784085666e-20,1.8748941962283753e-19,1.863492890230412e-20,4.928881578118948e-19,7.761929036635909e-13,1.039560149806971e-18,5.378193034226323e-19,-7.908994549031519e-20,3.4336616269497245e-19,1.1208345339287031e-15,2.199983951177461e-15,6.732181766272334e-19,4.535769746794669e-19,1.5224553171134956e-15,8.650044112939051e-16,2.2194830976029583e-14,1.1888026388208236e-15,4.716477466106214e-19,5.308075094361734e-16,1.026477491301399e-18,7.71501966319369e-16,2.2194239237718382e-14,7.468168759528056e-19,1.432506737343997e-15,5.24264059871016e-19,8.893194279016043e-16,7.823867068375645e-19,2.2193976842526546e-14,4.5254203233609e-19,2.8912668728700857e-16,6.100879743830193e-16,2.1612837427833976e-19,7.627674897468857e-16,2.1841713868386662e-15,7.063845000153088e-16,9.004176528440224e-16,2.211778229610179e-15,1.1708414679537254e-15,7.903759791140847e-19
-1.475953683725602e-11,-6.954586633611793e-15,9.974886288405212e-16,5.072029296876489e-19,7.406248140531594e-19,2.155418236929808e-19,-6.955178119524744e-15,-1.3881880503986679e-11,1.120286598036098e-18,4.415915227707296e-19,6.989619019479754e-19,1.6259380977081641e-15,1.2421403685868885e-15,7.349826866481928e-19,4.613819184901531e-19,6.263269515851414e-19,3.9884728556324956e-19,1.3881909168790908e-15,6.858553372155217e-19,1.808853642884972e-15,7.195843463769695e-19,6.99124822760161e-16,7.92934948798531e-19,1.0032090164202555e-15,-6.954341778291759e-15,8.673713711001317e-19,5.242207323549903e-19,1.7806563939881185e-15,4.961426311496429e-19,9.67278069343223e-19,3.519348553089303e-19,7.676494493831543e-19,1.1764251669344117e-15,1.1442622188256744e-15,5.950910255273941e-19,-1.388182977637271e-11,3.5440556283842455e-19,3.955536763468104e-19,4.646784811194622e-19,8.535531481242837e-19,6.176672948005644e-19,-6.9543136032573275e-15,-6.954475920309668e-15,5.045996317922037e-19,-6.954852625982053e-15,1.1891063964208485e-15,-6.954609413170837e-15,1.8616210109826274e-19,-6.9547164047973876e-15,9.150125289828617e-16,-1.3881625165332401e-11,1.6046524762829274e-15,1.2176362069748e-15,7.493970353671014e-16,5.163593314342337e-19,7.123902996574454e-19,1.2731262756722518e-15,1.0395557008048104e-15,-6.954526259589276e-15,1.2410575489436227e-15,1.0002374564448661e-15,4.478370392747081e-16,6.960465700800467e-19,1.006152989151606e-15,-6.9548265656309184e-15,4.927756494683501e-19,9.065658370037431e-19,3.378814688222522e-19,5.694850974865728e-19,1.0640057441445635e-15,4.986029213551505e-16,6.139248389180612e-16,-1.3883045863342052e-11,3.8626527683855213e-19,2.429520851848998e-19,-6.9545326129813556e-15,1.1197111426404493e-18,6.338369926558754e-16,1.1411231688625573e-18,-2.1155034414844462e-21,7.021237910473405e-16,-1.388148563869977e-11,1.5379035161459328e-15,8.378628719524019e-16,1.0471791529769579e-18,-1.3881129017400853e-11,1.5539663038687914e-15,9.262681654962603e-16,1.0623867922230296e-15,1.2479246226689515e-15,1.7130847736308108e-19,8.255215001489679e-16,5.103962489153097e-19,4.8259151894489524e-20,1.039560149806971e-18,7.759206479323349e-13,7.625878982272382e-16,4.512669959760811e-16,7.755865050418616e-16,1.1078887347507308e-15,1.972102720750789e-15,1.1783605809592312e-15,9.553810689916375e-16,1.4208263380306343e-15,5.594377208226935e-19,-6.954426782724679e-15,1.065514861559292e-15,7.780809355253651e-16,5.616094714166227e-16,1.778150095214824e-15,7.848391085098892e-16,-1.388199289190109e-11,9.722325412859269e-16,6.862948729780159e-19,1.3269695961990524e-15,8.921418401161602e-16,6.59635468757073e-19,-1.3882450140787204e-11,1.7012327662541172e-19,-2.1670380001452867e-19,2.8724081809290432e-19,8.142380510014238e-16,7.285429531267537e-16,8.003135163680323e-19,2.4472198275715674e-20,9.577578355489415e-16,1.8635203686138115e-15,1.243389394654479e-15,8.188285253919096e-19
-1.219333894219418e-10,-6.063315270108366e-14,1.6592318725286923e-15,1.935645939118123e-15,3.270290809314741e-19,1.8354881254066362e-15,-1.210304653320913e-10,-1.210307171051094e-10,1.4665287153250225e-15,6.671956649222619e-19,1.7772236141650995e-15,2.815783429222943e-19,2.15259945092947e-15,8.588834697317728e-16,1.7535411575891863e-15,1.2800951314275097e-18,4.322041032842267e-19,9.321596000498291e-19,1.1164166391619648e-15,1.0307244085410354e-15,1.2041406902229015e-15,1.7270086624158864e-15,8.628581911646338e-16,1.4918907092917253e-15,-6.063331239818176e-14,1.665368250903142e-15,6.506278684441837e-16,1.7095058175343394e-19,1.7218635741145887e-15,1.4404565037232944e-18,6.578463717617835e-16,7.213572301748411e-19,6.830780665538033e-16,1.4682359622918809e-15,1.081999437131942e-15,-1.2102983341198764e-10,5.1676709185409e-19,1.0598231564569284e-15,8.122746130038667e-16,7.127859900188411e-19,2.3737091689675627e-15,-1.2102968473254137e-10,-1.2103077551576666e-10,8.784088712373216e-19,-6.06329008700787e-14,6.036078564036836e-19,-1.2103005310923894e-10,1.7957067558236043e-15,-6.06332898307281e-14,1.0721679982200373e-15,-6.063301251772837e-14,1.6251470087029532e-18,7.888418822410678e-16,1.4464333364317594e-15,1.8153092859172686e-15,1.7919783540127475e-19,3.4879696513085457e-19,7.472314593708718e-19,-1.21030887344174e-10,8.269423705809471e-19,1.437675580163726e-15,1.0765091132578833e-15,9.405316730327657e-16,6.811135584050035e-19,-6.063305149364949e-14,1.4739474989524606e-15,7.394529312996402e-19,1.840960655875837e-15,7.785916147169002e-19,1.4397335897561254e-15,1.6130205349899994e-15,1.4293218488753439e-15,-6.06338216151306e-14,1.4407546600936204e-15,9.555818670210659e-16,-6.063318656515955e-14,1.4444647064459808e-15,1.5633174330297611e-15,1.0850005820175376e-18,1.1589135900193252e-15,1.851268238148671e-15,-6.063300164705955e-14,5.903180770910918e-19,6.415302244027736e-19,1.3408424295572211e-15,-1.2103078736750271e-10,1.290728311988961e-15,7.846779357164795e-16,7.396308921246903e-19,4.294007988105907e-19,8.943591952340396e-16,8.530583891514513e-19,5.7525866466075345e-19,6.3749924048357585e-19,5.378193034226323e-19,7.625878982272382e-16,7.760502056309473e-13,1.6409449357546144e-15,1.3964207018680025e-15,1.5347842881803029e-15,8.617555582739146e-20,1.0682270918432573e-15,5.618070965028879e-19,4.0099628286814463e-19,1.5640450089699433e-15,-1.2102937112202028e-10,1.1304876633640456e-15,1.1924212333405575e-15,1.238574482690837e-15,3.273294300048101e-20,1.4281083991284893e-15,-1.2103007212766994e-10,6.794305936242358e-19,4.621088042914738e-19,9.172567968729944e-16,8.942162092932876e-19,9.162702831539295e-19,-1.2103019262388118e-10,4.368191325521201e-19,1.1947558847604575e-18,8.692929936777207e-19,4.372103585509915e-19,9.335813030125884e-19,1.856845013320263e-16,5.862105530434399e-19,1.3922073714199456e-15,1.2445456139054284e-15,7.082549084100702e-19,1.2838015283110391e-15
-1.0028291481078928e-12,-6.372138348573112e-17,1.4717245254592564e-15,1.812413355810723e-15,4.709680728876581e-19,9.235947345179383e-19,-6.356074684549253e-17,-6.383854835855716e-17,3.5951691224098207e-19,1.1943049507068862e-15,1.5180665290786638e-15,4.718075682026252e-19,9.479787730098127e-19,5.436413549854877e-16,1.5873441073444097e-15,7.120883449972973e-19,7.946645442666094e-19,6.798520933931985e-19,2.8944826798634056e-19,6.173654032214767e-16,9.512687992469106e-16,1.5728793753031748e-15,1.6100459749784366e-19,1.2636780194201105e-15,-6.342544808156371e-17,6.527358567553009e-19,3.425277330855904e-16,2.7378260732630443e-19,1.4841175514588308e-15,2.2166809322477394e-15,4.09625509220551e-16,4.1909675422083725e-19,2.7812625349979073e-19,1.1633478365225231e-18,2.622542312455665e-19,-6.336019726316143e-17,1.1841093988964608e-15,4.719474264573396e-19,4.00051194482809e-19,3.2723732631561186e-19,1.044810011661101e-18,-6.323279272327267e-17,-6.355542904131226e-17,1.5765254148593461e-15,-6.340276971845944e-17,9.046534737075384e-16,-6.35250322889848e-17,1.0651096020742963e-18,-1.2707330508838644e-13,4.223519733760663e-19,-6.401833212279785e-17,3.496604267141938e-19,3.852214303386419e-19,6.861614078148131e-19,7.556258292631352e-19,1.1119753199584249e-15,1.9974800520823801e-19,1.3557677271427639e-15,-1.2717881234920763e-13,1.2191403997087174e-19,1.220332487258432e-15,5.201597611959978e-19,8.421326170034454e-20,7.336959650563618e-16,-1.2630073407501833e-13,1.2440467772588586e-15,-9.20226370451956e-19,8.001192577825508e-19,1.291551673344675e-15,6.585896597603716e-19,5.64697765549005e-19,1.3164309457853887e-15,-6.378394208158391e-17,1.0424620317269155e-18,7.31742309372174e-19,-1.275090673031032e-13,1.2098172452254345e-15,1.42929179122147e-15,1.854973831752272e-15,7.040489740113774e-19,8.561595040168328e-19,-6.387942544354006e-17,2.8187922349182764e-19,3.611786685456834e-19,1.0429512967121726e-15,-6.404199852742064e-17,9.778207008231994e-19,5.512131206600966e-16,9.071809299219703e-16,9.160753152697212e-19,7.143814756077987e-16,1.6120326697181716e-15,1.0559984433725443e-18,4.703345505162221e-19,-7.908994549031519e-20,4.512669959760811e-16,1.6409449357546144e-15,7.761505107537897e-13,3.673516643075432e-19,7.670609546342611e-19,5.706730778318881e-16,7.552378681992019e-16,1.0759818854562429e-15,3.2392937872107006e-19,1.394863248878107e-15,-1.2586449612636815e-13,8.710929366156892e-16,1.0239822096874935e-15,6.010667275028483e-19,4.1387500232729115e-17,1.259911432817212e-15,-1.263325552714652e-13,3.5013250601435127e-19,4.942570239749444e-19,6.206625130616438e-16,8.423753297207356e-16,2.1998336979395648e-19,-1.2639081557071183e-13,1.2043736943498427e-15,2.148421448484802e-15,1.4767294332480765e-15,7.391023397835838e-16,8.02288511624814e-19,-2.698906661750053e-16,8.958903357559011e-16,6.20456596354055e-19,7.666057839086801e-16,1.0561266506142439e-15,4.362993564359282e-19
-1.9799190635480824e-11,-9.477512167389834e-15,1.3261572662110107e-15,1.4806740150494948e-15,1.1016811857294821e-15,9.89075790839543e-19,-9.477364223845847e-15,-1.8918154952013975e-11,1.4102696509768486e-15,6.78598684141451e-19,1.4414757494279755e-15,9.744700686238152e-16,7.111557346227872e-19,1.7309707700479202e-19,9.580296852145398e-19,1.672676446746191e-15,1.2447623526256806e-15,4.354622386238666e-19,1.0199562079694685e-15,1.0391956407125493e-15,1.0649815084040186e-15,1.336642616644457e-15,9.20568990131286e-16,1.2273594839956876e-15,-1.8917689248277668e-11,1.363607052178365e-15,6.880877294584733e-16,5.888106441327368e-20,6.620276943601528e-19,2.117694678317489e-15,2.838516909440313e-19,1.0474277604147701e-18,2.4055647768928556e-19,5.800887037546356e-19,5.245729427542275e-19,-9.477197017762701e-15,6.4780524673706635e-19,5.599561695967232e-19,7.362626935180844e-16,7.4320322278528145e-19,9.166384756442183e-19,-9.477383920680872e-15,-9.477582717447263e-15,1.3447596295369135e-15,-1.891775178050618e-11,1.0225916766214373e-15,-1.891771393907981e-11,5.544550426070247e-19,-9.477407539506363e-15,5.972500366282705e-19,-9.47732605474829e-15,6.449996720679855e-19,4.823148805553618e-19,1.1343650932420781e-15,3.6520027499580063e-19,1.0414115916146228e-15,6.935546921180472e-16,8.681480483768354e-19,-1.8918325814799774e-11,2.65318060546435e-19,5.469482901914228e-19,8.395640430439856e-16,2.9582147365227076e-19,3.033057451422624e-19,-1.8917773045440222e-11,1.223682353309755e-15,5.522151407228723e-19,1.460463347229642e-15,8.787399839881793e-19,1.2020541687851358e-15,1.2163218539004408e-15,1.101536452997114e-15,-9.477715826789094e-15,1.231217456874021e-15,4.3143960790965333e-19,-1.891839648609967e-11,7.275191106711237e-19,1.2054891825448011e-15,1.7559151780744475e-15,1.0156145165543251e-15,6.397270121183002e-19,-9.477205841718758e-15,1.083376692452441e-15,6.453100330455071e-19,5.900409026957569e-19,-9.47772056550627e-15,1.1697163815333177e-15,5.573970455751025e-19,1.0055456069559253e-15,1.7302535209050847e-19,7.701275085826583e-16,4.1321059633199487e-19,8.9135185398497e-19,4.682007351396359e-19,3.4336616269497245e-19,7.755865050418616e-16,1.3964207018680025e-15,3.673516643075432e-19,7.755916979591376e-13,9.395464594758235e-19,6.455285191768076e-19,9.686226831598295e-16,1.0712790509695356e-15,9.099271558201705e-16,-4.108059026926489e-20,-1.8917144172587978e-11,5.346517541376296e-19,9.704030600209738e-16,5.445077287580328e-19,7.954239509246157e-19,5.644431887311596e-19,-9.476645110370377e-15,5.499002431073724e-19,1.1615568511056235e-15,8.721582408524189e-16,4.32441713890575e-19,8.194310831732037e-20,-1.8917892057284373e-11,1.119822661187533e-15,1.6319631365434348e-15,5.09290186931434e-19,4.07549241985534e-19,6.166951517206905e-19,1.9662627344785064e-19,8.587152051971677e-16,1.1401478930074279e-15,1.2203978758928204e-15,1.1003888458615932e-15,1.0922195046022405e-15
4.640005084396651e-11,2.369307817710302e-14,1.545072245228463e-15,1.1322942194038927e-18,1.4165720966571115e-15,8.3377171293023985e-19,2.3693324806523885e-14,4.7294746022947585e-11,7.784338846558959e-19,4.594178006576957e-19,8.361847917204967e-19,1.3239933523952436e-15,1.9621724737226745e-15,5.501422456066795e-19,9.136519429211693e-19,1.9424434593541874e-15,1.4452236298368606e-15,1.6728411844598781e-15,7.094207123214422e-19,1.4691659727526973e-15,7.772537782835531e-19,8.271200448828996e-19,1.2734006266807043e-15,6.465950501239891e-19,4.729513876910602e-11,1.5962414691125642e-15,9.991808500485649e-16,5.684703702969137e-19,1.5646842868589093e-15,2.483025871454349e-15,9.065203272521312e-16,1.5076799056298089e-15,4.81321314795677e-19,7.869419099519663e-19,5.418644527235342e-19,4.729533947701846e-11,1.3003315501378916e-15,1.1424853122443485e-15,3.1573927022491804e-19,9.671508544993493e-20,1.2432552281826822e-18,4.72950851302982e-11,2.369358800446158e-14,1.5382664403277813e-15,2.3693453730226986e-14,1.2937913501589742e-15,4.729513029453661e-11,6.909727403764852e-19,2.369313579599555e-14,7.641289017101194e-19,4.7295382825258546e-11,7.309242418535807e-19,9.387520852014541e-19,6.502471360391313e-19,1.0934674901747804e-18,4.848600311381398e-19,5.826153427964997e-19,7.53462813177041e-19,2.369320779898512e-14,1.117618292872099e-15,6.856953298410838e-19,9.098173252316847e-16,5.422293727644816e-19,3.818925788639385e-19,4.729501027548807e-11,6.67590523669497e-19,1.3848687732573956e-15,7.023416803371717e-19,1.512030415161542e-15,8.87673763083232e-19,6.757466954002991e-19,1.2226384548197452e-15,4.729404357058874e-11,1.503436236046066e-15,4.41432339647204e-19,4.7294538743006657e-11,1.4764040660830768e-15,8.023916548561988e-19,2.0587675619755848e-15,1.2987375212536693e-15,7.854586707840033e-19,4.729585003736032e-11,1.4352558787166899e-15,3.011878999880836e-19,8.871142151888598e-19,2.3692623548770192e-14,1.5430934561186523e-15,9.245291634469406e-16,1.245247071992542e-15,9.1184341192724e-19,9.388479620952649e-16,1.556101877035291e-15,1.9144126168448536e-15,3.5558199778837254e-19,1.1208345339287031e-15,1.1078887347507308e-15,1.5347842881803029e-15,7.670609546342611e-19,9.395464594758235e-19,7.759067975919916e-13,1.539525128138797e-15,6.870163856752957e-19,9.158613719262145e-19,1.3181219614852549e-18,1.480345394164985e-15,2.3693910735476145e-14,4.814003981413822e-19,5.978309125321429e-19,7.724732473632625e-19,6.277463297063732e-19,6.906285883788038e-19,2.3693539859243108e-14,1.0975737515981528e-15,6.926117877733757e-19,1.1900715463463238e-15,2.380176154197027e-19,1.3223239212784588e-15,2.3693436507455888e-14,1.2831444817541239e-15,7.563632895262973e-19,1.3905348320605087e-15,1.0016202304757346e-15,7.875535349830264e-19,1.0798234253146725e-18,1.000934875549772e-15,7.093797789087941e-19,7.868890371488732e-19,6.602714731664191e-19,1.3220772776097233e-15
1.0076855183672849e-10,5.0937208225062975e-14,1.3640078491897807e-15,1.0607254325597373e-15,9.894210985705853e-19,1.5678467856702555e-15,1.0167578053134895e-10,5.093688876887667e-14,3.0584867207428576e-15,3.5214451421418067e-19,1.4685417550114096e-15,2.36287412010785e-15,1.727653877226467e-15,1.761299000977096e-15,7.701289222862393e-19,8.180054026308076e-19,6.434449601887226e-19,9.10038651860815e-19,1.939339858388952e-15,1.1572206831876733e-18,1.8666397219964432e-15,9.378522992538908e-16,2.359646146808711e-15,1.3991581728307865e-15,5.09365817693406e-14,7.359992060676954e-19,9.07703264883483e-19,2.57456376205118e-15,8.528287344324344e-19,1.2523152648103864e-18,8.69200389071982e-19,1.1620829004902807e-18,8.628755623899527e-19,7.021741037926569e-19,4.897578796695062e-19,1.0167582115410684e-10,8.824317090252528e-19,1.4333233016307551e-15,1.2899636660590443e-15,1.6215340951116447e-15,7.149270658668905e-19,5.093643116102044e-14,1.0167587876872885e-10,5.058902595018267e-19,1.0167516967192622e-10,1.6778001525036177e-15,1.0167563341275645e-10,4.189378479980033e-19,5.093671706576001e-14,4.842300428272554e-19,1.0167610054890546e-10,2.323159147984027e-15,7.021610534181663e-19,1.0138740589548829e-15,1.5500538300611676e-15,9.82462332841437e-19,1.8277949515706765e-15,1.4636079295701928e-15,1.0167530775203733e-10,1.7578691628422367e-15,4.600075965627371e-19,6.06366088405619e-16,1.0227898330216232e-18,1.4148082633618115e-15,5.093653495726208e-14,1.071417670033252e-18,2.2277052246398055e-15,5.874235047532928e-19,1.596952187130764e-15,1.1211692539402482e-18,6.509803684114748e-16,8.193370361293883e-16,5.0936098064715994e-14,1.7497264885123468e-15,1.3754646233264795e-15,5.0936966948707556e-14,1.630421856034803e-15,8.401498201865587e-16,9.893618692956292e-19,6.093877924192464e-19,5.499252326988612e-19,1.0167629018514178e-10,1.1317521032046122e-18,4.501860688332948e-19,9.597460121563098e-19,1.0167690134384595e-10,6.8501195601238805e-19,3.5186176151782833e-19,1.510224742742949e-15,1.7703028771121481e-15,1.1145657987278398e-15,1.118893277586329e-15,9.576471114901673e-16,1.5865849282778397e-15,2.199983951177461e-15,1.972102720750789e-15,8.617555582739146e-20,5.706730778318881e-16,6.455285191768076e-19,1.539525128138797e-15,7.768325205667344e-13,5.490328193101126e-19,1.3291228216165498e-15,1.3430265968781299e-18,1.3648682238215664e-15,1.0167654583074056e-10,8.969063211248747e-19,7.345462589322785e-19,7.620718441717033e-16,2.5733000960864782e-15,5.502201584077431e-19,1.0167558219634293e-10,6.6586616062231305e-19,1.836891794727386e-15,9.74676184762751e-19,6.418478521288705e-19,6.931727617250644e-19,5.0936607568119184e-14,5.839239033754779e-19,4.0040459577284103e-19,5.566225990203071e-19,1.1591578063436515e-15,5.440932950948377e-19,1.3454030901688078e-18,4.899324722705644e-19,1.3184836279359401e-15,2.6828898133024945e-15,6.414031099847502e-19,4.019689307723338e-19
-8.495231191318673e-11,-4.211074944622751e-14,1.1101346726779504e-15,1.0396900203524206e-15,4.2406454997199244e-19,8.47094468264893e-19,-8.405687122639878e-11,-8.40569976768402e-11,1.9739912338456615e-15,6.449656178502368e-19,1.3484877677530427e-15,1.6336828115052626e-15,1.6456337533751493e-15,1.1951576268985666e-15,5.748244174436489e-19,1.3842307213250593e-18,1.128250308108292e-15,1.379919171608835e-15,8.116415654700369e-19,1.5744341650534754e-15,1.1905314751896232e-15,1.024481892018812e-15,8.484805797696546e-19,1.1711597559423016e-15,-8.405694193594117e-11,1.2715800146081592e-15,1.1220284693598795e-15,1.4390181941366184e-15,1.2688807986527818e-15,1.9822268608523907e-15,9.782529916477998e-16,1.4639107489128237e-15,4.76292456331272e-19,1.26798374934745e-15,7.354840765782915e-16,-4.211103339081496e-14,1.1370189628356197e-18,4.359321607757616e-19,9.046914458328401e-16,4.859786733518667e-19,1.6543095224603993e-15,-4.211021038095496e-14,-8.405702250597011e-11,1.0215251859288044e-15,-4.211051646336857e-14,1.1651897674217274e-15,-8.405680973507469e-11,7.690179907652548e-16,-4.21106616781111e-14,4.847572010428925e-19,-4.211048783942493e-14,1.6841067894314252e-15,7.056353343888547e-19,2.18642923806655e-19,6.60958860555831e-19,9.355556327342756e-19,1.1117715423290511e-15,1.3614902211172764e-15,-4.2110527789119124e-14,1.0926267638539036e-15,1.1102519039421603e-15,4.191159539586415e-19,1.2150817401900442e-15,5.562474868794873e-19,-4.2110555039370966e-14,7.173153030260154e-19,5.43227483912012e-19,3.112952550672915e-19,1.1826458496507225e-15,1.1922342374995907e-15,1.5258369492477892e-19,-8.615968425181222e-20,-4.2110905944965117e-14,6.715891265470334e-19,4.657137511405313e-19,-8.405695643446989e-11,1.1907499986259312e-15,3.1544232236054313e-19,1.6219072465893686e-15,1.5563162967464793e-19,4.529037505492895e-19,-8.405639827424901e-11,1.4171983776962048e-15,4.627499050956675e-19,1.3176022175536598e-15,-8.40564986591278e-11,1.4064199243747071e-15,9.243096476731061e-16,1.1174156415662527e-15,1.1224928380148918e-15,4.317595629640502e-19,1.1502391174167126e-15,6.338043783273355e-19,6.010756083669582e-19,6.732181766272334e-19,1.1783605809592312e-15,1.0682270918432573e-15,7.552378681992019e-16,9.686226831598295e-16,6.870163856752957e-19,5.490328193101126e-19,7.757090992766619e-13,1.0618079105149155e-15,5.859509022998682e-19,4.1069825927352746e-20,-4.2110048448972315e-14,3.151829574263984e-19,8.919020342064314e-16,7.601564058531577e-16,1.4024701465594229e-15,5.060964263977367e-19,-8.40569793431099e-11,4.883323165300044e-19,4.215491343225476e-19,1.1837831586380805e-15,8.91646840729862e-16,5.864721216961533e-19,-8.405724622581347e-11,7.312590114351343e-19,9.63180259530711e-16,9.337187150527264e-16,4.538793112215198e-19,1.1818821377651174e-15,7.398337166044761e-19,8.023487945647497e-16,6.714855911788739e-19,1.803132077135582e-15,4.687962087748646e-19,1.1589876520752788e-15
5.85538597931575e-11,2.977712511408245e-14,7.287437776019571e-19,1.3640352520450679e-15,1.2281897524013675e-15,1.4569018104183638e-15,2.9777622517580336e-14,5.943974730308352e-11,6.756810892302052e-19,5.982064284071574e-19,7.878885973321014e-19,9.724672524028324e-19,8.546770716971602e-19,9.554410890509919e-16,1.3106792386001566e-15,1.0406879738065624e-18,1.2216555903418908e-15,1.4135452122455154e-15,1.140456926082278e-15,5.204548230106598e-19,6.511790537651896e-19,5.773293419433411e-19,1.1301129671719431e-15,1.2193151793772625e-15,5.944006239293738e-11,1.3538071455060217e-15,2.7211434842823435e-19,9.95647403661856e-16,1.3307707792597085e-15,2.0998028675181972e-15,7.854294264117296e-16,1.299319097720013e-15,4.370174379333886e-19,4.689573374032257e-19,2.8225680672224057e-19,2.977764981673188e-14,5.375049202359567e-19,9.792323899032388e-16,8.035559100472511e-16,8.49422149797561e-16,1.051091654143583e-18,5.943999333871836e-11,5.943973227253497e-11,1.2804254400319181e-15,2.9777955026061745e-14,1.1033142181294611e-15,2.9777345012215093e-14,1.128836515178457e-15,2.977753411974885e-14,4.8352585775893835e-19,2.977797780465619e-14,1.2950031858220056e-15,3.45349196792143e-19,5.625043561831268e-19,7.121551508097373e-19,1.0233069948727812e-15,9.183850342467677e-19,1.3339335774411122e-15,2.977736159230795e-14,9.559368907822604e-16,1.1210592209327219e-18,2.7813604317009534e-19,1.0576989875092222e-15,1.9907549157289218e-19,5.943995303656661e-11,5.147554145899443e-19,1.1848068437430947e-15,7.062625229588465e-19,1.2758216695389532e-15,1.2183505122623936e-15,7.860082452470928e-19,2.0474575842156203e-19,5.943914703639111e-11,1.280940231540775e-15,4.58944841133195e-19,2.977763316259943e-14,1.2438465407708073e-15,1.1018189865647671e-15,1.7353635713835003e-15,1.0982746109614835e-15,7.519932882880573e-19,5.94406554530662e-11,1.2335005980275254e-15,1.057215642260367e-15,1.2356393763185487e-15,2.977791970355263e-14,5.823930811333596e-19,3.2683494857819985e-19,1.0660355189894949e-15,1.0090967787137877e-15,3.0287247872630864e-19,3.996586189077732e-19,1.0022462349753343e-18,1.1476283682104175e-15,4.535769746794669e-19,9.553810689916375e-16,5.618070965028879e-19,1.0759818854562429e-15,1.0712790509695356e-15,9.158613719262145e-19,1.3291228216165498e-15,1.0618079105149155e-15,7.755573560418571e-13,5.006972454082685e-19,1.23787871039466e-15,5.944068123175167e-11,1.0399366598923435e-15,4.425399748385364e-19,4.553595838284042e-19,1.6628669795333847e-18,1.0942133424014015e-15,2.9777519677708415e-14,3.8700574291726583e-19,1.2369043135934855e-15,1.0188742954871314e-15,8.817024308000356e-19,1.1265408648140677e-15,5.943981248349255e-11,1.0866297447724855e-15,5.854872289724706e-19,5.711162164568948e-19,2.526967152117191e-19,1.763451023522646e-18,2.3451241542756776e-19,7.079863012288568e-19,1.1390079952476334e-15,1.4265367686280919e-15,3.4421415079615316e-19,6.512110331782889e-19
2.2532028727459055e-11,1.173413432353419e-14,5.133035475626525e-19,1.0101827238799758e-15,1.509190769387613e-15,1.30188639807237e-15,1.173417031582905e-14,2.3422568825662992e-11,1.1085511116125124e-18,5.763061847949404e-19,1.2139128792938546e-15,1.0638016053494013e-18,1.0623791649977568e-18,6.214138301142104e-19,5.680129652437449e-19,7.700836782718733e-19,1.11062371150152e-15,1.5244861076026621e-15,1.4513672894815887e-15,8.562052668452128e-19,1.4365932239962307e-15,8.693246980816133e-16,1.0447664975767867e-18,1.1366371325976543e-15,2.3422478109821178e-11,1.2576487141943303e-15,6.344105570636865e-19,9.13992525939373e-19,1.123463436322681e-15,1.9735933891641525e-15,1.106827364872194e-15,8.537705386422424e-19,1.2024465698601652e-15,1.2684006190860515e-15,2.742070051750311e-19,1.1733911737692917e-14,6.457531886474808e-19,1.0961907967225865e-15,9.58384035439473e-16,5.462574056007213e-19,4.836934140373954e-19,2.3421917877783448e-11,1.1734009361831121e-14,3.9250667099029334e-19,1.173413827530937e-14,1.2800159456724296e-15,2.3422572068774168e-11,7.870410167598093e-19,1.1733586375421936e-14,1.0065949218957828e-15,2.3422939502703626e-11,1.6683689118364508e-15,7.92977252525485e-19,9.030543225542837e-16,7.428818631496396e-19,5.7673621752526395e-19,8.54788809644767e-19,4.587687752318706e-19,1.1733855043404236e-14,5.471582158498613e-19,1.1383573143674358e-15,5.378992961038464e-16,9.04377976606919e-19,1.096178192553594e-15,1.173384188113312e-14,1.2299033139801497e-15,1.105933561349634e-18,6.57584746735539e-19,1.301175905453421e-15,9.622680932454458e-19,-1.712482741633144e-20,2.437085116367881e-19,1.1733214294339822e-14,1.367489353280515e-15,1.0568667733205261e-15,2.3422639994821152e-11,1.3031083428106007e-15,7.853387695169927e-16,1.6151428350461254e-15,6.123882838903651e-19,5.900797979235815e-19,1.1733879969261072e-14,1.6089456404725632e-15,6.942540133212971e-19,1.3640400228232852e-15,1.17342272771504e-14,1.6569620752032045e-15,2.813431739911998e-19,1.1559261147810267e-15,1.3161843755713836e-15,8.611707077660033e-16,5.582258172331598e-19,4.994557961324668e-19,8.11671816701445e-19,1.5224553171134956e-15,1.4208263380306343e-15,4.0099628286814463e-19,3.2392937872107006e-19,9.099271558201705e-16,1.3181219614852549e-18,1.3430265968781299e-18,5.859509022998682e-19,5.006972454082685e-19,7.758880997530676e-13,3.488046391600102e-19,2.3423313229750547e-11,5.650830059728776e-19,8.825667320877652e-16,2.5673413500762017e-19,1.7635197569118554e-15,2.558168656273624e-19,2.3422544073504856e-11,4.1769515824465633e-19,4.544009294528474e-19,1.3864181465680678e-15,4.359325557104225e-19,1.3989205960567677e-15,2.3422077605788644e-11,3.205874298850744e-19,3.062780173616827e-19,3.183598830023323e-19,8.79304816973625e-16,4.873610568006227e-19,5.364551960842334e-19,1.8190290524651279e-19,7.159339348594929e-19,9.762128638122864e-19,7.823711068252438e-19,7.015495216460868e-19
-5.2966131231967954e-11,-2.6094032956851762e-14,7.278840767692979e-19,1.7716913366422392e-15,1.2275517377504956e-15,1.1135376250656103e-18,-2.6094011401861825e-14,-2.609377172364174e-14,7.660979489826065e-19,7.842787427520037e-19,1.5655887404236442e-15,9.456526596311793e-19,8.923459598146033e-19,9.385907521308686e-19,1.609693503198393e-15,9.17325097116911e-19,6.79138266019844e-19,7.391004184824931e-19,1.236973166749002e-15,1.3185737526859503e-15,7.070647541518719e-19,7.578137905104e-19,9.28584460775595e-16,1.3856662432007282e-15,-2.6093593493648258e-14,8.116317745245341e-19,8.654734816132794e-16,4.554178838031608e-19,1.4971202575822284e-15,1.1872185327349912e-18,2.7626971352019985e-19,7.438517228151204e-19,5.268038033403731e-19,1.4050486620330978e-15,8.028388974308747e-19,-2.6093334174452277e-14,5.873990431197233e-19,2.3951642536317662e-19,4.712426753435052e-19,2.7295378862061488e-19,2.099192096899749e-15,-5.208540736720972e-11,-2.6094442884105163e-14,1.6427822532981703e-15,-5.208554296230347e-11,1.2358903062889257e-15,-5.208560280303378e-11,7.165186507632375e-19,-5.208620680347176e-11,1.0334661116798035e-15,-2.6093488185222968e-14,3.847366630319265e-19,4.0649558672819443e-19,1.3622579191605316e-15,9.037144610724342e-19,7.311967334902454e-19,8.532146137359404e-16,1.3983511207439914e-15,-2.609376785886333e-14,5.317177228207909e-19,7.035733771189238e-19,8.71904408054736e-19,4.747284312506435e-19,3.336641832241231e-19,-5.208560860570277e-11,7.036822669353003e-19,5.396773515822169e-19,8.314334194948505e-19,8.470261808219515e-19,7.248427416663278e-19,6.704676530652429e-19,4.688119924682812e-19,-2.6094873272145787e-14,7.250338256673457e-19,1.7845149746769695e-19,-5.208631062892528e-11,1.2010975426773961e-18,6.956260821392368e-19,2.0394622030902934e-15,6.387955697216168e-19,1.5358713658788869e-15,-5.208476464644819e-11,1.3362386403261234e-15,4.924466095338748e-19,9.383893840428161e-19,-5.208581666510022e-11,1.4878749954069865e-15,5.385910876717348e-19,1.1472855324426729e-15,7.455222093936099e-19,3.069283762581426e-19,7.019634403452085e-19,2.0931314965257085e-15,1.3787991597947684e-15,8.650044112939051e-16,5.594377208226935e-19,1.5640450089699433e-15,1.394863248878107e-15,-4.108059026926489e-20,1.480345394164985e-15,1.3648682238215664e-15,4.1069825927352746e-20,1.23787871039466e-15,3.488046391600102e-19,7.759822685971685e-13,-2.609341360734737e-14,1.955150437453208e-19,1.1213387376517932e-15,1.0898717494595638e-15,8.706231223139533e-16,1.2947745288065695e-15,-2.6093886938612106e-14,8.598805114375093e-19,1.3348476976880767e-15,6.79070017802976e-19,3.3944886479685483e-19,1.2711351265903811e-15,-5.208578972828066e-11,1.2064362283655078e-18,9.437478586513346e-19,1.4528382507008081e-15,9.488914306771396e-19,7.766750875024946e-19,6.341525664680654e-16,9.915178800805837e-16,7.016815871108911e-19,7.515993709568941e-19,1.4440465146265512e-15,6.452777134183781e-19
1.000000000019191,1.0000000000219917,4.997978886071196e-15,-8.143268259425663e-11,5.0383558324705295e-14,9.786565426864119e-11,1.000000000023928,1.0000000000149165,1.3703483012859047e-11,-4.5021609504191e-12,-7.94991695350024e-11,-4.6558027948085903e-11,1.614949559896923e-11,1.1719552095474687e-14,-5.098564552177971e-11,1.5491539530200616e-11,-4.252240447145614e-14,-7.350459512916755e-11,2.0605762596675452e-14,3.712860822125951e-15,4.869827389100558e-12,-7.949988986448766e-11,1.0042345824303316e-11,-2.206571293123929e-11,1.0000000000195803,-4.490853957561229e-14,-1.2478509277657088e-11,-3.973832750552584e-11,4.001163560956334e-14,-5.8126049292275646e-11,-2.5105535231816866e-12,9.566206568285492e-11,4.492319846135024e-15,-1.2607652010917557e-11,7.813696255359569e-16,1.0000000000397677,1.0185476152599816e-14,4.2060124449842475e-15,-1.2709613899296648e-12,4.522146416398741e-11,4.608613983438186e-11,0.9999999999923742,1.000000000022307,1.3559417508251866e-12,0.9999999999680665,-5.439486813195615e-15,1.0000000000351772,-1.887523493939009e-11,1.0000000000096694,-4.740580894209929e-15,1.0000000000134281,4.6884108808119034e-11,4.6051073539363016e-17,1.6530490601585727e-11,-1.1505340921615853e-14,-2.3815630230239225e-16,8.603029096538535e-15,-2.373678002198885e-12,0.9999999999968046,-3.615638278416965e-15,-2.1838287113643946e-14,-1.6007251726458412e-15,-1.435420469820611e-13,-3.0993551446600097e-15,1.000000000007906,-8.478946611131116e-12,1.0938573353134469e-11,5.669425238801152e-15,6.24800910458816e-11,-5.8590166159447415e-15,9.674502236397818e-12,1.0291252569268763e-15,0.9999999999860686,7.184781459248395e-11,-2.6074803156528103e-15,0.9999999999940561,4.4307886421228983e-14,2.2154166264795438e-14,7.456929079912511e-11,-3.3144254927033136e-15,-4.1082945296771776e-14,1.0000000000427904,9.332668637959644e-11,-3.5875315188540096e-14,7.794390975815004e-11,1.0000000000295644,-2.4576465476093125e-14,-5.195829681651832e-15,1.0186762452236736e-11,5.874781006425091e-15,-2.600363714485932e-15,4.438438041640766e-11,5.818164361502703e-11,-7.514895375417553e-16,2.2194830976029583e-14,-6.954426782724679e-15,-1.2102937112202028e-10,-1.2586449612636815e-13,-1.8917144172587978e-11,2.3693910735476145e-14,1.0167654583074056e-10,-4.2110048448972315e-14,5.944068123175167e-11,2.3423313229750547e-11,-2.609341360734737e-14,1.0000000000387417,3.2459095449490522e-15,3.558531929359184e-15,2.2433802211672847e-15,8.409230417130304e-15,-1.9367184681064934e-12,1.0000000000237155,-9.590620616231228e-12,2.149065468269501e-11,5.204295260760997e-15,1.1578480702180188e-14,-2.153185191932582e-11,1.0000000000161693,-1.3891398684040136e-11,-3.770398877419328e-14,-4.17400130466191e-14,1.6541995530994435e-11,-1.9120049021346065e-11,3.894111971025816e-11,-8.084967778748318e-16,-9.102133590256591e-12,1.8808024506856113e-11,1.858744303976591e-12,-9.683807740448817e-11
5.595412395498318e-12,3.2460548751289005e-15,5.281295994666572e-19,1.1519369001185438e-15,9.020632651343356e-19,6.425272585100895e-19,6.479816373989608e-12,6.479702030828169e-12,1.776724082821533e-15,4.869362468950061e-19,6.96754813663341e-19,1.3855860338199738e-15,1.5464523364765901e-18,1.0694929204133637e-15,1.1647980742989382e-15,1.6052910618461723e-15,6.6368858512727625e-19,6.138047780537204e-19,6.917841980472185e-19,1.4149030898506807e-15,3.234516377747747e-19,1.0836221476281188e-15,6.336021406541255e-19,1.1594763965184976e-15,3.2461526542660505e-15,8.16600374268816e-19,1.0010543094688832e-15,1.2248991408845507e-15,4.580711580169293e-19,1.9726731153670467e-15,8.86366592940825e-16,1.355533758330628e-15,9.31243356868877e-19,5.654704210574449e-19,7.604006202797603e-16,3.246219493462089e-15,1.0651326346127528e-15,6.356861240581427e-19,3.8175288229954407e-19,9.743412978109977e-16,1.6607265127425634e-15,6.4796146762553285e-12,6.479690597947716e-12,1.111378189074132e-15,3.2460296139210865e-15,1.1177979467003346e-15,3.2460784181817355e-15,8.931515996154386e-16,6.479446950872031e-12,9.549096704861454e-16,6.480086979051896e-12,1.455229801964282e-15,7.827638253704556e-19,4.942126555603135e-19,7.144908748755732e-19,9.57390778198988e-16,7.42802056400172e-19,6.407905442080895e-19,3.2454562264436722e-15,1.0243988149285488e-15,5.832529591792487e-19,3.312642152015188e-19,2.520307329594032e-19,3.9702189057818205e-19,3.246133947934449e-15,1.1832799410709475e-15,5.6799498892100895e-19,7.969778215925246e-19,7.875718599703732e-19,1.1833234098563112e-15,9.054329655881398e-16,5.160271247120089e-19,6.478985352221382e-12,1.2715299522409325e-15,9.080139473622284e-16,3.245892981423824e-15,7.472403739260965e-19,9.624838900097662e-16,1.6288245815901117e-15,1.0892268569744085e-15,1.1393911519732621e-15,6.480410403416702e-12,1.3091167765636825e-15,1.0314415852474666e-15,5.611133458048622e-19,3.245930251109646e-15,6.850580049230766e-19,4.760527839284519e-19,1.0763165759320206e-15,5.500645883513793e-19,4.799739779995415e-19,6.5626120479128485e-19,1.283072122896512e-15,1.1056060522826542e-15,1.1888026388208236e-15,1.065514861559292e-15,1.1304876633640456e-15,8.710929366156892e-16,5.346517541376296e-19,4.814003981413822e-19,8.969063211248747e-19,3.151829574263984e-19,1.0399366598923435e-15,5.650830059728776e-19,1.955150437453208e-19,3.2459095449490522e-15,7.755213921583997e-13,1.7471204920621616e-19,7.971357246523876e-16,1.1902458680239745e-15,4.795648441355619e-19,3.2461165291179788e-15,9.918882183713574e-16,1.2685566326122335e-15,6.313219653624742e-19,4.839595942048318e-19,7.6036415512938e-19,6.479587133922215e-12,1.0069847647161268e-15,6.476381534230992e-19,4.577308031894339e-19,8.999581324781618e-16,7.664133479165553e-19,1.125512000000558e-15,8.032674153184492e-16,4.745092005250325e-19,1.5950817657520733e-15,1.1360030461075538e-15,1.1238654387816573e-15
6.233157789452253e-12,3.558392908613857e-15,4.0131554694493064e-19,1.2766003330446454e-15,4.90205534926954e-19,1.3071969294355227e-15,3.558260942251476e-15,3.558188464903547e-15,1.3578620667603005e-15,6.056886000581361e-19,1.2522528088084665e-15,9.309415001568352e-16,7.77802246071039e-19,7.908089648187002e-16,5.95598424564881e-19,1.4669090368813796e-15,1.0914738027210606e-15,1.2468237236852763e-15,1.2013345821635444e-19,1.035936148943268e-15,6.926601748044192e-20,1.1358228346977707e-15,8.888108098086947e-16,4.655573161326617e-19,3.5584215889443626e-15,6.208543715708959e-19,5.801144998754167e-19,2.6736577355607595e-19,4.795243360989902e-19,1.8775465607610845e-15,4.16437232421906e-19,1.094593541520732e-15,3.384790035138657e-19,5.53192238847743e-19,7.545529406325934e-16,3.5583361991170446e-15,4.586896572881733e-19,2.1039682437124329e-19,4.42806030765253e-19,6.863805757072644e-16,1.6417683580966975e-15,3.558371765116113e-15,7.1028269232037015e-12,1.1776033711094891e-15,7.103116181720143e-12,9.503214251372127e-16,3.557613271484493e-15,3.1981565156803357e-19,7.1026754084244734e-12,4.786150987619491e-19,3.5586123518923495e-15,9.682273535073212e-19,7.469425609449277e-16,9.886018729123265e-16,1.2891644105997585e-15,7.473725629594858e-19,7.005852745438784e-16,6.847611797881144e-19,3.558134783539573e-15,8.019569337769917e-16,2.1991472606865904e-19,7.089330700877958e-16,8.85411577771471e-16,2.8587671763904475e-19,3.558210215070539e-15,5.868775834565095e-19,5.276728754449785e-19,1.2634129948789643e-15,1.133860257748193e-15,5.216202351164836e-19,1.9803917234097448e-19,9.479336636845243e-16,7.102380595815732e-12,7.358320937105913e-19,7.80687850074968e-16,3.558095859398081e-15,1.1019833302355558e-15,4.283554988341352e-19,1.5607457383815376e-15,4.472882865922496e-19,3.3479426454594438e-19,3.559046646918957e-15,2.117743828554146e-19,6.746144290626256e-19,1.0636289443225403e-15,7.10297735639616e-12,1.1165403625181193e-15,6.681915556917909e-16,4.579147698486141e-19,8.519315280257071e-16,6.810608188882068e-19,1.1985736913535532e-15,9.09497008448295e-19,1.0116503272852716e-15,4.716477466106214e-19,7.780809355253651e-16,1.1924212333405575e-15,1.0239822096874935e-15,9.704030600209738e-16,5.978309125321429e-19,7.345462589322785e-19,8.919020342064314e-16,4.425399748385364e-19,8.825667320877652e-16,1.1213387376517932e-15,3.558531929359184e-15,1.7471204920621616e-19,7.755823415018906e-13,9.495037829656093e-19,7.161152500515742e-16,7.971042957104251e-19,3.558265166792564e-15,8.118496662770233e-16,6.320757326083533e-19,3.7329153932909394e-19,3.828740560135334e-19,6.0080846639547425e-19,7.1029738631130545e-12,2.64591766413564e-19,1.3467288631639575e-15,1.0730141739721116e-15,8.984274216499626e-19,1.245866952217277e-15,2.539646684802027e-19,7.59949565360251e-16,2.542141686858323e-19,7.591539612491452e-19,1.0329137762545024e-15,9.872932753733796e-16
3.614142787329598e-12,2.2430467978806962e-15,5.5884281742727525e-19,1.3318764417224684e-15,8.541511025074337e-16,1.2769141423677693e-15,4.477744367775756e-12,2.242753162707046e-15,6.422566462059199e-19,7.773450732682511e-19,5.106866410016814e-19,5.368703738682908e-19,6.718322499841472e-19,6.222785545310789e-16,1.2089832224885572e-15,1.2231399321966774e-18,1.0650097143932192e-15,1.1309990817195923e-15,7.937229510154054e-16,1.4484524633209663e-18,8.597876310075545e-16,1.1210555399550652e-19,6.435472707170331e-16,5.439146286389337e-19,2.243223020418623e-15,5.891809545549047e-19,1.744645142401139e-19,1.2573187408839429e-20,1.2013261424837523e-15,1.809059033485652e-15,4.842020869251875e-16,6.169802098310062e-19,2.579676154190786e-19,1.0300183853326039e-15,7.476007307064511e-16,4.478174881851816e-12,4.3226405321445163e-19,7.537675880276487e-16,3.938148691538207e-19,5.266908401225281e-16,1.6496795141059998e-15,4.478258376064839e-12,2.2426635559976552e-15,1.1820385684469431e-15,2.2433281861815e-15,8.256773105099386e-16,2.2433342084586444e-15,8.952134876633017e-19,2.2431033783733884e-15,7.515317388842019e-16,2.2429844287010443e-15,8.57433957000854e-16,4.5960507941104665e-19,4.778031454244333e-19,1.2590807864479157e-15,2.8123194422030596e-19,4.92671813769387e-16,4.413393182986946e-19,2.2429098642947043e-15,3.067441972075508e-19,4.3319469372664353e-19,3.455222806416871e-19,6.579040032994015e-19,3.283017395027559e-19,2.2433342625304016e-15,-1.92797842780483e-19,4.245889344156398e-19,6.319784451934764e-19,2.7839008849123083e-19,1.0054114895312224e-15,1.096885164993555e-15,9.799015775954838e-16,4.477363777551625e-12,1.0081451576181334e-15,6.778919689144257e-16,2.2428974764749576e-15,1.0131766456905829e-15,7.083747647781216e-19,1.501796591923437e-15,8.257647018022462e-16,5.357351762106512e-19,2.2433715314219456e-15,5.546283712287965e-19,9.426093943351433e-19,9.473680797029527e-16,2.242490688483154e-15,9.169134436264677e-16,5.62734045003659e-16,5.203790931630657e-19,3.7926270813455955e-19,-1.5936482627467049e-19,1.2474129869556713e-15,1.6159432082762084e-15,9.10010016315567e-16,5.308075094361734e-16,5.616094714166227e-16,1.238574482690837e-15,6.010667275028483e-19,5.445077287580328e-19,7.724732473632625e-19,7.620718441717033e-16,7.601564058531577e-16,4.553595838284042e-19,2.5673413500762017e-19,1.0898717494595638e-15,2.2433802211672847e-15,7.971357246523876e-16,9.495037829656093e-19,7.755907393333258e-13,1.3528296798548263e-19,9.863829917578473e-16,4.478015394047475e-12,3.277676239609289e-19,9.351171991800418e-16,1.1325302555170032e-19,7.211783906097651e-16,3.85019742912062e-19,4.477920877476164e-12,4.620041472374994e-19,8.103668193369975e-19,4.996890209748002e-19,6.716278720549905e-16,8.067395021623533e-19,-1.3639597269409818e-19,1.7488420223701742e-19,9.734568182442006e-16,9.099879167831625e-16,3.997216406500999e-19,9.023694040045333e-16
1.5895641901169255e-11,8.409336629344359e-15,1.7062383640859427e-19,4.416571759837801e-16,8.7659646373109e-19,8.567075340044907e-19,8.409140182874638e-15,1.6785501532687398e-11,2.6824398981388526e-15,6.916185115259774e-16,9.40860249395962e-16,2.168296992483003e-15,5.869988040065918e-19,1.5485285785413049e-15,6.558768046636665e-16,1.3407057079166316e-15,3.441022532321835e-19,1.4457415127448563e-15,1.640349904515215e-15,1.1058395271228927e-18,6.842732415364909e-19,-3.4490145028724115e-19,2.1943278282524722e-15,9.550709814625378e-16,1.6784932658917616e-11,3.906347773730775e-19,1.725562230279932e-15,2.473415518626202e-15,5.8784919079612975e-19,8.6035930332193115e-19,7.340850789433409e-19,1.712557780611582e-15,1.530427123655555e-15,5.90359305622405e-19,3.061965718993374e-19,8.408766106387164e-15,7.556016793857538e-16,7.738994665345329e-19,5.043902803737722e-19,6.846738062266425e-19,3.2190217713715885e-19,1.6783879119984327e-11,1.6785598248306662e-11,1.7108427926509078e-19,1.6784620773433845e-11,5.712914885300232e-19,8.408939664871696e-15,-1.4209903119341524e-16,8.408715990576428e-15,3.2043716202649634e-19,8.40937877808974e-15,1.3197200057882483e-18,7.595349953916589e-19,5.607011689079041e-16,1.0180052706777765e-15,7.420701285765638e-16,1.668388355277291e-15,2.8357053868382373e-19,1.6785079546647727e-11,9.082283087736746e-19,4.512659975849178e-19,-3.303557222016417e-21,1.704511555433272e-15,4.0940998241823455e-19,8.408566449686137e-15,1.0822695917666414e-15,1.93647050074562e-15,1.7444883556055323e-19,8.986680457942477e-19,1.055360193746416e-15,1.4543604302069703e-16,4.838184371656858e-19,8.408655413363466e-15,1.3330495771718054e-15,1.1012211065789964e-15,8.409263115650154e-15,7.54704430635406e-19,6.527432469502897e-20,1.3074530533889778e-15,5.694249420120665e-19,3.456049873331216e-20,1.678555188143121e-11,9.359926767467952e-19,7.875006168100504e-16,1.3975067426388442e-15,8.409724441281976e-15,8.95830101083068e-19,1.1124231443301106e-15,1.1722865042531856e-15,1.5023915577686628e-15,8.589323125041328e-16,3.9059341378176116e-19,2.7447615218587225e-19,1.1944926160774546e-15,1.026477491301399e-18,1.778150095214824e-15,3.273294300048101e-20,4.1387500232729115e-17,7.954239509246157e-19,6.277463297063732e-19,2.5733000960864782e-15,1.4024701465594229e-15,1.6628669795333847e-18,1.7635197569118554e-15,8.706231223139533e-16,8.409230417130304e-15,1.1902458680239745e-15,7.161152500515742e-16,1.3528296798548263e-19,7.769017584337722e-13,3.376497559836048e-19,1.6785054423508395e-11,1.100620640363506e-15,1.0570318058765956e-18,9.372047160805664e-19,4.702232488931382e-19,7.151712199880783e-19,1.6784449338551113e-11,6.985789117046041e-19,7.555415589614085e-20,4.505949184181542e-16,9.318761653266249e-19,2.525811034558867e-19,1.3672504765698837e-18,3.623351083308287e-19,8.855464010681901e-16,2.3730140279551774e-15,5.201569738914615e-19,5.778249511933544e-19
-2.814562532219859e-12,-9.70790554365009e-16,1.00623664404928e-18,1.5285024847052777e-15,9.994081739838699e-19,1.5241304322761774e-15,-9.70905904143967e-16,-9.701901962467549e-16,1.412054360062992e-15,1.1187676977241283e-15,8.187106966803643e-19,6.010920042877899e-19,1.0629976691445103e-18,8.325805081837747e-16,1.4191698949146774e-15,9.134427245683753e-19,1.2681683328945856e-15,9.70664868726329e-19,-3.0499785822214385e-19,5.5600674010338995e-19,6.846916777244198e-19,7.495023459690816e-19,9.001818761904252e-16,5.796327066977218e-19,-9.70747481170065e-16,6.892035304294298e-19,3.873505235173842e-19,2.1359676556533156e-19,1.4096096758816082e-15,1.0578529200045028e-18,3.86335503828184e-19,5.944194334641642e-19,3.185813982594598e-19,1.257036004277679e-15,3.004024637539555e-19,-1.9371270324328375e-12,6.303895108980421e-19,9.358786951862536e-16,7.496518753918842e-16,2.880021747186162e-19,-1.1830929008793182e-19,-9.704721895820155e-16,-1.937774247418363e-12,1.3867981240195178e-15,-9.707713357484355e-16,5.421573409348964e-19,-1.9373106881823424e-12,1.3537197995199948e-15,-9.709560857946468e-16,4.874057044306728e-19,-9.707458447302127e-16,4.647367601915374e-19,3.6817395938936907e-19,1.163806227940408e-15,7.564152812664564e-19,7.598562582066458e-19,7.015631641649885e-16,5.344915181137753e-19,-1.9379286276520647e-12,8.38527920648828e-16,1.2006555478205407e-15,8.553497637212177e-16,6.443185032009525e-19,4.490179128555361e-19,-1.937353655235908e-12,7.662748763086796e-19,1.0248404293888492e-15,6.565614513510325e-19,1.2845796971542856e-15,5.993819471618842e-19,7.525813770219834e-19,1.1352067024551495e-15,-9.708739731327769e-16,6.957358657563045e-19,8.497556211373693e-16,-9.710766732695869e-16,5.41565067628326e-19,1.229542324497873e-15,8.824856262993186e-19,6.907879999367594e-19,8.219245106658245e-19,-9.704406082137972e-16,1.1011620917017408e-15,1.0931623898640723e-15,1.184881713535691e-15,-1.937686225791608e-12,1.198737361063245e-15,2.4627540250760613e-19,1.0264219816596315e-15,1.4210617776175444e-19,4.876675790107377e-19,1.4354681935694362e-15,9.322567429543312e-19,5.742340425312871e-19,7.71501966319369e-16,7.848391085098892e-16,1.4281083991284893e-15,1.259911432817212e-15,5.644431887311596e-19,6.906285883788038e-19,5.502201584077431e-19,5.060964263977367e-19,1.0942133424014015e-15,2.558168656273624e-19,1.2947745288065695e-15,-1.9367184681064934e-12,4.795648441355619e-19,7.971042957104251e-19,9.863829917578473e-16,3.376497559836048e-19,7.757116283708465e-13,-1.9373026671331018e-12,9.06225062490372e-16,3.9365968331419157e-19,5.931559421909035e-19,8.89160367394869e-16,1.036317721088776e-15,-9.708600056200336e-16,6.397106571331814e-19,8.434720064372227e-19,7.41933584078757e-19,8.417546624984117e-16,1.5188300845235237e-15,4.447639349282001e-16,8.735291099582242e-16,1.17109589500311e-15,5.80659287963765e-19,1.1358745079557938e-15,1.113225151345827e-15
1.0000000000049842,1.000000000007737,4.9977043576660524e-15,-8.143335639311581e-11,1.0057017953223979e-10,9.786485706228115e-11,1.0000000000096738,1.0000000000006621,1.3702227045259476e-11,-2.2560822908191486e-15,-3.982755440760828e-14,-2.3325012980243438e-14,1.6148383816221055e-11,1.1719447947563601e-14,-5.098629771409298e-11,1.5490502440766028e-11,-4.2522390921845995e-14,-3.6824683988448555e-14,4.113142513287079e-11,7.410793296793797e-12,4.869119928198913e-12,-7.950049458075315e-11,5.030626890505471e-15,-2.206640221188105e-11,1.0000000000053264,-8.964323967959938e-11,-6.251920703969053e-15,-3.9739136498456377e-11,4.001134835495124e-14,-5.8127300346587594e-11,-1.2585466481269949e-15,9.56611933342632e-11,4.491502830612658e-15,-1.2608402466929023e-11,7.809425087090101e-16,1.0000000000255134,2.0331086809916506e-11,4.205374218751431e-15,-6.371999312423616e-16,2.265418981175352e-14,4.6085118944994447e-11,0.9999999999781204,1.000000000008055,1.3553082060709148e-12,0.9999999999538117,-5.440436345637982e-15,1.0000000000209233,-9.456383043061338e-15,0.9999999999954163,-4.741278818596586e-15,0.9999999999991729,2.3487668961849642e-14,4.621282212804206e-17,8.280958702702301e-15,-1.1505582439517581e-14,-2.388033136986727e-16,1.7172008490725838e-11,-2.3745070310784928e-12,0.9999999999825514,-7.21775409839029e-12,-2.183876413848415e-14,-3.195545254738478e-12,-1.442232372396956e-13,-3.099430549597399e-15,0.9999999999936526,-8.479654398827165e-12,5.479757124104099e-15,1.1316242913898195e-11,3.130052536094787e-14,-1.1695810157662263e-11,9.673966898429142e-12,1.0288081787723508e-15,0.9999999999718164,7.18470296925048e-11,-5.203829676274197e-12,0.9999999999798024,8.84431590381376e-11,2.2154411725371934e-14,3.735667023139789e-14,-3.3150908979362257e-15,-8.200644886717703e-11,1.0000000000285354,9.33258536657474e-11,-7.16114605453583e-11,3.9047147089237426e-14,1.0000000000153109,-4.9058154054886656e-11,-5.19640499792958e-15,5.103078804442284e-15,1.1726354728973499e-11,-2.6004567360170565e-15,2.2235368802214313e-14,2.914710768597738e-14,-7.521359235577612e-16,2.2194239237718382e-14,-1.388199289190109e-11,-1.2103007212766994e-10,-1.263325552714652e-13,-9.476645110370377e-15,2.3693539859243108e-14,1.0167558219634293e-10,-8.40569793431099e-11,2.9777519677708415e-14,2.3422544073504856e-11,-2.6093886938612106e-14,1.0000000000237155,3.2461165291179788e-15,3.558265166792564e-15,4.478015394047475e-12,1.6785054423508395e-11,-1.9373026671331018e-12,1.0000000000102383,-4.8055014878019584e-15,2.1489879988120972e-11,5.20354325867288e-15,1.1578650611598554e-14,-2.153257623559716e-11,1.0000000000019156,-1.3892040701555992e-11,-7.52623024709925e-11,-8.331807897046325e-11,8.286637871197131e-15,-9.578615824643572e-15,1.950798971777768e-14,-1.6141720112595945e-12,-4.561313229849655e-15,1.880698296307561e-11,1.8580819615057253e-12,-9.683874344642995e-11
-1.0470087357413581e-11,-4.805084632305159e-15,1.750853609783926e-19,9.996803936308552e-16,1.1281504984016712e-19,7.274145766968664e-19,-4.804965466706873e-15,-4.80520545961995e-15,1.6277186035287709e-15,3.2586123964564444e-19,6.038119667970901e-19,6.32708891829414e-19,1.484382520548531e-15,9.999321026584432e-16,1.0363083317526442e-15,7.925300445567147e-19,2.1148065498922236e-19,1.2212154614195282e-15,5.379813643957547e-19,6.12793894173847e-19,1.0234648261138045e-15,5.135872735863192e-19,1.3173540825329667e-15,6.411377030416374e-19,-9.591187254291865e-12,1.1583517367237483e-15,4.0855406147549114e-19,1.0627818090700969e-18,5.619346157669161e-19,1.1778226010308246e-18,3.4753303274581474e-19,7.008944428740832e-19,5.756944472810651e-19,6.093693128957753e-19,-2.9051589045134294e-21,-9.590997527289617e-12,9.94163736734552e-16,9.123823601654736e-16,4.738591913876218e-19,3.614348406277669e-19,1.5176594854871626e-15,-9.591442557180068e-12,-4.805286655396411e-15,9.681228698229829e-16,-4.805126584401369e-15,1.0124318241899657e-15,-9.591098952005086e-12,3.391366454704046e-19,-4.805393448533824e-15,8.838354576844262e-16,-4.805213463711075e-15,1.3987020250013987e-15,4.869918309239019e-19,8.331064813317143e-16,1.2825624332330729e-15,3.131224556602693e-19,9.188981606729567e-16,6.323256234377531e-19,-4.805220811827439e-15,9.226435422761655e-16,5.261311786286445e-19,-9.304656243796121e-20,3.3020322136368733e-19,5.581817620127915e-19,-9.591315499522125e-12,3.3582370689104655e-19,1.1347992593810096e-15,1.1412359904544629e-15,1.0569839110615101e-15,1.0839962539604793e-15,8.127561828472259e-16,5.349449411316951e-19,-4.8054990424708495e-15,9.201264749150681e-19,8.127217935886304e-16,-4.805154851179016e-15,1.0582822488633507e-15,8.61380517741321e-16,6.768027344525283e-19,9.703639816168532e-16,1.039769323922338e-15,-9.590699476911404e-12,1.19352337021004e-15,9.635074829449243e-16,1.1511557221537468e-15,-4.804923491057138e-15,1.214774787841068e-15,7.869487668394215e-16,9.9780213080938e-16,3.5775014848594315e-19,7.360918686457352e-16,5.403809837368784e-19,1.109862639670157e-15,9.757268090057362e-16,7.468168759528056e-19,9.722325412859269e-16,6.794305936242358e-19,3.5013250601435127e-19,5.499002431073724e-19,1.0975737515981528e-15,6.6586616062231305e-19,4.883323165300044e-19,3.8700574291726583e-19,4.1769515824465633e-19,8.598805114375093e-19,-9.590620616231228e-12,9.918882183713574e-16,8.118496662770233e-16,3.277676239609289e-19,1.100620640363506e-15,9.06225062490372e-16,-4.8055014878019584e-15,7.755184735772165e-13,5.846079384597551e-19,9.917498222946327e-16,7.829807568228698e-16,1.0399195072851084e-15,-9.591426512473425e-12,7.653014470225291e-19,5.803938841155509e-19,8.922881099116995e-16,3.7799601120484332e-19,1.4615410407803134e-19,1.0622624228092883e-15,7.22675254490299e-16,8.821292112097022e-19,1.5040142480563088e-15,5.666653117503119e-19,1.031528177403465e-15
2.058866123482325e-11,1.0765702488892894e-14,6.154297548493724e-19,1.3623718177991928e-15,1.5765617541209873e-15,1.5989243613239827e-15,2.1489849027494212e-11,2.1489723207592458e-11,1.009262869047844e-18,1.1574731782412487e-15,1.5511450115081674e-15,1.6507770659552136e-15,8.925694782674416e-19,7.134608479607284e-19,8.487534230944894e-19,1.8923664969134396e-15,1.3499538030876677e-15,1.6515238596932417e-15,1.450673555603095e-15,1.7261640495878883e-15,7.878704329076602e-19,3.9319088571888375e-19,8.96678068438398e-19,7.1361263626257215e-19,1.0765831064506796e-14,1.508139583008312e-15,1.2160641004148865e-15,1.5087596231274848e-15,6.097053041642282e-19,1.268374580318224e-18,1.0650031619141378e-15,1.624580064577098e-15,5.859596395292649e-19,1.45880362743722e-15,8.962130485981276e-16,1.0765911830021803e-14,3.808157431746694e-19,1.1901726982070464e-15,1.0141995797276733e-15,1.1612336000705542e-15,1.9448420487001654e-15,2.1489568142487348e-11,2.1489721031302643e-11,1.3259521783118004e-15,2.1489713301311974e-11,1.3557955910818715e-19,1.0765592528847458e-14,1.0269144256884442e-15,1.0765826811044938e-14,1.132101003757641e-15,1.0765941572830392e-14,1.7313930166684209e-15,1.0620282960425367e-18,1.126419123094674e-15,1.6152627065489265e-15,7.13758024776179e-19,1.203568339580037e-15,1.5198452096202912e-15,2.1489442799629465e-11,7.156858625978151e-19,1.3201189324246857e-15,2.040251066242883e-19,7.038081116988117e-19,6.554234757659825e-19,2.1489718889368148e-11,1.4054948360344836e-15,5.965044096750329e-19,7.935865049178708e-19,1.4391833384628998e-15,6.940179866418067e-19,1.0505362089258347e-15,5.1884827393311e-19,1.0765227593683313e-14,1.514368320216624e-15,1.0979643575713067e-15,2.148967769665987e-11,1.431040906091794e-15,1.1257416308875302e-15,1.0351669826588224e-18,6.123108990587884e-19,1.4067582510474933e-18,1.0765876072375218e-14,9.374875999228284e-19,1.2058234251582663e-15,1.4916844455754306e-15,1.0765493236637876e-14,6.972402159872218e-19,1.0158543079785953e-15,9.859672252099996e-19,8.583071594818755e-19,2.6844742336760927e-19,6.195442702161804e-19,1.5008816794779168e-15,4.053150478850453e-19,1.432506737343997e-15,6.862948729780159e-19,4.621088042914738e-19,4.942570239749444e-19,1.1615568511056235e-15,6.926117877733757e-19,1.836891794727386e-15,4.215491343225476e-19,1.2369043135934855e-15,4.544009294528474e-19,1.3348476976880767e-15,2.149065468269501e-11,1.2685566326122335e-15,6.320757326083533e-19,9.351171991800418e-16,1.0570318058765956e-18,3.9365968331419157e-19,2.1489879988120972e-11,5.846079384597551e-19,7.757460926187881e-13,6.727472457085384e-19,1.0573036843818215e-15,7.335242909694569e-19,2.1489547188272445e-11,5.539833610426128e-19,1.2848319751662448e-15,5.151847228792283e-19,1.0429747776389817e-15,5.91011053539495e-19,1.3924795497558826e-15,9.5444138271702e-16,1.2551324927731246e-15,1.9132926090798556e-15,5.18304476583253e-19,1.3271954461636028e-15
9.509152571039153e-12,5.2038563211932886e-15,4.030296956111813e-19,9.792370736369409e-16,1.4242687620362782e-15,1.253999890572444e-15,1.0387789342456311e-11,1.0387776073866177e-11,1.0719838677921669e-18,4.602703918257908e-19,3.996229515248776e-19,8.245932810527498e-19,1.2215288524658123e-18,6.057727125161203e-19,1.0275637258374825e-15,5.806279074937987e-19,1.0606554386380671e-15,8.375580006704736e-19,1.361321006061086e-15,1.0668910959470702e-18,1.352223550920156e-15,8.477968489858425e-16,6.503443169626777e-19,6.067416370994257e-19,1.0387697217777452e-11,3.673268392132645e-19,3.49423868754227e-19,6.940197908916736e-19,4.763391090161442e-19,1.8905374444116354e-15,4.2995999718136094e-19,1.4641411632496511e-15,1.1277054384577852e-15,7.599962406415991e-19,6.846258500373211e-16,1.0387928359043508e-11,9.205406042411176e-16,5.22620162590229e-19,9.155351767399875e-16,5.451229344546843e-19,1.0367542369589906e-18,5.2035604072849045e-15,5.2039312586277e-15,4.984446915221856e-19,5.20380524933128e-15,1.2128151799941277e-15,5.2039166347089626e-15,3.2357081748577007e-19,5.203703154212189e-15,9.519194471823502e-16,5.204292188799269e-15,7.957828996138507e-19,1.1837480154254612e-15,6.047441662441193e-19,1.2221413068479496e-15,8.858249371038273e-19,5.629093859532698e-19,5.893032944287717e-19,5.203831332829568e-15,1.2165558036385775e-15,1.0800751892395413e-15,5.332394578766504e-16,1.3583839244106013e-15,1.0248163193957075e-15,1.0387518920042777e-11,1.1722433633825796e-15,1.5350541394203324e-15,7.271302486516914e-19,1.2327773142405391e-15,3.8396577304783904e-19,6.579392413994987e-16,7.359114544031865e-16,1.0386696549559371e-11,1.295208489277013e-15,6.658017949419669e-19,5.204219906905747e-15,1.2389848031869156e-15,3.733904526549547e-19,1.5464649761072213e-15,7.042545329324074e-19,7.129370427534852e-19,1.0388310243007016e-11,1.2699229435978062e-18,9.080379091466784e-16,4.592814281352543e-19,1.0388432110926599e-11,7.910549182796415e-19,4.899465516843179e-19,1.0979684290623714e-15,1.2382499861029624e-15,5.198075907590706e-19,6.486492334517573e-19,5.072362556854801e-19,5.160040085895788e-19,5.24264059871016e-19,1.3269695961990524e-15,9.172567968729944e-16,6.206625130616438e-16,8.721582408524189e-16,1.1900715463463238e-15,9.74676184762751e-19,1.1837831586380805e-15,1.0188742954871314e-15,1.3864181465680678e-15,6.79070017802976e-19,5.204295260760997e-15,6.313219653624742e-19,3.7329153932909394e-19,1.1325302555170032e-19,9.372047160805664e-19,5.931559421909035e-19,5.20354325867288e-15,9.917498222946327e-16,6.727472457085384e-19,7.758563847712017e-13,9.29249813774516e-16,1.3201146297714376e-15,5.2035719349253745e-15,-1.2010056269426798e-19,4.96784007632463e-19,8.484655535702113e-16,4.2497937893622044e-19,8.951413591421772e-16,7.91229595019058e-19,7.666782646844634e-16,3.8284581170649233e-19,1.8134023011208584e-15,1.2822118038253171e-15,1.1175703227502678e-15
2.2245912039166452e-11,1.1577811543105874e-14,5.813259917876269e-19,1.1214248737490201e-15,1.0489870727807476e-15,1.1994264819530858e-15,2.3111340680541655e-11,1.1578051047903213e-14,1.4796330788655983e-15,8.797181409684482e-16,5.277475077532215e-19,1.0028675007772847e-15,1.321376363307549e-15,2.1068047726050058e-19,1.0728208888487762e-15,5.178563872774134e-19,5.403044848243717e-19,5.549427704093387e-19,7.887002423792627e-19,1.1736474750046254e-15,1.0654742646414215e-15,5.965720591579375e-19,3.669630293449336e-19,1.00172433365203e-15,1.1578609645595839e-14,5.635023240464692e-19,8.086352256420394e-16,9.695499018119965e-16,1.0613916240673138e-15,1.7523501997013056e-15,7.134780630493759e-16,6.44932565224939e-19,1.4582658398844514e-19,1.049703772175604e-15,2.943880002881958e-19,2.3111627474978727e-11,8.753464384099649e-16,8.389536255213821e-16,4.440934622659299e-19,7.298135881853851e-16,1.4500644113488292e-15,1.1578066295997109e-14,1.1578084810969198e-14,1.0726291925604248e-15,2.3111392793831977e-11,5.141781366387334e-19,1.1578136345630415e-14,9.671231416761447e-19,1.1577861964423214e-14,3.8554714755821883e-19,2.3111715279596572e-11,1.6480388663475813e-19,5.501708549841223e-19,2.4065757821345674e-19,5.358627944614889e-19,5.646292858113244e-19,7.349676078237443e-19,3.834808952079904e-19,1.1577862696168512e-14,6.502665551110588e-19,8.068487725588071e-19,2.8973451850092254e-19,9.725778751324025e-16,8.168508387207029e-16,1.1578304604056292e-14,8.953496417431897e-19,5.148855885945964e-19,1.1150849587253058e-15,3.02163208583136e-19,1.0096841415834554e-15,1.23851174904299e-19,4.056790616266147e-19,2.3110654703804796e-11,1.0836465275139548e-15,7.974009300141425e-16,1.1577939689106828e-14,1.0761192400503703e-15,1.8010202753319877e-19,5.136749116211776e-19,9.845201405699629e-16,1.0050739834449572e-15,2.3111995846207718e-11,6.195036398563166e-19,8.373954552656827e-16,1.046500300317116e-15,1.1578389200333544e-14,4.951876700630705e-19,5.625676343334521e-20,8.942858740214294e-16,9.166781898214217e-16,3.6644699605090916e-19,2.325789286255363e-19,7.811540853263579e-19,5.584241428176351e-19,8.893194279016043e-16,8.921418401161602e-16,8.942162092932876e-19,8.423753297207356e-16,4.32441713890575e-19,2.380176154197027e-19,6.418478521288705e-19,8.91646840729862e-16,8.817024308000356e-19,4.359325557104225e-19,3.3944886479685483e-19,1.1578480702180188e-14,4.839595942048318e-19,3.828740560135334e-19,7.211783906097651e-16,4.702232488931382e-19,8.89160367394869e-16,1.1578650611598554e-14,7.829807568228698e-16,1.0573036843818215e-15,9.29249813774516e-16,7.755442645423275e-13,1.0121887479334822e-15,1.1578033895690371e-14,8.889813340832222e-16,1.069088135824583e-15,9.420442628416681e-16,6.795371981170507e-19,1.032738104075309e-15,8.28923177223556e-16,1.519429995626394e-18,9.703544161099049e-16,1.2518584091188217e-15,1.0659430425847737e-15,4.6200294861480425e-19
-2.2417750585066594e-11,-1.0787368067814771e-14,6.313119067707721e-19,1.218776657136331e-15,1.458399726820874e-15,1.0146354833489116e-18,-2.153264636050312e-11,-2.1532695581544845e-11,1.2151476362994695e-18,1.033839398236854e-15,6.940860927878232e-19,7.154949554492416e-19,1.5761620175988336e-15,8.419741706009833e-19,2.7077754225809878e-20,8.851367997444591e-19,5.650955148190469e-19,7.321804998427748e-19,1.402988691903048e-15,8.869782660778689e-19,1.4260761365412796e-15,1.0538573557755728e-15,1.4853766823340019e-15,1.2256310218453663e-15,-1.0787018054795811e-14,5.352393439133022e-19,3.767914609128734e-19,6.41392302613037e-19,7.820008571068577e-19,2.1259732280400166e-15,1.0401843840736326e-15,4.309222752358416e-19,1.0250411942941737e-18,6.925115287563668e-19,3.8502082803763393e-19,-1.0787459259271123e-14,3.8725885766664514e-19,5.242628463296213e-19,9.470750107323896e-16,5.746367741660541e-19,1.6765457849779336e-15,-1.0787322742174705e-14,-2.1532653584935664e-11,8.203351977566735e-19,-2.153278753627997e-11,5.467734326866087e-19,-2.153259955164359e-11,4.1766778311149255e-19,-2.153303717909897e-11,5.573444617838563e-19,-1.0787266131411856e-14,1.5625463605243694e-15,7.234133105771918e-19,9.058820499687135e-19,1.3907984280207181e-15,1.022825655579097e-15,1.1933474244021417e-15,4.437217776706249e-19,-1.0787678448149377e-14,6.856529735115599e-19,1.2135152065719045e-15,6.487517677039381e-16,1.3769836475574986e-15,1.0944142923824605e-15,-1.0787252788416802e-14,1.3003723218678856e-15,1.1043661731869315e-18,5.902192756553644e-19,5.341959787412504e-19,1.2622223342389135e-15,5.821167557839283e-19,9.046279207590408e-16,-2.153372083889012e-11,9.973972158341776e-19,1.0570465850924712e-15,-1.0787343915741043e-14,1.3625757950150737e-15,9.459306593834944e-16,1.7493200424424169e-15,1.2992049008924078e-15,7.746089167347998e-19,-1.078707328626729e-14,1.5495756277285105e-15,6.530288460460646e-19,8.3290774485789e-19,-1.078712948091117e-14,9.042513949774917e-19,4.995326812847278e-19,2.6778004505055127e-19,1.2716996178080853e-15,4.9364591087636635e-19,8.258915660195814e-19,6.281939059860436e-19,5.517782811404012e-19,7.823867068375645e-19,6.59635468757073e-19,9.162702831539295e-19,2.1998336979395648e-19,8.194310831732037e-20,1.3223239212784588e-15,6.931727617250644e-19,5.864721216961533e-19,1.1265408648140677e-15,1.3989205960567677e-15,1.2711351265903811e-15,-2.153185191932582e-11,7.6036415512938e-19,6.0080846639547425e-19,3.85019742912062e-19,7.151712199880783e-19,1.036317721088776e-15,-2.153257623559716e-11,1.0399195072851084e-15,7.335242909694569e-19,1.3201146297714376e-15,1.0121887479334822e-15,7.757904730837356e-13,-1.0787566920938524e-14,1.0546311339230673e-15,7.449824795167908e-19,5.9796267844163e-19,9.0456432096922e-16,1.1135619901168294e-15,1.4699389328558287e-15,8.61864757538793e-16,1.1773795842036306e-15,1.8088606665646222e-15,1.38664453094513e-15,1.2114595407333782e-15
0.9999999999974298,1.0000000000001918,4.997605429253779e-15,-8.143356925470894e-11,5.038275846987582e-14,4.9027644640492207e-14,1.0000000000021272,0.9999999999931162,6.863325468015657e-15,-2.2559842029746376e-15,-3.982791693774288e-14,-4.655933336938362e-11,1.61482361543422e-11,1.1719031396302265e-14,-5.098650939096113e-11,7.760107882690878e-15,-4.2522901403012136e-14,-3.6824719307653844e-14,2.060535767755387e-14,3.712260111301096e-15,4.8686454352780794e-12,-7.950057928994593e-11,5.030197273318762e-15,-1.1054919489095882e-14,0.9999999999977796,-4.4909242389077854e-14,-6.252033585922988e-15,-3.973973413738552e-11,4.001108940526713e-14,-5.812773031505813e-11,-1.2581609610794961e-15,4.7923222406681336e-14,4.491747555417843e-15,-6.316545793520457e-15,1.5592921536892723e-12,1.0000000000179672,1.0184977181208813e-14,8.394719893821056e-12,-6.372761461659268e-16,4.5220560567260644e-11,2.308746209915683e-14,0.9999999999705738,1.0000000000005085,1.355044947858665e-12,0.9999999999462666,-1.0859785776112946e-11,1.0000000000133766,-1.8875711336900608e-11,0.9999999999878695,-4.741093589070174e-15,0.9999999999916277,4.68827877970972e-11,4.621803154227405e-17,8.280541991756352e-15,-2.2966474063056045e-11,-4.76501668297157e-13,8.602541228423669e-15,-2.3746255382164893e-12,0.9999999999750049,-3.616356940383277e-15,-2.183871695266287e-14,-1.6010902507866329e-15,-7.245938308696835e-17,-3.099613506140495e-15,0.9999999999861058,-8.479950465500363e-12,5.479131244331095e-15,5.669022246798464e-15,6.247899879232735e-11,-5.8598061290823425e-15,4.846532728254499e-15,1.0287139418067364e-15,0.9999999999642697,7.18467111609314e-11,-5.2041257184749504e-12,0.999999999972258,4.430728482976371e-14,2.215426573803763e-14,7.456798145809792e-11,-3.3151180792593804e-15,-4.1083243312664165e-14,1.0000000000209899,9.332537520420378e-11,-7.161156873474054e-11,7.794281690328397e-11,1.0000000000077622,-2.4576920871053336e-14,-5.196281338729212e-15,5.102454085508757e-15,1.1725940740663758e-11,-2.600082828726181e-15,2.223528790758955e-14,5.8180802770694514e-11,-1.5010148827074507e-12,2.2193976842526546e-14,-1.3882450140787204e-11,-1.2103019262388118e-10,-1.2639081557071183e-13,-1.8917892057284373e-11,2.3693436507455888e-14,5.0936607568119184e-14,-8.405724622581347e-11,5.943981248349255e-11,2.3422077605788644e-11,-5.208578972828066e-11,1.0000000000161693,6.479587133922215e-12,7.1029738631130545e-12,4.477920877476164e-12,1.6784449338551113e-11,-9.708600056200336e-16,1.0000000000019156,-9.591426512473425e-12,2.1489547188272445e-11,5.2035719349253745e-15,1.1578033895690371e-14,-1.0787566920938524e-14,0.9999999999951485,-6.9597502538392846e-15,-7.526230547214486e-11,-4.174019818906924e-14,1.6541356679894742e-11,-1.9120860495558176e-11,1.9507681682944147e-14,-8.089524893490055e-16,-4.560491666552988e-15,1.8806495890580385e-11,9.306835899775418e-16,-4.851419171607335e-14
-1.478120346127116e-11,-6.959954913321408e-15,7.082848726155331e-19,1.4745476668378474e-15,1.1435046493757889e-15,6.540116667837222e-19,-6.95941315297984e-15,-6.9598580294171965e-15,7.231441288034739e-19,-1.6040091831192022e-19,7.354932002128085e-19,4.877000407444332e-19,8.742521055881868e-19,8.645197574250518e-16,1.3782836367093369e-15,1.6897857044878267e-15,1.2551723973108481e-15,1.386028106966869e-15,1.0571114793845631e-15,1.1919807601346926e-20,6.952991864737307e-19,1.3279909570541908e-15,4.998644412116034e-19,1.2391110945128852e-15,-6.959681666974042e-15,6.865456343685848e-19,3.9931093105788646e-19,7.723322864951088e-16,7.349703256825434e-19,4.3036335531244216e-19,6.860306974881776e-16,5.340030205772068e-19,7.323511000237485e-16,1.2560602713847314e-15,3.410598372670261e-19,-1.3891820261585334e-11,1.1534825754291158e-15,6.365993651888243e-19,7.552157451494674e-16,7.618717489877621e-16,1.8970539964666388e-15,-1.3891932623851604e-11,-1.3892471774721354e-11,1.3457620191033016e-15,-6.959785753329997e-15,1.0532153058983276e-15,-1.3891995582956066e-11,5.941916751333496e-19,-1.3892606786070898e-11,9.40838064120111e-16,-1.3891845098843201e-11,5.0163228701816045e-19,3.9008831174860365e-19,1.1361575154684143e-15,5.960342563023146e-19,6.657134145988364e-19,3.8505597159569265e-19,1.3707334201507096e-15,-6.960084393657979e-15,8.574213195431577e-16,1.1962399981766763e-15,8.295110249074849e-16,9.442849936044018e-16,7.425910364071552e-19,-6.959968266269822e-15,1.2398929348897815e-15,1.0619500771855496e-15,9.760095133399118e-19,1.2741570586351934e-15,1.2157143615982576e-15,4.572103862927475e-19,6.572993276461538e-19,-1.3892887148285782e-11,4.2558200174667584e-19,5.435488933616548e-19,-6.959945888098912e-15,4.3246671016544185e-19,1.198038596084539e-15,9.983624861859476e-19,1.0423799341770386e-15,7.599091561782904e-19,-6.959303473229881e-15,1.1258124467801581e-15,3.3548557577425493e-19,1.1971213804480197e-15,-6.959641105428668e-15,1.2144816368980456e-15,7.45635557383424e-16,1.0273645666280685e-15,8.5533400806260695e-19,6.551638758444734e-19,9.073054674776126e-19,8.675240990427684e-19,6.119998930730807e-19,4.5254203233609e-19,1.7012327662541172e-19,4.368191325521201e-19,1.2043736943498427e-15,1.119822661187533e-15,1.2831444817541239e-15,5.839239033754779e-19,7.312590114351343e-19,1.0866297447724855e-15,3.205874298850744e-19,1.2064362283655078e-18,-1.3891398684040136e-11,1.0069847647161268e-15,2.64591766413564e-19,4.620041472374994e-19,6.985789117046041e-19,6.397106571331814e-19,-1.3892040701555992e-11,7.653014470225291e-19,5.539833610426128e-19,-1.2010056269426798e-19,8.889813340832222e-16,1.0546311339230673e-15,-6.9597502538392846e-15,7.755863752966673e-13,8.694784619345073e-19,2.0024310102517066e-19,4.1786013554252836e-19,8.414563275003242e-19,5.419942016972817e-16,8.637961182998738e-16,5.619856141270384e-19,1.2848703242317215e-15,1.129499704958464e-15,3.873393638230045e-19
-7.614902201863913e-11,-3.7705056760594086e-14,1.1125625858124437e-18,1.2010358031519468e-18,1.0281716331850003e-15,1.599672652289906e-18,-3.770510898929498e-14,-7.526329665548016e-11,1.0957186242050073e-15,1.579485271561394e-15,2.03151392894789e-15,4.340219253166045e-19,2.4276685267857615e-15,6.499776907096964e-16,1.0082358667379521e-18,2.2255533570728668e-15,9.453214414646893e-19,1.6868407116590239e-15,9.469434344083487e-16,5.732242976213173e-19,3.240541666057008e-19,2.1441955969711256e-15,2.3280397442538223e-19,1.6714328055741964e-15,-7.526220299026371e-11,1.8802147072917713e-15,3.3700636978465704e-16,3.338746824489569e-19,6.998302597823897e-19,2.904002367324255e-15,4.522758088064757e-16,1.1977302031533111e-15,2.0583778000469675e-19,1.5672577736983233e-15,4.0706619972715214e-19,-3.7704610604364164e-14,1.600047995152604e-15,1.0382897404551236e-15,5.627829444560809e-19,6.583950261776816e-19,2.8039926055550527e-15,-3.770424536286378e-14,-3.770504545655953e-14,1.5210871941382571e-18,-7.526211569636531e-11,8.654115338244153e-19,-7.526239694011179e-11,2.3951735881040114e-15,-7.526328237643589e-11,1.100629915633364e-15,-3.770459480931401e-14,8.95801732558085e-16,1.2041020098212992e-19,1.7320964177345206e-15,2.0607766445811753e-15,1.4654679309329117e-15,3.7337062784505134e-16,1.836552804258657e-15,-7.526341224392193e-11,6.91884850273624e-16,1.5876257598405648e-15,5.515149732655089e-19,7.403020985350787e-16,8.938063415858902e-16,-3.770456497495917e-14,1.0943295855318248e-18,8.08736875756938e-16,1.3085034329861542e-18,8.287786240194915e-19,6.041995187352915e-19,2.0630569096887823e-15,1.1253557071379896e-18,-3.770489881837205e-14,1.4784817804833493e-15,9.2240256596048e-16,-3.770539980218193e-14,1.5448397438014175e-15,1.9312080796435915e-15,2.43865063266496e-15,8.007012872173804e-19,2.3157187604492613e-15,-7.526152733339501e-11,2.9770933818370393e-19,1.4668677804784153e-15,1.4711130052405877e-18,-7.52637767940413e-11,6.7906810474425365e-19,6.79410506259314e-16,1.1774732826295578e-15,8.082969282694352e-16,2.4810455445066534e-19,2.1705178575659188e-15,1.5485358560951552e-18,5.68860221576634e-19,2.8912668728700857e-16,-2.1670380001452867e-19,1.1947558847604575e-18,2.148421448484802e-15,1.6319631365434348e-15,7.563632895262973e-19,4.0040459577284103e-19,9.63180259530711e-16,5.854872289724706e-19,3.062780173616827e-19,9.437478586513346e-19,-3.770398877419328e-14,6.476381534230992e-19,1.3467288631639575e-15,8.103668193369975e-19,7.555415589614085e-20,8.434720064372227e-19,-7.52623024709925e-11,5.803938841155509e-19,1.2848319751662448e-15,4.96784007632463e-19,1.069088135824583e-15,7.449824795167908e-19,-7.526230547214486e-11,8.694784619345073e-19,7.770883776394409e-13,1.979800780954931e-15,9.85649555261354e-16,2.389056516926365e-15,2.644637322630467e-19,5.161068598826783e-19,5.191830565142501e-19,9.072773756673634e-16,1.301186027969664e-15,1.344926563249739e-15
-8.421496465656905e-11,-4.173947888389968e-14,2.5004908113826965e-19,9.947136409008353e-19,1.0504271943051454e-15,7.686153021972697e-19,-8.331848578026098e-11,-4.174042863536339e-14,6.929414617690094e-19,1.2415875551655107e-15,1.5782588370590784e-15,1.824368624363927e-19,9.557433003276116e-19,7.762255116524947e-19,7.747882356234263e-19,9.213018800013746e-19,7.879604303706476e-19,1.4821482335504641e-15,3.744318491198286e-19,9.583463461823212e-16,1.0279272235680043e-18,1.534029740359145e-15,9.700958613981005e-20,1.3352288491550034e-15,-8.331802771487583e-11,7.974733918196569e-19,5.985435521625976e-16,5.207135831650419e-16,6.912655213577048e-19,1.1769334910969184e-18,2.432583180992266e-19,6.939430883976307e-19,6.146021767250906e-16,6.024685735291559e-19,4.397841675579323e-19,-4.174030982017073e-14,1.2318975479814318e-15,9.608405785915689e-16,3.6970995684392563e-19,3.0309801196491606e-19,2.117214554201582e-15,-4.173996135530784e-14,-8.331870338305373e-11,1.579146781271761e-15,-8.331805433043245e-11,1.063647764854824e-15,-8.331811219156199e-11,8.363934788115066e-19,-4.1740852179149894e-14,4.978203423329348e-19,-8.3317919899086e-11,1.0083502018497414e-15,3.349010867098186e-19,1.3161477581536394e-15,7.305104456081272e-19,7.432003378848743e-19,6.05636397008651e-16,1.4309694379595753e-15,-8.331886639734579e-11,6.582153709125478e-19,7.453510584810917e-19,9.43187160670521e-16,3.7104185987493987e-19,1.0568112045053465e-18,-8.331809274455592e-11,7.145502411562067e-19,5.116671289512162e-19,8.547903944450494e-19,1.3989833824281767e-15,1.2854830905677769e-15,1.4437812628748499e-15,1.2887399189785945e-15,-4.174050050350403e-14,5.777217225352153e-19,8.468594128932578e-19,-4.174057717995019e-14,1.3309624343442067e-15,1.4039705319519358e-15,1.1153073011538417e-18,1.0765417797799908e-15,1.6456442064662773e-15,-8.331739467321216e-11,5.26008526900858e-19,7.29791557223607e-19,8.662130759192486e-19,-4.1740790257243045e-14,5.921984454958923e-19,4.2580570338133156e-19,1.0232854561270248e-15,8.824231285682847e-16,2.916481744204567e-19,6.946127458953075e-19,1.0779867590458602e-18,1.1996708213945732e-15,6.100879743830193e-16,2.8724081809290432e-19,8.692929936777207e-19,1.4767294332480765e-15,5.09290186931434e-19,1.3905348320605087e-15,5.566225990203071e-19,9.337187150527264e-16,5.711162164568948e-19,3.183598830023323e-19,1.4528382507008081e-15,-4.17400130466191e-14,4.577308031894339e-19,1.0730141739721116e-15,4.996890209748002e-19,4.505949184181542e-16,7.41933584078757e-19,-8.331807897046325e-11,8.922881099116995e-16,5.151847228792283e-19,8.484655535702113e-16,9.420442628416681e-16,5.9796267844163e-19,-4.174019818906924e-14,2.0024310102517066e-19,1.979800780954931e-15,7.757544102379232e-13,4.52066411624818e-19,8.026780762247777e-19,1.8320490871149605e-16,6.779204478135144e-19,6.9560831549003e-19,1.1035289810508209e-15,2.5895843712218194e-19,6.367248457311438e-19
1.5666432239838864e-11,8.286773942159701e-15,3.110049991107035e-19,4.93055385678441e-19,1.0976198162189227e-15,8.29326816811947e-19,8.286700395168386e-15,1.654138533336322e-11,8.107241173013129e-19,8.41348333469853e-20,1.150651813146862e-15,1.1900241071565682e-15,1.3949564727540151e-15,8.905437997164934e-16,9.594676390547794e-16,7.583421345589551e-19,9.39183093863478e-16,1.1410995552375514e-18,9.468719174497478e-16,1.0947538276730512e-15,3.6102054725199598e-19,9.436075063370066e-16,5.972808082539821e-19,4.623099230069518e-19,8.286638387808807e-15,1.0564699247599411e-15,7.792164544919005e-16,6.395683408355341e-19,1.0993565367720599e-15,5.693059193911103e-19,7.17566870024895e-16,1.101172126318255e-15,7.786041746117589e-16,1.0254934599767665e-15,8.632022215283805e-20,8.286809138772432e-15,9.358034804510702e-16,3.192327488358674e-19,1.8161998108618494e-19,4.562243321384351e-19,1.4354790428451688e-15,8.286610507816944e-15,8.286687940809618e-15,7.464107884948744e-19,1.6541418072769996e-11,8.917140340439281e-16,8.286999993672653e-15,5.14078742389863e-19,8.286402269943845e-15,7.92093324128867e-16,8.287015773941117e-15,6.321305371018423e-19,7.943817378644442e-16,7.509269966655099e-16,1.1977385632451555e-15,7.906273915706885e-16,7.822854050831174e-16,1.1589877984705144e-15,8.286420527348546e-15,7.881411916585234e-16,8.96044955710629e-16,4.700757187910025e-19,3.815121431079168e-19,6.471012667158272e-16,8.286710353823518e-15,9.63311252181049e-16,9.480717250457122e-16,8.286833082558553e-19,9.221202923019772e-19,5.30447980627068e-19,2.460487964719579e-19,3.503501732518751e-19,1.6540918390699956e-11,1.039030207316699e-15,2.0289338457564973e-19,1.654135650403446e-11,9.395454754324946e-16,3.977017194097062e-19,1.3473631422833564e-15,6.008225113824124e-19,1.0190829181021792e-15,1.6541936539509883e-11,8.53122561170357e-19,9.18311173781624e-16,1.0317636666549877e-15,8.286690554231046e-15,1.0313696800325167e-15,6.94718192339383e-16,8.870052051173152e-16,3.361646689745643e-19,3.0225621354967933e-19,1.0107858043086022e-15,5.138367463636514e-19,8.531190919355729e-16,2.1612837427833976e-19,8.142380510014238e-16,4.372103585509915e-19,7.391023397835838e-16,4.07549241985534e-19,1.0016202304757346e-15,1.1591578063436515e-15,4.538793112215198e-19,2.526967152117191e-19,8.79304816973625e-16,9.488914306771396e-19,1.6541995530994435e-11,8.999581324781618e-16,8.984274216499626e-19,6.716278720549905e-16,9.318761653266249e-19,8.417546624984117e-16,8.286637871197131e-15,3.7799601120484332e-19,1.0429747776389817e-15,4.2497937893622044e-19,6.795371981170507e-19,9.0456432096922e-16,1.6541356679894742e-11,4.1786013554252836e-19,9.85649555261354e-16,4.52066411624818e-19,7.7547898487581e-13,1.0897258553007335e-15,8.458083646695142e-16,3.2854250143741144e-19,8.36171916062921e-16,6.5210323326962e-19,4.0763566906767225e-19,9.39241639056277e-16
-2.0034004649675035e-11,-9.579235038147258e-15,6.453269349734267e-19,1.373961372945849e-18,1.29858271273036e-15,9.977780364051295e-19,-1.9121121711163134e-11,-1.9121487002240464e-11,4.971108001704569e-19,7.713040563809454e-19,1.0330008563638425e-18,5.049502919831463e-19,2.4248960928422855e-15,9.211200075829095e-16,9.244013401101624e-19,2.2172537482333216e-15,8.78342455150283e-19,8.083153761892656e-19,1.1287637909671771e-15,5.62080497745148e-19,6.396862971424559e-19,8.69219609387273e-19,5.208485810405353e-19,8.062538987423682e-19,-1.9120663947156713e-11,9.20405909876248e-19,6.181436738686582e-16,4.894980853081597e-16,1.897791461351489e-15,1.3615091570594407e-18,2.3168173265442303e-19,1.397943238468141e-15,4.321819249982732e-19,1.0189342074284137e-18,5.02139793904641e-19,-1.9120478061090208e-11,7.683187905647573e-19,7.087473737722387e-19,8.454731501061149e-16,5.697764556108193e-19,1.2715391193756903e-18,-1.9120359442221103e-11,-9.57943832767223e-15,7.64169557568709e-19,-1.9120759532734264e-11,1.1839656152100508e-15,-9.579299459358901e-15,1.944625550107449e-15,-9.57949052097296e-15,1.158665388549316e-15,-9.579271748299177e-15,3.330026731863936e-19,4.950148393409547e-19,3.964164388111107e-19,2.000307186571517e-15,8.60615199609431e-19,4.380524027399114e-19,9.679342479040127e-19,-1.912157609883754e-11,8.289329143900864e-16,8.34836234588018e-19,6.026689301379626e-19,9.002767516588886e-16,4.788662092376423e-19,-1.912073745523902e-11,9.165516199382968e-19,1.0086983752930211e-15,7.854221540517856e-19,6.488849697846653e-19,1.522834518141401e-15,1.7539040544143073e-15,1.2449492903393332e-18,-1.9121656529622453e-11,1.521246063530663e-15,4.710506470684876e-19,-9.57925662701121e-15,1.459483920631256e-15,1.6839445800899497e-15,2.2578837007292203e-15,1.1261015148124773e-15,1.0147344133704375e-18,-1.9119980606769216e-11,4.0876029027635735e-19,1.4833108346580382e-15,1.4282672178718096e-15,-9.579970689050626e-15,1.2579624456890142e-15,3.4028387186824393e-19,1.2322397184995753e-15,4.681257229777965e-19,9.365234297419964e-16,1.9699397922937853e-15,1.2607897690239948e-18,1.27279267033671e-15,7.627674897468857e-16,7.285429531267537e-16,9.335813030125884e-19,8.02288511624814e-19,6.166951517206905e-19,7.875535349830264e-19,5.440932950948377e-19,1.1818821377651174e-15,1.763451023522646e-18,4.873610568006227e-19,7.766750875024946e-19,-1.9120049021346065e-11,7.664133479165553e-19,1.245866952217277e-15,8.067395021623533e-19,2.525811034558867e-19,1.5188300845235237e-15,-9.578615824643572e-15,1.4615410407803134e-19,5.91011053539495e-19,8.951413591421772e-16,1.032738104075309e-15,1.1135619901168294e-15,-1.9120860495558176e-11,8.414563275003242e-19,2.389056516926365e-15,8.026780762247777e-19,1.0897258553007335e-15,7.760714368460322e-13,5.960054988842206e-20,4.154905231919661e-19,1.4203779533155828e-15,5.642735928397165e-19,1.05855942641863e-18,8.503190585781182e-19
3.806451817463095e-11,1.9508435057197027e-14,4.730105479766966e-19,4.669760556351313e-20,1.7338146433919015e-15,1.2036384468891493e-20,1.9508242845122908e-14,3.894100089964954e-11,2.694146322245027e-15,5.093451138195219e-16,5.394171155799103e-19,1.1807310972558953e-18,5.128177712394261e-19,1.2000967585697488e-18,2.1264356924025382e-19,2.624147086091314e-19,1.6614114424401064e-19,1.2781440440753842e-15,1.1177342477194078e-18,2.3723232412708514e-15,1.3995689343953174e-15,4.517896314822538e-20,9.380875003742654e-19,8.818845918023861e-20,1.9508167363884195e-14,4.425773414928695e-19,1.786457900926573e-15,2.6325716823215484e-15,6.344045189729902e-16,1.3155190135219248e-15,1.4170645340974338e-15,1.6587559402881712e-15,1.5813685575647792e-15,1.0379200016436786e-15,1.6958573055005068e-19,1.950801479942788e-14,-2.29529797098881e-19,1.070230933963366e-15,1.0382239347885782e-15,7.678965740868399e-19,7.15163390324438e-16,1.950733766677279e-14,1.9508284766430425e-14,3.4902246835911824e-16,1.9507953058477113e-14,6.591759650979983e-19,1.950809345679134e-14,3.1666252323404385e-19,3.894044299673196e-11,3.0812453419306587e-19,3.8940867018960227e-11,1.0647890858727164e-18,1.5642842502003043e-15,2.478166289382759e-19,8.241283682769286e-16,5.801481242212502e-16,9.552565536635422e-19,8.508447123515852e-16,3.8940596964328126e-11,1.6053799340564925e-19,1.784172071424547e-19,1.4499832187865748e-16,1.6905652434818554e-15,1.045351653047378e-15,1.950783923439393e-14,9.14577821286617e-16,1.916677555821074e-15,4.779338875437764e-16,3.00712437604027e-19,9.08449408113385e-16,-2.9163123446314586e-19,1.383879523166267e-16,1.9507522546802065e-14,1.211872268717983e-15,1.0244099148370302e-15,3.8941497999592364e-11,1.0253768921693918e-15,4.360672801810732e-19,1.0416859184236843e-15,1.228178258019865e-15,1.2926176696567716e-19,3.894077580835296e-11,1.8398216060015083e-15,2.681003443317004e-19,1.3069106261575842e-15,3.894230134277657e-11,1.0773286248258645e-18,1.0991044928674205e-15,6.029598773001203e-19,7.359777331791856e-19,7.930255848479993e-16,2.641473689202813e-19,-2.733043040224294e-16,1.0464899372313674e-15,2.1841713868386662e-15,8.003135163680323e-19,1.856845013320263e-16,-2.698906661750053e-16,1.9662627344785064e-19,1.0798234253146725e-18,1.3454030901688078e-18,7.398337166044761e-19,2.3451241542756776e-19,5.364551960842334e-19,6.341525664680654e-16,3.894111971025816e-11,1.125512000000558e-15,2.539646684802027e-19,-1.3639597269409818e-19,1.3672504765698837e-18,4.447639349282001e-16,1.950798971777768e-14,1.0622624228092883e-15,1.3924795497558826e-15,7.91229595019058e-19,8.28923177223556e-16,1.4699389328558287e-15,1.9507681682944147e-14,5.419942016972817e-16,2.644637322630467e-19,1.8320490871149605e-16,8.458083646695142e-16,5.960054988842206e-20,7.773532320485045e-13,9.970199522173481e-20,1.8860451677586925e-19,1.2516807290981146e-18,1.1934379550768695e-15,1.0212708320240794e-15
-2.4854255936451843e-12,-8.088844241928487e-16,6.136403964975629e-19,3.962378623895547e-19,4.093299662225421e-19,1.1500564617682266e-15,-8.089618401522445e-16,-8.090286530485074e-16,8.351663813855421e-19,3.6646097676211323e-19,4.729312444393117e-19,8.48274527174096e-16,7.8100447862728e-19,4.42031884870369e-19,1.0595558587673143e-15,6.896105762967704e-19,9.7328009557579e-16,1.1143641725007775e-15,4.1376465430955537e-19,3.7411914611284866e-20,9.74519798599683e-19,4.868061418708322e-19,5.0987503722471895e-19,9.61237270968276e-16,-1.614158082767017e-12,1.2210422523314718e-19,6.386762002133852e-16,2.7180378299689333e-19,5.161610191715626e-19,1.6536617877171497e-15,2.623052826867791e-19,3.2240186595683077e-19,7.870052739196332e-20,4.738388270935224e-19,6.6627112712103e-16,-8.085276594702958e-16,3.273942309454283e-19,7.54166362883669e-16,3.170910277439902e-19,6.306685505656216e-16,4.852104225077976e-19,-8.085014117421336e-16,-1.6144605627528758e-12,3.8403504671861525e-19,-8.08686602502822e-16,8.535868826643661e-16,-8.087719306927685e-16,6.835849978543861e-19,-1.6146030423108993e-12,3.705747800553312e-19,-8.087255350887834e-16,9.47582666655422e-16,6.795626773216572e-16,5.432708155315006e-19,1.1395631328155469e-15,3.936520323043577e-19,6.395761484964418e-16,5.283462253318837e-19,-1.6146183703326995e-12,4.1472784610717154e-19,3.8710969102371704e-19,4.735980453040229e-19,7.944988576382133e-16,6.96443970103629e-16,-1.6142294548827847e-12,7.978541129725383e-19,5.174051070240269e-19,1.1102850410129686e-15,8.23446410998917e-19,9.559111569439518e-16,5.119604252780391e-19,3.7381991625527154e-19,-8.091397390307164e-16,4.471483389493602e-19,7.003584815267278e-16,-8.090446882994633e-16,9.85575342223022e-16,8.948272077292303e-16,6.323282073175202e-19,8.509413211841701e-16,1.045995621110727e-15,-8.085628455746545e-16,9.320368949160386e-16,8.304185112637731e-16,9.554445259632382e-16,-8.086378194148794e-16,1.0093681817969283e-15,3.3614578856821137e-19,4.567248379751156e-19,7.649741826712833e-16,6.211338542351965e-16,1.0550752930187455e-15,1.3099119592022244e-15,2.398276965224016e-19,7.063845000153088e-16,2.4472198275715674e-20,5.862105530434399e-19,8.958903357559011e-16,8.587152051971677e-16,1.000934875549772e-15,4.899324722705644e-19,8.023487945647497e-16,7.079863012288568e-19,1.8190290524651279e-19,9.915178800805837e-16,-8.084967778748318e-16,8.032674153184492e-16,7.59949565360251e-16,1.7488420223701742e-19,3.623351083308287e-19,8.735291099582242e-16,-1.6141720112595945e-12,7.22675254490299e-16,9.5444138271702e-16,7.666782646844634e-16,1.519429995626394e-18,8.61864757538793e-16,-8.089524893490055e-16,8.637961182998738e-16,5.161068598826783e-19,6.779204478135144e-19,3.2854250143741144e-19,4.154905231919661e-19,9.970199522173481e-20,7.754616651064374e-13,9.014613369701182e-16,1.0580702690810546e-15,1.1529918887072054e-18,3.9116185100633196e-19
-9.982614466424121e-12,-4.5606512035703555e-15,4.932390270210894e-19,6.381901674703664e-19,5.826100172793913e-19,1.5496805743587449e-15,-4.560797184204741e-15,-4.560320131561665e-15,4.614524344699942e-19,5.00034650639001e-19,1.4461914246400492e-15,4.992865564486616e-19,1.6975905456306209e-15,9.199277821536425e-16,1.4333468419834479e-15,1.6962949797610744e-15,1.2975209069890947e-15,1.5187535921770128e-15,1.15439678250319e-15,7.052221470493107e-19,8.76787223486918e-19,8.323080202896879e-19,7.67175909888322e-19,1.2748127964082636e-15,-9.102767827181466e-12,1.429414583404428e-15,-2.3707182455827132e-19,9.40849165725538e-16,7.665792639221539e-19,2.235124886326192e-15,7.2242177061508005e-19,1.29763344032639e-15,2.9362808796047377e-19,6.97099773552024e-19,8.94356821858452e-16,-9.102612904768655e-12,4.917719146558328e-19,1.0011836107616107e-15,5.043969198558268e-19,4.950865913491801e-19,1.911318079275394e-15,-9.102733061576978e-12,-9.10313985189519e-12,7.8361012935110675e-19,-9.102819448826275e-12,1.1463012290209156e-15,-4.5603119098562204e-15,6.536954967550865e-19,-9.103354740672303e-12,9.683967017529692e-16,-4.560195161523636e-15,1.1942758718494636e-15,8.944370871481417e-16,1.1986799011856794e-15,1.1698677991343438e-18,4.830458676887879e-19,8.409386768581674e-16,1.3236545733579256e-15,-4.560707613188465e-15,8.035716430168334e-19,6.487209486175923e-19,2.969654766475801e-19,5.688025192340456e-19,3.775485031806349e-19,-4.560602134233012e-15,1.3128635167263384e-15,5.85543319081392e-19,1.482399459589345e-15,1.3845309861514974e-15,1.2745850881822065e-15,5.031141999878067e-19,9.221619332684482e-19,-9.103762191780406e-12,1.3211425506311733e-15,9.457522899698797e-16,-4.560754377456186e-15,1.3369446642476244e-15,8.305516642155494e-19,9.416630226750022e-19,1.1786080872254306e-15,1.3880011367147492e-15,-4.560005795647586e-15,2.53640733680465e-19,1.5451236380031772e-19,3.978042927008978e-19,-4.560667868271968e-15,1.3753859974313977e-15,7.832158817260736e-16,9.298812724921515e-19,5.037451234808299e-19,7.03483168698569e-19,8.39731818696175e-19,9.088109277513543e-19,1.2427383401809537e-15,9.004176528440224e-16,9.577578355489415e-16,1.3922073714199456e-15,6.20456596354055e-19,1.1401478930074279e-15,7.093797789087941e-19,1.3184836279359401e-15,6.714855911788739e-19,1.1390079952476334e-15,7.159339348594929e-19,7.016815871108911e-19,-9.102133590256591e-12,4.745092005250325e-19,2.542141686858323e-19,9.734568182442006e-16,8.855464010681901e-16,1.17109589500311e-15,-4.561313229849655e-15,8.821292112097022e-19,1.2551324927731246e-15,3.8284581170649233e-19,9.703544161099049e-16,1.1773795842036306e-15,-4.560491666552988e-15,5.619856141270384e-19,5.191830565142501e-19,6.9560831549003e-19,8.36171916062921e-16,1.4203779533155828e-15,1.8860451677586925e-19,9.014613369701182e-16,7.75774992210612e-13,1.3621008070853742e-15,1.293698888492985e-15,1.158749253927537e-15
1.786924847667387e-11,9.421946261304297e-15,7.034095988631377e-19,6.040313272328566e-19,1.0292230908111416e-18,1.7378435224826334e-15,1.880727571529213e-11,1.8807152105208128e-11,3.0098408473518538e-15,6.346651630453946e-19,1.0154751107910229e-18,2.5039887780136255e-15,1.2237163820520785e-18,1.4042472801696984e-18,1.347672695209031e-15,2.2132370506267143e-15,4.997115882154645e-19,7.585370619991144e-19,9.189072283373321e-19,1.137057378361019e-18,1.6490033009816057e-18,1.1870252618282667e-15,2.492122176782344e-15,1.5484241717632042e-15,9.422063741319925e-15,7.36967319766809e-19,1.1421746305120772e-18,2.3970953117713034e-15,9.54991017993995e-19,1.2016716291801269e-18,8.376696141801185e-19,2.141691758097114e-15,7.662146166837889e-19,1.7265431778155397e-15,9.246524300737042e-16,1.8807368863434375e-11,1.4052381957548116e-15,8.769618071039856e-19,6.936714997120349e-19,1.6929620963141393e-15,8.668633446405434e-19,9.422107847067987e-15,1.8807148463025776e-11,6.961202278051598e-19,9.421708704105162e-15,8.714504295821952e-19,1.8807229905913422e-11,7.154484095435076e-16,1.88066501369577e-11,1.0309927030760393e-18,1.880745523969554e-11,2.5021392038331396e-15,8.547330792149415e-19,7.127386039966389e-19,9.044984307244923e-19,4.89866223150476e-19,8.398911201901314e-19,1.2180584935680532e-18,1.88067875544032e-11,1.6702217394001705e-15,1.4797588728028694e-15,4.031639394647176e-19,9.682806374114634e-19,7.660946080741034e-19,9.421786767254072e-15,4.363904455116306e-19,1.0675177508093546e-18,7.678335435284335e-19,7.999765474792938e-19,1.6040213037878862e-15,8.812576642684323e-16,6.195607835640282e-19,9.42137714984753e-15,1.2696564261953196e-18,1.113020979654988e-18,9.421669712778455e-15,1.017696383387628e-18,5.725351361910369e-19,2.119994901861426e-15,1.6224773745235948e-15,1.2376848877260244e-15,1.8807781463882128e-11,2.137188116048443e-15,1.3921280132682653e-15,1.86550557816362e-15,1.8808113629773753e-11,2.106626647078026e-15,1.3636857973573584e-15,7.972915378056422e-19,7.949202623074778e-19,5.88972587104126e-19,1.3812397349774595e-15,2.202260834777617e-19,7.615445468092491e-19,2.211778229610179e-15,1.8635203686138115e-15,1.2445456139054284e-15,7.666057839086801e-16,1.2203978758928204e-15,7.868890371488732e-19,2.6828898133024945e-15,1.803132077135582e-15,1.4265367686280919e-15,9.762128638122864e-19,7.515993709568941e-19,1.8808024506856113e-11,1.5950817657520733e-15,7.591539612491452e-19,9.099879167831625e-16,2.3730140279551774e-15,5.80659287963765e-19,1.880698296307561e-11,1.5040142480563088e-15,1.9132926090798556e-15,1.8134023011208584e-15,1.2518584091188217e-15,1.8088606665646222e-15,1.8806495890580385e-11,1.2848703242317215e-15,9.072773756673634e-16,1.1035289810508209e-15,6.5210323326962e-19,5.642735928397165e-19,1.2516807290981146e-18,1.0580702690810546e-15,1.3621008070853742e-15,7.761744408364381e-13,1.632906172777618e-15,1.5943262627099487e-15
9.828889078560592e-13,9.304898467284452e-16,7.930605046032674e-19,7.840901457723131e-19,8.564588634044133e-19,1.5449486477426193e-15,9.304727690653215e-16,1.857777459135672e-12,1.075002548762559e-18,5.429314236298556e-19,1.3907511540371954e-15,6.325667111384566e-19,7.382840299184194e-19,1.0980758514898688e-15,1.3893079048522758e-15,1.677302840132077e-15,1.2975624952102457e-15,7.361271853241351e-19,5.408765571221021e-19,6.852454496176755e-19,7.171006198592052e-19,4.397611648504697e-19,3.9518112806425526e-19,1.2785019803136383e-15,9.306907134340987e-16,7.379176968329839e-19,1.1252629354886263e-15,7.655969397608847e-19,7.978055594688747e-19,2.27574982819776e-15,2.4062170062110986e-19,5.889292386971163e-19,1.001173736693616e-15,1.0469535053487035e-18,8.774736035455867e-16,9.30677923307921e-16,1.0609486137961319e-15,1.099094150706793e-15,4.648354970603126e-19,9.323219479165996e-16,1.8191837628052953e-15,1.8577956832467604e-12,9.306911326142621e-16,1.0810132833513546e-18,1.8578939837046382e-12,4.2859776298742366e-19,9.303911694063174e-16,6.720921546933616e-19,9.30638119353243e-16,5.34302418366838e-19,1.858381778775645e-12,1.360924870410124e-15,1.1036453306474059e-15,5.603518989949904e-19,7.906368952639343e-19,1.1080957680211639e-15,8.161204915915296e-19,1.2469945394970741e-15,9.30341010568511e-16,1.2185620433834306e-15,1.2917566250831303e-15,7.022649706113079e-16,1.356684273399109e-15,1.138952230410406e-15,9.308718423519696e-16,5.353639560503076e-19,1.5295612299182789e-15,1.0417623490987036e-18,6.28988663287352e-19,8.012342734856849e-19,1.0278203496377177e-15,1.322841749353892e-18,1.8568234251366004e-12,1.414337600342107e-15,1.0787863218742308e-15,9.303329060644965e-16,5.736851023627533e-19,1.0878620312821963e-15,8.629634298917354e-19,6.259105547798611e-19,3.561354664152084e-19,9.308752324176444e-16,1.515461529760994e-15,1.0182436161928278e-15,5.795914063648651e-19,1.8582205364647762e-12,1.6325531726659541e-15,2.705750879561592e-19,5.615006936719513e-19,1.2671088757117488e-15,8.929276186940362e-16,1.2888547859186606e-15,1.648415741529198e-15,7.391673899197159e-19,1.1708414679537254e-15,1.243389394654479e-15,7.082549084100702e-19,1.0561266506142439e-15,1.1003888458615932e-15,6.602714731664191e-19,6.414031099847502e-19,4.687962087748646e-19,3.4421415079615316e-19,7.823711068252438e-19,1.4440465146265512e-15,1.858744303976591e-12,1.1360030461075538e-15,1.0329137762545024e-15,3.997216406500999e-19,5.201569738914615e-19,1.1358745079557938e-15,1.8580819615057253e-12,5.666653117503119e-19,5.18304476583253e-19,1.2822118038253171e-15,1.0659430425847737e-15,1.38664453094513e-15,9.306835899775418e-16,1.129499704958464e-15,1.301186027969664e-15,2.5895843712218194e-19,4.0763566906767225e-19,1.05855942641863e-18,1.1934379550768695e-15,1.1529918887072054e-18,1.293698888492985e-15,1.632906172777618e-15,7.760040665971636e-13,6.102304774919312e-19
-9.773603519587056e-11,-4.851360330312814e-14,5.591556801376423e-19,3.995650626525727e-19,7.341809402354044e-19,8.853476690319682e-19,-4.851336230977779e-14,-4.851360341857538e-14,7.852901803648163e-19,2.232982023327215e-19,1.4410648800395135e-15,1.3432726980722424e-15,8.5867463641256595e-19,4.657516543258385e-19,1.3133551718649668e-15,1.724764819971793e-15,1.2501418529424077e-15,6.971818465091029e-19,8.463536735235286e-19,1.4152103796586645e-15,1.2381014672926655e-15,1.2334260941673774e-15,1.3073970658386225e-15,1.2619416877653859e-15,-4.851396669526105e-14,1.3935617980259537e-15,4.502595946810014e-19,1.1730399912165212e-15,1.369252484236459e-15,1.3545555704545588e-18,7.912699017379347e-19,1.405069109821394e-15,4.871186367376952e-19,6.144395113615441e-19,8.498982716464027e-16,-9.68385373724984e-11,5.388730098471335e-19,6.586764794982531e-19,8.835923257983195e-16,9.645388367888191e-16,1.839187812740055e-15,-9.683888489858796e-11,-4.8513958384665144e-14,1.2731618226413903e-15,-9.68388472869771e-11,1.1778026920466661e-15,-9.683869822489358e-11,8.614677468087618e-19,-9.683922149555916e-11,1.008740086238663e-15,-9.68385054338506e-11,1.4463526176938415e-15,1.0119830417624793e-15,1.0763025533036312e-15,1.5021340756740746e-15,1.0543581973697103e-15,6.566124770181398e-19,1.400368990220043e-15,-4.8513885605391796e-14,5.57834509334523e-19,1.2093972119900016e-15,7.922075534770457e-16,1.1527173169650352e-15,9.40364670111939e-16,-4.851399303044242e-14,1.2797781003909727e-15,1.2931210629296533e-15,8.389151235085367e-19,6.791104530247798e-19,5.792099760990803e-19,4.909141868439722e-19,4.1059804275005468e-19,-4.851447500032854e-14,1.794449571181854e-19,9.600568970761338e-16,-4.8514447990720674e-14,6.839030949582486e-19,4.883911837443972e-19,6.428535772171441e-19,8.540442653804265e-19,1.296065265333677e-15,-9.683813030537944e-11,1.349440098541512e-15,5.941808960121574e-19,1.3145106895660567e-15,-9.68386585517652e-11,5.979350780944249e-19,8.688995814667336e-16,1.138237316439921e-15,4.3245483271217612e-19,8.542180465003915e-16,4.0536141354002265e-19,7.795858725773808e-19,1.1961577062490093e-15,7.903759791140847e-19,8.188285253919096e-19,1.2838015283110391e-15,4.362993564359282e-19,1.0922195046022405e-15,1.3220772776097233e-15,4.019689307723338e-19,1.1589876520752788e-15,6.512110331782889e-19,7.015495216460868e-19,6.452777134183781e-19,-9.683807740448817e-11,1.1238654387816573e-15,9.872932753733796e-16,9.023694040045333e-16,5.778249511933544e-19,1.113225151345827e-15,-9.683874344642995e-11,1.031528177403465e-15,1.3271954461636028e-15,1.1175703227502678e-15,4.6200294861480425e-19,1.2114595407333782e-15,-4.851419171607335e-14,3.873393638230045e-19,1.344926563249739e-15,6.367248457311438e-19,9.39241639056277e-16,8.503190585781182e-19,1.0212708320240794e-15,3.9116185100633196e-19,1.158749253927537e-15,1.5943262627099487e-15,6.102304774919312e-19,7.713203988384939e-13
