1.0000000000000107,-7.11828344606656e-11,1.8322195685781625e-12,1.9500549932704758e-11,1.4120695341324967e-11,1.0000000000119145,4.407399316638916e-11,4.942286815621477e-12,-3.5507228378901206e-11,4.9227168600224316e-11,-8.308431091045638e-12,8.412592283009583e-11,0.999999999997226,1.0000000000342397,2.021985044591407e-11,2.6823970157854936e-11,-3.716611121681176e-11,-5.064633203598613e-13,1.0000000000120346,-5.2303859194916446e-11,1.0000000000240787,-6.553676023496866e-11,2.271550089893632e-11,1.0831425479633439e-11,-3.8714247486239716e-11,1.4064465807063834e-11,2.4777268827839865e-12,1.2910947425601674e-11,4.896786026612155e-11,2.0720121058737898e-11,-1.4037735008013141e-11,4.882797272355006e-11,2.105162214012015e-11,-5.852153629736782e-13,4.976469859269458e-11,-1.6765050921744775e-11,-6.418645118598304e-11,1.3830865020620609e-11,3.2404026408482275e-11,4.376932522662032e-11,-5.7537829668329826e-11,-1.2287024227957115e-11,1.182078632241054e-10,-4.940543263647601e-11,1.0000000000249123,1.451169250094399e-10,-2.430821960759167e-12,-1.3154318220702656e-11,4.081937941605832e-12,1.0000000000286289,-2.409227559985155e-11,-1.0453711508813588e-10,0.9999999999482615,3.403265832496248e-11,1.000000000044697,-4.18566894576983e-11,-1.9260885033156025e-13,-4.2317333827231957e-11,2.976635572483414e-11,1.0000000000000948,8.761196873192593e-12,-1.072324351728034e-10,-2.1764220098663588e-12,1.8993368253533568e-11,6.892893107804065e-11,3.647125944602398e-11,-3.007027099500051e-12,2.022535768379588e-11,4.0790925257516433e-11,-9.478533854880525e-12,1.0871179468549249e-10,0.9999999999638131,0.9999999999641941,3.7599504356576207e-11,2.138374208472497e-11,-6.957093014736598e-11,-7.251432287614034e-12,-2.3453931013541535e-13,-1.5551157367071463e-10,1.000000000049312,-9.618974212712938e-12,-4.39768089824824e-11,6.109984282658287e-11,-1.6440653436990793e-12,1.270115919090552e-11,5.3784044943591604e-11,2.7366675177066703e-11,-1.1956002337539032e-12,-2.9815382585315544e-11,1.0000000000002625,1.8709551670836415e-11,7.2433817273813984e-12,6.85242638439307e-12,-4.971839154973348e-11,-6.740846976180091e-12,-3.509530763335726e-12,-4.1739598234517604e-11,-5.259240962898496e-11,-1.0104569888404092e-11,-5.560122711241773e-13,5.7845826658003726e-12,-1.0420282301965345e-11,3.316580393944484e-11,-1.3797130572662939e-11,-1.3127117345235867e-11,0.9999999999913773,-2.594380538481321e-12,2.0096944099309508e-11,-9.916306367005249e-12,1.899164490337352e-11,1.0000000000249283,2.2300756795447505e-11,1.0000000000390656,1.4580387241619127e-11,1.0000000000124216,4.109951673754201e-11,1.546029599486077e-11,4.0588734239689384e-11,-8.075661797950222e-12,-5.785790151374989e-11,1.0000000000000875,-1.0985616830418647e-11,-1.3353146539970886e-10,0.9999999999409582,-2.607831566729812e-12,4.123465669678009e-11,5.942566026309072e-11,3.1564098009918444e-11,-1.0937930311833908e-10
-7.11828344606656e-11,2.1848030650756105e-12,7.927059268832731e-16,1.2269083581408027e-15,1.2752446016683378e-15,-7.441904569657659e-11,1.3144901838558036e-15,9.053010420609476e-16,1.6691949183429942e-15,9.869870850563882e-16,1.3506082072730528e-15,1.2908244754082978e-15,-7.441916714789884e-11,-7.441966453696217e-11,1.2278435122314013e-15,1.4127097288157499e-15,9.41873719792185e-16,1.0019349581805846e-15,-7.441942360680955e-11,1.801820616340765e-15,-7.441973573788521e-11,1.227694489600342e-15,1.1403987636156238e-15,1.6838164656678529e-15,1.049918140776878e-15,1.1416297838468037e-15,1.352721174481369e-15,1.005317943309123e-15,1.1460300248249957e-15,1.2452457390763262e-15,1.3758207066929152e-15,1.669504137384966e-15,1.1752996546153933e-15,7.192845693485684e-16,1.4786849236822224e-15,1.3616792607232586e-15,1.6211484748511644e-15,9.388997423910115e-16,1.1411381183018593e-15,1.2698929517785325e-15,1.3261293633469079e-15,9.571541905848116e-16,1.4114424621442275e-15,8.764225381291474e-16,-7.441875987781349e-11,2.400345286767415e-15,4.953327762121533e-16,9.147868442917938e-16,8.752117776916393e-16,-7.441828672440361e-11,1.2461379444670355e-15,1.041271630806459e-15,-7.44209282305739e-11,1.3337414192049962e-15,-7.441877872389878e-11,1.085472647289121e-15,6.801557794763135e-16,1.2218469205984375e-15,1.185712454005954e-15,-7.441968464751321e-11,9.307170384857902e-16,2.0331024686550503e-15,7.972050317221518e-16,1.0014683142945958e-15,1.4975395535165482e-15,1.1022130588654173e-15,7.806177277341814e-16,9.282525547000893e-16,8.7158827228676e-16,1.1033121160602097e-15,6.894633268904462e-19,-3.7283023933403414e-14,-3.7282848241168686e-14,6.8600643909736715e-19,7.948645132874812e-19,6.932604795191171e-19,9.908250073621856e-19,3.9809620045939555e-19,5.38699081051227e-19,-3.728138046087632e-14,3.983152397932679e-19,4.549542341153321e-19,8.501401264933318e-19,5.154567295178649e-19,4.1947287025434184e-19,4.852258448550124e-19,4.242539578250833e-19,1.4887796182900199e-19,5.175930617908669e-19,-3.7282634306624244e-14,4.2984218110575974e-19,4.863269128618842e-19,4.995054139097496e-19,7.615451715628941e-19,7.552056153522532e-19,5.026248446013315e-19,8.206913768299954e-19,5.804393270215508e-19,2.0805396128791638e-19,6.01863013128901e-19,8.746900676734593e-20,4.511338877661829e-19,9.92626702648202e-19,1.1155099878178087e-18,8.978584824880742e-19,-3.728281562734293e-14,6.451309345603077e-19,7.194073878628176e-19,5.2175924697463595e-19,-1.078695076534304e-19,-3.7282979979537756e-14,5.760927162613166e-19,-3.728197389626991e-14,2.2223182466063726e-19,-3.728234937990378e-14,6.755145861675026e-19,3.3737067507434965e-19,7.8645393106896e-19,5.061225766562385e-19,6.035963694438705e-19,-3.728231938794153e-14,3.8147274650307895e-19,8.240912515168158e-19,-3.7282645868903816e-14,7.10317657318064e-19,4.080244606232159e-19,5.182054266084506e-19,6.926726244551244e-19,1.1115887194365e-18
1.8322195685781625e-12,7.927059268832731e-16,2.1848402858853757e-12,-1.0277128764850926e-20,2.907617244974594e-19,-7.058899215388516e-16,4.0708771662198893e-19,6.779455485166056e-16,6.233160163372216e-19,-1.5504118143911964e-19,1.0480850462952348e-18,6.908947394506446e-19,-1.409373178477756e-12,-1.409754438083113e-12,5.252682666831625e-19,5.34529349806401e-19,3.1598795653171274e-19,1.6619624835554256e-19,-7.062023824738031e-16,1.4017464674882781e-15,-7.060618886724149e-16,4.023893656811236e-19,8.5702427634217765e-19,5.834719286937006e-19,4.1543718933681925e-19,8.554066839684928e-16,9.940885609679556e-16,1.2881743640547384e-19,8.570088489076391e-16,9.320633072949916e-16,1.038366508984e-15,8.839200066288606e-19,8.983580148601811e-16,2.73785438691068e-19,1.0698634013191616e-15,9.923256236678643e-16,1.275913269083506e-15,7.165630397328948e-16,6.646310230646234e-19,5.234201085395674e-19,9.867165492957439e-16,6.843990609994686e-16,1.0771476736902728e-15,6.528475597809057e-16,-7.06411639221428e-16,9.505001541840195e-19,1.140812240776024e-19,6.496673046372433e-16,6.239865799465741e-16,-7.056730629832328e-16,9.422142157591167e-16,6.043416021072907e-19,-1.4107571911791686e-12,5.351152496257609e-19,-1.409010788482276e-12,4.5881939320471615e-19,2.8697078190827487e-19,5.653529489192548e-19,8.736746923909523e-16,-7.062695758946599e-16,7.03133420222162e-16,1.5054729804772122e-15,5.818512278151918e-16,4.810190959458771e-19,7.269145285754051e-19,5.983131109312221e-19,1.6638160225643216e-19,4.515825579468039e-19,3.5443186301559394e-19,3.756221883583325e-19,6.704641248947078e-16,-1.4107667093016599e-12,-1.4103147005008174e-12,9.557171502801742e-16,9.24043765934593e-16,1.0281790796863604e-15,1.3307928170745777e-15,5.308620793929628e-16,1.0775981728075034e-15,-1.4083363562555032e-12,6.04436254223236e-16,6.678122056166861e-16,8.38277803756052e-16,1.0040793031673508e-15,8.159893844548103e-16,1.1809396866775234e-15,7.08170154948631e-16,6.695080490380049e-16,8.013518459492533e-16,-7.064984108136318e-16,6.816395571100931e-16,9.410397151060707e-16,9.737348744841805e-16,1.011560283585166e-15,1.1268211116977e-15,8.241910947265508e-16,1.037138032923298e-15,9.804071728181537e-16,8.700649394156312e-19,7.816998383184701e-20,4.73391817918299e-19,2.458540174841171e-19,2.1094414458326782e-19,1.6571983572295005e-19,8.044438391942666e-19,-7.067042969340306e-16,1.146941043217657e-19,3.8861880863477643e-19,8.542021346389718e-19,3.8646278944479353e-19,-7.064122628862499e-16,7.725831435824663e-19,-7.061815998623826e-16,6.432487922242541e-19,-7.062961616733564e-16,4.635672058540873e-19,2.626253052392332e-19,6.061603101856874e-19,9.705119119884319e-19,6.868686797395425e-19,-7.065760473085511e-16,5.724726040669287e-19,4.437068951795528e-19,-7.066369831964293e-16,2.88582514078079e-19,4.0792601386683434e-19,7.445875441280042e-20,8.025508489704096e-19,8.422723506836057e-19
1.9500549932704758e-11,1.2269083581408027e-15,-1.0277128764850926e-20,2.185143315236095e-12,4.0921491977456864e-19,1.6260813042428383e-11,5.6457362100770875e-19,9.55266359668509e-16,6.144637138148915e-19,5.821768165938373e-19,1.4502132815775811e-15,4.592510414318178e-19,1.6260989961644637e-11,8.146237447821683e-15,4.690304538573859e-19,3.317101888634358e-19,6.864497901497351e-19,4.664732740294354e-19,8.146115923659809e-15,1.4704499798795743e-15,8.145415924977662e-15,8.485654213476559e-19,7.723500747209656e-16,8.77096678788148e-19,1.10706103108572e-18,8.494102150706827e-19,8.235241165313995e-16,4.184921198642227e-19,6.37785089294563e-19,3.859736760275461e-19,1.327227366806988e-18,8.290162303519434e-19,1.5293138445485713e-19,9.689046610036358e-16,1.2175692387155407e-15,1.3271763362033735e-15,5.129361575528062e-19,2.835336471182123e-19,8.05057465037188e-16,1.022352503755664e-15,3.87154025931629e-19,1.2014579016280482e-15,6.671974529340276e-19,8.37026956216533e-16,8.14621946393276e-15,1.702488602661725e-15,9.950336685964885e-16,8.773014349566858e-19,1.0527490444090871e-15,1.6261644869560464e-11,9.813579516918489e-16,1.5413858098586513e-15,1.6259629094129748e-11,6.184501797356003e-19,8.14644115858431e-15,7.396943326569596e-19,2.6517423412674963e-19,7.310959545284682e-19,1.265283062403188e-15,8.145948452689064e-15,3.4072917474618564e-19,1.6742263392574445e-15,4.45873828869688e-19,4.690251595834854e-19,1.1107966123143071e-15,1.280303908066749e-15,2.33888077064364e-19,9.335133345847624e-16,7.070311879701887e-19,9.058182806231322e-16,1.2140335496443023e-15,1.6259574876259827e-11,8.145925882044007e-15,9.903448395277827e-16,1.1385242714886419e-15,6.712016589868335e-19,1.3857795204085792e-15,4.004881018674942e-19,7.738642203566978e-19,1.6262253028548445e-11,7.217062046770089e-16,6.36138776383e-19,1.399172324022116e-15,8.636260522735546e-16,1.0686720543087615e-15,6.913578229763146e-19,5.292269959457523e-19,1.0174886871558504e-18,5.496027465297121e-19,1.6260131569024247e-11,6.045797667181289e-19,1.1016461636918436e-18,4.378227344330908e-19,1.2388302976522149e-15,6.108946451607362e-19,3.406481895318377e-19,1.382332855812763e-15,6.178250194844041e-19,1.016095009672831e-15,8.032404692620902e-16,7.597389277931766e-16,1.1163655379514997e-15,1.386154365309034e-15,6.462692165645708e-16,5.495685011431997e-16,1.6259035592051453e-11,7.752501012376031e-16,8.907092728319708e-16,1.9001126294759428e-19,8.036926553950995e-19,8.146237132184772e-15,5.300881504766412e-19,8.146284956953165e-15,5.342596229221043e-19,8.145856654770723e-15,1.1280270162169222e-18,5.235571135227728e-19,1.060264009048329e-18,7.124154763551998e-19,6.638292890693399e-19,8.146202581304322e-15,4.704247180328053e-19,1.039744943260861e-18,8.1454939241269e-15,7.835171508395974e-19,6.302841605250061e-19,7.366795466179962e-19,5.822187101400951e-19,4.71916883775406e-19
1.4120695341324967e-11,1.2752446016683378e-15,2.907617244974594e-19,4.0921491977456864e-19,2.185121202796613e-12,1.0885559322215287e-11,1.1694146981371945e-15,-1.1328948394745262e-19,1.345349101543327e-15,6.332878254059006e-19,1.512494773106248e-15,5.31384627552901e-19,1.0885763687150195e-11,1.0885398120451102e-11,9.217700171810051e-16,1.1523736244490767e-15,6.373091164203192e-19,1.036556819625735e-15,5.4532571130241215e-15,1.6526812043699822e-15,5.452884380198441e-15,1.681255192102929e-15,8.574233016507242e-16,1.5951818332996063e-15,1.7212178785386342e-15,5.282992621170891e-19,1.3231356099191963e-19,7.964082591548687e-20,7.165490040044059e-19,7.555379144581696e-16,1.1841365359637837e-15,8.923243097008556e-19,1.1094805282654261e-18,4.703355419882393e-19,1.2777457801602057e-15,1.3955090778086535e-15,1.182324807272057e-15,4.429204826977788e-19,8.873969675180226e-16,5.341242362825123e-19,4.238560970514655e-19,1.2366921359341849e-15,1.3968580135866093e-15,4.648234354000538e-19,1.0885605383900292e-11,1.9538101179534452e-15,1.0379872677888476e-15,1.0201919247053726e-15,1.0990036123966725e-15,1.0886482407556745e-11,1.0643736390582343e-15,8.100155464817252e-19,1.0884208666722642e-11,1.281192218568606e-15,5.453803425953157e-15,7.58340150285803e-19,7.135740905724287e-19,6.823243021081798e-19,7.441832072242998e-19,5.4535473448480584e-15,1.1191231458293168e-15,1.8046514717208543e-15,8.332804777626954e-19,5.826530569908347e-19,6.116737250624326e-19,1.352776887791716e-15,1.4797422246138465e-19,9.986235197844313e-16,7.905630438699393e-19,4.562904579002369e-19,1.3175412186121285e-15,5.4524484321604904e-15,1.0884886951067324e-11,1.0612347857670692e-15,7.334666675803272e-19,1.5959014405393607e-15,1.5214795224575941e-15,1.0211367224615137e-15,8.452267297743059e-19,5.454422836706963e-15,7.683161637421649e-16,1.3518469352701413e-15,5.983558136234345e-19,5.0158544705632425e-19,6.2876644491662e-19,1.4215427401884576e-15,1.2696706211689608e-15,4.957800395473876e-19,9.793717490972616e-16,5.4528570768754495e-15,8.687797177009843e-19,1.4577859983885825e-15,8.453851075899079e-16,7.045139044934618e-19,1.0568260307512847e-15,8.72352621499019e-16,7.398388142796229e-19,1.3371749120652782e-15,4.55903986351588e-19,3.7143889635570466e-19,8.016881700683708e-16,1.1770963488061355e-15,5.365104168628725e-19,3.2183624490463077e-19,6.364944024664628e-16,5.452280656679039e-15,4.550732007242063e-19,9.607573034661384e-16,7.188896300166346e-16,1.0882165035677678e-15,1.0885637928289593e-11,1.1697421423077382e-15,1.0885761907264969e-11,1.6244545421718029e-15,1.0884691534746093e-11,1.8388731200510354e-15,2.979751839310502e-19,5.87509848855411e-19,8.894679045363292e-19,7.00977925685381e-19,5.453276258849305e-15,8.857382547050124e-19,7.087977655684246e-19,5.4526446384861784e-15,8.080176955018034e-19,8.734163741782013e-19,7.9413259784769185e-19,5.28179372534639e-19,2.228554424736315e-19
1.0000000000119145,-7.441904569657659e-11,-7.058899215388516e-16,1.6260813042428383e-11,1.0885559322215287e-11,1.0000000000112435,4.082839210407042e-11,1.704591876479436e-12,-1.9410110286807915e-14,2.3043055496925993e-14,-1.154316883761126e-11,8.088334103519035e-11,0.9999999999943842,1.0000000000313973,8.50860048152649e-15,1.1816775931248138e-14,-4.040340402161503e-11,-1.876234273963674e-15,1.0000000000091853,-5.553508500640861e-11,1.0000000000212292,-6.877103928791757e-11,9.760612286701968e-15,7.59234802371773e-12,-2.1013719744042173e-14,1.0822973573927574e-11,-3.813045660374708e-16,9.673111456230769e-12,4.573329743378231e-11,8.755111822046523e-15,-1.7274368704881394e-11,4.5600454230648043e-11,1.7814741204749472e-11,-1.914586159010001e-15,2.3310059218232566e-14,-1.0020526906106611e-14,-3.3774207264946714e-14,1.059178980294021e-11,1.4609207079314797e-14,4.053037997150044e-11,-6.077666283493249e-11,-7.776906116959449e-15,5.759725917398665e-14,-5.263925575373129e-11,1.0000000000220728,1.4189467763338762e-10,-5.6671930506861955e-12,-8.2126420044902e-15,8.431722449425601e-13,1.000000000025791,-2.733665350013406e-11,-1.0777706240665096e-10,0.9999999999454089,1.542716934793724e-14,1.0000000000418527,-4.5100609640585224e-11,-3.4315332415810065e-12,-2.2818426396804293e-14,2.6530462527603136e-11,0.9999999999972539,5.526550531483858e-12,-1.1047099619455848e-10,-2.7115273065568894e-15,7.893884359644574e-15,3.2908691090315446e-14,3.322932529280771e-11,-3.1273067940377176e-15,8.50848913435713e-15,1.8814799594540503e-14,-6.3726279624398e-15,5.284004169037697e-14,0.9999999999609663,0.9999999999613488,1.7217309039605913e-14,1.8147578539777963e-11,-3.647154251649539e-14,-5.2524802066103014e-15,-1.7393287437713446e-15,-1.5874462208617361e-10,1.0000000000464848,-6.441875932974427e-15,-2.36539212537783e-14,5.7864522960144326e-11,-4.883298519910711e-12,4.743006805423097e-15,5.05531679720304e-11,2.4122885148225914e-11,-2.221639055580572e-15,-1.6561352907629563e-14,0.9999999999974168,7.749988365699898e-15,2.0099378584310027e-15,3.6185471318608987e-12,-5.295784294512837e-11,-9.97497360900415e-12,-6.748459682684e-12,-4.497593461377106e-11,-2.7969937376083465e-14,-6.6839272080904575e-15,-3.796831559132205e-12,1.2741144912707337e-15,-6.843870498788396e-15,2.993231281345304e-11,-1.7030187702077238e-11,-8.201371710269508e-15,0.9999999999885216,-2.9214044236075162e-15,1.685655004848815e-11,-6.588870060405103e-15,1.5755797293742995e-11,1.000000000022084,1.9063496053926672e-11,1.000000000036227,1.1340170015903138e-11,1.0000000000095757,3.786881221003374e-11,1.2221296405626991e-11,3.7353483183357e-11,-1.1317512125910479e-11,-6.109410603709159e-11,0.9999999999972478,-7.124293238213597e-15,-6.851677087993483e-14,0.9999999999381053,-2.925935844968199e-15,1.9037467681109957e-14,2.8148316575675833e-14,1.4192342552594876e-14,-5.641983840986351e-14
4.407399316638916e-11,1.3144901838558036e-15,4.0708771662198893e-19,5.6457362100770875e-19,1.1694146981371945e-15,4.082839210407042e-11,2.185237428976768e-12,1.0282517654294444e-15,3.0161070715885776e-19,1.2813402622490785e-15,8.917254014099563e-19,1.0979867591284906e-15,2.0454028788874472e-14,2.0454284849633082e-14,9.439818775676017e-16,1.157616691357154e-15,4.517320904893769e-19,1.0815668046417324e-15,4.082809527833966e-11,8.933821408225497e-19,2.0453554535320286e-14,1.7377168079483335e-15,3.035677871205753e-19,1.593453282017305e-15,4.842590226536547e-19,1.1404861181181725e-15,5.649422930597585e-19,8.256500630148877e-16,3.132337628071263e-19,7.760582608068705e-16,6.34435152142127e-19,1.1111905877179938e-18,3.739532833475489e-19,3.4997782714855653e-19,7.58476607694573e-19,1.4371166950974935e-15,1.147504051974391e-15,8.725954339485912e-16,6.566183503229211e-19,2.335415202289992e-19,6.717254164867956e-19,1.2768939586204793e-15,1.1207645266376708e-18,4.56475503441841e-19,2.0453919685683154e-14,1.89380905367854e-15,1.0547557268559952e-15,1.0630390276123494e-15,1.13366400706157e-15,2.0453748831295798e-14,5.733346409023552e-19,4.982816224412692e-19,2.0453243989615338e-14,1.3284634669295215e-15,4.082890741361934e-11,9.200327946606663e-19,5.173491564444673e-19,1.606385885802363e-15,1.3615124539723717e-15,2.0453961656073827e-14,4.456468992231747e-19,7.26694518618547e-19,1.0054881035949602e-18,5.80034892413876e-19,4.572742673080397e-19,4.7661806035341065e-19,1.0506645174870806e-15,1.0083919733250172e-15,1.395910131836381e-15,4.952448015994519e-19,1.3096220940776118e-15,2.045340855216034e-14,4.0827752626004404e-11,1.081877182746122e-15,7.322810199214966e-19,1.5893608451015947e-15,1.5150287488294678e-15,1.047919437382878e-15,4.2220287314489175e-19,4.08299351884955e-11,7.910102953475623e-16,4.753340844356023e-19,4.2706908994833595e-19,9.566147420838774e-16,4.660449571056446e-19,1.4537755149034982e-15,1.3070649176583915e-15,5.109889589439684e-19,8.10648097996521e-19,2.04537232732067e-14,1.4441592873101343e-15,1.5159105947427644e-15,9.995009305227906e-20,1.3346792128154702e-15,1.0506375115497041e-15,3.895079336268251e-19,5.134816271752315e-19,1.3270002554195748e-15,4.337596996823031e-19,3.003224329113503e-19,4.782813338858022e-19,1.193255670331201e-15,7.803882835745093e-19,7.268939678015343e-16,5.378238225726893e-19,2.0453090935174856e-14,5.358102066530125e-19,5.174590414210544e-19,7.238438887801209e-16,3.2096628701685937e-19,2.0454202506546307e-14,7.171923275882853e-19,4.082857508444109e-11,1.6813676753079018e-15,4.082752434642109e-11,1.798836497186503e-15,5.399819125056666e-19,1.4811555011861166e-19,1.3890783006019876e-15,1.5085999581858159e-15,4.082759295927556e-11,1.1620265283220182e-15,1.418854753286865e-15,4.0826962243763865e-11,3.8870063467915405e-19,9.85709769673054e-19,5.633835007274679e-19,6.44297578698242e-19,9.138222961824464e-19
4.942286815621477e-12,9.053010420609476e-16,6.779455485166056e-16,9.55266359668509e-16,-1.1328948394745262e-19,1.704591876479436e-12,1.0282517654294444e-15,2.1846460941375967e-12,6.16913643912805e-19,8.794534412941473e-16,1.10034914771449e-15,7.806179774627685e-19,8.536644789276682e-16,1.7041716596339177e-12,9.5805900611883e-16,5.646832922005642e-19,8.129388415497781e-16,3.5385692675545623e-19,1.7043135024503245e-12,6.369037534879249e-19,8.535749890814463e-16,1.0228988569095695e-15,9.174839682019822e-16,1.393951447538811e-15,1.0134643947189477e-15,3.638206592281298e-19,1.0052527574154061e-15,1.6687386511923188e-19,4.60402670322649e-19,2.88509146102337e-19,1.1245418083959064e-15,6.649149707257486e-19,9.65618407897203e-16,6.22413081878336e-16,1.1589854142088606e-15,1.109540093991815e-15,1.31588079568946e-15,7.822434859918244e-16,9.155572328394718e-16,1.3231086632567594e-18,5.744901342212523e-19,7.937860237422754e-16,3.8250612856897697e-19,2.857513295497962e-19,8.543455401650283e-16,2.0227613020141965e-15,5.433780056607043e-19,5.415237574748521e-19,7.36891674779552e-16,8.542859336920409e-16,1.0059042150932598e-15,7.154524073913714e-19,8.531038144094261e-16,1.0452145173062994e-15,8.543215514770338e-16,3.4286631259523492e-19,2.767769105232458e-19,1.070127562011713e-15,7.246795708054037e-19,8.53422845877438e-16,8.04607981775491e-16,1.0649552678812814e-18,2.5584276317918016e-19,4.627335426418388e-19,3.718940574117881e-19,9.284498739047579e-16,6.757960566963565e-16,7.699686426315583e-16,7.520709399133448e-16,8.434785605482979e-19,4.319193711912748e-19,1.703074002768397e-12,1.703581593281756e-12,1.0148397861878632e-15,1.0879138223765356e-18,1.1740117691080912e-15,1.4255912784835004e-15,6.308380070112271e-19,6.365533982632753e-19,8.543124740258944e-16,6.649214193878418e-16,4.717718472790355e-19,9.69885929045539e-16,1.0443952884742492e-15,5.390290945195567e-19,6.728700004246887e-19,8.288470511469724e-16,5.829816361141253e-19,3.9119034019634945e-19,8.53203883828978e-16,4.671685847267549e-19,6.65589972141903e-19,1.0079709714118032e-15,4.140697109681158e-19,7.025944241578681e-19,3.949722873402349e-19,5.912717514233438e-19,1.0801882104844894e-15,5.465318358460056e-16,6.184496765533644e-16,7.57063732234005e-19,2.348414370735225e-19,4.6917316143705785e-19,5.918234163353787e-19,7.252352766535871e-19,1.70335118396302e-12,4.446325514229244e-19,5.720793929169311e-19,8.100321336740831e-16,8.598949583767136e-16,8.537166146060992e-16,9.965581504330997e-16,8.541162164307e-16,3.617767866307175e-19,1.7038505090771086e-12,1.2759389100117045e-15,4.2162636669431075e-19,1.147434848120538e-15,5.096128945696299e-19,1.3621554385644568e-15,8.535743407818578e-16,7.132138151270216e-16,7.673863057123397e-19,1.7032133464017818e-12,9.423434107499306e-16,9.531664498202041e-16,7.89016204398894e-16,7.101797947644669e-19,5.625544324741263e-19
-3.5507228378901206e-11,1.6691949183429942e-15,6.233160163372216e-19,6.144637138148915e-19,1.345349101543327e-15,-1.9410110286807915e-14,3.0161070715885776e-19,6.16913643912805e-19,2.1853275789030527e-12,4.937029399029567e-19,7.574231039356835e-19,1.2226943267617822e-15,-1.94095801391699e-14,-1.9410122243692932e-14,1.0310544082765141e-15,1.2981236582672424e-15,8.713195235077112e-19,1.3253663273213738e-15,-3.874449847234046e-11,8.076211209088311e-19,-1.9410337468085668e-14,1.1851080277824418e-18,9.432108110833455e-16,1.9053323452052755e-15,1.0546490889671523e-18,7.251125104466522e-19,4.82869053644879e-19,9.400341077947493e-16,4.785461225632805e-19,3.911694820240652e-19,1.3915612585952498e-15,7.173886524148603e-19,3.435145426930963e-19,7.228848676158849e-19,9.947885912973537e-19,1.0059282826391826e-18,1.221025965732676e-15,1.1149996227594267e-18,7.855692715568297e-19,1.288094555007599e-15,1.2672679943507252e-15,1.6578954176421632e-15,1.6951073466636322e-15,1.1192038702256864e-15,-3.874425972722014e-11,2.1876127382157836e-15,1.0847063020463623e-18,1.3310036339234233e-15,1.485501050708781e-15,-3.874301018915202e-11,6.319177139837271e-19,1.1663534515586347e-18,-1.941084715525531e-14,1.565057024281072e-15,-3.87434171345491e-11,1.7345927022108596e-15,1.607869427028454e-15,2.117374900480973e-15,1.7061499613463275e-15,-3.874476111413416e-11,1.464121765090387e-15,4.36156016197566e-19,1.4152265618853704e-15,7.292072278361332e-19,8.383791557893642e-19,1.7697348388741414e-15,1.4045734467807744e-15,6.966818992999109e-19,9.825423103183751e-19,6.289617174184971e-19,1.7987032407034715e-15,-1.941072542973801e-14,-3.874471468488744e-11,1.2344117365791723e-15,1.5123477629407208e-15,1.0553817854064313e-18,1.354849277393652e-18,1.3917290409465733e-15,9.32356974977907e-19,-1.9408759843507492e-14,5.749187972563543e-19,9.044933561540356e-19,1.0471838166766495e-18,5.647703935639222e-19,1.4611043321111285e-15,4.437803328720514e-19,1.0844428895901133e-18,1.3813619812223816e-15,1.1773274115285638e-15,-3.8744999377016616e-11,1.9189841060323964e-15,7.948655216804033e-19,8.750958118940215e-16,1.5791308913334312e-15,1.1185530130188802e-15,9.734708532372553e-16,1.893949272806405e-15,-1.8291036785313908e-19,1.509655982211558e-15,1.0919688321080364e-15,3.3701160732377335e-19,7.590768698612329e-19,9.581459912226101e-19,3.9739113690527606e-19,5.575780512275896e-16,-3.8746703187400274e-11,4.752597554974595e-19,5.191946088270322e-19,2.627339463985538e-19,7.698146703219577e-19,-3.874393907155845e-11,1.4293577214850757e-15,-3.8743968433997876e-11,9.833859542474484e-19,-1.94107171792544e-14,2.4091616141912594e-15,8.605009169686056e-16,6.637332073919713e-19,7.997719981162271e-19,1.0995408989826333e-18,-1.941006009379435e-14,1.551905902280893e-15,8.368424518259314e-19,-3.8745863426024904e-11,1.7417529306715352e-15,1.5517938172892957e-15,1.2360950050370248e-18,1.3970756159172902e-15,1.057788612663955e-18
4.9227168600224316e-11,9.869870850563882e-16,-1.5504118143911964e-19,5.821768165938373e-19,6.332878254059006e-19,2.3043055496925993e-14,1.2813402622490785e-15,8.794534412941473e-16,4.937029399029567e-19,2.184905282887623e-12,1.2225052960754662e-15,1.2564618335198825e-15,4.59962705353506e-11,4.59957136455498e-11,1.2183665705106497e-15,1.478591123729701e-15,7.706840578189959e-16,3.321866222744233e-19,2.30421647934e-14,9.446040449294287e-19,2.304189646449093e-14,-5.503695747612741e-20,6.102419901909239e-19,1.7454975987965017e-15,1.051715277835624e-15,1.0041433955917375e-19,1.3331995173617544e-15,1.0446528110181558e-15,1.1684311743380988e-19,1.276847171270613e-15,1.4099548291688955e-15,1.7867731019455415e-15,6.2046463624665735e-19,6.303489876129202e-16,5.423440377351016e-19,1.2706484801827967e-15,1.0092444237523213e-18,9.593274290326647e-16,8.818267025868814e-19,1.4749213741214444e-18,1.342535137965409e-15,8.225242453168764e-16,1.4500008237778966e-15,2.2886837642388057e-19,2.304308785157026e-14,2.6994081146551646e-15,8.756612333502605e-19,7.975804557159431e-16,2.9052564941301313e-19,2.304336761910594e-14,7.030156644068442e-19,4.491697136050538e-19,2.3042035466238112e-14,1.2213382425233168e-19,4.5996822183977955e-11,7.758255168931259e-19,5.578296666393781e-16,1.1720671296214667e-15,1.1244487459763349e-15,4.599573109761416e-11,9.094846499613382e-16,9.618120349045816e-19,4.2317998601604245e-19,6.556702525447595e-20,9.200622424764767e-19,4.659058527908479e-19,6.971641039385289e-16,6.34949301882121e-19,7.027864688631005e-16,5.025063079282495e-19,4.390223011366593e-19,4.5994260665033074e-11,4.59948884203356e-11,5.350594076350925e-19,1.2148185790061908e-15,5.531624584831401e-19,1.4610366357597762e-18,2.1791790677227357e-19,1.4012054833544038e-15,2.304361810252617e-14,7.824061872816874e-16,3.517778044975429e-19,1.0094555238949203e-15,1.3806898700183726e-15,1.0827868501923836e-15,1.564055490283562e-15,4.796424546554945e-19,2.5123037938044794e-19,1.0339696191216298e-15,4.5995326063209045e-11,4.84814323390658e-19,1.1511579718213798e-15,1.3472170851104955e-15,1.335089206302033e-15,5.987510838287969e-19,9.4948694864597e-19,7.802979030139457e-19,7.668736021594224e-19,4.783907893749435e-16,2.9970055775466563e-19,2.791902456908097e-19,5.074994812239755e-19,1.5053364144540372e-15,1.3687205312393295e-15,1.2505174454708473e-15,4.5994975136316616e-11,1.2570392767052954e-15,1.1049408436452872e-15,-5.613873632651326e-21,1.0015325597850453e-15,4.599605962939691e-11,5.727384561974676e-19,2.304275134711986e-14,1.2026524961764964e-15,2.304243980447836e-14,5.989424776022798e-19,7.985824231109772e-19,1.0811824903803069e-18,5.523371700253017e-19,1.7170820109130695e-15,4.5995499683112073e-11,2.410864397883634e-19,8.653816054848128e-19,4.5994547071098315e-11,5.866759366943009e-19,5.349519626755345e-19,7.492333127030387e-16,2.0248344134213306e-15,1.3912723607444125e-15
-8.308431091045638e-12,1.3506082072730528e-15,1.0480850462952348e-18,1.4502132815775811e-15,1.512494773106248e-15,-1.154316883761126e-11,8.917254014099563e-19,1.10034914771449e-15,7.574231039356835e-19,1.2225052960754662e-15,2.185621259317241e-12,9.53062022409345e-19,-1.1543274969217766e-11,-1.1543856214979082e-11,1.4503288062467947e-15,8.9714913728893e-19,1.1923369174634486e-15,6.884252413375546e-19,-5.7833022806707096e-15,1.1338770368321724e-18,-1.1543996920092198e-11,1.5263087496066298e-15,7.712474080940519e-19,2.016611786089361e-15,6.884781706297275e-19,7.512242841239783e-19,1.5574215267457305e-15,6.001270418245822e-19,1.3834334511393126e-15,1.4387277032953752e-15,1.6469839737932302e-15,1.987688778360597e-15,5.769552382159062e-19,9.03815676934397e-16,1.7705806097271144e-15,1.6521115437926632e-15,1.884661132833636e-15,5.540623345479003e-19,1.3400296045855968e-15,1.5041246102603015e-15,1.5723210812648963e-15,1.1799385014454496e-15,1.6896834738695365e-15,4.357439690500034e-19,-5.782377288068146e-15,1.5928576346752637e-18,4.361724971308724e-19,1.1190239513621684e-15,2.6379716964759736e-19,-5.783576819260783e-15,6.116732158475325e-19,1.3205011473678236e-15,-5.783723554589732e-15,8.97546284363798e-19,-5.782928181920158e-15,8.409531139840807e-19,8.695292172113509e-16,1.517626597202641e-15,7.248421646344018e-19,-1.154391716799171e-11,1.1450551434853908e-15,1.3362760210000275e-18,9.933352160547285e-16,1.2337158993269133e-15,1.0562953013122631e-18,7.744724562842043e-19,5.941203466164214e-19,1.1232257313101336e-15,1.1151248298145333e-15,1.306343793872143e-15,5.834883914158378e-19,-1.1545356855624836e-11,-1.1544649907175534e-11,1.5128851587341844e-15,1.500050643676752e-15,1.6829987034468942e-15,2.0449891917834393e-15,9.3708974495156e-16,1.773729453122953e-15,-1.1541713919661151e-11,5.184747754204011e-19,6.950066307230608e-19,7.43554408582154e-19,1.553192792847285e-15,1.3018716846414951e-15,9.606880209072485e-19,4.967318451629614e-19,5.598528157407189e-19,-1.1720644066543068e-19,-5.7830125742232375e-15,1.2277408967571557e-15,1.6105241434103258e-15,6.607139383996321e-19,8.364295994412904e-19,1.7342755574614396e-15,1.2584981959802233e-15,1.660422047706211e-15,7.48033207328631e-19,7.883114186898047e-16,3.4308117204084303e-19,7.915261679048882e-19,9.32724154642414e-16,4.984339377649484e-19,4.986502317084263e-19,1.2904121254312553e-15,-1.1544915548327002e-11,1.423995240788807e-15,1.2930854608684687e-15,5.076353492030156e-19,6.057632169512143e-19,-5.782703993029463e-15,1.4195990349885248e-15,-5.782698553967497e-15,1.6819125112809654e-15,-1.1544261683113319e-11,1.7297341495651424e-15,1.3317177995218585e-15,1.6790664199212304e-15,1.5080217349324855e-18,1.0763429697699463e-18,-5.783261345139055e-15,1.0260182789143272e-15,2.028748124799408e-15,-1.1545118272364167e-11,1.3745947295816504e-15,8.401007529939323e-19,4.0389313765161235e-19,2.1159609796859395e-15,1.6110659239407463e-15
8.412592283009583e-11,1.2908244754082978e-15,6.908947394506446e-19,4.592510414318178e-19,5.31384627552901e-19,8.088334103519035e-11,1.0979867591284906e-15,7.806179774627685e-19,1.2226943267617822e-15,1.2564618335198825e-15,9.53062022409345e-19,2.1851032809805287e-12,8.08835622771741e-11,4.051986046902781e-14,8.647893785907757e-16,4.023995970799289e-19,8.354233256599083e-19,1.043508524028222e-15,4.05202238631119e-14,6.565280285054987e-19,8.088255635599592e-11,1.7534779652329548e-15,5.57044913689234e-19,7.401108393402013e-19,8.70479312627243e-19,1.085234296254244e-15,7.659433950791642e-16,7.558710423846093e-16,1.1833990981805708e-15,7.811223355618911e-19,1.1091494729711483e-15,1.3063027753715979e-15,8.572014205460307e-16,1.055596202207681e-15,6.64621395787112e-19,1.2959941900377339e-18,9.616580098110829e-16,8.444520307224695e-16,7.664362484702575e-16,1.0240396982845104e-15,1.0258264498569896e-15,1.2728881043073997e-15,1.3071283535071305e-15,4.953544268673672e-19,4.052027230880073e-14,1.706855926029242e-15,4.866328348909099e-19,1.0510010485179579e-15,1.1658593096889481e-15,8.088418495392059e-11,4.4336883003502e-19,1.6619841900928774e-15,4.051999439634276e-14,1.2407606269910874e-15,4.052052005346018e-14,4.0637658012358903e-19,2.828930133322134e-19,8.730028965297068e-19,1.3189598199178534e-15,4.0520145241262026e-14,3.713679622070492e-19,9.912455948653451e-19,4.88671769244786e-19,1.052736988757814e-15,6.814107685200001e-19,9.36800965025114e-19,5.080085342214847e-19,5.299918503749482e-19,1.4286094006763337e-15,5.120023877443102e-19,1.3316092991178124e-15,4.051998907047738e-14,8.088287632215816e-11,7.501622596875121e-19,1.2067216900027485e-15,1.5623617565358279e-15,1.6577488281669223e-19,5.760919372329088e-19,9.072323667143155e-19,8.08847938106358e-11,7.656059163015373e-16,1.3756703452466715e-15,1.4990347860362202e-15,2.7986850230966404e-19,1.1181770334527252e-15,1.339620830226924e-15,1.3280217956898018e-15,1.079438582655935e-15,7.701773916605455e-19,4.052009169135047e-14,1.478179343225396e-15,1.3367999503755343e-18,7.401553534170638e-16,3.440966846975583e-19,7.789001855314258e-19,7.700544026386384e-16,1.3299185405917434e-18,5.995926364516468e-19,1.1375764312221391e-15,8.42672535175475e-16,4.2199796838828843e-19,1.252065111995189e-15,1.443132440585599e-15,5.749192458904754e-16,4.921841264350147e-16,8.088145141753278e-11,2.1039659139541198e-19,4.012587505151749e-19,6.240274396831022e-16,1.0784639573620115e-15,4.05205564079437e-14,6.304697388606693e-19,8.088348524469299e-11,1.6699345142500771e-15,4.0520077459173447e-14,1.7866334635602434e-15,6.947418556890235e-16,7.729341039686012e-19,1.2439483216435595e-15,7.180430353632639e-19,8.088257453814376e-11,5.657103641769058e-19,3.6291044903035015e-19,4.052000085031124e-14,1.3322546982892755e-15,5.603327107846199e-19,1.4260442722780258e-15,3.606323508380659e-19,1.4395688245323781e-15
0.999999999997226,-7.441916714789884e-11,-1.409373178477756e-12,1.6260989961644637e-11,1.0885763687150195e-11,0.9999999999943842,2.0454028788874472e-14,8.536644789276682e-16,-1.94095801391699e-14,4.59962705353506e-11,-1.1543274969217766e-11,8.08835622771741e-11,0.9999999999818776,1.0000000000167104,1.698389084592463e-11,1.1816977793879434e-14,-4.040378155520492e-11,-1.876332868589136e-15,0.9999999999944985,-5.553472789183785e-11,1.0000000000065439,-3.445276153515053e-14,1.948375788455936e-11,7.59259315916676e-12,-4.1944898383646726e-11,1.0823059514315136e-11,-3.8158101080306045e-16,4.846256052650517e-15,2.2911169094565195e-14,8.755277340457243e-15,-8.653962901051742e-15,4.5600823656113626e-11,1.7815017354965123e-11,-3.8218276542512054e-12,4.6530047025935364e-11,-2.00023890760469e-11,-6.741716626613084e-11,5.306375151699528e-15,1.4609494847983897e-14,2.0304763593451416e-14,-6.077640348916047e-11,-7.776809292818685e-15,5.759808928264799e-14,-5.263922018353978e-11,1.0000000000073885,7.108548701660349e-14,-2.8394385566267828e-15,-8.212746828459646e-15,8.429792254206413e-13,1.0000000000111038,-2.7336401649236068e-11,-5.399363449122886e-14,0.9999999999307225,3.0794757053365154e-11,1.000000000027167,-4.510078346504297e-11,-1.719124096758896e-15,-4.5547995073729387e-11,2.653041512819038e-11,0.999999999982568,5.526484005986859e-12,-1.1047070409478866e-10,-5.412715287688844e-12,1.5754067524625842e-11,6.568977625019823e-11,3.322918770280047e-11,-6.242565551641107e-12,8.508431721612357e-15,3.755617319834914e-11,-1.2719540775924696e-11,1.0547510464945647e-10,0.9999999999462793,0.9999999999466608,1.7217858588465243e-14,1.8147655664581313e-11,-7.280137884295627e-11,-1.0485067999817423e-11,-1.7390637030734283e-15,-7.952630901463435e-14,1.000000000031798,-6.4419091171002845e-15,-2.365429382991401e-14,2.898877977648211e-14,-4.882915556097933e-12,4.7430788129196404e-15,2.5326098038430413e-14,1.20847303075943e-14,-4.435694237145997e-12,-1.6561398989653554e-14,0.9999999999827299,7.74938604800715e-15,2.009886777902017e-15,1.812569210098738e-15,-2.6530567488349124e-14,-9.974514214272218e-12,-3.3808799980500532e-15,-2.253116893245448e-14,-5.582966327379958e-11,-1.3342069514513325e-11,-3.796867971414919e-12,1.2741960692705736e-15,-6.8438625172832596e-15,2.993241993412392e-11,-8.531478231678052e-15,-1.6370482470124076e-11,0.9999999999738345,-5.8309689685458105e-12,8.444506565114928e-15,-6.588899058368494e-15,7.893227378680161e-15,1.0000000000073976,9.550495196975978e-15,1.0000000000215399,5.6810053387938266e-15,0.9999999999948902,3.7868698887227274e-11,1.2221655400190835e-11,3.7353818100609725e-11,-1.1317249287040159e-11,-6.10938720397406e-11,0.9999999999825611,-7.124206173951962e-15,-1.3676602664216686e-10,0.9999999999234185,-5.840452917978871e-12,1.9037389487933644e-14,2.8148194544064084e-14,1.4193397779888112e-14,-1.1261972296075334e-10
