1.0000000000000044,-1.4336303290575037e-11,2.297059058330102e-11,3.8939576450428553e-11,-5.115980842622507e-11,1.0000000000060172,4.549054566313218e-12,-2.0614625050958484e-14,1.384036272964111e-12,1.0000000000526548,-1.2900632082601175e-11,2.7400048800983065e-11,1.968140307693706e-11,3.868638747607673e-12,9.916148541218548e-11,-2.38390103439061e-12,1.812599272115483e-11,1.7004746536244724e-12,-1.049363669918114e-10,-2.0162680945868363e-12,-1.7402913150233755e-11,-3.952662900474356e-12,-2.8735986280349923e-11,-2.8111760659333215e-11,-7.226591416506326e-12,1.0000000000237155,1.000000000042554,-3.5918391607171604e-11,-5.803138417394456e-11,4.9627209683286715e-11,-4.6572586997330295e-11,1.6481823672879637e-11,-8.225774596154465e-12,-3.1881520094709494e-11,-2.6173674657651322e-11,-1.1038651211343189e-11,0.9999999999519309,3.284371662933818e-11,-4.158103772984763e-11,1.7312750877558223e-11,-3.932223508287472e-11,-5.900851502953911e-12,-1.5550479334999116e-11,1.2065038633849078e-11,1.2708436170287068e-11,-3.291718671678157e-11,8.530356126544796e-11,3.388257704031893e-11,-1.2777429528405288e-11,7.595791992125317e-11,-7.1591663776288386e-12,0.9999999999982135,-1.6802749402627982e-11,3.368790036039387e-11,1.0000000000338627,1.1427421132057009e-11,-1.7486311375219274e-11,2.9987017711982324e-11,1.9816668497637335e-11,-6.60469544601226e-11,-8.617409902925296e-12,1.0000000000452245,-1.9789173136415012e-11,2.858134910800845e-11,4.57817031165946e-12,1.6383523537950485e-11,6.551727529232499e-11,-2.1823784020574708e-11,-1.5675025943150997e-11,1.0000000000573772,0.9999999999378254,2.7554361661186794e-11,-1.398483333958456e-11,-4.604290387840261e-12,-5.704021384709714e-12,2.7334349802204602e-11,-4.3507943398594286e-11,2.7633550867568068e-11,-6.187604243873901e-11,1.7922349744388086e-11,-2.241770582194335e-11,0.9999999999709972,-1.2214427521884174e-11,1.5559379073516788e-11,-1.0666438674810961e-10,-2.625557821337562e-11,1.7016905959125917e-11,5.898807587090307e-11,1.0000000000167588,-1.2074380147756817e-11,-1.2143653952742977e-11,1.8296704057630747e-11,-4.9671268415354925e-11,6.335653191165986e-12,0.9999999999835884,-1.9570118875940713e-11,-3.4266314066648817e-12,1.2517345242147133e-11,1.3163503742547887e-11,1.411179260759785e-12,-4.181108275853005e-11,-8.600641854931207e-12,0.999999999997146,-8.283523952933867e-13,-1.7508070314618935e-11,5.0663895031488177e-11,-8.526918411666748e-12,-1.974268291251191e-11,0.9999999999706068,1.0158055810125021e-10,-6.205661089542964e-11,1.9535232531569486e-11,9.275714605117856e-11,-2.562511454617896e-11,1.0000000000274074,8.941381661302297e-11,1.0000000000178584,0.9999999999713428,-1.707088580237402e-11,-6.316515409980614e-12,-4.3627550561497735e-12,-6.053279421297133e-12,0.99999999999344,-5.668893257419073e-11,-1.7493771001453707e-11,1.0000000000154834,1.6335451883263316e-11,-1.847294944761378e-11,-4.026333498909835e-11
-1.4336303290575037e-11,-6.823554805361295e-13,1.0705944468432081e-15,9.779714315933012e-16,7.424490391331008e-16,-1.1497557754313837e-11,4.0907277673916826e-16,1.4752695779155574e-15,7.388603748572822e-16,-1.1496895103512983e-11,5.784152159633061e-16,1.0739342260958326e-15,1.1684151986443426e-15,9.636403077016427e-16,1.3146844512389322e-15,9.527969249227267e-16,9.482421893805418e-16,1.1167339988412298e-15,1.1197728628558188e-15,5.064572749820869e-16,7.445207003514012e-16,9.70281092701872e-16,1.0294484013621162e-15,1.1003579793380242e-15,6.231098558961041e-16,-1.1497647976252149e-11,-1.1497956717240605e-11,1.1274384428715268e-15,1.0829514370693034e-15,1.0622400138348651e-15,6.34205355188897e-16,8.422245724496733e-16,4.794683729942545e-16,9.489911353457034e-16,9.649367006905198e-16,1.3152954760914192e-15,-1.149732282679222e-11,1.2967151570520623e-15,1.024236398029758e-15,1.1032037315159595e-15,7.015341573053116e-16,5.400841141880397e-16,1.5722411606012533e-15,8.944974216754074e-16,9.788251068629259e-16,8.051611696973457e-16,1.3400110349302951e-15,9.600633930097704e-16,1.4237055094689787e-15,2.1808078795471923e-15,7.205051171202101e-16,-1.149736843409818e-11,1.2361264901418284e-15,1.0331274316091928e-15,-1.1497848916848042e-11,1.038701415046399e-15,7.483386443812646e-16,7.761077049504772e-16,7.399698176195428e-16,4.969646766274878e-19,2.7493967086825016e-19,-5.760024789702881e-15,3.185706757125231e-19,3.2701579413027923e-19,6.16408285823521e-20,6.193949060526901e-19,8.826288571907251e-19,3.4001525999558854e-19,7.088070933309525e-19,-5.760036511718296e-15,-5.760356755341502e-15,8.263257504276652e-19,6.218215096687885e-19,3.282848556747542e-19,4.502672770924815e-19,-1.1736687646267211e-19,6.480325868703014e-19,3.1333194148301496e-19,4.908550097913479e-19,6.422514185065825e-19,2.940558712910255e-19,-5.759893142356158e-15,7.099152968513799e-19,9.238615194866345e-19,6.07663783114992e-19,4.2087897563252715e-19,4.491462802967723e-19,5.565874024938755e-19,-5.760056101327128e-15,-4.3083107752281586e-20,3.997861393029516e-19,6.008298632208553e-19,3.5000038588469095e-19,7.44329634739165e-19,-5.759636895231415e-15,1.9712736954090797e-19,7.864940296984223e-20,4.458008575589758e-19,3.148328894195216e-19,4.529237734229828e-19,5.675916876427032e-19,7.496692176315623e-19,-5.7601372213783596e-15,3.086239571989372e-19,7.653456531814635e-19,8.625058141037055e-19,5.295984887722836e-19,3.3365125663095385e-19,-5.760679319769879e-15,1.0278599013074164e-18,3.4745813736998024e-19,2.4299120313669233e-19,6.338059718461873e-19,7.17252943724138e-19,-5.7600781300584994e-15,6.730141258107671e-19,-5.759873035800656e-15,-5.760374144506125e-15,5.031000765825558e-19,6.67821477560408e-19,4.2747275167699248e-19,2.5108023298186817e-20,-5.760484601069139e-15,4.213194415329276e-19,6.8362070984448695e-19,-5.760474587693048e-15,1.5570208748138315e-19,5.069830624451416e-19,4.926871287373303e-19
2.297059058330102e-11,1.0705944468432081e-15,-6.825352054101024e-13,1.3063094764210566e-15,1.3341667509254957e-15,2.582794460367552e-11,4.668063369002348e-19,1.6199539072474836e-15,7.905569625819065e-19,1.2939380452972424e-14,1.0633528504328238e-15,3.255856219436021e-19,1.6475606859543688e-15,1.3859213511866562e-15,9.225121486838053e-19,1.2446380196007476e-15,1.3359018627786073e-15,5.348748107024643e-19,1.645524161915927e-15,7.824675616305158e-19,9.460788300930748e-19,7.557221772867839e-19,3.511821093503552e-19,4.587778378164567e-19,4.488531391043583e-19,1.293876130244628e-14,2.5828084625299124e-11,1.636356962027907e-15,7.415422467703934e-19,1.7274036617778006e-15,1.486995233280304e-15,1.1658082711538537e-15,6.920403087765216e-19,5.873439268061345e-19,1.4165679815978379e-18,1.2969791126830469e-15,1.2939956590948862e-14,1.504586311798395e-15,6.754017970516103e-19,7.802553221779361e-19,1.4091754800009521e-15,1.028721690591017e-15,1.6518699026607755e-15,4.79761793617754e-19,1.28599271388332e-15,1.3480743599457014e-15,7.968932082619435e-19,7.883684092837784e-19,7.01560933535191e-19,2.486960447348302e-15,1.0185847989119457e-15,2.5828426637286022e-11,1.6325835592485066e-15,4.79804642350745e-19,2.5827935083114067e-11,6.808581410726603e-19,1.271621137934793e-15,1.4937529878984504e-15,6.079037288111706e-19,1.3714332474750281e-15,1.0770874977511177e-15,2.58284424959984e-11,1.2493186172565648e-15,1.5661114280105122e-15,1.2475829426206378e-15,1.3275349555808517e-15,1.8170015663877667e-15,1.6252392660275573e-15,1.6373054177627311e-15,2.582783504739473e-11,2.5827526283805548e-11,1.4928900209805782e-15,1.0912087852087614e-15,1.1901051254285327e-15,1.0832262739962606e-15,1.2269003839625675e-15,1.492522520709657e-15,1.2424393716631971e-15,1.4749269128961784e-15,1.826965823600881e-15,1.0146596144017426e-15,2.582862483218995e-11,1.4025688658288016e-15,1.876938342093699e-15,1.2740603385687434e-15,1.5860432662317914e-15,1.1922571890982526e-15,1.279770932637322e-15,2.5828267528079077e-11,1.3376557742861756e-15,1.4963305859017709e-15,1.7183119697368486e-15,1.3343798655477186e-15,1.1792762169654351e-15,2.5828282094740462e-11,1.554327262075984e-15,1.2610791767474288e-15,1.2502410237308133e-15,1.213475728953964e-15,1.2235200242135031e-15,1.370597633925271e-15,1.7019954278028676e-15,1.2939374031228686e-14,4.589465762023863e-19,6.857697172339535e-19,6.982683262315987e-19,-4.317820725376524e-20,2.246499388209346e-19,1.2938502765509674e-14,9.513095612553119e-19,8.257155213221555e-19,6.849311607358215e-19,8.79098914909655e-19,3.209334985339164e-19,1.2939140727087207e-14,6.371554557778575e-19,1.2939336313372899e-14,1.2938927045763652e-14,9.246439282513205e-19,6.5004337014866405e-19,5.166662619934622e-19,4.881949259923267e-19,1.2938512092043291e-14,1.2017444085607957e-18,5.954036618052561e-19,1.293876023271781e-14,5.866342963504047e-19,8.089999121377874e-19,4.570815043517137e-19
3.8939576450428553e-11,9.779714315933012e-16,1.3063094764210566e-15,-6.823434111531788e-13,1.2952719291622861e-18,4.179402505716213e-11,7.579003329044079e-16,1.4333592582983925e-15,8.21386633741004e-20,4.179510889883122e-11,8.596154658604819e-16,1.279495899546033e-15,1.4557405017750648e-15,5.61488585122037e-19,1.7099531302035874e-15,1.0753902177278643e-15,5.857465685732631e-19,5.172271115871663e-19,1.4316646987815533e-15,8.952326871726883e-16,5.253905083012974e-19,9.880419034478712e-16,6.191839375278103e-19,6.043012792123767e-19,7.124496675207128e-16,2.093818517766374e-14,4.179405719942413e-11,1.411642107561311e-15,1.4183605308812203e-15,8.398787138142238e-19,1.2439671223829385e-15,1.0191721326030027e-15,8.80130331988218e-16,9.81913531860403e-16,5.708414434561181e-19,4.523400862977451e-19,2.0937950631817613e-14,1.4327254317155811e-15,6.343791610304106e-19,1.330115274546362e-15,7.642960903889468e-19,4.460287660892266e-19,1.5072445015853033e-15,1.0564798880062434e-15,9.88016991027183e-19,5.516805629478086e-19,1.4134419763146335e-15,1.2575055055838827e-15,1.4133813817577661e-15,6.376383672217341e-19,4.0304410373143646e-19,2.09379359903344e-14,1.4169677800554015e-15,6.018732924978006e-19,4.17939222911066e-11,1.1702867965208082e-15,1.0891821579610986e-15,7.897743643476007e-19,5.467195356816595e-19,4.669748583057823e-19,9.514110461292258e-16,2.0937933779155445e-14,1.0101757940156974e-15,1.3731902272239015e-15,1.068824637082264e-15,1.2263721879299176e-15,9.397542177270504e-19,6.735431955105132e-19,8.591576845408388e-19,4.179392624515771e-11,2.093717932383739e-14,6.452553575167469e-19,6.58679658006371e-19,1.0347084841764676e-15,8.658247105480185e-16,5.031770225343259e-19,5.92027529776401e-19,1.0673654645510942e-15,7.10212036091913e-19,6.388793655216179e-19,8.795451090670368e-16,4.1794555604564084e-11,1.287969447816306e-15,8.68466094309015e-19,1.0383194650875687e-15,1.3769119403703015e-15,1.0756586062578226e-15,6.460806526832301e-19,2.0937866074589954e-14,5.138607937612003e-19,1.000384033711208e-18,7.668488675267162e-19,9.330273273122839e-19,7.558686014935858e-19,4.179436871575807e-11,4.819536411349901e-19,7.198120630087299e-19,5.262637344730915e-19,9.637032840264623e-16,1.042642699259518e-15,4.768496557720484e-19,1.4758853715650597e-15,4.179470940720364e-11,9.626888686373292e-16,8.050946054191119e-16,1.217555838614965e-15,1.0765831933482154e-15,9.349847958266696e-16,4.179375574479868e-11,1.557068836197829e-15,1.3385779650575347e-15,8.077507646768293e-16,1.622307989011593e-15,7.134815907338787e-19,2.09377049824795e-14,7.61614889014331e-19,2.093801540377992e-14,2.0937379539141803e-14,9.274450019815885e-19,5.777792793984814e-19,5.350516672100917e-19,2.615705951322469e-19,2.0937484422742515e-14,1.0182511449782945e-18,5.39100247871481e-19,2.0937767805528885e-14,8.678131466529824e-19,7.178658140187479e-19,3.9367015872072184e-19
-5.115980842622507e-11,7.424490391331008e-16,1.3341667509254957e-15,1.2952719291622861e-18,-6.826592564011546e-13,-4.829998807281262e-11,7.188800840348683e-19,8.492678506360424e-19,1.0595658274940233e-15,-4.82984593609873e-11,1.053633495717825e-15,5.675597334389952e-19,1.5592442613356043e-15,1.2547916957463842e-15,1.80932016728475e-15,1.027265532730434e-15,1.1839028804123014e-15,5.82721190184528e-16,7.883868030319986e-19,1.1920330823216352e-15,9.05537127358141e-19,2.9166077176698923e-19,1.2062007350436974e-15,2.992991137174248e-19,6.420466976651847e-16,-4.8299646193993997e-11,-2.419696417913867e-14,1.5676770351613057e-15,1.5449907654896205e-15,8.137247148316519e-19,1.7507360548581453e-15,1.0662145171633104e-15,9.62338779727011e-19,8.10046247207462e-16,1.4126830181999397e-15,7.02356211927548e-19,-2.4196605986527558e-14,1.2483488380277354e-15,1.2897364558527762e-15,1.2584571124441527e-15,1.551133535163086e-15,1.0250611668138483e-15,5.843400569262993e-19,1.0612261889411593e-15,1.1037300327163677e-15,1.3448248256987315e-15,1.1785583654619024e-15,8.640566769597125e-19,4.448819095923653e-19,2.0496681468805477e-15,9.095792306085887e-16,-2.4196977203191036e-14,1.4512360004087347e-15,4.9828423709558775e-19,-4.829976150427213e-11,1.0607779322844736e-15,1.327422549169391e-15,7.421848545660383e-19,1.240736775118951e-15,4.824130375803009e-19,4.702097947926379e-19,-2.4196975427627483e-14,1.293325176570767e-15,1.4819679683022239e-15,9.665731123676444e-19,6.762170425484525e-19,7.728494860684579e-19,1.7671906680037012e-15,1.3054011595835237e-15,-2.4197200071767573e-14,-2.419725856981439e-14,1.254472080769239e-15,3.763553918597154e-19,6.527848597227727e-19,1.1823142803747964e-15,1.3212215769970928e-15,4.72412419607291e-19,1.2800184628222062e-15,1.3726575992120086e-15,8.679588550970644e-19,9.30123656999903e-16,-4.829920763441611e-11,4.429895459153398e-19,8.447035705516242e-19,7.245545554871079e-19,1.274511628386418e-15,2.008130060743969e-19,6.1469421501640865e-19,-4.829946860601658e-11,9.377059995019397e-19,7.78130718740522e-19,8.144343463546434e-19,8.283312812754735e-19,7.115655241266489e-19,-4.8299598098015795e-11,8.252864858900446e-19,4.771090136887462e-19,4.0263051425263166e-19,1.282727396990489e-15,5.896617771743672e-19,1.2080729827884006e-15,1.5883566554270252e-15,-2.4196963930525305e-14,9.005329155549494e-16,1.203049614964406e-15,1.2768199461682165e-15,7.47660024972003e-16,4.819839882463296e-19,-2.419750306121186e-14,1.2967348095709456e-15,1.2741960899634252e-15,1.4517210560521378e-15,8.437695465991924e-19,1.4897033672158165e-15,-4.8299400818455873e-11,1.3464034194872603e-15,-4.829914918229392e-11,-2.419717741464348e-14,1.126150072381737e-15,1.150525471538832e-15,8.455928846756999e-16,9.67679432748705e-16,-4.830020344989109e-11,1.1289969129535689e-18,6.584115719000024e-20,-2.419668189697995e-14,2.295942674406102e-19,5.975566983218202e-19,5.832189465004547e-19
1.0000000000060172,-1.1497557754313837e-11,2.582794460367552e-11,4.179402505716213e-11,-4.829998807281262e-11,1.0000000000019293,7.372855193089344e-12,2.856217113374095e-12,2.1094706979104804e-15,1.0000000000492992,-5.04472237827697e-15,1.515895608334215e-14,1.1305504046510005e-14,6.729785452699206e-12,1.0207196351422532e-10,2.2932754693026194e-16,2.0985330031153482e-11,2.2631481026299385e-15,-1.0205155688603686e-10,4.105821608075639e-16,-7.296949717731423e-15,-1.1280317654045904e-12,-2.587453245249822e-11,-2.525454903144588e-11,-2.2102180307044806e-15,1.0000000000203222,1.0000000000391591,-1.6552219815999078e-14,-5.516558245645982e-11,5.250748004776967e-11,-4.3694243848488837e-11,1.932003213484173e-11,-2.697796660463039e-15,-1.4549041765635232e-14,-1.1680241898056582e-14,-8.201060620352772e-12,0.9999999999485576,3.5699551233460454e-11,-1.9396949033591494e-14,1.0104601484814622e-14,-1.8260482585721928e-14,-1.5352995696864047e-15,-1.266364809763494e-11,7.470860998612602e-15,1.5560445785295764e-11,-3.005359117231368e-11,8.817241098850005e-11,1.840869236485023e-14,-9.892517553208162e-12,7.893413417832577e-11,-2.171021914155961e-15,0.999999999994829,-1.3928038756285656e-11,3.653593967541512e-11,1.0000000000304552,7.150994552658481e-15,-7.331312252578661e-15,1.646137377150609e-14,2.266557058197526e-11,-3.165268815676067e-14,-2.8979402104474256e-15,1.0000000000418323,-1.6940877624442846e-11,3.1454173071164575e-11,7.432054506893535e-12,9.634601439254634e-15,6.842532202055246e-11,-9.487678091736408e-15,-6.407549754286798e-15,1.0000000000539677,0.9999999999344069,1.5251197529678175e-14,-5.586692394919442e-15,-1.7620248425952883e-12,-2.8690514373036575e-12,1.5117655081790388e-14,-2.036220277459668e-14,1.526947064101799e-14,-5.901925601131401e-11,1.0431709476953354e-14,-1.9584038721210326e-11,0.9999999999676102,-4.6907750811716424e-15,9.249962384407865e-15,-5.2003424659071786e-14,-2.3386691964827563e-11,9.950465566849341e-15,3.0983573368298543e-14,1.0000000000133662,-4.618332919271003e-15,-9.279240330082468e-12,1.061645262622189e-14,-2.345139878859688e-14,9.18069054395648e-12,0.9999999999801947,-8.359252591728146e-15,-5.766564313972588e-13,7.699143143042394e-15,8.020105434834124e-15,2.12883168104326e-15,-1.9512197315791795e-14,-2.8637707355478894e-15,0.9999999999937641,1.0006593993428184e-15,-7.349529725936067e-15,5.353903080935923e-11,-2.853022092869239e-15,-8.469596129344893e-15,0.9999999999671966,5.233506272960047e-14,-2.964985611759237e-14,1.1211252037801934e-14,9.566723144858522e-11,-1.1399429675564925e-14,1.000000000024014,4.62379614307949e-14,1.000000000014482,0.9999999999679318,-7.124172128334863e-15,-3.475304161387995e-12,-7.633998869310856e-16,-1.6180141265099923e-15,0.999999999990019,-5.375698621935031e-11,-7.342213149007502e-15,1.0000000000120775,9.612124315918119e-15,-7.816177013191487e-15,-1.8737631047548586e-14
4.549054566313218e-12,4.0907277673916826e-16,4.668063369002348e-19,7.579003329044079e-16,7.188800840348683e-19,7.372855193089344e-12,-6.823450059316352e-13,7.431444686451653e-19,7.849342656706068e-16,3.694275638738584e-15,1.5590046831094665e-19,9.141718178638168e-16,5.868946142172532e-19,3.8323849082119087e-19,6.680881729507198e-19,6.763808662687161e-16,8.587418773830484e-16,1.8673882686496274e-19,1.1884686372832128e-15,5.97014069550983e-19,8.608511949460032e-16,4.612420706854928e-16,8.249478593197748e-16,7.149559647843542e-16,4.233581928822201e-16,3.6932740150475685e-15,3.693751757243302e-15,1.1395551655844763e-15,5.5888222615012825e-19,1.3035265425036086e-15,1.5445909918386612e-15,7.774857486106209e-16,1.073582657922919e-15,4.459453314727667e-16,5.155044193632915e-19,4.527794753044422e-19,3.69389803475067e-15,3.2904604038704394e-19,8.948476351024192e-16,8.955070358858312e-16,5.341724898982839e-19,2.874169376817581e-19,2.1451508493431738e-19,4.647728797414308e-19,2.0431550315478048e-19,3.7572662951519494e-19,7.102455953410456e-16,1.0419909454113801e-15,6.867429738483034e-16,1.2699589019576822e-15,6.720911905933369e-19,7.37346552723529e-12,1.005579688987406e-15,4.207537987887722e-19,3.693649369478658e-15,7.077848751101551e-16,1.0615265952512657e-15,1.2701498400457093e-15,9.90340455015449e-16,6.136734353694929e-19,6.454757896213128e-16,7.373114261840907e-12,1.034732368468021e-15,1.0794174922963488e-15,5.084455482050548e-19,2.5881101021174996e-19,-1.4649322512377378e-19,1.0026383436555777e-18,2.8290747925221892e-19,3.693541723864231e-15,3.6935785583029825e-15,8.11817310809886e-16,6.139861831339058e-16,8.477048185600854e-16,1.0101990188911863e-15,5.184156397203814e-19,2.9891613370714703e-19,7.24976103238695e-19,1.0225141135956972e-15,1.1008600778690725e-18,2.4157651845728616e-19,3.693724214807183e-15,6.207796352814296e-16,9.512806683141773e-19,7.2744962167881905e-19,3.6496731411095913e-19,7.056401207693705e-16,1.9726023350135974e-19,7.373340914453967e-12,6.3373156023376945e-19,7.538441712117046e-19,1.109527457540895e-15,1.3255192693798788e-15,4.819140107218251e-19,3.693054518627137e-15,1.4238714140549968e-15,2.453073894514244e-19,7.035898392858877e-16,6.125021522114744e-19,5.10431926024945e-19,3.235226561459999e-19,4.822485851395595e-19,3.693875915392713e-15,5.967778880149098e-16,1.0158601628450956e-15,9.075739374013718e-16,3.1350819796567176e-16,6.827568333539882e-16,3.693430382110906e-15,7.385481143921112e-16,8.156083151360727e-16,7.081991346938463e-19,1.0735251701487247e-15,1.0889270808406576e-15,7.373418422213464e-12,9.313150004468174e-16,3.693778538940139e-15,3.693541026166279e-15,7.183244502789044e-16,9.278129732726554e-16,3.795619244673886e-19,7.974068635565547e-16,3.693503105035764e-15,1.8284613419568948e-15,1.861743826602833e-19,3.693603931581263e-15,9.870728368681289e-16,9.202367551599462e-16,7.05984294030723e-21
-2.0614625050958484e-14,1.4752695779155574e-15,1.6199539072474836e-15,1.4333592582983925e-15,8.492678506360424e-19,2.856217113374095e-12,7.431444686451653e-19,-6.821847531253398e-13,1.0590310448758666e-15,2.85715132419185e-12,5.221735791103936e-19,1.5759082624242312e-15,1.736818066527971e-15,1.4142457298673673e-15,8.091358137378812e-19,1.4212656806992857e-15,8.587388085873949e-19,8.925867888824133e-19,1.6380100092393655e-15,7.104276882418292e-19,9.778825835589996e-16,9.619923186790993e-19,1.520510919161658e-15,8.963527643157154e-19,9.735982283475672e-16,1.4302952857828826e-15,1.4309383487860827e-15,5.815352313441465e-19,1.628381124596329e-15,1.65089883734115e-15,7.921451236709363e-19,1.2104848183592908e-15,3.373641447082403e-19,1.4610065417624782e-15,6.937859151789423e-19,1.7831441877318064e-15,2.8565317440064972e-12,1.4787361018330495e-18,8.580509449328774e-19,1.0006786332612553e-18,9.90737189888302e-16,8.965603903803379e-19,1.3592830357647779e-18,1.3278491733991997e-15,5.194094952261706e-19,9.688744664163245e-19,2.017902935891959e-15,1.4385926905692048e-15,2.0316840328745653e-15,3.2335641589006415e-15,5.087126270885452e-19,1.4311665842881909e-15,1.7328135212631136e-15,8.439687619117202e-19,2.8557578436755644e-12,1.5623227473876534e-15,6.422088410032819e-19,1.1866444709060092e-15,3.35902578086653e-19,7.247474329537203e-19,6.351883191591619e-19,1.4311393472279964e-15,3.309974126267117e-19,1.621842961429735e-15,5.49776299570211e-19,7.853384374068022e-19,2.5663947668603366e-15,5.829302682294451e-19,1.0894790995169068e-18,1.4303034104421496e-15,1.430509765139017e-15,8.768712565018522e-19,7.372751079082193e-19,4.396289215604833e-19,3.783461418019456e-19,4.47578501922352e-19,1.94968855725231e-15,1.1203245469442128e-15,6.308854701501132e-19,8.77889390853368e-19,1.0581869530525449e-15,2.85663729503136e-12,1.8321470960320645e-15,1.5457338392927895e-18,-2.812731896568426e-19,1.8714283908659378e-15,5.381989642408595e-19,1.177109937415805e-15,1.4307793844337078e-15,8.976340155690548e-19,1.444850600434514e-15,1.782038615007119e-15,4.3059927347139285e-19,1.015372798611028e-15,2.8565804118349914e-12,1.0891674534680124e-15,1.652215600545029e-15,1.5200073967101778e-15,7.148497386940892e-19,1.1922001507049574e-15,1.502942706248783e-15,8.53261193775685e-19,2.856778968238246e-12,1.2411669839615953e-15,6.109014147457182e-16,8.430061051319966e-19,9.769095494307895e-19,5.774706649093393e-19,2.855548690335444e-12,1.11747318747565e-18,8.950299686609602e-19,2.291670912927054e-19,1.1791553096797136e-18,1.357912633860176e-15,2.8562226644535175e-12,9.41009959640478e-19,2.8572284268592535e-12,1.4311102472916467e-15,1.7122260001925092e-15,1.177256087654648e-15,7.417602700922345e-19,3.971800729086413e-19,1.4301593613709833e-15,1.6301529463350034e-15,8.492495122361417e-19,2.855889205719494e-12,6.793353904494578e-19,1.8887850717732526e-15,1.572037334668136e-15
1.384036272964111e-12,7.388603748572822e-16,7.905569625819065e-19,8.21386633741004e-20,1.0595658274940233e-15,2.1094706979104804e-15,7.849342656706068e-16,1.0590310448758666e-15,-6.824813025099477e-13,4.212551274370904e-12,4.47474458854374e-19,3.9109177833697544e-19,7.815671091212854e-19,1.0092556354112858e-15,7.965136602380418e-19,4.759412837808133e-19,9.994300953805768e-16,1.9308202018498644e-19,7.478062160015755e-19,9.000899030735802e-16,8.447352222341325e-16,7.252932139965543e-16,1.0063597311627298e-15,-1.5428026741811185e-21,5.865019215783169e-16,2.1095200824964994e-15,2.1099231846645475e-15,1.2239816897564e-15,1.2488666263321292e-15,1.3486889743644943e-15,7.221263848354659e-19,-2.721626603032297e-19,9.144648276234772e-16,7.597041474001238e-16,1.1085502064353391e-15,8.604191997287684e-16,4.2121330237833525e-12,1.0991943232367868e-15,4.2447870993907174e-19,1.1562292784489497e-18,4.56740470522552e-19,8.433418213465824e-16,1.088407337636036e-15,3.899076033891123e-19,9.36214362997884e-16,4.86331134840556e-19,1.0862825178616013e-15,1.1076189673655683e-15,5.094241649876058e-19,8.4439149023198735e-19,7.231680282125505e-16,2.1100575789387212e-15,1.1815688503551389e-15,5.8025888726610795e-19,4.2115482378589156e-12,9.249042797428847e-16,1.0011735722890347e-15,1.1920301645333094e-15,6.533317830127095e-19,4.4525756854052e-19,-1.2795898691360893e-19,2.1100390609051067e-15,4.9297143013735e-19,4.670220081787078e-19,9.777081651004756e-16,9.233722456685358e-16,1.2143300967460905e-15,8.50636788926078e-19,1.1362817268181943e-15,2.109767472199904e-15,2.1096649226654675e-15,5.594967341859098e-19,7.944275019631592e-16,9.137102576718326e-16,4.790998542367693e-19,9.602645518692058e-16,1.0317872924557822e-15,9.707389350580496e-16,1.1137535287135445e-15,1.3809869283680844e-15,7.308883074616098e-16,2.1097959241796565e-15,9.501451577574011e-16,1.3571365310992152e-15,1.0009013263634101e-15,1.1146975879150505e-15,8.831253937478121e-16,1.0328044603734668e-15,2.1098832704544696e-15,1.0055210754481513e-15,5.555140055336157e-19,1.2727408771816785e-15,1.0808447364000013e-15,4.859042467601176e-19,4.211743540861505e-12,7.161043426404594e-19,8.902520824184592e-16,5.023537655085432e-20,4.445099423324003e-19,9.36674866671776e-16,9.853537586867746e-16,5.216357469581064e-19,4.212127312777013e-12,4.743545129236365e-19,2.9921733609523064e-19,4.001125967469881e-19,3.467913951565659e-19,3.07031841415772e-19,4.21141496544341e-12,1.1660888455164465e-15,4.414880517102879e-19,2.3594360618466768e-19,6.3742311595580645e-19,-6.7032176115588e-20,4.211839621712386e-12,6.131510037887358e-19,2.110135044085095e-15,2.1097193989002332e-15,3.990749009675322e-19,3.53169833973444e-19,2.646098366558011e-19,7.630029275847821e-16,2.1098696474553187e-15,1.6997280644162359e-15,7.530228071900325e-20,2.1098028919414182e-15,9.323713257287487e-16,1.160748695106431e-15,5.987495911560349e-19
1.0000000000526548,-1.1496895103512983e-11,1.2939380452972424e-14,4.179510889883122e-11,-4.82984593609873e-11,1.0000000000492992,3.694275638738584e-15,2.85715132419185e-12,4.212551274370904e-12,1.0000000000953104,-1.0068339936967146e-11,1.515973931423296e-14,2.2567882746488547e-11,3.3720480970299044e-15,1.02073894984151e-10,4.587759798705088e-13,1.0513734807682422e-14,2.263101627362378e-15,-1.0204978685638525e-10,8.212886611014082e-13,-1.456470214944817e-11,-5.646761220438641e-16,-1.2961925657591615e-14,-2.525349081871678e-11,-2.209754708844682e-15,1.0000000000670113,1.000000000085849,-1.6550771983557494e-14,-2.763585431593089e-14,5.2509380751452394e-11,-4.3692016805892306e-11,9.679169158632539e-15,-2.6966724745172523e-15,-2.9041537833198742e-11,-1.1679559571647985e-14,-8.200394766177218e-12,0.9999999999952466,3.570065846256422e-11,-1.9396224758077056e-14,2.017118488857081e-11,-1.8260144102992656e-14,-1.534281552293584e-15,-6.343299159196995e-15,7.471498731763945e-15,1.5561526136412014e-11,-3.005210959782405e-11,8.817348691295082e-11,1.8408660049541694e-14,-9.891497563377037e-12,7.893617453936823e-11,-4.332296063720112e-12,1.000000000041518,-1.3926620533485232e-11,1.8303997571953513e-14,1.000000000077145,1.4275333042802473e-11,-7.330476044114395e-15,1.646215724813485e-14,2.2667013252020396e-11,-6.318208744229171e-11,-5.783575387287705e-12,1.000000000088523,-8.486358251564666e-15,3.1455714730577887e-11,7.433474381918634e-12,9.635220117752595e-15,6.842636317727591e-11,-1.8936529249815997e-11,-6.407100737325017e-15,1.0000000001006553,0.9999999999810955,3.044452145464792e-11,-1.1150840404049822e-11,-8.8220906139792e-16,-2.8675869742505915e-12,3.0177914901600576e-11,-4.0644125145879807e-11,1.5270173520207797e-14,-5.901781201958249e-11,2.082473985893456e-11,-9.810816368469166e-15,1.0000000000142997,-9.36241536683382e-12,1.8465501784802227e-11,-1.0380244684240934e-10,-1.1715578895252831e-14,9.951099741956175e-15,6.184846676026119e-11,1.0000000000600557,-4.617440672582237e-15,-9.277706715263533e-12,2.1193673471026278e-11,-4.680955099936804e-11,9.182028032309727e-12,1.000000000026884,-1.6683683142709207e-11,-5.757924358318216e-13,7.699751945182296e-15,8.020845843037308e-15,2.129478381472166e-15,-1.9511652595594012e-14,-5.71435523916631e-12,1.0000000000404545,1.0013268208043384e-15,-1.4669439473033892e-11,2.6822329659251036e-14,-2.8525117107802824e-15,-1.6904980476638026e-11,1.000000000013885,1.0446719641098823e-10,-2.964931489119752e-14,2.2381024146191647e-11,9.56688565977111e-11,-2.275446093698895e-11,1.0000000000707043,9.229861226707154e-11,1.0000000000611724,1.0000000000146205,-1.4219579657703236e-11,-3.4739610246200733e-12,-7.631096216874782e-16,-1.6174485799439575e-15,1.0000000000367082,-5.3754227741412955e-11,-1.4655575748500126e-11,1.0000000000587668,1.9188476721998574e-11,-1.560095321080301e-11,-1.8736798037485875e-14
-1.2900632082601175e-11,5.784152159633061e-16,1.0633528504328238e-15,8.596154658604819e-16,1.053633495717825e-15,-5.04472237827697e-15,1.5590046831094665e-19,5.221735791103936e-19,4.47474458854374e-19,-1.0068339936967146e-11,-6.82448000079879e-13,1.036474157551451e-15,1.2423511258274726e-15,2.4057267698578597e-20,1.4673222828689632e-15,7.969439773237419e-16,4.020594883368937e-19,-2.9390569332749766e-20,1.2851433002981111e-15,1.0015398462060625e-15,4.720691216735164e-19,6.196783718834815e-16,4.585144911347316e-19,6.4630735485289e-19,5.160334255546927e-16,-5.044489453084873e-15,-5.044437350850789e-15,8.816626157682575e-19,1.2727713370183256e-15,8.378848286450372e-19,9.506062140917078e-19,8.54825312073353e-16,4.2920038063211336e-19,5.998430556869715e-16,1.1331684793173994e-15,1.1668762520596922e-19,-5.044329449185089e-15,9.00597511529202e-20,9.74136480415891e-16,1.0495003411441429e-15,1.2477936981429913e-15,2.741272362977518e-19,8.606196601461933e-16,8.389045160671566e-16,6.017656938928482e-19,4.846974895020794e-19,9.270274888417584e-16,1.1196323313002126e-15,2.9220179618189483e-19,1.6233752567192904e-15,6.870182158843593e-16,-5.043911000521829e-15,5.612798868614074e-19,2.4365460143237736e-19,-1.0069398227276806e-11,8.443302278953329e-16,1.0815075298504307e-15,1.271206171731629e-15,1.0244481908314521e-15,7.6631296121054095e-19,5.618491059634955e-19,-1.0069258546407087e-11,1.0349688143473497e-15,4.968666683859206e-19,1.0387272567791085e-15,4.743841130875377e-19,1.7988829473584615e-19,5.076853179206611e-19,5.580874734101003e-19,-5.0447703356285976e-15,-5.045094071330773e-15,9.7237389896047e-16,7.453290693952063e-16,4.45734492903665e-19,4.913793561363511e-19,8.071699054118191e-19,6.433453829014402e-19,1.0360464009738462e-15,1.0981721135924989e-15,1.306155984333071e-15,7.612827882442812e-19,-5.0445267406226335e-15,8.130660177222104e-16,1.3288584833842809e-15,6.318534247336189e-19,5.0967514263047605e-19,3.859137046826748e-19,8.565756893177402e-19,-5.044650797079877e-15,3.185838364042739e-19,1.145270230597421e-15,1.2142488646305253e-15,1.2561596376717559e-15,9.762289773702786e-16,-1.0069270345277672e-11,9.146381363622677e-19,7.888729898761302e-16,2.146063816016959e-19,1.0423708181235224e-15,9.399167685844823e-16,6.044806306930379e-19,1.2420172544781343e-15,-5.044318111223638e-15,4.429743422292909e-19,9.571396235009153e-16,3.3964524847454067e-19,5.35520304864621e-16,7.3696712814552e-16,-1.0069534803035326e-11,4.558544090536641e-19,9.79033284774008e-16,1.2176227238428422e-15,3.222891716819688e-19,1.1361999362637623e-15,-1.0069105359481972e-11,1.0985344810975638e-15,-5.0444433299484706e-15,-5.04467588193828e-15,8.743553813027875e-16,4.268171589946448e-19,6.059178219831066e-16,8.251165532743132e-16,-1.006970397345621e-11,9.445197988408968e-19,2.4960561597585625e-19,-5.0445316988608735e-15,5.143125819062293e-19,1.0912038950929518e-15,9.173522317463252e-16
2.7400048800983065e-11,1.0739342260958326e-15,3.255856219436021e-19,1.279495899546033e-15,5.675597334389952e-19,1.515895608334215e-14,9.141718178638168e-16,1.5759082624242312e-15,3.9109177833697544e-19,1.515973931423296e-14,1.036474157551451e-15,-6.822071368672224e-13,1.605205247618768e-15,6.987670101248013e-19,1.881932007448752e-15,5.849035416000286e-19,1.3115694977979266e-15,1.9987685496038858e-19,8.81051671932731e-19,4.944456587032437e-19,2.7884788189282507e-19,3.4951847512772605e-19,1.3531068118960394e-15,1.334332416088337e-15,7.96705499577216e-16,1.5158581292786654e-14,1.515883026594797e-14,1.5865446618445247e-15,7.231493329558104e-19,1.6789513185065117e-15,7.843272845364677e-19,5.815143374658746e-19,1.0600387926496806e-15,3.408191205041951e-19,6.272564620604468e-19,8.972195459670274e-19,1.5158795054942172e-14,6.641493327218198e-19,1.0360624671025358e-18,7.786421307812858e-19,1.3549383254671117e-15,2.8305432320270207e-19,9.490272056476394e-19,5.354387997592538e-19,1.265706166457229e-15,7.523745226308771e-19,1.5415549122362241e-15,1.428114135859534e-15,8.503011563337362e-19,1.3084025095392004e-18,9.869862273311348e-16,1.5159136516063183e-14,8.048345750984239e-19,1.2241890082339754e-15,3.025895071342805e-11,9.126526096841313e-19,1.2327508062317168e-15,1.2099621607286108e-18,1.215955367232654e-15,1.3265777775737202e-15,2.6083777602544297e-19,1.5159065696485956e-14,5.631871969537872e-19,1.5289948412975625e-15,1.2350586519660033e-15,1.306684794109267e-15,1.0757401683487367e-18,1.5828095070245295e-15,9.307082850764078e-19,3.0258860008631334e-11,1.515840058574004e-14,1.45557876335766e-15,5.700173247845109e-19,4.852349482397119e-19,1.0578494522843455e-15,7.1217341268406335e-19,1.4791458391395292e-15,6.089214678836733e-19,1.433825741546412e-15,1.776361073621176e-15,4.41447182302318e-19,3.025964930315906e-11,7.772645772215317e-19,9.402877786665464e-19,1.248868594064563e-15,1.542873894755371e-15,1.170271126231619e-15,1.2711652414490542e-15,3.025930206188152e-11,1.3288003662358636e-15,1.4577877721655448e-15,3.2416906027158125e-19,1.2673927160797518e-15,2.405579282549261e-19,3.025933033870849e-11,7.508652537665259e-19,1.2677167441885678e-15,1.2606970814956955e-15,5.320403311860804e-19,3.825948492387592e-19,6.556860197979866e-19,1.6643717438938081e-15,3.0259797079087514e-11,7.887238052835516e-20,6.248753891356673e-19,8.987799194471332e-19,1.1550602781379509e-15,1.0769100881122964e-15,1.5158181502366104e-14,1.642002115364963e-15,1.0401273787150188e-18,2.559700986785243e-19,1.789264060387649e-15,7.419685810220652e-19,3.0259337805736374e-11,8.159782633942223e-19,3.025987863193257e-11,1.5158772380004997e-14,6.724918650826645e-19,1.1493093389316096e-15,1.1762410819225997e-15,9.071228865462215e-16,3.0258437339017935e-11,1.0594254068890387e-18,6.337079919951718e-19,3.025913124003301e-11,1.153664952484167e-15,1.0765219719704917e-18,1.3501501952377617e-15
1.968140307693706e-11,1.1684151986443426e-15,1.6475606859543688e-15,1.4557405017750648e-15,1.5592442613356043e-15,1.1305504046510005e-14,5.868946142172532e-19,1.736818066527971e-15,7.815671091212854e-19,2.2567882746488547e-11,1.2423511258274726e-15,1.605205247618768e-15,-6.82489828941569e-13,1.5664883371234612e-15,2.2152913569133004e-15,1.368906856032396e-15,8.240040019894018e-19,9.986417292573094e-16,8.2937277364491975e-19,1.2829826895973746e-15,8.146737287600462e-19,6.063865102096771e-19,1.1296065968387309e-18,1.5146143749813377e-15,8.991038351247588e-16,2.2566512027558998e-11,1.1304830010535794e-14,1.872852212282823e-15,9.859910434356808e-19,9.90040430885455e-19,1.789384884184109e-15,4.665071374393588e-19,5.682871167135869e-19,1.4584652499812162e-18,1.6590532945997495e-15,6.913470228789129e-19,2.2567236232258764e-11,1.6391300477864264e-15,3.685513314791967e-19,8.576777636921384e-19,5.104262742159233e-19,1.2137693055410065e-15,1.7926712266157482e-15,1.0977128357711767e-18,3.782484589325607e-19,7.58429263896299e-19,1.6877822215953696e-15,1.6454185471021815e-15,1.7408850988222581e-15,2.7563231137892417e-15,1.0900382188461233e-18,1.1305222623060122e-14,1.8115986175792288e-15,7.533237131241924e-19,2.25663170640499e-11,1.3954385366821675e-15,5.481118430003529e-19,9.466900789657193e-19,1.4200815332597732e-15,9.301482744119223e-19,1.2093838374599874e-15,2.256683759565716e-11,1.458749819458714e-15,1.785129639730781e-15,1.009959305313163e-18,1.418824901637592e-15,1.9850457830571493e-15,1.9170852082408215e-15,9.631929656364591e-19,1.1305074574527918e-14,1.1304727167729197e-14,1.7005173241911897e-15,1.2040951311746806e-15,1.3527925762357228e-15,5.440615931577909e-19,1.4351099867346556e-15,1.6040297243979378e-15,1.4410065029809067e-15,6.905867003307608e-19,1.2700878368723788e-18,1.1348229338123252e-15,2.2567090713898767e-11,7.592369795116094e-19,1.0151767087820308e-18,1.494210510955773e-15,9.31605668791254e-19,2.2176107719343525e-19,6.456682864225134e-19,2.256666158941548e-11,1.4979713708056334e-15,1.705417692600546e-15,1.2082456128605055e-18,1.588906848388011e-15,4.953318076614578e-19,2.2566632559284045e-11,1.0619212943065008e-18,1.3762784403024392e-15,9.288150758038303e-19,1.4395279745145294e-15,1.3871614768068107e-15,1.0369801881312238e-18,1.2384909082033136e-18,2.25672526479718e-11,4.246272189447562e-19,1.2552757971984821e-15,1.5943863081852775e-15,1.2039134615918182e-15,6.571416114796807e-19,1.1304987635436097e-14,7.678069488091104e-19,5.400501359005173e-19,1.389367461895772e-15,2.0552582721056422e-15,8.85674277691988e-19,1.1305187519936992e-14,1.3019514272539344e-18,2.2567345478158385e-11,1.1304909574483487e-14,1.5077860215546472e-15,5.617190805910184e-19,1.2763161237274864e-15,1.0792888973444747e-15,2.256569655287787e-11,2.5417074144124924e-15,7.286511686978639e-19,2.2566468748612942e-11,1.3795673251017267e-15,8.33712561608384e-19,7.818011958716831e-19
