0.9999999999999503,0.9999999998995862,5.555993139624169e-11,2.2968266977772245e-11,1.9869150899306764e-11,-1.0567553276515896e-10,2.5892977948318735e-11,4.6448815589275765e-11,-4.594164218097101e-11,-2.119017501510737e-11,-6.206009937708277e-10,-9.470193260822824e-11,-7.152826526626228e-12,-3.8100044887099575e-11,3.699685518047461e-11,3.2532650427347193e-11,-1.4798301176623735e-11,1.2085205310830209e-12,2.9088208239591533e-11,4.4176624654472085e-11,4.3877264018389555e-11,1.7034163976242744e-11,1.4263541009614622e-11,0.9999999999238893,2.431174832674104e-11,2.5839084259434458e-11,0.9999999999349375,3.48839609434703e-11,-3.3630628224771744e-11,-3.3076091697849908e-12,-1.6676425358264036e-11,3.133443817163203e-11,0.9999999999742241,5.12419355271271e-11,0.9999999998857474,0.9999999999086977,3.190012914566812e-11,2.9271103988242355e-11,-7.563828883674634e-12,-1.8701984247790475e-11,3.721534472264335e-11,4.11890945228546e-12,-2.468060239078626e-11,1.2584194536541994e-10,2.5120789573966594e-11,1.8860395937567657e-11,2.7906401002975582e-11,4.386413063092588e-11,4.0372360284871546e-11,1.3222051053058892e-11,1.1299762494947475e-10,3.0189336191168774e-11,0.9999999999052703,1.0079947652582097e-11,-7.016921239281086e-11,7.136531985091997e-13,-3.0180347010647055e-11,4.884469795799178e-13,0.9999999999278157,-2.218435152270959e-11,-7.550328039385668e-11,9.379917067568169e-12,0.9999999999304264,5.795423522483068e-12,-1.7979109777859935e-11,4.5280190675846166e-11,-6.0370045319105266e-12,0.9999999999115625,1.795478473529039e-11,3.377141510889748e-11,3.58051429548459e-12,2.7663097725691544e-11,-8.390428542328899e-13,4.168133416204503e-11,-3.736391223024624e-11,1.0000000000554259,3.039230617452009e-11,0.9999999999104173,7.862516822108888e-12,-5.7861211911729395e-11,4.2811731322104385e-11,2.1959019553649862e-11,1.0000000000353502,0.9999999998922497,1.6072861050761366e-11,-2.494835960029257e-11,0.999999999903941,-1.0915432037067347e-11,-5.533053336847622e-11,2.971275814848377e-11,1.782554417044022e-10,5.894440298270183e-13,2.642918200597203e-11,1.0684878180155833e-13,-3.859793783253613e-11,-1.981580499946949e-11,5.171338358776697e-11,2.986712370413147e-12,1.3773724890105978e-10,-7.841097798715704e-13,-3.620754920199824e-11,-9.515750305700716e-12,2.9037403041395524e-11,-2.5905686086935107e-11,-1.4284077142650328e-11,2.055655884551778e-11,-5.495049039364469e-12,1.8853748441785708e-11,4.661261405891193e-12,2.7791600176178848e-11,0.9999999999419703,3.694980873268946e-11,5.209965574133775e-12,1.5694824112171458e-11,0.9999999999298306,5.921174033055186e-11,1.7117856273276607e-11,1.82381310572035e-11,3.1074209254963227e-11,0.9999999999224091,1.9187236832307456e-11,1.4501348909194883e-11,1.000000000060345,-3.378979700944257e-11,3.1813172020246215e-12,4.940285966625991e-11,-1.7904237036694075e-11,1.0866277141653636e-11,0.9999999999131075
0.9999999998995862,0.9999999998758241,2.453803313933391e-14,1.6400530947065138e-11,6.6557816745395545e-15,-1.122705315729775e-10,1.9318459627461017e-11,3.9870223018331725e-11,-5.252444471682922e-11,-2.7765879893248424e-11,-6.272281591125334e-10,-5.0744475906978534e-14,-1.3728373166063533e-11,-4.4674638804712954e-11,3.042236374969719e-11,2.5952387896611552e-11,-2.1371483156405442e-11,-5.3769051013746526e-12,2.2512559543987212e-11,1.884006149554656e-14,1.868224949096936e-14,5.241802432182259e-15,7.69029060705873e-12,0.9999999998976037,8.887550602217912e-15,1.927148188364832e-11,0.9999999999086554,1.4180233663634203e-14,-4.020937591666994e-11,-4.949634728554808e-15,-2.325012250322901e-11,2.4756198518627387e-11,0.9999999999479382,2.2371677761272184e-14,0.9999999998594721,0.9999999998824085,2.5331066236477314e-11,2.2698636092115936e-11,-1.4142876562894405e-11,-2.527890110983685e-11,3.064444316372518e-11,-2.453736145764937e-12,-3.126383140114296e-11,5.97446705015441e-14,1.854689223262319e-11,6.1579434307401355e-15,2.1331930924645684e-11,3.7284415955777454e-11,3.379719355239605e-11,6.646326215069177e-12,1.064101218574731e-10,2.3617006424016073e-11,0.9999999998789942,3.5033115366670917e-12,-7.675678324420764e-11,-5.8536819811517815e-12,-3.675488647102891e-11,-6.084281219852297e-12,0.999999999901532,-2.8763807577834468e-11,-8.209131312235679e-11,1.4055752731086757e-15,0.9999999999041426,-3.8675802063437316e-16,-1.2302552525510622e-14,1.9388765271119315e-14,-6.31386693541421e-15,0.9999999998852719,5.703480707806928e-15,1.3624691081123061e-14,-1.495450526918654e-15,1.0564870810432305e-14,-3.712539105645502e-15,1.758585792343307e-14,-2.2008320282580726e-14,1.0000000000291516,1.193272952851486e-14,0.9999999998841396,6.429596205513776e-16,-3.228018756495111e-14,1.8154496672598984e-14,7.706851572603348e-15,1.0000000000090845,0.9999999998659594,4.7579955613782114e-15,-1.579576116234998e-14,0.9999999998776398,-8.765418332721534e-15,-3.101838907073141e-14,1.1589955426307118e-14,8.600237970232322e-14,-2.998789687141438e-15,9.946833352858657e-15,-3.2390606969579193e-15,-2.2630768263003542e-14,-1.3220259604596339e-14,2.260860088016738e-14,-1.7991678534311438e-15,6.56980313603253e-14,-3.686264816972051e-15,-2.1430809178701396e-14,-8.063014508966699e-15,1.1248421529643062e-14,-1.6272519853789504e-14,-1.0449614782691687e-14,7.00850956612242e-15,-6.047195712979152e-15,6.148762774467306e-15,-9.572248279840604e-16,1.0628979454425743e-14,0.9999999999156819,1.5214553627791036e-14,-6.822685553150656e-16,4.569040662472116e-15,0.9999999999035445,2.637019229389479e-14,5.288597726211827e-15,5.842363747705647e-15,1.2274955280361155e-14,0.9999999998961238,6.318643155846815e-15,3.973265550253333e-15,1.000000000034064,-2.022497852341296e-14,-1.6989273182353947e-15,2.1455607626904192e-14,-1.2263162808768459e-14,2.150147312506575e-15,0.9999999998868196
5.555993139624169e-11,2.453803313933391e-14,2.515477137478056e-12,2.8038385843901755e-17,-2.5503511576521906e-19,-1.813261784630281e-19,9.283640462893063e-18,4.8857693914981714e-20,3.788096140890288e-17,2.921545803058967e-17,1.4947523882482677e-16,1.1638245714220804e-17,2.0869962223121105e-17,6.566144102320143e-18,-1.127618557022123e-20,9.207191858664972e-18,8.044849778481684e-20,1.052956741477612e-20,-8.542350448441054e-22,-5.582603784223955e-20,-1.6281450507074187e-19,1.0467385791375433e-17,2.0742988669609797e-23,2.453787964655544e-14,1.1724724367125425e-17,-8.409699527796566e-20,4.8980363033793034e-11,1.2013133930485152e-17,-7.837528264461638e-20,2.2193928647753863e-17,8.692917820190261e-20,1.5899044750713474e-19,4.898045554059056e-11,-7.444743359679299e-20,2.4538597945220112e-14,4.89802279119228e-11,-1.6596395297741423e-19,-1.0233959970835968e-19,1.1266858904467526e-20,1.8259662375944172e-19,3.051784166118188e-17,1.557946660645651e-17,4.034776048826888e-17,-1.714309311140078e-19,2.300584412578347e-17,-1.3999546439364274e-19,1.5616485645848515e-17,3.8615627399382096e-17,4.439299308003292e-17,1.4651078949836646e-17,5.020181098081911e-19,5.678447786399932e-20,2.4537888544155388e-14,3.3498181134222826e-17,4.5228512695407146e-20,1.6041073035433365e-20,2.6123918948030024e-17,2.1912914697249372e-17,4.898034154634789e-11,-2.6063488006720086e-20,2.7016301549518243e-17,2.3826442026553165e-17,4.898031905824581e-11,1.1664806117957804e-17,2.0660057690641114e-17,3.391049628725827e-17,1.4222439502023004e-17,4.898037434137076e-11,2.425906108588292e-17,2.2847946488032675e-17,3.295184546565586e-18,1.929810968434646e-17,3.59981302964214e-18,1.0274835155669739e-18,2.0637411033670962e-17,4.8980622306455417e-11,2.0197401684132053e-17,4.8980539635442127e-11,2.298970841167266e-17,1.3366022969826432e-17,2.1362264392149786e-17,1.891371121722986e-17,4.898075933041725e-11,4.898027930249195e-11,1.8758872845421885e-17,3.6710560468524386e-17,4.897987146552838e-11,2.8017679499869183e-17,3.651874185640208e-17,1.5198096460537793e-17,6.221657593121268e-17,3.1182626559144356e-17,1.7658919964965908e-17,9.342789422300848e-18,9.786392100029692e-18,1.7468956093875703e-17,5.666836568350379e-17,2.7577573576853628e-17,6.706319542445249e-17,2.9857627871538783e-17,1.240650473128031e-17,2.1535434054826434e-19,1.340643973276296e-19,-8.168603742400737e-20,4.568370948880931e-19,6.193958224599085e-20,-4.237818973847376e-20,4.648571297308364e-20,1.7339394280218733e-19,-6.996694464555951e-20,2.4537572028235667e-14,2.3314985614633073e-19,-8.912884597103297e-20,-2.706347554830651e-19,2.4537704911072024e-14,-3.042265049357086e-21,1.6837447095112015e-19,8.45072856735224e-20,2.208280034881001e-19,2.4537459834974377e-14,-1.3741972357058784e-19,-8.586344086530579e-20,2.453789637800256e-14,-2.8019828995151556e-19,-1.25842357637692e-19,-8.781102238139312e-20,9.442040201747422e-20,-2.015702109970811e-19,2.453766818117852e-14
2.2968266977772245e-11,1.6400530947065138e-11,2.8038385843901755e-17,2.5157791144755827e-12,1.4808847655041885e-20,5.709492182988005e-17,2.994391070509994e-20,2.658780782388831e-19,3.8210351218775284e-17,1.0008076739689504e-19,1.3924591730696565e-16,1.660461275564935e-17,2.8151592611458104e-17,1.627482902252432e-17,1.8138030857586912e-17,-5.250380499016167e-20,-1.2408143082852163e-19,-1.0266768785850063e-19,3.697359716273972e-17,-1.1777138687232764e-19,-4.373611121945964e-20,8.444655210921641e-18,4.113260004395759e-21,8.216358027949013e-15,1.8907585160640377e-17,1.3897836617638067e-17,8.216508795440724e-15,2.5355508532924108e-17,-1.4860215372781893e-20,-1.6321703821398886e-19,3.14696399388401e-17,-3.8817941576753815e-21,1.6400509398729712e-11,9.446090308365032e-22,8.216427159640587e-15,1.640037359151426e-11,2.859083616156422e-17,-1.4136115455044036e-19,3.6613842746811296e-19,2.4821901868820284e-17,-1.9131872283981311e-19,1.4886622990555216e-19,2.669391267012789e-17,-2.6242630810204513e-20,-2.535809275462879e-20,2.0992938160847582e-17,3.8549144824558863e-20,2.8980711745517535e-17,8.47034191751386e-21,6.99389455160053e-18,4.23140557912122e-17,1.5237401363306427e-19,8.216628283002228e-15,3.146380478784349e-17,2.993166097384461e-20,2.905317145006577e-20,3.938950706107852e-19,2.889311017352983e-17,1.640044150254454e-11,5.165831104860642e-20,2.632947026527816e-17,1.464010838615317e-17,8.216454655808887e-15,1.47239418425584e-20,2.5800627047249e-17,-2.904282218728928e-19,1.31176523596085e-17,8.216233586841114e-15,-2.959750533714671e-19,9.199959343308824e-20,1.2934363629397724e-17,2.6408799111983295e-17,3.6951740156580756e-20,6.776242016251324e-18,-2.9672783512426406e-20,8.216596124852444e-15,3.8645252781715794e-19,8.216305515916575e-15,1.2092080542426277e-19,2.2413005701135402e-17,1.996347929603189e-17,3.58431060404522e-17,8.216346077646741e-15,1.6400405684279605e-11,2.7723855485061646e-17,-1.7375485271405833e-19,8.2159912787798e-15,2.3841123215214024e-19,-4.885823769898183e-20,1.6479597758357133e-17,4.811446510351654e-17,2.447565619858214e-17,1.2156697302808835e-17,1.2609950383932874e-17,1.0166217361133015e-19,1.3786650239069331e-17,5.25788458089281e-20,-1.4079794629714428e-19,7.267009298795125e-17,4.695816725040353e-19,1.9129405519082683e-17,8.545251599782509e-18,3.989560002866551e-17,1.7140524547104946e-17,9.872273610806713e-18,9.246168995961395e-18,1.991564093822352e-17,1.9287638399664377e-17,1.0288264666437147e-17,6.8719234116472925e-18,1.640029847641232e-11,1.8970652389090326e-17,1.6424987420568565e-17,1.9093924817011006e-17,1.6400347553534502e-11,2.2193121388225852e-17,3.3761236443207405e-17,4.049067803466944e-17,-1.0874336172884136e-19,8.216101762509313e-15,-2.860348701438588e-20,2.8077390531212047e-19,8.216487535519096e-15,1.3269230224929541e-20,2.3453029938018645e-19,4.6192186277663834e-20,3.26082122910309e-19,2.716992125762662e-20,8.216133199427065e-15
1.9869150899306764e-11,6.6557816745395545e-15,-2.5503511576521906e-19,1.4808847655041885e-20,2.5154253631260805e-12,2.3019753953152665e-17,-1.5982001603236746e-17,9.997555950573915e-18,-3.0071446130930405e-18,2.0535778360784283e-19,-1.3873869604060636e-20,-3.591744052358395e-17,2.981115315397872e-18,-2.0272111649631024e-17,-3.40426044518803e-19,-2.318135786778733e-17,-9.212627644703578e-20,3.52647660935268e-17,2.626203515758092e-17,-5.070312458819845e-20,-6.661637243975497e-17,-1.6289463157780905e-17,-1.5852530192322007e-17,1.3286878107993472e-11,5.3623564181779206e-20,-3.93670951306598e-18,6.656443193791028e-15,2.617341569393253e-18,2.9941901468204783e-17,1.5828024728844944e-17,3.204121077146838e-20,1.242000817565569e-17,1.3287054528438737e-11,-3.513941371686745e-17,6.65627247334806e-15,6.656285523857205e-15,-6.474046055079478e-20,1.2678169397553196e-17,8.781192099632225e-18,-1.5209637933813862e-19,-6.096053121787227e-19,-1.6944571689541584e-17,-7.660791560192736e-20,-1.6910220107772521e-19,1.835087549050688e-17,9.007680384979645e-18,-1.2459893341495455e-20,1.1261852430176347e-20,-4.804301389912578e-20,-2.1900019361045105e-17,1.7496994427134547e-17,-1.2416200590163158e-17,1.3287127829896517e-11,2.5968951238856234e-17,-6.878546166743503e-20,1.2664170781159668e-17,1.2096273879000402e-17,1.330552924524874e-17,1.3286921431662718e-11,9.197939927359944e-18,3.517583089578379e-20,3.734920267238034e-18,1.3286916369156206e-11,-6.975614913178695e-18,1.6845598562548224e-20,-1.7801167611808954e-19,8.610426105165414e-21,1.3286973028857909e-11,-3.765643267441006e-20,-3.3206200052859464e-18,-7.376220077924679e-18,2.0003097844117242e-18,-5.290868137038403e-20,-5.1679463886661653e-20,4.366314489307816e-19,1.3287273316430783e-11,1.380124153664907e-19,6.656547064788087e-15,6.152193995451279e-18,-4.631039793856102e-18,1.2721767181781401e-19,2.0725218756914995e-17,1.3287434447121698e-11,6.6557288362415124e-15,7.10281924680877e-18,1.3147867353603547e-19,1.3286360818279935e-11,-6.759107743196829e-18,5.662237823608236e-19,-1.2225366756162668e-19,4.246427834861e-20,-2.4035678032240073e-19,-1.8540216878767966e-17,-1.2487770402841283e-17,-2.216350960027678e-17,-1.5339824744569943e-17,4.4670667545600355e-17,1.7614059781472606e-17,6.09685622543388e-17,1.3031297285314316e-19,-4.760373385680789e-18,-2.917879547292822e-17,4.2871511560286746e-17,-3.3421890722370317e-18,2.476666018389483e-20,-1.1847513505776408e-17,-1.0471828258927774e-19,-2.780697952986665e-20,-5.473402964614753e-19,-2.6419384132389375e-17,6.656333235311028e-15,2.6064406455657667e-20,4.06562409510388e-18,2.497081196413435e-19,1.3286739873223637e-11,-3.508908915641311e-19,3.7008247987403125e-17,-9.715113071337925e-21,4.6265116468244154e-18,1.3286543265304848e-11,-4.6869017731373385e-18,-1.91082297639274e-18,1.328707870447476e-11,-1.0442550833185525e-17,1.0223226090876711e-17,-1.6961959891802484e-20,-3.84505191031164e-19,-2.912179647522589e-19,6.656572450747018e-15
-1.0567553276515896e-10,-1.122705315729775e-10,-1.813261784630281e-19,5.709492182988005e-17,2.3019753953152665e-17,2.520198518303359e-12,1.4044044876212513e-19,5.583719704447244e-17,-1.9183361513719485e-19,4.0989532907684277e-17,4.293446964501613e-19,2.726630926914103e-20,2.4911224972076742e-17,1.0247743483696936e-19,2.153006771144e-18,-5.256550658465427e-18,2.3951457659796686e-20,7.282778339676455e-17,7.378001645065351e-17,2.806379342100023e-17,-4.192525158676437e-17,7.441112212768047e-18,-1.3018893490789962e-19,-1.1227081217581488e-10,1.98401297732681e-17,1.3789293213012807e-17,-5.624465201485968e-14,-2.5355246657807236e-19,7.927452424405417e-20,4.1994613390961417e-17,2.903835280380235e-20,-1.8456285834836927e-19,-5.624487339713529e-14,-8.08289859178544e-18,-5.6244636779945004e-14,-1.122709217335507e-10,5.828827085219042e-20,2.2681661443397305e-19,5.712007547630163e-17,-1.0380915128220889e-19,3.577595992915417e-17,1.582349353398922e-19,2.8679041078426277e-17,8.76616774293272e-17,4.523000013497857e-17,2.12392614170642e-17,3.458987776130081e-21,3.6072438527075297e-19,-2.1607808796468428e-20,-9.383361063708189e-18,1.1564001558307556e-19,-9.307661581055889e-22,-5.624505661978533e-14,5.398940790681143e-17,-2.5719915455581297e-17,7.190023610776329e-20,-1.2433511538455262e-19,3.423739675258482e-17,-1.1227074410747231e-10,1.9090599610816836e-19,6.950663246616914e-18,2.119152409366656e-17,-1.1227077216467519e-10,6.241924077879846e-20,2.954946462460079e-20,5.666810912769456e-17,-1.1103570462022309e-19,-1.1227067035392964e-10,3.023010367293935e-17,-3.0462447901081707e-19,2.1158085168328635e-18,3.173534432753391e-17,-1.7812010893936223e-18,-1.3825785298729368e-19,-5.45875258117397e-20,-1.1227026381056937e-10,-7.421069449169108e-20,-1.1227042275406576e-10,-6.14999182275104e-20,1.3310175420710375e-17,-1.9524472212401352e-20,1.111279073777535e-19,-1.1227005792672852e-10,-5.624513114613172e-14,3.847325881483887e-20,2.582377581629365e-19,-1.122715207548292e-10,-2.0186587343066668e-19,2.3203859956384062e-20,1.5877931377070976e-17,-5.942738967018683e-20,3.419189700276057e-17,2.6227814823160218e-17,2.6541816007731107e-19,-1.3391113434179919e-17,2.2150162690714407e-18,1.1544802951186246e-19,4.601093579854687e-17,1.118396269734051e-16,-8.298007485620422e-20,2.008011150090983e-17,-1.1480723899808328e-17,-2.5269794458544332e-20,3.6063593278143026e-18,-2.641785322519411e-19,1.9736203022715515e-18,2.0463766151888698e-17,1.0437175416429214e-19,8.898489688517096e-18,6.128902172122747e-19,-1.1227112730390273e-10,-1.5512866483836517e-19,-1.677917305676852e-19,2.9276035697609244e-19,-1.1227100141275756e-10,1.8285263759744724e-17,4.141558171201291e-20,8.890478718826282e-17,-6.4752460766160726e-21,-1.122712585405089e-10,-3.3938253040953944e-19,1.1847654259000462e-17,-1.1227054533865927e-10,-2.372427153021715e-19,3.185932590721687e-17,2.3803623387438398e-17,4.691981198745174e-17,-1.86783461054517e-19,-5.6244052096878984e-14
2.5892977948318735e-11,1.9318459627461017e-11,9.283640462893063e-18,2.994391070509994e-20,-1.5982001603236746e-17,1.4044044876212513e-19,2.5158483218262634e-12,3.564891743650011e-19,6.215187596495846e-20,1.0917222092734261e-17,3.4229886348552365e-20,-3.556886425695562e-19,-4.3331533334382665e-19,-1.574852180303555e-17,-3.868378213915161e-20,3.0230823603522005e-19,6.006951801014312e-20,8.837532785533061e-20,1.7366985720506295e-17,5.137835415943053e-19,-4.863758036416783e-17,2.903380285240694e-20,-1.3266322826326466e-17,9.677709141724419e-15,1.1112485703428366e-19,-2.8127886273002053e-18,9.677956588262581e-15,-8.163646943242259e-20,9.602008351233313e-20,-7.664432377666897e-20,2.0498667408627366e-17,-2.7555330977139876e-19,9.67791804146691e-15,-2.356111513902622e-19,9.678044310140475e-15,9.678392498170376e-15,1.2554941346357603e-19,-6.2432838741249814e-21,1.6435002087148018e-19,-1.9898454122902846e-19,1.9924175267107344e-19,-9.225672833621251e-20,-4.501879333934258e-21,2.8256333041671966e-17,9.068862297090938e-18,7.424129451107979e-21,-3.2089645176375732e-18,-1.2175161540000238e-19,2.828626523459204e-17,-8.729726211067758e-20,8.287573163059107e-18,7.547532884485968e-20,1.9318490669645197e-11,1.818937869874969e-17,-3.431172538765236e-17,1.0140586921037467e-17,-3.449134808271719e-19,5.782542818002825e-20,1.9318340339059778e-11,3.6153029484224e-18,-1.1875215893249219e-19,2.527922306522844e-18,9.678091540749878e-15,-2.672823221306819e-18,2.2909709821680537e-18,1.3088181034727144e-20,-2.978408576312029e-18,1.9318376477930027e-11,1.5376435451323715e-17,-1.1742557806619312e-18,-1.741558129053171e-19,-1.6473942297881556e-19,-1.1699309898626748e-19,-2.2274634362852815e-17,5.154196593775664e-18,9.678147094274353e-15,2.520932835166666e-19,9.678128844789061e-15,-2.0932517631389877e-19,-6.895529799043116e-20,5.420411864158032e-20,1.9847403247240755e-21,9.678182584017309e-15,1.93182879286763e-11,1.8694895874540707e-18,1.115197651812477e-17,9.67748720008455e-15,-2.5598888648337623e-18,3.1985825906961088e-18,-4.1919560223395876e-19,2.3222534816596595e-17,9.216831474452405e-18,3.07553038156323e-19,-2.130524414684641e-20,-1.4669079483916542e-19,-1.0868207401758384e-17,-8.955866631369038e-20,-7.627418131501686e-21,-1.724154447551689e-19,-7.330507532950997e-20,-6.2793526726592335e-18,-2.174470682385735e-17,-3.403874182302002e-19,-5.219693279698632e-18,-3.0021841999620713e-19,-8.462257621530423e-18,-7.070224858757904e-18,7.054680701939218e-21,-7.456093706686234e-18,-1.5840951033592497e-17,1.9318135983169916e-11,-2.617474059079494e-20,9.364449503927436e-19,-3.891873311430901e-18,1.9318201994372173e-11,-1.921342660402658e-19,2.3990428131356674e-17,-7.731199909534576e-20,5.876392258903999e-18,1.931805892894189e-11,4.153713193251323e-20,-2.8463606390898206e-19,1.931845712762619e-11,-9.864176625564898e-18,5.2318165962984414e-18,1.8113801745435257e-18,-8.709277545601044e-20,-1.3385177309826771e-18,9.677386091351532e-15
4.6448815589275765e-11,3.9870223018331725e-11,4.8857693914981714e-20,2.658780782388831e-19,9.997555950573915e-18,5.583719704447244e-17,3.564891743650011e-19,2.5155251034741035e-12,3.5848394055636126e-17,1.3219059558416078e-19,1.4068497271765069e-16,-4.4968845607942544e-20,2.1556692987465158e-17,-1.069532767120053e-19,9.785594219348446e-18,-4.360524585752166e-19,4.008961739009435e-19,-1.7955821427616229e-19,4.1926617577908565e-17,2.035829266011134e-17,-2.406812761811646e-17,3.5012994684588676e-18,9.099332941434171e-18,1.9973615431584837e-14,-2.468786398753768e-19,1.4016173375482658e-17,1.997398825440355e-14,3.7153361214586993e-19,-2.1230237531009212e-20,2.6336922652570247e-17,3.8509077624617616e-17,1.6878091518063145e-19,3.987019759599524e-11,2.483852359187259e-19,3.987046134283652e-11,1.9974042457942212e-14,-1.0086632274326008e-19,2.855187285169957e-17,-1.9908346603712118e-20,1.795147248726092e-17,3.824570108807212e-19,1.1642061872365593e-17,9.686078846524123e-20,5.896481363905991e-17,8.847942840559987e-20,2.6344143406717768e-20,-1.579857414480117e-20,3.507212886249155e-17,5.472214318500493e-17,-2.9181512358777483e-19,6.909496844159179e-20,1.1468595143325805e-17,1.9974260147885175e-14,3.365684424658414e-17,6.340022838191719e-20,2.7049232810135257e-17,2.89024460314941e-17,2.53804909878688e-19,3.987008680748532e-11,2.911819473855275e-17,1.928279425005602e-17,1.5184963165743118e-19,3.987007439792e-11,-5.720873365158093e-22,1.8066370419340483e-19,2.068075868239494e-20,1.4645832174943655e-17,1.9973827726264746e-14,2.6887233361749622e-17,6.599064827016412e-20,8.189894273112392e-20,1.00565920492673e-19,5.742507782958156e-19,-8.000060446313847e-18,2.82121074191442e-17,3.987038079791391e-11,4.143328835609892e-20,1.9974194222400322e-14,2.0335831477973163e-19,1.4875697104895246e-17,1.3957668986345077e-19,3.430936817870319e-17,3.9870513313776334e-11,3.987002403595745e-11,2.2202356281932372e-20,3.867037050645505e-17,3.9869608401388494e-11,2.2225045036517725e-17,3.8626688665394985e-17,-3.875585429194389e-21,5.914457573844318e-17,2.911852215011854e-20,-1.416184936833915e-20,5.183026086641088e-18,-1.936248742430291e-19,3.6534217323587616e-20,5.752087974098353e-17,3.1997992826441483e-17,1.2979759756335803e-20,2.4960390962850797e-17,-2.274658124413265e-19,-8.810548207826704e-19,2.7464419126026696e-19,1.118418070717277e-17,-5.13451282072615e-18,4.9047504441134325e-18,7.402128159053325e-20,1.5385860078785907e-17,-2.934552646416665e-20,9.057184144358854e-19,3.9869850714975796e-11,1.1108763740091686e-17,-3.242728750723808e-19,1.3838949155971553e-20,1.997406236294474e-14,-4.0412351101648936e-19,3.932528727250284e-17,4.81392564291181e-17,1.812619590161725e-17,1.997353074553137e-14,-8.189594252557351e-20,-2.3431418835874167e-19,1.9973842733134554e-14,-1.0738031020920405e-20,2.1436920204222018e-17,2.1985998435835112e-17,3.465239246242914e-17,-4.749455868210198e-19,3.986996170847001e-11
-4.594164218097101e-11,-5.252444471682922e-11,3.788096140890288e-17,3.8210351218775284e-17,-3.0071446130930405e-18,-1.9183361513719485e-19,6.215187596495846e-20,3.5848394055636126e-17,2.5168399776967683e-12,-4.5078025717778764e-20,3.3773534993464598e-19,-2.377669452887756e-19,4.8248128166184305e-19,1.5451594650642673e-19,1.5754599265304803e-17,-4.621777121010669e-19,1.720679248602512e-17,1.2101200748775648e-19,-1.4026447807315035e-19,-9.12555585544032e-20,-5.593797034179058e-17,-7.503550438491558e-18,-1.9053244595046785e-17,-5.252468017944277e-11,2.0307273597134e-17,-1.5037563189780001e-19,-2.6313953979062983e-14,1.7950417507602083e-17,6.760317948513218e-17,4.0448005785427966e-17,-3.997810161216718e-19,3.832622607038392e-17,-5.252447437913799e-11,-1.7995181557199346e-17,-5.2524126154954446e-11,-5.252478135850058e-11,3.945691742452368e-17,4.10896255938211e-17,2.0240526355729052e-19,6.2170617245735335e-18,4.299728781624444e-17,-2.5291712894358062e-17,4.191449013734661e-17,8.413055753388534e-17,1.7374253396305453e-19,4.241416011630089e-17,1.5994089826377442e-17,3.309016959511322e-19,1.1872913355567593e-19,2.600568958091915e-20,5.116061849602857e-17,-1.9839032262558997e-20,-2.6313390712650898e-14,6.718648413192037e-20,-5.485218699835985e-20,-1.3669650128985305e-19,4.514313170784265e-17,4.9260588685771053e-20,-2.6313674908980795e-14,3.7106029433028214e-17,2.1309165082673807e-17,1.8843950639826233e-17,-5.252463681172488e-11,1.957449265941053e-17,3.9345364849784584e-20,4.44473449340891e-17,5.682074707843427e-18,-2.6313504195298705e-14,1.6454005170635863e-19,1.866767191571879e-17,-1.1348190296639384e-19,-2.2617081382371022e-20,-5.0266630925067295e-20,-6.95359169745538e-18,2.335431881906815e-19,-2.631444723613093e-14,2.3713535451889265e-17,-5.252436586472412e-11,2.20835064986698e-17,1.6076487237767765e-17,1.1177915166236971e-17,3.6280286143532354e-17,-5.252403989680464e-11,-5.2524720515065206e-11,2.4062344525102006e-17,-4.423039170738959e-19,-5.252526953511356e-11,1.4506292047615206e-17,4.9443005797666574e-17,5.6792481817562776e-18,1.7660565547750867e-20,1.4271003012778762e-19,-2.1416872572379502e-17,1.5571660744415556e-19,-3.3392762986717372e-18,1.1673546770096648e-17,9.718842159005636e-17,4.620246997773804e-17,3.234746474065994e-21,4.0039441453282844e-17,3.0484730439276206e-18,3.480807988527887e-20,-2.2362392335325596e-19,6.016879581303513e-20,-9.584494443883035e-20,5.6980071937012166e-18,-1.242962192198644e-19,2.465810431793925e-17,5.285966968419786e-20,-2.658630062378676e-20,-2.6314062547448713e-14,-5.1977276927853e-20,2.724395605339984e-17,1.984771004740918e-17,-5.2524846003683115e-11,2.3915619341653733e-17,6.117432016384686e-17,4.234329001456314e-17,2.764504177481333e-17,-5.252506690114012e-11,-9.485194098815888e-21,-2.598215969993511e-19,-2.631388419051232e-14,2.4916327233973738e-20,4.842373051820765e-19,3.160470441154407e-17,5.790376373990802e-17,2.0682099962909115e-17,-5.252481101071614e-11
-2.119017501510737e-11,-2.7765879893248424e-11,2.921545803058967e-17,1.0008076739689504e-19,2.0535778360784283e-19,4.0989532907684277e-17,1.0917222092734261e-17,1.3219059558416078e-19,-4.5078025717778764e-20,2.515774962387025e-12,3.4070073616413075e-19,3.253141841290041e-18,1.555219117280343e-17,-5.787889845935036e-20,1.543283326336743e-19,6.278517877279463e-18,7.205720230502484e-20,3.3959147996551166e-17,1.9308317047570106e-20,1.7979247364274393e-17,-3.5784127646499826e-18,-5.265812911803188e-20,9.900121401066293e-21,-2.7766000521201815e-11,9.96652040754179e-18,1.1367232299640773e-17,-1.3909962423757048e-14,-4.686653293844568e-20,2.4665565452070244e-17,9.691075480621573e-20,-4.587863024252292e-20,1.6143483358402584e-17,-1.3910046141446733e-14,1.6122254515160256e-19,-2.7765699772646653e-11,-2.776605203366416e-11,-3.36995991137765e-20,1.8612400724388997e-19,-1.639686943440341e-19,2.1064475151015534e-17,1.854272124110961e-17,4.5164922097971853e-20,2.3517743931727955e-17,4.568150549758915e-21,4.696080077905677e-19,1.0146374424833012e-17,1.248668309787902e-17,2.0092558277982974e-17,5.1717545413778594e-20,4.3153121319365566e-19,3.9315999390079864e-20,-1.9156071854614479e-19,-1.391007702397598e-14,2.5632353981017723e-17,7.631602930408464e-19,1.2920419458691397e-19,1.8658715473339215e-17,1.0173302259492248e-19,-1.3910051780733774e-14,2.503656830301277e-17,1.67594660628364e-17,1.4500042752238607e-17,-1.3910259420785486e-14,-3.0900413115441344e-19,1.694745915547869e-17,1.899614478327969e-19,1.117608230291452e-17,-2.7765940584808024e-11,4.2522690240246533e-19,8.766004587210613e-20,2.9874109457797658e-18,1.0148667308908312e-19,5.925821528695066e-18,1.0240611307095167e-18,2.0027434625958921e-19,-2.7765763464231966e-11,1.8395710126052407e-17,-1.3910286558301339e-14,1.9887135221069548e-19,1.2437261636157553e-20,2.022921792274386e-17,-1.913337797716517e-19,-1.3909907364027047e-14,-1.3910056645073277e-14,-3.8739029268648683e-19,2.1023240672125857e-17,-1.3910321653660084e-14,3.3973292579337833e-19,2.585351459604812e-17,1.4502585691366225e-17,4.9658205393776554e-17,4.2940041284280588e-19,-2.611492064104763e-19,4.353113372544002e-20,3.762091956359518e-18,1.9202691766451938e-20,4.052874592910057e-17,2.1808714690792247e-17,5.276761923688892e-17,-2.693454602382572e-19,1.8593344634389431e-19,4.875106350819727e-18,-1.098559976110764e-19,4.899853736796879e-18,8.98434560163716e-20,6.330445777021291e-18,1.2380531039642045e-17,1.1630824018687861e-17,-3.9063160509860864e-19,1.0611811558966698e-17,-1.391032268123324e-14,1.0577415424218037e-17,5.2070839150168675e-21,8.941773002574433e-18,-2.776608961916308e-11,1.1373938074190625e-19,2.4024140525426344e-17,4.263387100538597e-17,-4.643784325706156e-19,-2.7766204263232876e-11,1.025397254999159e-17,9.310171544402975e-18,-1.3910120449476407e-14,8.911167424481292e-18,1.4283461701620798e-17,1.553860955873313e-17,1.9118817059392806e-19,1.826191895905604e-17,-1.3910549557657673e-14
-6.206009937708277e-10,-6.272281591125334e-10,1.4947523882482677e-16,1.3924591730696565e-16,-1.3873869604060636e-20,4.293446964501613e-19,3.4229886348552365e-20,1.4068497271765069e-16,3.3773534993464598e-19,3.4070073616413075e-19,2.5218321068099384e-12,3.1979098927038875e-19,8.832915707918368e-17,2.0951310338242928e-19,4.381795298507849e-17,4.868057719905071e-17,1.5079322692287182e-19,1.8033898651074742e-16,8.570067038782448e-20,9.837698629808183e-17,1.3503516019956588e-19,4.447308791995936e-17,7.729891491698493e-17,-6.272286482290307e-10,7.518673366755128e-17,6.537358216954689e-20,-6.272285035357258e-10,8.915484580397027e-17,-1.3195530332170085e-19,-1.8202533910666695e-19,-1.4531474169122608e-19,9.949179082670783e-17,-3.142262100651679e-13,3.969294797323254e-17,-6.272275165089918e-10,-6.272288115160394e-10,9.462960169975951e-17,-2.3500844826337316e-20,1.7656979618811735e-19,1.2457407986576551e-19,1.157932346031405e-16,1.5933831159531787e-19,8.529526887782089e-20,2.1328128817957668e-16,1.1702348268945423e-16,6.572942666536478e-17,7.390136184827432e-17,1.1012116417422254e-16,2.048846632280084e-16,2.5716604358364224e-17,1.6878121899742677e-16,7.542040788170709e-17,-6.272280683519839e-10,1.2032086754668328e-16,-3.135133178257655e-19,-3.2906387622449735e-20,8.269512203735079e-21,4.1327398565902137e-20,-6.272285139014022e-10,7.020813478748715e-21,-8.529375285823865e-20,3.603285480825007e-20,-6.272285629124602e-10,4.947333046683104e-20,-8.361102202804252e-20,1.4473630336935382e-16,3.2103801554767696e-19,-6.272283900967128e-10,8.099851263561055e-17,9.186519001043794e-17,8.215581580766092e-20,1.0449510634906994e-16,2.3119284577827197e-20,-4.388952100887034e-18,-6.959261033067166e-20,-3.1422671764784387e-13,1.0186136048074427e-16,-6.272279948881056e-10,7.458059729721901e-20,-7.018230824923956e-20,8.288479659298636e-17,1.369579508881208e-16,-3.1422589000188396e-13,-6.272286697483339e-10,1.0825659579214802e-16,2.374114160097381e-19,-6.272298007403851e-10,3.8274630783431435e-19,-1.827407364909302e-19,6.050401686317414e-17,2.52119355757241e-16,-1.4660140231656869e-19,4.4465570676684753e-20,-5.745806119945112e-20,-2.196043446549996e-19,1.236568334851783e-19,1.966230007647056e-16,1.3456553912375786e-19,2.6249281192962136e-16,1.0890948783656963e-16,-1.937318477815574e-19,1.0427618135450804e-19,1.4386961028697653e-16,-5.298563303471606e-20,-1.805045054493835e-21,3.439661958678588e-17,5.49498358799426e-20,1.227980394535368e-19,2.5069174823201145e-19,4.248615670132313e-17,-6.272291533079923e-10,5.923733001351266e-17,-1.3132382261343745e-19,7.26158983201658e-21,-6.272289481846891e-10,7.343832548825563e-17,1.3647738058230717e-16,2.0928904990833327e-16,-4.526787860857376e-20,-6.272293749333418e-10,6.004045615585266e-17,5.2913551112761136e-17,-3.1422638653306747e-13,1.430514350631482e-19,9.877230398902709e-20,8.423763501593507e-17,8.733169418100434e-20,6.176549886426063e-20,-6.272288341435872e-10
-9.470193260822824e-11,-5.0744475906978534e-14,1.1638245714220804e-17,1.660461275564935e-17,-3.591744052358395e-17,2.726630926914103e-20,-3.556886425695562e-19,-4.4968845607942544e-20,-2.377669452887756e-19,3.253141841290041e-18,3.1979098927038875e-19,2.515644349570919e-12,-1.8631579754101892e-19,-1.7606520170897497e-17,-4.997305827080405e-17,-4.43626080815934e-17,-6.063545546653579e-17,5.537361398532176e-18,3.179155946563914e-17,-2.258861415130365e-20,-1.5090808278272946e-19,-6.07128570487489e-20,-1.9526896835931694e-18,-1.0129118431209287e-10,-1.1835904377037809e-17,3.0659329954716614e-20,-1.0129109896442724e-10,-2.336800651167561e-17,-7.552320334110349e-20,-2.1190771581325203e-20,-1.9019436065390704e-20,1.0682571959503567e-19,-1.0129093749435055e-10,-5.818677380499214e-17,-1.0129054843025259e-10,-1.0129128178973262e-10,-2.6344122068555233e-17,-5.421460743439809e-18,-3.462197010886841e-19,3.408081251005371e-20,1.5192434002617858e-18,-1.4334970218076635e-19,-2.381719634186766e-19,1.4258359229274988e-17,-8.900135350183397e-20,-3.15598300785312e-17,-2.9932718405932116e-20,-1.763456976873891e-17,4.345143508170069e-19,-4.967760967659477e-17,-9.729165561599374e-19,4.005713780205283e-20,-1.0129086372833115e-10,1.6630600756590078e-18,-5.303300149069053e-17,4.023915132596651e-18,-2.509250896841382e-17,-1.9779528649565443e-17,-5.0744673408199273e-14,-2.1277413644055297e-17,-5.807296515430342e-17,1.6582600776647691e-18,-1.0129115056774668e-10,-3.064713116906225e-17,5.969120165461708e-19,8.453609948216704e-18,-3.024711756189216e-18,-1.0129104304742986e-10,-3.70156943014034e-17,-1.1951917396687205e-17,-3.821148729165596e-17,-1.4285670183243098e-17,2.173368783426008e-19,-6.411481156915927e-17,1.513966215111204e-19,-5.074422279352092e-14,-6.066409188207788e-18,-5.074406505065756e-14,6.825577171721056e-19,-3.8946140694801835e-17,1.7535811506673392e-19,-5.186099960809656e-18,-1.0129048088070504e-10,-1.0129119652984586e-10,-7.426508689600614e-19,-4.472389689758493e-19,-1.0129183743067129e-10,-6.300077535950271e-18,-1.84685343977114e-19,-2.7732879239655802e-17,3.9722358074296115e-17,5.12195438889104e-20,-4.650108433664997e-19,-3.000230897685518e-17,-1.5540342124606237e-19,-3.906684268451817e-17,-1.616786134856412e-18,-7.194503567314204e-18,-1.7562171797967287e-19,2.3364541316479183e-20,-4.720010850598502e-20,-5.676618980491297e-20,7.135089594568674e-21,1.1857393102875133e-19,-2.7349874804443877e-19,-2.807353567492162e-17,-2.6271253629631038e-17,-3.738325895500312e-17,-2.3188242154599187e-17,-8.908863083392808e-20,-5.0744460987258147e-14,1.6635704660462634e-20,-2.5295054094724906e-20,2.742368461110482e-19,-1.0129136431279793e-10,-2.8634382502691093e-19,-9.673628663940458e-20,-8.005201418964859e-20,-2.2885152325107624e-18,-1.0129160793438699e-10,-9.34273551450673e-20,-3.1579028346213086e-17,-5.0744144376176955e-14,-5.2182487957005735e-17,-3.678890976101069e-19,3.235033682548137e-19,-7.877402089639161e-18,-1.9638534976409653e-17,-5.0744595062821676e-14
-7.152826526626228e-12,-1.3728373166063533e-11,2.0869962223121105e-17,2.8151592611458104e-17,2.981115315397872e-18,2.4911224972076742e-17,-4.3331533334382665e-19,2.1556692987465158e-17,4.8248128166184305e-19,1.555219117280343e-17,8.832915707918368e-17,-1.8631579754101892e-19,2.515609660275535e-12,9.875797420470952e-18,-1.3648511994057896e-17,-1.3451953953531543e-17,-2.3187686336975355e-17,2.3376772562332047e-17,-8.588708249844304e-20,-3.891192589549659e-20,-3.436094655504246e-17,4.367425959043912e-19,3.381974625164038e-19,-6.877690278619764e-15,6.3392305575364205e-18,2.35731867986262e-19,-6.877681368928225e-15,6.967919654061264e-18,-1.702285991367001e-20,-2.0699679096188925e-20,-1.9357400244007633e-20,4.94638522711548e-18,-1.3728395455424924e-11,-1.2681101547592504e-19,-6.877493909325608e-15,-1.3728628405139944e-11,3.784193946177195e-18,5.395353394109776e-18,1.7033893195567788e-19,-1.73834638593166e-19,7.444536426287136e-21,2.1393020389111558e-17,-1.4109617319325048e-18,-1.5868323183202872e-19,-3.423995343979617e-19,-6.39719948756705e-18,5.881662368064395e-20,-5.503774570526774e-19,4.088638118781981e-17,-2.3977417380860085e-17,-6.687731964394112e-20,-9.661458783937901e-19,-1.3728335349246228e-11,1.6952647038079336e-17,4.685150133073261e-21,1.83186661724661e-17,7.78967780692818e-20,4.5022547207448545e-21,-6.8776969469129375e-15,1.0769377864204409e-17,-6.064402922145454e-20,8.25757436379362e-18,-6.877688808039249e-15,-1.0433669670391269e-17,2.9071953125997585e-18,2.8209926210629106e-19,7.959461178370882e-18,-6.877890548474705e-15,-1.0225752591830416e-17,6.704031511261682e-18,1.2448061958924982e-19,1.7293929019783664e-21,-1.7220283795144154e-18,-2.701913376913501e-17,-1.987114256210821e-19,-6.8772939105146515e-15,1.3601455893508463e-17,-1.3728295577454183e-11,2.1165450692702037e-17,-4.645320857151848e-18,8.426036882370039e-18,2.2872386407112513e-17,-1.3728069813104741e-11,-6.87748425183294e-15,-2.4710864893092e-19,2.1405966722907906e-18,-1.37290217504682e-11,1.4494762477104682e-17,1.363005299420232e-20,-5.882577797824431e-20,1.9011581107950727e-19,-6.09784751623175e-20,2.3213239193196304e-17,4.975303174950582e-20,-6.102583409921929e-19,-3.687251215837851e-19,1.1464581972589224e-20,1.3643485794260049e-17,3.437804645535723e-17,5.34533487823227e-18,9.757638695495013e-18,-8.047334699527023e-19,9.065306561782432e-20,-1.592244400475764e-17,-2.2963660354634557e-17,-8.547565780940202e-18,1.0057771670291495e-20,-1.039344016512138e-19,1.7237931282518938e-19,-1.3441589750881666e-19,-1.3728766778143626e-11,-5.118691267525994e-21,-5.491784421807301e-18,2.7870252445028166e-20,-1.3728679210181634e-11,1.5161060171696369e-19,1.9506536879228112e-19,3.5490599501294284e-20,2.952531755869981e-20,-6.877744270765478e-15,2.3143525844943066e-19,-6.151017205739209e-20,-1.3728387253579477e-11,-1.2534438732608658e-17,5.147091266800141e-18,6.787136550412347e-19,8.094236343274015e-20,5.856722589568053e-20,-1.3728629891526248e-11
