0.9999999999999869,-2.0754322866958798e-11,1.0000000000190568,2.0934173130562244e-11,-1.7013439613483302e-11,-7.2584820551504485e-12,0.9999999999747345,1.147279073623769e-11,-1.0193746490745051e-11,8.459364687573449e-12,7.830147399326201e-12,1.0000000000005498,2.170226753902388e-12,0.999999999966452,2.3451549057352967e-12,-5.689284203015905e-13,2.1491971627135892e-11,3.493455902851554e-12,8.486691865381827e-12,1.1124682897334192e-11,0.9999999999764977,-1.3045750170812722e-12,3.326278324407168e-11,-7.000798068531235e-11,0.9999999999665317,6.511373871684721e-12,3.682493441885615e-12,-1.3676635636272897e-12,0.9999999999784929,2.4650515539023907e-11,-1.205713125648388e-11,2.7592172461987625e-11,1.000000000007233,-4.200723810325134e-11,0.9999999999744169,2.7446331094638574e-12,-3.737158868024427e-12,-1.1961372739039147e-11,1.5871341820593322e-11,9.976162327709588e-13,-7.153821964014756e-12,1.3545712730345868e-12,-1.5214199635326783e-11,1.033978445491057e-11,-1.492065539774498e-11,2.7221481294611163e-11,-4.825123653679863e-11,1.9842057389084762e-11,1.769626520355965e-11,0.9999999999965398,9.190323586809394e-12,-1.8451669245573822e-11,0.9999999999912595,3.4491873440405076e-11,-1.781295991505067e-12,2.7350016968759302e-11,0.9999999999749322,9.769295806836983e-12,-3.500848920512863e-12,-4.875329000920091e-12,0.9999999999917661,9.74339389246398e-13,3.45551498377174e-12,1.4840744062410606e-11,2.2746857699556044e-11,1.3367802051145774e-11,-2.0540127542367293e-11,8.574710644698575e-14,-2.7607613875518107e-12,-3.350423968754701e-11,0.9999999999770645,5.7131095222007385e-11,-7.008424759733417e-11,2.355334462186374e-11,9.282432081636926e-12,5.329446919086563e-12,-1.9174404263190323e-11,-6.297677056994006e-11,1.6915794205554556e-12,5.5868036621367575e-12,-1.265691187599835e-11,1.0000000000266007,5.46382043531699e-14,7.856465017113248e-12,1.2534603310925966e-11,-8.65288262782176e-13,0.9999999999557639,0.9999999999894189,-1.9125124444829715e-11,4.261265209127394e-11,-1.4219534655849083e-11,-1.0461796895626285e-12,7.901228157937064e-12,3.906229028030357e-11,-2.0313329939972917e-11,4.1436846056964035e-11,0.9999999999578967,7.842557358554471e-12,9.870401259815554e-12,-1.0540601091196337e-11,1.0156080932053433e-11,7.325829095297714e-12,5.715425676202392e-11,7.666184071336048e-12,-6.62360982754209e-12,1.0000000000022506,5.167348895641285e-12,2.1352802585612164e-11,6.1404526553437375e-12,1.1870283554042867e-11,3.949980932764734e-12,-8.662776153823502e-11,1.1061606676352026e-11,2.5535829195397894e-12,-1.5495179316257551e-12,-2.536986241789168e-12,1.54244187921837e-11,5.281439552014669e-11,9.441690726482238e-12,-3.5351711734279207e-11,2.814200573088139e-11,1.2144879042382544e-11,-3.232181697085451e-11,-5.6763006076030535e-12,1.0697918608682792e-11,1.8786592861590086e-11,-5.387671169269573e-12,0.999999999988403,6.655578871847834e-12
-2.0754322866958798e-11,1.1460558158359821e-12,-2.51347152588407e-11,6.495158519746469e-16,3.352271338043731e-16,-2.3626082044111373e-16,-1.2591966085417e-14,1.319637050296533e-16,6.035398403302479e-16,1.086970887419118e-15,1.8078210790003316e-17,-2.5134418591849747e-11,-8.169441127847225e-16,-2.5134662574287444e-11,2.191903487914987e-16,-1.6303191638612836e-16,1.3117593595791063e-16,1.8299723371527927e-15,8.425749768736993e-16,1.0070172210207744e-15,-2.513490185111635e-11,-8.235644214464717e-17,1.0387801431923947e-15,-1.8351672305557284e-15,-2.5135265002956156e-11,-4.730287878829776e-16,6.248147196597474e-16,5.050401292397782e-16,-2.513506488355172e-11,1.3825016442050867e-15,1.1106402524611898e-15,1.4192671568087472e-15,-2.513495495018854e-11,1.7020105242825339e-15,-2.5135353564256853e-11,8.288252302111683e-16,-1.6400359785135363e-17,-1.1677312812451396e-16,8.862913075056939e-16,1.0578150489804137e-15,-1.5899480576631686e-16,-5.088751236975262e-16,-3.6737726399397103e-16,-8.728595420539445e-17,9.41750705328105e-16,-1.981220525540409e-16,2.3355711032156306e-15,1.90304521441814e-15,1.7977599649905517e-15,-2.51338135735757e-11,7.761080628979119e-16,-1.4006650383041948e-16,-2.513620238779703e-11,1.2219044566203767e-15,6.570434303463545e-16,1.6844326067960617e-15,-2.513513619095004e-11,3.8994904441358154e-16,-6.994371325088169e-16,1.329630999482668e-15,-2.5135224736911083e-11,1.5522370772999751e-15,1.6297077147975657e-15,1.1202843637822062e-15,3.8697988384860067e-19,7.740598976716048e-19,-1.8645108343648984e-19,2.756469679208918e-19,-5.908858619072974e-19,6.508281886146088e-20,-1.2591746186629749e-14,6.565163673788372e-19,1.2022867532736147e-18,1.896069867374891e-19,4.1106736037199557e-19,-6.245192018470458e-19,3.7196440256519394e-19,9.994171351898739e-21,-1.1739505514980532e-19,-1.1229128723583015e-19,6.68618872395569e-19,-1.259125136846637e-14,3.094131566561737e-19,3.7284106940651963e-19,1.0761613022121075e-19,6.920001284723345e-20,-1.2592565326452474e-14,-1.2591670069455275e-14,3.1366794885951173e-19,-2.879791419944168e-19,1.6327031008844064e-19,2.4972963750071885e-19,-2.3537798615478793e-19,-8.116331537587381e-19,2.0245467219814477e-19,1.6531771086728537e-19,-1.2592222894282722e-14,5.470442513708431e-19,7.101289622978959e-19,3.0704667559266436e-19,2.9322367244272706e-19,1.7595366025661694e-19,1.376614821859812e-18,2.637326653648988e-19,6.3539599194119e-20,-1.2591919478611205e-14,-4.509653236075483e-19,5.519841496560234e-19,-2.0392161592410944e-19,6.97085765784351e-19,5.029044972668987e-19,1.8784195277511094e-19,-1.2663983000731781e-19,9.3280033260586e-19,-1.1127857288042628e-19,-4.51942420559147e-19,6.813983289316202e-21,5.059973522457333e-19,1.1157122532241284e-18,-1.3481469240428522e-19,4.120730949702708e-19,9.85333468209256e-19,2.8488433635210317e-19,5.51214464170005e-19,3.59951096115852e-19,2.814886933631769e-19,1.0615033052101593e-19,-1.2591908092174958e-14,2.8842187804778313e-19
1.0000000000190568,-2.51347152588407e-11,1.0000000000576335,1.6553863564313533e-11,-2.1387096987707793e-11,-1.166200763013424e-11,1.000000000012165,3.542524690463274e-15,-7.31347686707333e-15,4.054154221049424e-12,1.7151559838465919e-15,1.0000000000379905,-1.119940806312116e-15,1.0000000000038838,-1.0316932905756703e-15,-4.9700567280661926e-12,1.7093867037227266e-11,-9.128106762851402e-13,2.0558295275195766e-15,3.364940839357907e-15,1.0000000000139186,-5.710309073388678e-12,2.8872058774229552e-11,-7.439551125792795e-11,1.0000000000039622,1.0497826493481408e-15,-7.257348327230983e-13,-2.884140067188808e-15,1.0000000000159215,2.0262040365656735e-11,-1.6461349572557534e-11,2.320085219795546e-11,1.0000000000446785,-4.63844664334602e-11,1.0000000000118427,-8.29490282517268e-16,-8.139579121901183e-12,-8.19476331461275e-15,5.7515495853069e-15,-1.70536211176519e-15,-5.788455534167158e-15,-3.06340441877607e-12,-1.9602638615624796e-11,2.984539932810888e-15,-9.675046060972287e-15,1.1429894975381112e-14,-5.260661823211684e-11,7.74120343953575e-15,6.65755629655877e-15,1.0000000000339626,4.823766061980164e-12,-1.1448957600835591e-14,1.0000000000286735,1.5074425712881026e-14,-3.0981116469541334e-15,2.2966588081044294e-11,1.0000000000123626,5.380967782745558e-12,-7.897724732874613e-12,-9.277995143722607e-12,1.0000000000291984,-3.4092224295569058e-12,-4.72824106985808e-16,1.0445312499232587e-11,1.835745430734249e-11,8.958746768494107e-12,-2.4919603711809147e-11,-4.3244787767845984e-12,-3.589837280460726e-15,-3.7898777499582114e-11,1.000000000014485,5.2735438436492734e-11,-7.446613457940665e-11,9.593942561269347e-15,2.4446487853365137e-15,4.659181985910883e-16,-2.357686822791064e-11,-6.736344374146724e-11,-2.7180067202851494e-12,1.1862041736798409e-12,-8.54156056318593e-15,1.0000000000640492,-4.347625273903288e-12,3.445468305267856e-12,8.15076432959874e-12,-5.267956572856678e-12,0.999999999993178,1.0000000000268428,-1.1778451949974502e-14,1.9148550058259124e-14,-9.329273952443477e-15,-2.728031782690201e-15,1.7506500149107177e-15,1.7364429580950816e-14,-1.2375453138172173e-14,1.85596633817007e-14,0.9999999999953165,1.7233657290417748e-15,2.734245629422476e-15,-7.480339436743283e-15,2.882612000809724e-15,1.4614283296870992e-15,2.6437377666930863e-14,1.6356116727766402e-15,-5.523801417650177e-15,1.0000000000396634,3.8089728225741046e-16,8.4990668439984e-15,8.670974941805381e-16,3.741354544488491e-15,-2.316868639788628e-16,-4.559362652193258e-14,3.33795873560255e-15,-9.276308888873613e-16,-2.982338833736709e-15,-3.4772555895284817e-15,5.523352853955847e-15,2.4255857832196074e-14,2.51846826620461e-15,-1.990907665745339e-14,1.1897783401333921e-14,3.876285360287099e-15,-1.8392078814538116e-14,-5.046986589930691e-15,3.152987381575355e-15,7.204552711476597e-15,-4.907537913469483e-15,1.000000000025851,1.1266579800094117e-15
2.0934173130562244e-11,6.495158519746469e-16,1.6553863564313533e-11,1.1427545953800846e-12,6.830216307114939e-21,3.2204881725339576e-16,1.6553894549850472e-11,3.849311386882113e-16,4.2595484258014345e-16,1.6276208045883535e-19,2.0700482843329467e-19,1.6554015467561303e-11,3.5388731033008795e-20,8.293181737731664e-15,4.3874369459758167e-16,3.3954011023314865e-16,2.082951450176406e-19,5.105086158333253e-16,6.514445787684996e-19,4.891467780043665e-16,8.293274343513302e-15,3.484642629128258e-16,5.779679904557637e-16,5.558301914265254e-17,8.29280531253137e-15,2.000616772613589e-19,3.477264420855313e-19,5.415036205315149e-16,1.6553869699354125e-11,2.1074821123918273e-19,5.870995301166332e-16,2.0334136184025787e-19,1.655410340568034e-11,5.486568894872051e-19,8.293114697866172e-15,4.486413463630433e-19,2.524395024784939e-19,3.764029331260689e-16,5.463171808269218e-16,5.019731374163727e-16,4.415669222196357e-16,8.250900669124377e-20,1.5035851847220695e-19,3.3596220843346023e-16,4.470127277244213e-16,1.5847141871680066e-19,8.942971935335646e-16,7.103037746743208e-16,6.369184656334797e-16,8.293148658276728e-15,6.989724128415313e-16,3.632180307647651e-16,8.29348048911039e-15,5.678960667457913e-16,3.880079528486674e-16,7.084044034729376e-16,1.6553952922401206e-11,5.341070809236072e-16,2.1288874817412042e-19,1.585219338310421e-19,1.655398629339922e-11,6.844391175763495e-16,5.809685040886721e-16,3.3672381188049457e-19,3.651948251663777e-16,2.649189002367351e-19,3.998259290655022e-16,4.343278014247332e-19,2.4408642027050827e-19,4.823245166105524e-16,1.655385019635306e-11,2.353122926434364e-19,5.804832729495831e-19,4.468514403808832e-19,4.868742392046381e-16,2.921093509053822e-20,4.243301771650306e-16,4.449245327896943e-16,2.8450582281743716e-16,3.9935170719590503e-16,2.8365773559046857e-19,8.293549521676945e-15,4.3865498855608273e-16,1.420201096293254e-19,3.3656609620568335e-19,2.663078569346483e-19,1.6553574385179743e-11,1.6553890856154475e-11,3.938694135192642e-16,3.706967796236575e-16,3.211054821854688e-16,4.78201548694362e-16,3.108220648529294e-16,3.4758307423147086e-16,5.191215386612688e-16,4.640119307064303e-16,1.6553641039241718e-11,4.925619308381575e-16,5.023350059302237e-16,4.583520202117065e-16,4.27873447439597e-16,4.628130299337934e-16,8.409937410403975e-16,4.668275021852905e-16,3.0394262383288565e-16,1.655373445511636e-11,2.899065583728081e-16,6.372166035969215e-16,2.1982783530426775e-16,5.009930289605307e-19,2.7550831949831243e-19,5.5557576577941525e-19,-2.1050272615300448e-19,2.341809659670191e-19,3.14090792795075e-19,1.0534302540755705e-19,1.7969472297497068e-19,2.479443345347011e-19,2.4451873385880493e-20,-7.788325099471368e-20,3.49964347769086e-19,7.775547683549851e-21,1.6381957099876162e-19,1.9915401797307501e-19,2.1043103909781547e-19,3.6735331864742325e-19,5.955060637788644e-22,8.293347898284338e-15,2.1823030518415375e-19
-1.7013439613483302e-11,3.352271338043731e-16,-2.1387096987707793e-11,6.830216307114939e-21,1.1427276152116161e-12,1.7658622765091257e-19,-1.0713847401803613e-14,2.290112414371814e-19,4.3404623266184745e-16,2.2280403844707265e-19,4.804639692494894e-16,-2.138697492220637e-11,1.7686596760328655e-19,-2.1386781029532154e-11,4.724248063471731e-16,2.5751656397153146e-19,4.898782110165886e-16,-9.352541678138799e-20,4.595881430911881e-16,3.146258545287879e-16,-1.0714644661292526e-14,4.624211972359603e-16,3.7950943437771184e-20,6.977519884998788e-16,-2.1386881433011453e-11,4.442187423592278e-16,3.0175431465559746e-16,5.286132823940778e-16,-1.0714496615622372e-14,3.375195076155891e-16,3.068650721732041e-19,3.3355672703602726e-16,-2.1386689069517488e-11,3.555180325214747e-16,-2.138697287706519e-11,2.1372029431059826e-19,1.9774804832124272e-19,3.0983103593312457e-19,3.4857555401315657e-19,4.03296383423452e-16,6.069907078730516e-16,1.097441462958588e-19,5.079055419525614e-16,2.5761557606180754e-19,5.075789237818086e-19,4.2726436968351487e-19,4.044063954672344e-16,4.12091740879909e-16,2.717663039372007e-19,-1.0714521788564727e-14,6.656415388929473e-16,-4.047566369424315e-20,-2.1387020937279792e-11,4.330633111581889e-16,3.466640513339433e-16,4.0021988631021177e-16,-2.1386873816623375e-11,-3.5499305018555075e-20,4.527182225165916e-19,1.7184612285266613e-19,-2.1386752994847437e-11,4.444024595244302e-16,1.999388702776367e-19,1.4261996173017546e-19,1.5275682595550304e-19,1.4618040977510606e-19,5.035620977607739e-19,3.780319802341239e-16,3.1183307692744593e-19,5.773778566591649e-19,-2.138711037834374e-11,5.427819304959132e-16,4.968190348973679e-19,5.081758839721768e-16,4.3918903175194373e-16,4.1303750847240857e-19,4.843925217226701e-16,3.28894666811485e-19,4.0756449680910427e-16,2.538515877328018e-19,2.6549425624397684e-19,-1.0714393532754692e-14,4.2285251118043726e-16,-5.072422102175156e-19,5.667543064863939e-16,-7.119057108405627e-20,-1.0714434873710214e-14,-2.1386977486440148e-11,5.461768384869834e-16,6.630543805904859e-19,3.0919247924527297e-19,1.8207204565368397e-19,8.844995010678074e-20,2.0759112381208307e-19,1.3841795060180872e-19,2.607580363458516e-19,-2.138712672138935e-11,2.1392293693960722e-19,2.185744536833897e-16,5.053979839024477e-16,4.469967431381689e-16,2.7214129024334154e-16,6.853585525092066e-20,2.567739910326151e-19,1.6896658683690207e-19,-1.0714376190875421e-14,6.688684913522967e-16,4.64446562661857e-19,4.3267532617265395e-19,2.8578381609962476e-16,3.207808824483469e-16,7.087434539198503e-16,5.234175156219986e-16,2.253014741423148e-16,5.121879611755533e-16,4.625802880723119e-16,4.703592557953444e-16,5.313492328822523e-20,1.3817220547240624e-19,1.67112937976634e-19,4.0046526989984253e-19,-2.5838355328534234e-19,2.820390058278449e-19,4.375557234313535e-19,6.739001457315476e-20,1.8059122971368526e-19,1.948006806929189e-19,-1.0714152143824798e-14,2.291336469628376e-19
-7.2584820551504485e-12,-2.3626082044111373e-16,-1.166200763013424e-11,3.2204881725339576e-16,1.7658622765091257e-19,1.14330231250293e-12,-1.1661803279173186e-11,8.118259626214421e-16,2.2513303531656345e-20,1.1600014811353283e-16,7.54437807415106e-16,-1.1662052204111545e-11,1.2907345137880438e-15,-5.842273667123018e-15,6.625546485754739e-16,3.4293291071660304e-19,2.604747830212999e-19,-3.3771367413969923e-19,5.66311268168909e-20,3.939165686355023e-20,-5.842541429050073e-15,6.09912355235763e-19,2.1048577137744852e-19,9.341426353406602e-19,-5.842089201947018e-15,9.198861154395028e-16,1.7087541029954238e-19,2.974823760345284e-19,-1.1661674201863047e-11,-2.425095831103426e-20,2.6435787792709694e-16,-7.185339703319287e-20,-1.166138210794508e-11,-3.294049721026055e-16,-5.84220211829114e-15,2.504827636438888e-16,3.8610480483986803e-19,4.948643319436912e-19,1.2945685387688456e-18,1.1823909201448569e-16,4.652914523869586e-19,4.5283410756493775e-19,9.270674977900566e-16,6.083752293319614e-16,3.4287129570595807e-19,8.215243687713718e-16,-7.124000583877451e-19,-5.934368613860857e-19,-1.0711831468860082e-19,-5.84320453858041e-15,4.468234687610232e-19,4.739809665799942e-19,-5.8422246422255695e-15,1.37372032173733e-16,5.697344888861768e-19,-2.0258565481205933e-19,-5.842156260329437e-15,6.807662977682926e-16,1.4248004904593591e-15,-4.2173914675488605e-19,-5.842051027914719e-15,-5.367100607372923e-19,2.521680401136374e-19,2.0993434166447496e-16,4.20832591555748e-19,-2.153768840911171e-19,1.242852982541454e-15,3.55909653466942e-16,6.790899108571824e-20,2.292218083692642e-19,-1.1662039676009267e-11,1.9603063942915456e-19,-1.6476180970016797e-19,2.850919804748292e-19,2.7701025741166425e-19,1.1401924572406524e-15,6.427690528959196e-16,8.492362170981598e-16,6.02662609650151e-16,6.816379177518474e-16,-1.4835387217955696e-16,-5.842492600993703e-15,4.025098162035209e-19,-2.3913998472580924e-19,6.250524165974338e-16,-5.322029422545138e-20,-5.841971051777457e-15,-1.1661696545218426e-11,4.1602090104127527e-19,9.996297047902008e-19,2.2248733456451104e-16,3.446104666484511e-16,5.371731246005896e-19,1.899493887511743e-19,-7.6681873703123e-20,1.6129186198484942e-19,-1.1661443375246856e-11,-9.021466123668512e-18,-9.43654451579953e-20,-2.793018406573213e-19,4.569287292430503e-16,-4.005465306568979e-20,-7.301302549919502e-16,2.002345680587557e-16,3.8242260787245258e-19,-5.842470241383324e-15,1.5098755576261424e-15,7.019468432490984e-17,1.1194896966160412e-15,-1.7448695219399495e-16,4.453519578357787e-17,5.885539020109146e-19,8.986638909495195e-16,-5.642931999316607e-16,2.93009361915888e-19,1.0141956220354822e-15,5.772811561642999e-16,2.472235741271576e-16,-1.4891564141997742e-16,9.669589068014556e-16,2.627589782948184e-16,-4.927471819396186e-16,7.240820261204335e-16,3.624733462347428e-20,2.3842424263730967e-19,1.162409901638318e-19,2.065702059561035e-19,-5.8419700026440075e-15,-5.2814604703522545e-20
0.9999999999747345,-1.2591966085417e-14,1.000000000012165,1.6553894549850472e-11,-1.0713847401803613e-14,-1.1661803279173186e-11,0.9999999999689834,3.542554813957269e-15,-7.313456592876397e-15,2.0309894722173306e-15,3.4239504075352373e-12,0.9999999999936663,-1.1195890646976256e-15,0.9999999999595599,-1.0315202828160141e-15,-2.4901347712785168e-15,1.709407776387711e-11,-4.576098587408932e-16,4.103225551352491e-12,3.3648275087313964e-15,0.9999999999695941,-5.710116618404397e-12,2.887210073705013e-11,-7.43949767415893e-11,0.9999999999596383,1.0499406877517225e-15,-7.256746599021141e-13,-5.756891001210506e-12,0.9999999999715979,2.0261998567291463e-11,-8.24662642915182e-15,1.1622967714621743e-14,1.0000000000003535,-4.6384568981305466e-11,0.9999999999675196,-8.296302452383758e-16,-4.077373848798414e-15,-8.194599638282231e-15,1.1480902539548888e-11,-3.4039345527598088e-12,-1.155345481860004e-11,-1.5345344927252236e-15,-9.820322485238953e-15,5.95798356429591e-12,-1.9312027726276058e-11,1.1430082233612943e-14,-5.2606856084580724e-11,7.740789572333096e-15,1.328897073978686e-11,0.9999999999896386,2.416868192694528e-15,-2.2852359948893298e-11,0.999999999984349,3.009042126678886e-11,-3.0981950287524e-15,1.1505512913997817e-14,0.9999999999680389,2.6958032181122282e-15,-7.897340670350022e-12,-4.648411649403895e-15,0.999999999984873,-3.40925358887971e-12,-9.439896580067556e-13,5.232829247183645e-15,1.8357723977009633e-11,4.488041475619692e-15,-2.4919285630772095e-11,-2.1667462683366685e-15,-3.589764300178608e-15,-1.8986804534059468e-14,0.9999999999701623,5.2735563986795e-11,-7.446622425178429e-11,1.9150979977620154e-11,4.879696605239465e-12,9.313695788827449e-13,-1.1811150620412354e-14,-6.736323974336436e-11,-1.3615625160154996e-15,1.1863624666592853e-12,-8.541332789123103e-15,1.000000000019725,-2.177808342130064e-15,3.4455328542851762e-12,4.083557432846739e-15,-5.267860623888071e-12,0.9999999999488537,0.9999999999825191,-2.3510765066898055e-11,1.914845014452073e-14,-9.329111937308186e-15,-5.445377931985017e-12,1.7503364714494718e-15,3.4661953408931124e-11,-2.470187606599677e-11,1.855899715398129e-14,0.9999999999509916,1.7238282803761103e-15,5.458040788587666e-12,-1.4931080498122307e-11,5.754321586520598e-12,1.4611012731022476e-15,5.2771783393360613e-11,3.2651098255044355e-12,-5.523929144810734e-15,0.9999999999953375,3.812594190327549e-16,8.499154497642966e-15,8.673620843665779e-16,3.741078356937803e-15,-4.623144306379927e-13,-9.101003885120982e-11,6.662838089936073e-12,-9.276646499849784e-16,-2.9826098134571918e-15,-3.4770159045794663e-15,5.523335041597787e-15,2.4255712166512395e-14,2.5183826434936776e-15,-3.974025253721029e-11,2.374891330741697e-11,3.876112651222266e-15,-1.839234490074021e-14,-1.0073257749502077e-11,6.294137502869422e-12,1.4381263210040117e-11,-4.9074674215748185e-15,0.9999999999815283,1.1271264577276791e-15
1.147279073623769e-11,1.319637050296533e-16,3.542524690463274e-15,3.849311386882113e-16,2.290112414371814e-19,8.118259626214421e-16,3.542554813957269e-15,1.1460509625058544e-12,5.405353278872279e-19,6.113722067254982e-16,5.580600322187073e-19,3.5421946914480615e-15,1.1982814366143896e-15,3.542972389083076e-15,3.32633595916007e-19,6.943965305279616e-19,9.48451343301689e-16,-1.8289940668353247e-19,4.650321391453257e-16,3.6926396963544157e-19,3.5424092132347636e-15,2.8003204832753654e-19,2.5000388300035575e-19,7.647849637433949e-19,3.5428630975358214e-15,6.493375035284235e-19,5.055967521906171e-16,4.2454204230316114e-19,3.542492256315779e-15,3.2980065403140117e-16,1.085133008952948e-19,3.357317769821032e-16,7.071788249863804e-12,1.1384657680720734e-19,3.542661179838567e-15,6.042437539187244e-16,3.2858361586345915e-19,5.236896098188525e-19,1.5964094639214364e-19,4.2363922763611305e-19,1.1766408181567675e-15,6.605598120358592e-16,8.141551135394098e-16,2.833648161873914e-19,2.5318568149769732e-19,9.153392440614844e-16,-9.493448975021615e-20,4.3484252707382107e-16,2.800932499100581e-16,7.070960367230175e-12,1.0956898490999964e-15,9.883356760678518e-16,3.5428397088252014e-15,7.5311710009875575e-16,5.896261422100284e-16,-1.6796733419525157e-19,3.5425679621414007e-15,2.2789458507914075e-19,1.4224010239686594e-15,6.420760190540054e-19,7.071926857566638e-12,1.572959449112149e-19,4.468685519346104e-16,7.816977542606243e-16,7.401342957205345e-19,-1.7682619193928903e-19,1.2221257860557562e-15,7.62795639880266e-16,2.7865400357728326e-19,-7.059266883353746e-20,3.542444704189808e-15,9.413486672490583e-16,5.316990512033067e-20,9.469779597681913e-16,7.586654583642655e-16,1.162936750150089e-15,8.074879782988302e-16,8.992807297184908e-16,3.34706298262566e-19,7.191708932823773e-16,4.592430691680957e-19,7.071988648332025e-12,6.718449561755568e-16,5.104898749980984e-16,3.0609226097839274e-19,6.45630009154538e-16,7.07170392078585e-12,7.071448413611822e-12,5.224002671882475e-19,5.016096964107822e-19,5.447620776273395e-16,7.443087346052478e-19,1.2191450242460152e-15,6.285348597016089e-19,5.208912272438033e-19,4.60347258813555e-19,3.542606747380051e-15,6.031761530904597e-20,1.1479830356729775e-19,9.408637837736218e-16,2.5184298258615304e-19,2.362611806922365e-19,3.194223066308658e-16,6.736126250111256e-20,9.02405103222212e-16,7.070961423778653e-12,1.054436526519292e-18,5.059498463052436e-16,1.0672319302174087e-15,5.424311853286432e-19,6.568004979748252e-16,6.270633602968062e-19,6.293048281517192e-19,-8.609470550832567e-20,9.407691204864344e-16,1.8251117507822226e-19,4.961694149500792e-19,7.029034640039622e-16,2.5112104499872613e-19,1.0363989934961473e-15,5.071859066574643e-19,2.5266329372122043e-16,2.9646480473882295e-19,4.467457204184087e-19,3.4846784662778477e-19,2.270800853445709e-19,9.781999832691226e-16,7.072025951673186e-12,2.296833889498753e-16
-1.0193746490745051e-11,6.035398403302479e-16,-7.31347686707333e-15,4.2595484258014345e-16,4.3404623266184745e-16,2.2513303531656345e-20,-7.313456592876397e-15,5.405353278872279e-19,1.1431946027368671e-12,6.287256699217139e-20,2.2569868606242257e-19,-1.4598346276232618e-11,3.755641287142161e-19,-1.459783716480353e-11,4.21052213026789e-20,2.176223778491699e-19,2.796565792890658e-19,2.3574143378243267e-19,5.588638791439918e-16,5.935546797532768e-16,-1.4598623479456663e-11,4.6411001914125505e-16,3.764898816583916e-19,1.19611716416769e-19,-7.31333864700094e-15,2.6392464585155236e-19,5.396525294383565e-16,6.666444969128888e-16,-1.4598393458089647e-11,3.131430389385612e-19,5.170800475894367e-19,1.6806216599990369e-19,-1.4598184288782192e-11,4.0315751311570753e-19,-7.313277294142294e-15,6.650657338569298e-16,6.122479256093196e-16,5.361483729849463e-16,2.1270530152456733e-19,4.1284207185883037e-19,2.421080926531344e-19,-4.013528154676145e-19,3.9153255142739926e-19,1.9703055079773578e-16,6.654639172986411e-16,4.887489745362156e-16,6.792123959676293e-16,9.564008355680739e-16,2.2792776638406723e-20,-1.4598276824137764e-11,3.669481156312063e-19,5.447162180181074e-16,-7.313539549737272e-15,9.139070370735616e-16,2.750456631397407e-19,1.9526023740774553e-19,-1.4598341938901606e-11,6.464061982442497e-16,6.106942162813212e-16,4.036784751087339e-19,-7.313231701301082e-15,5.14847946772272e-19,3.81155317363358e-19,8.921602343325537e-16,8.072020111988778e-19,3.6220885622423867e-19,2.4927372094833643e-19,3.589531217503251e-19,5.785952143208601e-16,6.079184575473137e-16,-1.4598408570551684e-11,9.31640725560628e-16,5.961956811186033e-19,2.8392997066759177e-19,4.484271757187462e-19,-1.1961692091978176e-19,5.667167811768422e-16,2.364177053426765e-19,5.320299109147616e-16,4.437490979710739e-16,7.216935283644501e-16,-7.313210571529314e-15,2.8928265244791083e-19,3.2520001593963925e-19,4.7960306306346815e-19,6.370609072164425e-16,-7.313743044377647e-15,-7.312851395031759e-15,6.441964394414987e-16,4.605557366993709e-16,1.548783173063536e-19,3.045555328763573e-19,5.833664752709944e-16,1.6182053338792234e-19,3.5960186342374244e-19,7.000613416802418e-19,-7.313561953263858e-15,3.5764781726020085e-19,2.3599953785994037e-19,5.718777719110644e-19,4.554926007276144e-19,3.2046234203972337e-20,5.648434256290836e-19,7.958052849775585e-16,6.197243918110132e-16,-7.313361608247971e-15,4.577939518670682e-19,7.540600938164561e-16,3.9762846665237955e-16,5.656556076096135e-16,7.938533228820659e-16,9.081274224941884e-16,4.71606715918645e-16,7.934645986860532e-16,2.360601536069199e-19,2.7185825599538825e-16,7.078879634955799e-16,-1.1573967536333982e-19,3.49668972366342e-19,5.400327397539586e-16,2.8970175318311495e-19,8.704011300137919e-16,5.971917171364119e-16,6.065489355808001e-16,3.7345624110328055e-19,6.369183997911996e-16,4.1134324746799375e-16,-7.313024825503456e-15,3.272302388485044e-19
8.459364687573449e-12,1.086970887419118e-15,4.054154221049424e-12,1.6276208045883535e-19,2.2280403844707265e-19,1.1600014811353283e-16,2.0309894722173306e-15,6.113722067254982e-16,6.287256699217139e-20,1.1459077251852463e-12,1.4944756589116687e-19,2.0309811471273625e-15,1.596269950444482e-20,4.0546037381706725e-12,5.832243044611935e-19,4.2411798085816776e-16,4.945232401337803e-16,1.2176466054168883e-15,3.376814691402753e-19,8.568311890107235e-16,4.05394661515671e-12,1.1265652543036515e-19,9.488450643663514e-16,-5.940955438570983e-20,4.05406673630927e-12,1.1252904827761956e-19,1.9774701180540818e-19,6.5197334362605675e-16,4.053990575279949e-12,1.1113007229229468e-15,1.1554080710291248e-15,6.1219514092019835e-19,2.030944830551046e-15,1.2303980295448941e-15,2.0302750786840313e-15,8.210454382312677e-16,4.0333923464490925e-16,-1.1490419127316397e-20,7.465247253089013e-16,1.954966611952805e-19,1.0247957884340233e-19,2.083497752077393e-19,-2.590366429880368e-18,2.0286844779767252e-17,4.03854554221258e-19,2.20010199010236e-16,1.4581554038908506e-15,7.932745516462969e-19,1.397809928613747e-15,4.0547022265103706e-12,4.847477699838347e-19,2.8173567206696063e-16,2.0304573474873876e-15,4.82488035717546e-19,7.195500881946364e-16,4.421743019741056e-19,4.0539735065265305e-12,5.769541120124515e-16,-7.828747118352577e-20,5.011031880681302e-19,2.0308368451184043e-15,1.2541410402521591e-15,7.9346900779841705e-19,6.847583658577458e-19,5.330877775484602e-16,1.1294055029224196e-15,2.0771862284795285e-20,3.208535949026735e-19,3.698771122636284e-19,6.518092798918148e-16,2.031180393830752e-15,1.084882222411098e-15,8.96525384681313e-19,3.5678526984902774e-19,4.149085424793568e-19,3.7469853354174974e-17,5.027948181571548e-19,3.111464742904706e-16,2.1066516684544362e-19,4.811526674763937e-20,5.943611313211054e-19,2.0311370437333452e-15,6.036138818599299e-16,5.034448681451541e-19,7.873192677953142e-16,3.116587672200535e-19,2.030491664232127e-15,2.0308862749744445e-15,1.3317604884632092e-19,7.733725394772607e-17,1.6991370878923449e-19,7.949140339395857e-16,1.0968429268686022e-19,2.0821870095395209e-16,6.631230932714991e-16,5.402732272175092e-16,4.053445669628712e-12,4.638069290741697e-19,6.639239229046199e-19,7.867958536871691e-16,8.152742493566219e-19,2.008262684922537e-19,1.0611562348760034e-18,5.534773498714284e-19,-1.4592400333271458e-19,2.0310061781505824e-15,-7.966144213751074e-17,1.081364667972853e-15,-2.832295220154397e-19,9.602957186277291e-16,8.870055438345551e-19,7.942441829686647e-16,6.890406769284119e-20,1.4738995177161858e-15,2.1278955530694585e-19,-2.6846636362929526e-19,6.379483557535794e-16,4.403848376321069e-19,1.0876899878537672e-15,1.0803651097533151e-19,4.2137871272778165e-19,3.9925256482140195e-19,4.3880790285109444e-16,5.370308770779764e-19,6.783788456572279e-19,6.651971691548176e-16,1.1763474420596786e-17,2.0312209113402855e-15,4.500334427518176e-19
7.830147399326201e-12,1.8078210790003316e-17,1.7151559838465919e-15,2.0700482843329467e-19,4.804639692494894e-16,7.54437807415106e-16,3.4239504075352373e-12,5.580600322187073e-19,2.2569868606242257e-19,1.4944756589116687e-19,1.1432544703328624e-12,3.4237406586592616e-12,4.473474838320725e-19,1.7155012682203364e-15,-1.3077353498414923e-20,9.485905792695306e-16,3.3263638029532144e-19,-3.741106106485495e-16,2.6382195753092113e-20,-6.775497013385838e-20,3.4236384975820058e-12,7.318676440397007e-16,3.5626863956891874e-16,1.5503409808402456e-15,1.7156594790889876e-15,8.164464860196632e-16,-1.145756377034563e-19,5.068704402045308e-19,1.7152797638083238e-15,9.728610045756105e-20,1.686229917330982e-19,-4.583523662022837e-19,1.7153924610002719e-15,-4.945023880425031e-17,1.7153166146962371e-15,3.903138259306275e-16,3.2365861103657263e-19,8.224732549585036e-16,3.293816720590147e-19,3.0412142378884863e-16,1.0180796389810605e-15,3.203287986794095e-19,2.2729285093986897e-19,5.409025279495007e-16,2.4487507146176936e-16,7.629990505121691e-16,-2.528763690177961e-16,3.963201468431835e-17,-1.3103991331762456e-19,3.4233932146042867e-12,1.0343448905060813e-18,4.135263461668669e-19,3.42441886864503e-12,2.4367732043828293e-19,3.476509131362992e-16,1.1122629980435452e-16,1.7150976028679504e-15,5.591519679939932e-19,1.2584811600302316e-15,5.1646943979142696e-17,1.7157777242810285e-15,-2.0649097340117238e-19,9.995656747376299e-20,4.100489671024369e-16,3.94067374467513e-19,-3.612029790862102e-20,6.627212857872178e-19,2.437201372206183e-19,6.681926595819742e-16,2.6849811509693164e-19,1.7153633528803437e-15,1.5241325492347344e-19,4.9829129659914385e-20,6.861055455047229e-16,3.8534890325359024e-20,1.0036377436250021e-15,2.8248352493771635e-19,8.078994796892803e-16,6.046475561842565e-16,6.585872329890748e-16,-1.2802036878875226e-20,1.7156009284086283e-15,4.986531521142757e-16,1.1589977410228833e-19,7.001357346587946e-16,3.8779727785411163e-16,1.7154272123570522e-15,3.4240029364193835e-12,8.197788453465288e-16,9.357274523876899e-16,3.06951729968074e-16,2.526668716403449e-19,1.0190139371618343e-15,7.851489818933112e-16,2.749782706251966e-19,3.5168975555253054e-19,1.7155002610200805e-15,1.584131074493786e-16,-8.446601276137932e-17,6.206370331609473e-16,1.658143797163206e-19,3.2382830500279033e-20,-2.118690683756156e-16,2.7029139183784466e-19,6.164092579210583e-16,3.423644518426861e-12,1.314715682846658e-15,4.272611457234997e-19,9.666486176291972e-16,4.373510211176303e-17,-6.036871826243696e-20,9.433611013326675e-16,1.11961608090767e-19,-2.0064850443417883e-16,8.51340888030669e-16,8.801439595978491e-16,3.125310578980278e-19,4.0851002334266497e-16,-3.9024050658563196e-20,8.904178090833777e-16,2.867210433175267e-19,3.799662042206874e-20,7.193014184167569e-16,3.1607665511603203e-16,5.626078633467861e-16,1.9023452047739774e-19,5.438743576457389e-19,1.7154421576305625e-15,5.5005093449167525e-17
1.0000000000005498,-2.5134418591849747e-11,1.0000000000379905,1.6554015467561303e-11,-2.138697492220637e-11,-1.1662052204111545e-11,0.9999999999936663,3.5421946914480615e-15,-1.4598346276232618e-11,2.0309811471273625e-15,3.4237406586592616e-12,1.0000000000206444,-2.2352553348734496e-12,0.9999999999853855,-1.0315640845210401e-15,-2.4899973172696778e-15,1.7093872199674283e-11,-4.574470353531094e-16,4.1033744447874925e-12,3.365071618235746e-15,0.9999999999954201,-2.8610381033788995e-15,1.446414434834404e-14,-3.727095778795515e-14,0.999999999985462,1.0500432753535655e-15,-3.637052361635113e-16,-5.7569724143691855e-12,0.9999999999974218,1.0151290765122089e-14,-1.6461212206368737e-11,2.3201102151228227e-11,1.0000000000261784,-4.638411528658172e-11,0.999999999993344,-1.6561720898149475e-12,-8.139614059000081e-12,-1.6358317953015308e-11,1.1481055757500458e-11,-3.4038312481623633e-12,-1.1553808869836122e-11,-1.5346938236435696e-15,-1.96026860280607e-11,5.9579228442126665e-12,-1.931190780389374e-11,1.1429936625815898e-14,-5.260611433377705e-11,1.545221428219613e-11,1.3289343695260534e-11,1.0000000000154643,2.4166407064736742e-15,-2.285264208066547e-11,1.0000000000101743,1.507436738740675e-14,-6.184222726041114e-12,2.2966869947794517e-11,0.9999999999938639,5.381025262365821e-12,-7.897877544625537e-12,-4.647989214663158e-15,1.0000000000106997,-3.4089434779975283e-12,-4.728106897256032e-16,5.232774498394767e-15,1.8357424991752465e-11,4.4880404718294885e-15,-2.491968822981707e-11,-4.324428817295337e-12,-3.589726261080372e-15,-1.898639962004748e-14,0.999999999995987,2.641898052835204e-14,-3.730527639649024e-14,9.593896518908096e-15,2.444541214703058e-15,9.309302849233113e-13,-1.1811469924004327e-14,-6.736342727280481e-11,-1.361468342217343e-15,5.941668168774218e-16,-8.541636682845637e-15,1.0000000000455507,-2.1780699437525844e-15,1.7260674322930393e-15,4.083812428975934e-15,-5.267864446007367e-12,0.9999999999746778,1.0000000000083427,-1.1778439877216528e-14,3.822245820290497e-11,-1.8621821687612632e-11,-5.445378097671406e-12,1.7509954600455357e-15,3.4661700532900995e-11,-1.23752252875188e-14,1.8559027419059773e-14,0.9999999999768171,1.723467440192891e-15,2.734648075162426e-15,-7.480188722813661e-15,5.75426805810025e-12,2.9174720570197787e-12,5.277237256772915e-11,1.635266371418294e-15,-1.1025845130740769e-11,1.0000000000211637,3.8043173795230255e-16,1.6964888849841028e-11,8.674469121138451e-16,3.741351837942178e-15,-2.3257623763783506e-16,-9.101024311489458e-11,3.33811580874589e-15,-9.270852841844952e-16,-5.952945621047542e-12,-3.4770063383385646e-15,1.1025147536469703e-11,4.841727154253247e-11,2.5180902641213938e-15,-1.9909383052309633e-14,2.374895216009891e-11,7.737904726625027e-12,-3.671287112360937e-11,-1.0073176271293006e-11,3.1530844378660744e-15,7.204430240382313e-15,-4.907649847040803e-15,1.000000000007352,1.1267448147552843e-15
2.170226753902388e-12,-8.169441127847225e-16,-1.119940806312116e-15,3.5388731033008795e-20,1.7686596760328655e-19,1.2907345137880438e-15,-1.1195890646976256e-15,1.1982814366143896e-15,3.755641287142161e-19,1.596269950444482e-20,4.473474838320725e-19,-2.2352553348734496e-12,1.1468888868307916e-12,-1.1190549130587137e-15,9.050097434089815e-16,1.5338261000751958e-15,4.428736068674907e-19,-9.0936455533443e-19,1.0681463497990169e-16,-1.7458744302978948e-19,-2.235209847207498e-12,1.166584607734562e-15,8.540091851316409e-20,1.7058898457215315e-18,-1.1191000187437731e-15,1.5089100775890303e-15,2.838681516096159e-19,5.246053881506982e-19,-2.234501198347326e-12,-6.241684128780782e-16,-1.255806271169917e-20,-6.681456066377918e-16,-2.2341038618285476e-12,-3.3973690842758153e-19,-2.234146643584158e-12,1.198996518549928e-19,1.1605650441847735e-15,6.146462772424456e-19,2.0507581045524083e-17,4.244651582598626e-19,8.92989422012024e-19,1.318287881446955e-15,1.4533780844705847e-15,8.883501962495013e-16,-5.876778741020308e-20,1.276030842901579e-15,-1.6231316533119034e-15,-2.703155762322895e-19,-3.0448542897576553e-19,-2.2361799414918753e-12,8.213145499737017e-16,1.3602518745492851e-15,-1.118755931283814e-15,-1.303039564028549e-16,2.0496062047862105e-19,-7.065405550294599e-19,-2.2341843729596514e-12,8.847002021647287e-16,2.3145362386899547e-15,-6.501384276907418e-16,-1.1191598947848678e-15,-5.771079654414269e-16,-8.060966066057298e-16,-1.8256159162947279e-19,1.2926970041617663e-15,-9.40040349406117e-19,1.972570931956091e-15,4.008577130755769e-16,1.0092386897994984e-15,1.6938395533526257e-19,-1.1197318953570544e-15,3.511809942378415e-16,-4.876186513522368e-19,4.711466424704154e-19,2.752111067099888e-16,1.864947128480516e-15,8.899764776100563e-16,1.2426417077714891e-15,8.930870248400916e-16,9.736675030326852e-16,-6.218302286743491e-16,-2.2345798893208486e-12,4.959488165617949e-16,1.1030989261922355e-16,4.000692557919988e-19,7.96743565145882e-20,-1.11918726437555e-15,-1.1196512999710142e-15,5.619102630949893e-19,1.6624752358206828e-15,1.051200707183523e-19,3.103652805012123e-16,1.7963440908965376e-15,7.820688740515766e-19,4.903716377301792e-19,5.537806395412381e-19,-1.1193720809612084e-15,-3.201075222274287e-16,-9.426723374770516e-16,6.617403182414954e-16,5.508504311816491e-16,-3.5754248241193265e-19,-1.8393815517438138e-15,5.3180828038749345e-17,8.727713652756314e-16,-1.1203672471985313e-15,2.5108682672234203e-15,-2.332070022135026e-19,1.851069869629769e-15,-5.248545367624191e-19,-1.7827946712975605e-16,6.99196331917605e-19,1.365365756670598e-15,-1.3879225498410025e-15,9.986838829768847e-19,1.6331097129378455e-15,2.3886558539288593e-19,9.91696799351153e-17,-5.483459778489651e-16,7.351040552377684e-19,9.783834798852954e-20,-4.721670077857152e-19,2.2346180633733436e-19,-8.225679366116914e-20,2.2044908363479297e-19,4.519541055729888e-16,1.3278099702656779e-18,-1.119529553618743e-15,6.29450878001428e-20
