1.0000000039531127,-4.851037977747688e-08,1.0000019472138713,-3.575343307201224e-08,-2.5242844421522177e-07,-8.060613377978648e-08,3.6553728262527895e-09,-1.930109650065771e-07,-9.612109847121628e-08,-7.36055178724092e-08,-1.6741220166334192e-07,-1.0648365231321195e-07,-4.447086911268832e-08,-3.9913222609506767e-07,1.000001915226206,-5.9519258871502294e-08,-2.842103384898748e-07,-4.577480203004619e-08,-1.8265491521309798e-07,-2.7641144244828193e-07,1.7334833812590145e-07,-4.319818267846971e-07,-3.51287884544969e-08,-9.013167707870235e-08,-1.6738150753947356e-07,-1.2925971153617206e-07,-1.0924065858989056e-07,-2.0111208999858775e-07,-2.510942809052837e-08,-2.6299900416956763e-07,-3.230724167066787e-07,-9.792721630588566e-08,-1.0055176652470811e-07,-7.415237507372883e-08,-3.432200427583577e-08,1.5316157568056458e-07,-1.744558522762151e-07,-2.34922448426642e-07,-1.2467034104757767e-07,3.8484440034174563e-07,1.3497988329410713e-07,1.0000019251983154,6.83200876999412e-08,-9.779461514445161e-08,-2.6291203968216905e-07,1.0000019728083198,-4.322334736930414e-08,-4.116887294568835e-07,-1.581427694281754e-07,5.66555536635336e-08,1.0000019832343106,-1.354328478588659e-07,-1.2493230926765816e-07,1.0000019399165634,-1.0455217988752989e-07,1.0000019385422219,1.0000019653207377,-3.527175901770757e-07,-1.833552753670251e-07,-5.800461209416146e-07,-3.414221938693508e-07,-1.720295728558788e-07,-1.7895363340280109e-07,-9.422688399649108e-08,1.0000019655209795,-3.621530612275373e-07,6.693130745080537e-08,1.0000019528753985,5.062680309459478e-08,1.0000019250096917,-9.15451429589032e-08,-4.1826287282929845e-08,-1.6947681103231537e-07,-1.83316202716544e-07,-9.969429262261618e-08,1.000001943803009,-2.010041347506521e-07,1.000001928712059,-1.2543837743300738e-07,-3.068539643403978e-07,-1.455863870798761e-07,-2.089307506323463e-07,1.0000019456485718,1.2353123278691251e-08,-4.39241916568348e-07,-1.9500753922862903e-07,1.00000195333896,-7.336095135585613e-08,-3.156924848343355e-07,1.0000018976463387,-2.6763448693410517e-07,-2.268188125325546e-07,-4.659982511246771e-08,-2.0035604072597985e-07,-2.3329236016208958e-07,-3.388102874636889e-07,-1.2643101469362692e-07,-6.624405422600958e-08,5.556950281406638e-08,-4.4938174057400886e-08,-8.187145843618201e-08,-4.5951344782401655e-07,-1.3514817230143478e-07,-1.31832067699167e-07,-3.6553275920748195e-08,1.000002030769843,-1.0732848920565249e-07,2.24270108468487e-08,-4.7799982815399e-07,-9.531700847660493e-08,-2.2930352790219015e-07,-8.082594608672711e-08,-1.1953976776258273e-07,-2.3266013535125803e-07,-1.9449433526638913e-07,-1.2167792759440205e-07,-8.820878575470059e-08,1.0000019475052797,-5.9424155408762665e-08,-1.4605887754022218e-07,-3.864961998507167e-09,-3.2116102810051065e-07,-1.9462784691907208e-07,-9.518253024857438e-08,-3.593163962320516e-08,-2.1717208662836938e-07,-8.31065801362385e-08,-6.783750243493279e-08,-1.4093829424380218e-07
-4.851037977747688e-08,5.053208108430993e-07,-4.609755179060115e-11,-1.039892243857834e-08,-8.473844360942428e-09,-7.900065463465276e-09,-9.516564267921056e-09,-1.3822539442896183e-08,-1.0342578430125567e-08,-1.0099593010040918e-08,-8.076810363091073e-09,-6.529993806580317e-09,-1.0401863205133204e-08,-1.2015510424387027e-08,-9.784652162847937e-08,-8.591028976654879e-09,-1.1893483202895757e-08,-9.26859353218431e-09,-9.706718870238924e-09,-1.3895680054944579e-08,-1.680867457065149e-08,-1.1832259373286203e-08,-9.340404727287217e-09,-7.978980603926092e-09,-1.1918729901894226e-08,-7.845663336700829e-09,-7.178537473780852e-09,-1.0462287034765448e-08,-9.234807084571283e-09,-7.794553096436944e-09,-1.2136403649674361e-08,-9.439120371261252e-09,-1.0088608947835112e-08,-9.314358035653734e-09,-6.616823527893507e-09,-9.380429358380086e-09,-7.802882613494459e-09,-8.586130336874603e-09,-1.0421879998957106e-08,-1.9827077160143643e-08,-1.4235208245277056e-08,-9.008410126241958e-08,-1.069192144296421e-08,-1.0528068827137113e-08,-1.1860965956169005e-08,-9.44058136255763e-08,-9.70237586867364e-09,-1.325560096963755e-08,-1.2016493530571057e-08,-1.0606478169777844e-08,-9.194981608702892e-08,-8.515172933183604e-09,-9.279604972270822e-09,-9.229111624825828e-08,-8.760933112574247e-09,-9.094272599211295e-08,-9.582163987464037e-08,-7.5500030339749e-09,-8.48392501590421e-09,-1.1799849067366467e-08,-1.1982044039098488e-08,-7.927092959039156e-09,-7.051159840458067e-09,-6.561703822902761e-09,-9.609985422611859e-08,-5.983641475725024e-12,-7.099777868503817e-12,-5.114483868844837e-11,-4.7184912814844756e-12,-4.831900703823684e-11,-4.734086082111111e-12,-4.777597411592543e-12,-4.245051746050353e-12,-4.16460809226692e-12,-4.332240066027218e-12,-4.6935273845152785e-11,-4.748792337162233e-12,-4.8958927297964195e-11,-4.3715642211165825e-12,-6.040521251345924e-12,-4.268144935096131e-12,-5.470201854374553e-12,-4.589387703680617e-11,-8.144965841689156e-12,-5.969871693362256e-12,-5.902045314336191e-12,-4.6118998779457256e-11,-5.2502087902173265e-12,-3.752007292826967e-12,-5.023103541823549e-11,-3.67649152112205e-12,-6.901033223514286e-12,-4.642360412292431e-12,-5.176616877548162e-12,-4.204980684392303e-12,-6.0455679274161995e-12,-5.400607461314442e-12,-5.321060916495855e-12,-4.732797682063392e-12,-4.137395684058777e-12,-4.231774466281987e-12,-5.958308727854759e-12,-3.607681701367529e-12,-4.262569789538335e-12,-4.30028477916008e-12,-4.8769630411062374e-11,-3.2807505096095757e-12,-5.107388615371046e-12,-5.846132938169958e-12,-4.78847784077054e-12,-3.820764791139565e-12,-5.3005816000695665e-12,-4.285332610005691e-12,-3.45873355601621e-12,-4.200779062905556e-12,-3.785302065857834e-12,-4.699711245754119e-12,-4.7646826107805565e-11,-4.819188322533493e-12,-3.843285117451588e-12,-5.3217401658858215e-12,-5.838840353230859e-12,-3.883174542015647e-12,-5.239869762510959e-12,-4.65216800250174e-12,-3.800187872079523e-12,-4.266957222828252e-12,-5.322346106288706e-12,-3.64002444800215e-12
1.0000019472138713,-4.609755179060115e-11,0.99999793285036,-3.2160825494148476e-11,-1.543956017481523e-10,-1.4509689577712386e-07,-1.892548805987299e-11,-1.7298727576201387e-07,-1.2500220814439446e-07,-5.277182354531707e-11,-2.2769164611615282e-07,-9.50686200269936e-11,-7.281231089979484e-08,-4.0530867146257614e-07,0.9999974645360481,-5.714757845937711e-11,-1.4606969759485793e-10,-9.003566235729834e-08,-2.219266851835794e-07,-1.2811970134455825e-10,1.1725944465221695e-10,-4.4007550977849794e-07,-7.869485201172902e-08,-7.705565492324489e-11,-8.733634238445136e-11,-1.944276772812947e-07,-9.207912181106699e-11,-2.28734608345635e-07,-6.975568416726313e-08,-3.2853027149292936e-07,-3.2782909321190915e-07,-1.4028602642004764e-07,-6.633671932014862e-11,-5.904494951033181e-11,-5.844335467467982e-11,5.50658632400039e-11,-1.2021786186436334e-10,-1.449820286099779e-10,-7.652012349978154e-11,4.896381874551378e-07,1.592702732832223e-07,0.9999973711552742,2.162303053655034e-11,-6.239730836652597e-11,-2.7068146911288627e-07,0.9999974757604358,-8.279899497418821e-08,-3.981154302488218e-07,-1.6405507768489402e-07,1.5365366500751233e-11,0.9999974536818111,-9.55663322734908e-11,-8.473519782667512e-11,0.9999974147894662,-7.878532277712448e-11,0.9999973955600907,0.9999974870929662,-4.209683873508363e-07,-1.1975134264634206e-10,-2.94699970083589e-10,-3.478557034118285e-07,-1.1833465402794535e-10,-2.5479180005711896e-07,-8.882090196137179e-11,0.9999974909717295,-3.6888607274445907e-07,9.057271253518697e-08,0.9999975578736215,8.043029922165526e-09,0.9999974553210095,-1.3380495271840081e-07,-8.320703906937418e-08,-2.252985553443716e-07,-2.4084850920767663e-07,-1.536358900624019e-07,0.9999974369460843,-2.429686818077484e-07,0.9999974758466645,-8.940303908600365e-11,-3.1236909969757123e-07,-2.0095625120581275e-07,-2.3143595500209323e-07,0.9999974109814481,6.670661977055237e-08,-4.4636806444795624e-07,-2.0357835471066976e-07,0.9999974248648837,-1.0091716982463371e-07,-3.845547954643052e-07,0.9999974785367551,-1.6953449502768395e-10,-1.0389861624748463e-10,-4.555442693261908e-11,-1.1496013260081487e-10,-1.4525237119466387e-10,-1.7234053713035867e-10,-7.543757997601661e-11,-4.619267885983825e-11,6.576477219988222e-12,-5.178252001126965e-11,-6.916154193189506e-11,-2.338093853302998e-10,-1.0488762062127193e-10,-9.382114863084404e-11,-4.572317697544723e-11,0.9999975725549932,-9.543494276309036e-11,-4.141506405420914e-12,-2.4434758348087343e-10,-6.827430772688163e-11,-1.486979740488339e-10,-5.369123909099146e-11,-8.739106135400016e-11,-1.554080148800311e-10,-1.2585751814813225e-10,-9.518880158517506e-11,-6.577540532715118e-11,0.9999974601642738,-4.996254348299e-11,-1.0676347710244028e-10,-1.4911755144840096e-11,-1.6587606539340606e-10,-1.306022928283652e-10,-6.152703203697908e-11,-4.0035725878344324e-11,-1.4286925349553286e-10,-6.94342507073409e-11,-4.703538881304912e-11,-1.073839812581759e-10
-3.575343307201224e-08,-1.039892243857834e-08,-3.2160825494148476e-11,5.03093850999161e-07,-4.724308382255869e-12,-8.790814190324693e-09,-1.0589624030878293e-08,-1.5381169651522432e-08,-1.1509366994063193e-08,-1.1239455774745382e-08,-4.5034527747892694e-12,-7.2670395747081835e-09,-5.799276991826834e-12,-6.698644605995954e-12,-3.542078225694693e-11,-9.55977646530848e-09,-6.6308414269772404e-12,-1.0314108987494125e-08,-5.411387810023876e-12,-1.54622786242198e-08,-1.8702474568453505e-08,-1.3166743122798686e-08,-1.0393816964281666e-08,-8.878434944446626e-09,-6.6448344850931995e-12,-4.3739785983529795e-12,-7.988252124552776e-09,-5.832937298821506e-12,-1.0276640940345734e-08,-4.345563454098008e-12,-1.3504501467244883e-08,-5.262424193071968e-12,-5.625092211201599e-12,-5.192990789089761e-12,-7.363429355220193e-09,-1.0438239394315242e-08,-8.682927821447272e-09,-4.78686223796432e-12,-1.1597386041766632e-08,-2.206246759225526e-08,-1.5838987994631267e-08,-6.205335044261145e-08,-1.1897284409495827e-08,-1.1715479743247964e-08,-6.6126805022695816e-12,-3.3503957053842476e-11,-5.408846292295238e-12,-7.390797768317832e-12,-6.699209780096813e-12,-1.1802454942435576e-08,-6.412752398086204e-08,-4.747293752339689e-12,-1.0326328111374124e-08,-6.4506485827724e-08,-4.884041316111785e-12,-3.157521084341217e-11,-6.843164827703443e-08,-4.2094866798817665e-12,-4.729938552728033e-12,-6.57881019774491e-12,-1.3333122399241682e-08,-4.4193585954855825e-12,-7.846743566797973e-09,-7.302121188476113e-09,-6.874092762762185e-08,-1.3289931790827656e-08,-7.899780469569467e-12,-3.7772087818114195e-11,-1.048005659306983e-08,-3.463067458273949e-11,-5.267875544459485e-12,-5.316209321652237e-12,-4.723847694442487e-12,-4.6345095856803565e-12,-9.621664497760232e-09,-6.60358366972714e-08,-1.0547079130410333e-08,-7.052606948793051e-08,-9.709016932670487e-09,-6.721531792832117e-12,-4.749421133604499e-12,-6.086627803453835e-12,-6.37247152344387e-08,-9.063233334824067e-12,-6.643120930247748e-12,-1.3109050918818044e-08,-3.218461399322827e-11,-5.842294822362301e-12,-8.334199436850487e-09,-7.334904331658112e-08,-8.166837917243732e-09,-1.5327350292884658e-08,-1.0311301193209136e-08,-1.1497981137340023e-08,-9.339858021364177e-09,-1.3427195644875557e-08,-1.1994322636899318e-08,-1.1817994621599754e-08,-1.0511580373407556e-08,-9.189997490802035e-09,-9.399144885169247e-09,-1.323387770616255e-08,-8.012915581105828e-09,-9.467407399183178e-09,-4.785154180445334e-12,-3.5131591281270586e-11,-3.650995072075574e-12,-5.683766863101296e-12,-6.505814666861308e-12,-5.328316223290699e-12,-4.251865880770026e-12,-5.8982540993220194e-12,-4.768558910470647e-12,-3.8491430713849805e-12,-4.674673517174614e-12,-4.212509426090052e-12,-5.2297160785687215e-12,-3.388347730017238e-11,-5.362482870125466e-12,-4.27687248798182e-12,-5.921749754707031e-12,-6.497662174557424e-12,-4.321219806705303e-12,-5.83090256672753e-12,-5.177030676289805e-12,-4.228997528623212e-12,-4.748124918527077e-12,-5.9223801666102485e-12,-4.050523181684058e-12
-2.5242844421522177e-07,-8.473844360942428e-09,-1.543956017481523e-10,-4.724308382255869e-12,5.069806697535449e-07,-3.5891804106891204e-12,-4.323696646738163e-12,-6.279640423336119e-12,-4.698958448819657e-12,-4.5886103316142375e-12,-7.324440412370704e-09,-2.966482937803388e-12,-9.432646900906311e-09,-1.089519338910179e-08,-1.5705423625196134e-10,-3.903180972715109e-12,-5.403203922873596e-12,-8.405448191614412e-09,-8.80163844005701e-09,-1.2600312924611149e-08,-7.63649292031524e-12,-5.375448779723338e-12,-8.470283931840142e-09,-7.235280075344377e-09,-1.080787049588476e-08,-7.1147576710219756e-09,-6.5091239354747585e-09,-4.7532050502280475e-12,-8.3747913095417e-09,-7.068647135654906e-09,-5.513524109100031e-12,-8.559582999573095e-09,-4.583321249431075e-12,-8.446850673588063e-09,-5.9997363504568e-09,-8.50678905709127e-09,-7.0758021985566416e-09,-7.786062396141083e-09,-4.734992958261516e-12,-9.007832529097226e-12,-1.2908352745795826e-08,-1.5352766636984984e-10,-4.857448430651871e-12,-9.546850731707778e-09,-1.0755376522576598e-08,-3.103521714175667e-07,-8.7981457193688e-09,-6.022076824792552e-12,-5.459310651103041e-12,-9.617949823775662e-09,-1.543753125895235e-10,-7.722287248098209e-09,-8.415284460270645e-09,-1.5453029933097909e-10,-7.944735476593127e-09,-3.072120397182058e-07,-3.1163611282758897e-07,-6.847104720624615e-09,-3.854668138808665e-12,-1.0699586653371836e-08,-1.0864867213455369e-08,-3.6013550000732187e-12,-6.3940982445982285e-09,-2.980875057632113e-12,-3.1188821039473354e-07,-1.082957950344244e-08,-6.438004486139007e-12,-1.5897226777351326e-10,-4.278787435794113e-12,-1.5640994357932667e-10,-4.293129073574786e-12,-8.647438728458797e-09,-7.683577910226703e-09,-7.538409511094974e-09,-3.928820938021056e-12,-1.5515522202018169e-10,-8.595237156941616e-09,-3.133441818914307e-07,-3.964172428543724e-12,-5.477290759499701e-12,-7.725709546315772e-09,-9.90023514468935e-09,-3.077971372377165e-07,-7.385796043033485e-12,-1.080460458331853e-08,-5.351897162461512e-12,-1.5441503878463175e-10,-4.760869111800334e-12,-6.791628727705774e-09,-1.5814367794278025e-10,-6.654705956246143e-09,-1.2490313602549591e-08,-8.40285885848125e-09,-9.369183108449711e-09,-7.611173023063931e-09,-1.0941697896049568e-08,-9.774423169509894e-09,-4.825124256070302e-12,-8.56638222375997e-09,-7.488748460082642e-09,-7.65972194571821e-09,-1.0783664569259885e-08,-3.2714137439932327e-12,-7.715414549431122e-09,-7.783620004668323e-09,-3.130017606741458e-07,-5.9375853620345715e-09,-9.244138218099585e-09,-1.0580564724613167e-08,-8.667334845711925e-09,-6.915780645012181e-09,-9.593753729083999e-09,-7.75664310303277e-09,-6.260366290073724e-09,-7.603917303459542e-09,-3.4326814014569125e-12,-4.261824182331614e-12,-1.558004274668605e-10,-4.369998757660466e-12,-3.485282641446138e-12,-4.825741031563537e-12,-5.294477257117434e-12,-3.5213454075859e-12,-4.7514310264955145e-12,-4.218725350610264e-12,-3.4462157263038598e-12,-3.869470771649696e-12,-4.826212684968735e-12,-3.3006849763118697e-12
-8.060613377978648e-08,-7.900065463465276e-09,-1.4509689577712386e-07,-8.790814190324693e-09,-3.5891804106891204e-12,5.079850860438094e-07,-8.046693063426471e-09,-5.856005386593656e-12,-4.379979279820591e-12,-4.2758686392734555e-12,-3.41866221797342e-12,-5.519176895030008e-09,-4.4056468043834224e-12,-5.090805047720719e-12,-7.519366130420663e-11,-7.263951566289694e-09,-5.037934438328166e-12,-7.834658707575078e-09,-4.113299652666018e-12,-1.1751407666188769e-08,-7.124682307900014e-12,-5.0120592340169564e-12,-7.896581060814873e-09,-3.380928846077048e-12,-5.049025646455478e-12,-3.3238847103736984e-12,-6.069431862077372e-09,-4.431487087000124e-12,-7.805512191222759e-09,-3.301812260287257e-12,-5.142542859057359e-12,-7.980685608241038e-09,-4.270785953679978e-12,-7.873646456160443e-09,-5.593448645777301e-09,-7.930611673601127e-09,-3.305237304319906e-12,-7.259915983129677e-09,-8.810291768542579e-09,-8.400265060664272e-12,-6.034010269618828e-12,-1.434688099980606e-07,-4.5300802156324725e-12,-8.900754635732916e-09,-1.0028071132386717e-08,-7.372901000748412e-11,-4.111770500895347e-12,-1.12018492792628e-08,-5.090985514880027e-12,-4.493229969084506e-12,-7.268122728972798e-11,-7.199414751693342e-09,-7.844183885616288e-09,-7.28279633100115e-11,-3.712620629546133e-12,-7.22520505372435e-11,-1.483499921343813e-07,-3.1968287556964075e-12,-7.172526519931304e-09,-9.974925382356692e-09,-1.0131905897285778e-08,-6.703927881893412e-09,-2.9861419596039635e-12,-2.7790735146910474e-12,-7.445061066643691e-11,-1.0098308377904788e-08,-6.006116458815539e-12,-1.5366473900317134e-07,-3.989234615409134e-12,-7.459049974435457e-11,-4.0028683259644745e-12,-4.040103109011619e-12,-3.58882852269242e-12,-7.02540537566796e-09,-7.312583996418354e-09,-7.341375084671865e-11,-4.0155407219715234e-12,-7.513515476921654e-11,-3.697218196512492e-12,-5.108457548046252e-12,-7.20298914341785e-09,-4.627485150662891e-12,-7.252890508673907e-11,-6.888032814887839e-12,-5.04764128627131e-12,-4.989437091426533e-12,-1.4513386382802882e-07,-8.859981781972506e-09,-3.1704665557130642e-12,-7.621633642758331e-11,-6.199088666926359e-09,-1.164717556502283e-08,-7.832033290437634e-09,-4.37578034823046e-12,-3.5543249434321013e-12,-5.112458823410988e-12,-4.567834353081065e-12,-4.499637707078987e-12,-7.987416397616017e-09,-6.978948439552085e-09,-3.5774067321850143e-12,-1.0054681295212312e-08,-3.050338348889634e-12,-7.193062893634776e-09,-3.6361318740556146e-12,-7.497394506726274e-11,-2.7730796995134033e-12,-8.614966741479054e-09,-4.941275060685002e-12,-4.049280528114998e-12,-3.2293988107527095e-12,-4.481964826995753e-12,-7.2320993211253426e-09,-2.9228560640752145e-12,-3.550765006210913e-12,-6.384954890190087e-09,-7.930899278142407e-09,-1.4772430123763728e-07,-8.134553140699112e-09,-6.484197658764058e-09,-4.500141802741886e-12,-4.93522207076681e-12,-3.2827236322647865e-12,-4.429773487454085e-12,-3.932220735222692e-12,-3.2118975302218057e-12,-3.6077293323732117e-12,-4.5009103654380065e-12,-3.0779430377491492e-12
3.6553728262527895e-09,-9.516564267921056e-09,-1.892548805987299e-11,-1.0589624030878293e-08,-4.323696646738163e-12,-8.046693063426471e-09,5.049732347863488e-07,-7.053625749312366e-12,-5.2764906654792395e-12,-1.0282510627606302e-08,-8.222069963386165e-09,-3.331500583978768e-12,-1.0592826282645802e-08,-1.2238597098548007e-08,-4.373584297634705e-08,-4.383760070104833e-12,-6.068531575630652e-12,-4.7286852732606215e-12,-9.88807298695254e-09,-7.0914333873112176e-12,-1.712533343050156e-08,-1.205048268450988e-08,-9.512249236873157e-09,-4.072140144823443e-12,-1.2139044849946909e-08,-7.991270741194877e-09,-3.6630615234402476e-12,-5.338165094720221e-12,-4.711229462511809e-12,-7.938789677779293e-09,-1.2362403992568978e-08,-9.613247186745813e-09,-1.0270529987285725e-08,-9.485108075933585e-09,-6.738419870977301e-09,-4.7861755256239425e-12,-7.94698233532018e-09,-4.3814120804208445e-12,-1.0613108916606832e-08,-2.0194630215878242e-08,-1.4503519622693994e-08,-1.7945834275863725e-11,-5.456201850606215e-12,-5.371749159658296e-12,-6.051995921396096e-12,-4.0221116961074066e-08,-9.883982771668252e-09,-6.761740849277932e-12,-6.132053361793687e-12,-5.41215377530952e-12,-1.8901226525497824e-11,-4.344998825140182e-12,-9.449596311356694e-09,-3.805975377754375e-08,-8.924853882271243e-09,-1.8385443439782997e-11,-2.0884680473732754e-11,-3.851671177464379e-12,-8.640264345131492e-09,-6.020366194481083e-12,-1.220393303892065e-08,-4.045620447788218e-12,-3.5975208275869277e-12,-3.347999204213843e-12,-4.195228554760099e-08,-6.094264936279046e-12,-1.4437026340391711e-08,-4.805433609386259e-08,-9.591262971721172e-09,-4.2288056203473645e-08,-4.8216329007339055e-12,-9.712757737461527e-09,-8.62896736793177e-09,-8.464067146699077e-09,-8.80785658570991e-09,-1.9781192466546776e-11,-9.65406915782995e-09,-2.1849929637951863e-11,-4.45309788102676e-12,-1.2280905643800471e-08,-4.3470773709277085e-12,-1.1123308654460124e-08,-3.7341936188960203e-08,-8.296407946140284e-12,-6.080144710977844e-12,-6.0103958689601884e-12,-1.8947627638755344e-11,-1.0672363916220201e-08,-3.820151014066021e-12,-4.618824359801658e-08,-3.742574869392129e-12,-7.028890708993682e-12,-9.435223437386678e-09,-1.0521447774193132e-08,-4.281966250370311e-12,-6.1578914181740415e-12,-1.098056613791731e-08,-1.0817461172052346e-08,-9.621037190329657e-09,-8.408098983452088e-09,-8.601608200903191e-09,-6.068155518076316e-12,-7.3340226673200655e-09,-4.341191385165249e-12,-4.379838462203007e-12,-2.165624189002081e-11,-6.668282788414443e-09,-1.0379020166392578e-08,-5.952870751360179e-12,-9.734948408041495e-09,-3.890666843095586e-12,-5.398592705605477e-12,-4.364633316575518e-12,-7.0291773938759716e-09,-8.538108520965434e-09,-3.8541716559178045e-12,-4.786383445574887e-12,-2.0508151651506703e-11,-4.908794651324001e-12,-3.913724044390214e-12,-1.0818748766746873e-08,-1.1867029335520701e-08,-7.893244584344595e-09,-1.0650705197358451e-08,-9.455172585145877e-09,-7.723675198366283e-09,-8.673963280700083e-09,-5.421147354863038e-12,-3.707585750089212e-12
-1.930109650065771e-07,-1.3822539442896183e-08,-1.7298727576201387e-07,-1.5381169651522432e-08,-6.279640423336119e-12,-5.856005386593656e-12,-7.053625749312366e-12,4.94215808465108e-07,-1.5296170677746194e-08,-1.493293564843379e-08,-1.1939410266450958e-08,-9.65734405418656e-09,-1.5385669190628742e-08,-8.907092682678004e-12,-9.102684229024502e-11,-6.36749693224646e-12,-8.814709001533324e-12,-1.370782553222775e-08,-7.196717143456645e-12,-1.0301244990030382e-11,-2.4879650495322755e-08,-1.750359712669038e-08,-1.3816128143378174e-08,-5.91528428795814e-12,-1.7632505499011356e-08,-5.815448018428965e-12,-1.0619657987682546e-08,-7.753608369398952e-12,-1.3656963219225746e-08,-5.776832648298433e-12,-8.99748677234579e-12,-1.3963271672131633e-08,-1.4915649716749347e-08,-6.90198552907975e-12,-9.787249986623062e-09,-6.951837137615843e-12,-1.1542523050732173e-08,-6.363951750595645e-12,-7.723105669355992e-12,-1.469724286894568e-11,-1.0556766563435791e-11,-8.524359009259797e-11,-1.5819601919670123e-08,-1.5573314942034433e-08,-8.79070141884485e-12,-1.7657163881298433e-07,-7.1938774096053365e-12,-9.820308078853042e-12,-8.907343125864149e-12,-7.8614968715898e-12,-1.729155873321929e-07,-6.310807399429183e-12,-6.8761887281567556e-12,-8.688999802644031e-11,-6.495446742401038e-12,-8.588326723915698e-11,-8.951976347037706e-11,-5.593295938829309e-12,-1.2549148625085288e-08,-1.745341436308013e-08,-1.7727324254804644e-08,-5.876570720156796e-12,-5.2248148735122856e-12,-4.862718595936535e-12,-1.7909025433217746e-07,-8.852284093361106e-12,-2.0973608138347308e-08,-1.8796863282491675e-07,-1.3931324011503758e-08,-1.7957831762126813e-07,-1.397860328337639e-08,-1.4108551060912105e-08,-1.2532993533008755e-08,-1.2292027141238556e-08,-6.409883930314826e-12,-1.754716652255276e-07,-1.4022870672550423e-08,-1.8147903895956258e-07,-1.2911131188444164e-08,-8.937922637119307e-12,-6.313890688191093e-12,-8.096201560043552e-12,-8.636698111046897e-11,-2.4054404242197423e-08,-1.762770900529536e-08,-8.729920364648022e-12,-8.670195061866584e-11,-1.55018866817643e-08,-5.5472623809023805e-12,-1.85252678537891e-07,-1.0846770174529199e-08,-2.0378607965294345e-08,-1.3703404728735633e-08,-1.528172118627776e-08,-1.2412656907719878e-08,-1.785390305104558e-08,-1.5951411947418852e-08,-1.571343040237756e-08,-7.0016242068775615e-12,-1.2211042885785688e-08,-6.2591835649680424e-12,-1.759254496690673e-08,-1.0652554527420721e-08,-6.305340396625748e-12,-1.2697818752288274e-08,-1.8091661563574782e-07,-9.684918702960212e-09,-7.552138966715051e-12,-8.646001367531874e-12,-7.084587954510541e-12,-1.127787519777807e-08,-1.5651808750007188e-08,-1.265333354912273e-08,-1.020760343277841e-08,-6.212576350446506e-12,-5.597176758482666e-12,-6.952148400669313e-12,-1.7758188158618513e-07,-7.130610715640531e-12,-5.6840271787091505e-12,-7.873578701614352e-12,-8.635332589968828e-12,-1.146408405907676e-08,-1.5469991318917704e-08,-6.880135580967252e-12,-5.6197884535869214e-12,-6.3121606482678034e-12,-1.5717917465874496e-08,-5.385370255376618e-12
-9.612109847121628e-08,-1.0342578430125567e-08,-1.2500220814439446e-07,-1.1509366994063193e-08,-4.698958448819657e-12,-4.379979279820591e-12,-5.2764906654792395e-12,-1.5296170677746194e-08,5.032177900123119e-07,-1.1180913355443208e-08,-4.480463887504132e-12,-3.6213427363925845e-12,-5.768007600664394e-12,-1.329582530107904e-08,-6.586836876406076e-11,-9.507510721630868e-09,-6.594596650832802e-12,-1.0259216120314162e-08,-1.073996557655922e-08,-7.703682768451614e-12,-9.316533798839759e-12,-1.3094856122504773e-08,-5.179278341032528e-12,-8.828735794258264e-09,-6.608430853894754e-12,-4.349917019449515e-12,-7.9443047264006e-09,-5.801283941807273e-12,-1.022225824880481e-08,-8.626503988361983e-09,-1.3428741728704847e-08,-1.0446308103922461e-08,-1.1169118895695639e-08,-5.1652353435625825e-12,-3.669140727904463e-12,-5.201405782742682e-12,-4.32657323104176e-12,-9.502062661810942e-09,-1.1534962841923184e-08,-1.099238604948035e-11,-7.889974046993905e-12,-6.157890636898873e-11,-5.927524050737358e-12,-5.837714980655282e-12,-6.576615582665943e-12,-6.396600856591007e-11,-5.378287418824523e-12,-7.351981631361213e-12,-1.329746653650552e-08,-1.1737617760202406e-08,-1.2495535933451271e-07,-4.721610117875801e-12,-5.145977807271729e-12,-6.279745574611455e-11,-9.693610776781794e-09,-6.20534241241798e-11,-6.474869492880487e-11,-8.358105683923975e-09,-4.704419432480676e-12,-6.543269518291772e-12,-1.3259410568893962e-08,-4.39470010354296e-12,-3.910266033837124e-12,-3.638558192363158e-12,-1.2953072164800926e-07,-6.621817421840016e-12,-1.5677675028322934e-08,-1.3611203319787e-07,-1.0423091558778704e-08,-6.508392126436034e-11,-5.2391286805957595e-12,-1.0552361519165926e-08,-9.377673054568668e-09,-9.201723005916867e-09,-9.568593590117815e-09,-6.355778135535391e-11,-1.0489105422778904e-08,-1.3130120013765546e-07,-9.654807712734002e-09,-1.3340958584578374e-08,-9.42812214400288e-09,-1.207925269404275e-08,-1.2455366600342198e-07,-1.798930057060276e-08,-6.606638417625011e-12,-6.532279623444706e-12,-6.265678266460984e-11,-5.810385947733199e-12,-8.291172188203936e-09,-1.341024771574738e-07,-8.125460265348651e-09,-1.524297605381657e-08,-1.0256515161640417e-08,-1.1436238107061102e-08,-4.6544919245901625e-12,-1.3352634709009683e-08,-5.975475821282661e-12,-5.8882120857040746e-12,-5.237605249447246e-12,-4.5801154278960585e-12,-9.348675904026355e-09,-1.3161589017825157e-08,-3.992563927362212e-12,-9.416132581203393e-09,-9.498684552250271e-09,-1.3088489970721613e-07,-7.248010621797126e-09,-1.1284928494628415e-08,-1.291595907161046e-08,-1.0576567952522846e-08,-4.2293427751814836e-12,-5.8658434684389015e-12,-9.465952800957096e-09,-7.64257494938143e-09,-9.281072730958358e-09,-4.19043017402673e-12,-5.201268857409918e-12,-1.284143642143776e-07,-1.0643688230651987e-08,-8.490953895809672e-09,-5.889021582121444e-12,-6.4629202736898e-12,-8.57849539447586e-09,-5.799276505771653e-12,-1.0278154773138295e-08,-8.396340042391978e-09,-9.42545481017989e-09,-1.1755094360432524e-08,-8.040001126711695e-09
-7.36055178724092e-08,-1.0099593010040918e-08,-5.277182354531707e-11,-1.1239455774745382e-08,-4.5886103316142375e-12,-4.2758686392734555e-12,-1.0282510627606302e-08,-1.493293564843379e-08,-1.1180913355443208e-08,5.037424948141302e-07,-8.738792800567808e-09,-3.5367631536831737e-12,-1.1242651323380046e-08,-1.2979249761283393e-08,-1.1158672034156725e-07,-9.282748232829571e-09,-6.439113297672045e-12,-5.020002221978411e-12,-5.251763967803881e-12,-1.50094911856061e-08,-1.8144721735908556e-08,-6.405862339600175e-12,-5.0575192996850656e-12,-8.617556968597571e-09,-6.452080368368206e-12,-4.246642757690275e-12,-7.756252380952629e-09,-5.6648237289381865e-12,-5.00228996651506e-12,-8.422805464018598e-09,-1.3107692564898624e-08,-1.019982287649068e-08,-1.0912642206754057e-08,-1.0068511453885047e-08,-3.582932440743627e-12,-5.07908817390643e-12,-8.431914575349108e-09,-9.277122139607378e-09,-5.64368266151716e-12,-2.141882934012047e-08,-1.5366024510980614e-08,-5.175062697438919e-11,-1.1549408470346487e-08,-5.700337847861824e-12,-1.281715531393946e-08,-5.4065784058527225e-11,-5.248978817456309e-12,-1.433498364888408e-08,-6.5039355906725835e-12,-1.1459883069306114e-08,-1.0527433606851628e-07,-4.610299858225686e-12,-1.003111250492829e-08,-1.0563416644439163e-07,-9.461029492391704e-09,-1.0419658730226156e-07,-5.48259863402246e-11,-8.164404334933362e-09,-9.169019435329452e-09,-6.389802970063758e-12,-6.485464496067222e-12,-4.289717770128372e-12,-3.8188052557078124e-12,-7.091619421124364e-09,-1.0971211250613049e-07,-1.2903994532044187e-08,-7.664975945275378e-12,-5.8173838757756904e-11,-1.0177677693340164e-08,-1.100642538072919e-07,-1.0209828174076758e-08,-1.0301646661877874e-08,-9.157177775197179e-09,-8.988145158864863e-09,-9.34077201704202e-09,-1.0710785682942434e-07,-5.130516839876989e-12,-5.583520796502454e-11,-4.721528075634828e-12,-6.52446717562189e-12,-4.612033492424076e-12,-1.1787498684964945e-08,-5.25535593031382e-11,-8.798024837504834e-12,-1.2874717356004145e-08,-1.27322087905482e-08,-5.2794183502904006e-11,-1.1323675837233529e-08,-4.05827549925648e-12,-5.7198305525895375e-11,-3.9782466771962934e-12,-1.4881379323651284e-08,-1.0017586318913913e-08,-5.595706641148421e-12,-4.545890032997372e-12,-6.530516615346545e-12,-1.1640851144595858e-08,-5.748307799398852e-12,-5.1137065293158185e-12,-4.47413630757817e-12,-4.573977242650723e-12,-6.4385597685374744e-12,-3.898073760353241e-12,-9.19433406561126e-09,-9.273904858908007e-09,-1.1102614274088069e-07,-7.078390739870526e-09,-1.1024028693790204e-08,-1.2614914039259259e-08,-1.032538239859573e-08,-8.245002989128206e-09,-1.1430758939158935e-08,-9.242131159032608e-09,-7.465788278225404e-09,-9.064694625861283e-09,-8.170382435328077e-09,-1.0136761567754763e-08,-1.0863005296310738e-07,-1.0389938095509275e-08,-8.292617964176385e-09,-1.147512815349389e-08,-6.312158938074332e-12,-4.197013645090158e-12,-5.663005818348594e-12,-5.029459864641444e-12,-4.108787652788266e-12,-9.2029262124942e-09,-5.749242333753064e-12,-7.848988206480963e-09
-1.6741220166334192e-07,-8.076810363091073e-09,-2.2769164611615282e-07,-4.5034527747892694e-12,-7.324440412370704e-09,-3.41866221797342e-12,-8.222069963386165e-09,-1.1939410266450958e-08,-4.480463887504132e-12,-8.738792800567808e-09,5.076729855242111e-07,-5.645714509166494e-09,-4.5047310692505226e-12,-1.037688126816743e-08,-2.3268492820223917e-07,-3.718852408830381e-12,-1.0277415213980089e-08,-4.01516458096919e-12,-4.19808047237859e-12,-1.1999564838130467e-08,-1.4501658830163153e-08,-1.022399993435119e-08,-8.072869063181137e-09,-3.451509740218975e-12,-5.159063858495972e-12,-6.7770679812654976e-09,-3.1070847544711027e-12,-4.53014995877984e-12,-7.986354719871883e-09,-6.735043505422369e-09,-1.0478770666474779e-08,-8.156333745089016e-09,-4.374268235088793e-12,-4.034527280073545e-12,-5.718866515371381e-09,-8.107435207671891e-09,-3.378027976755306e-12,-7.417806010019879e-09,-4.5136053976296045e-12,-1.712542703996257e-08,-1.2280714397863966e-08,-2.2607282608319684e-07,-9.234014907258419e-09,-4.5585268428534085e-12,-1.02493688270368e-08,-1.1511270285773367e-10,-4.195793021762575e-12,-1.146714240193893e-08,-1.0379349019433406e-08,-9.163526968553225e-09,-2.2766212025315292e-07,-3.686691594508162e-12,-8.023002789534437e-09,-1.1421015016778335e-10,-3.789140556881317e-12,-2.2680467568017138e-07,-2.3095548510944818e-07,-6.530793298705884e-09,-3.673629142975563e-12,-5.110043702604051e-12,-1.0349949742219005e-08,-3.429308473769918e-12,-3.054128264750236e-12,-5.670836550518144e-09,-1.1583612284299917e-10,-5.169330216034877e-12,-1.2228102131135814e-08,-1.1838074695735282e-10,-8.139018312464861e-09,-1.1597654718413771e-10,-8.164020937517996e-09,-4.126674464116619e-12,-7.3229675323141275e-09,-7.1896555349901e-09,-7.468073949498145e-09,-1.147979520504203e-10,-8.187770877490061e-09,-1.1652041965054148e-10,-3.7745248742701625e-12,-1.0410982739798698e-08,-7.361014878815219e-09,-4.720210692471531e-12,-1.1390894604599433e-10,-7.033855037665506e-12,-1.0294618178657914e-08,-1.0182371776322972e-08,-1.1410023986873395e-10,-4.536677866942184e-12,-3.246622587257126e-12,-1.1760563957839887e-10,-3.1833243495407256e-12,-1.1898445695041146e-08,-4.0144387634868286e-12,-4.475364592784551e-12,-7.257103314107549e-09,-5.221038202745353e-12,-4.662247913526091e-12,-9.17353827127108e-09,-4.089045320248725e-12,-3.5791446496396892e-12,-7.301365187989468e-09,-5.148492532331221e-12,-6.221048786825145e-09,-7.352468742962933e-09,-7.415551853210087e-09,-2.32236666367413e-07,-5.66085383351665e-09,-4.418410439141871e-12,-1.008964719553739e-08,-4.136192196571886e-12,-3.303984443513707e-12,-4.579270834100946e-12,-3.7025240664003636e-12,-2.9920616993908294e-12,-3.6324539965312797e-12,-6.5358128151150445e-09,-4.061193625912787e-12,-1.1540515826548306e-10,-8.306592833434128e-09,-3.3229166838318876e-12,-4.596781809726627e-12,-1.0076737046921726e-08,-6.699233160773171e-09,-9.039314988409723e-09,-4.022800393368416e-12,-3.2864187073896847e-12,-3.686962889695994e-12,-9.17461903416073e-09,-6.275352715155728e-09
-1.0648365231321195e-07,-6.529993806580317e-09,-9.50686200269936e-11,-7.2670395747081835e-09,-2.966482937803388e-12,-5.519176895030008e-09,-3.331500583978768e-12,-9.65734405418656e-09,-3.6213427363925845e-12,-3.5367631536831737e-12,-5.645714509166494e-09,5.101035285614005e-07,-7.269021559301709e-09,-8.394935642261148e-09,-9.71118228613089e-11,-3.0074470211821588e-12,-4.163860364659513e-12,-6.477441741976204e-09,-6.780650386459302e-09,-4.863746141031388e-12,-1.174081517219073e-08,-4.142108977649072e-12,-6.5270170351269484e-09,-5.57386639640146e-09,-4.172227546422469e-12,-5.481173724131651e-09,-5.0147098647336905e-09,-7.3108949914328645e-09,-6.454029736217189e-09,-2.7282234302386663e-12,-4.248141028133358e-12,-3.3044793290990306e-12,-3.5332012979516293e-12,-6.509137711481217e-09,-4.6226960437875206e-09,-6.555400415894757e-09,-5.451526574202059e-09,-5.998595347881264e-09,-3.648963185736092e-12,-6.9407889475500095e-12,-9.943425930489596e-09,-9.440261978994757e-11,-7.47065337730675e-09,-7.356847682334426e-09,-4.152456088150667e-12,-9.591044081931324e-11,-6.777916788463075e-09,-4.641383427615026e-12,-8.395843797705169e-09,-7.411429204584652e-09,-9.505388037989838e-11,-5.949633892395227e-09,-3.2491181297909492e-12,-1.8993348284309672e-07,-6.1199760778393005e-09,-9.470242195160304e-11,-9.640481208908882e-11,-2.643182586264279e-12,-5.92789499505569e-09,-8.245296579912983e-09,-4.194389951350075e-12,-5.53716664836887e-09,-2.468256883812682e-12,-2.296503160183086e-12,-1.9258690576267146e-07,-8.344610218673034e-09,-4.959517114747055e-12,-9.858428663255573e-11,-6.581123065717114e-09,-9.661635704972412e-11,-6.602292324887415e-09,-6.6626973677685105e-09,-2.9661290768438763e-12,-2.91036753341919e-12,-6.041113539663336e-09,-9.56525352186639e-11,-6.622264305672542e-09,-9.706188887564663e-11,-6.095381967398039e-09,-4.220071994594829e-12,-5.9521998822055246e-09,-3.8210345907879405e-12,-1.8944335894356086e-07,-1.1357724802504893e-08,-4.171252094759086e-12,-4.1243839555996946e-12,-9.508342182436724e-11,-3.668695418330343e-12,-2.621920997000224e-12,-1.9547421715994255e-07,-2.5696497448659144e-12,-4.821529976413761e-12,-3.2444380236537526e-12,-7.220542962839591e-09,-5.864976227307476e-09,-8.430122002465123e-09,-7.53068268372357e-09,-3.717906449534454e-12,-3.307054846785735e-12,-2.8917328087138225e-12,-2.957096005487392e-12,-8.309604884533555e-09,-2.520299203636565e-12,-2.9783365806695275e-12,-3.0047065875182877e-12,-9.69302194163497e-11,-2.2920186814269843e-12,-3.569950083552097e-12,-4.085413452540444e-12,-6.677696086270098e-09,-5.328810459372712e-09,-7.392509703289863e-09,-2.994022352702589e-12,-2.4167510477197942e-12,-2.9355226771532767e-12,-5.279870177859327e-09,-3.2839107572629583e-12,-9.614830673655535e-11,-3.3668935454201037e-12,-5.360258769064696e-09,-3.718369122546901e-12,-8.144133121641066e-09,-5.415303602808589e-09,-7.308411531664408e-09,-3.2511848336249374e-12,-5.300103161341957e-09,-2.98139446552774e-12,-3.718682362699226e-12,-2.542717746525187e-12
-4.447086911268832e-08,-1.0401863205133204e-08,-7.281231089979484e-08,-5.799276991826834e-12,-9.432646900906311e-09,-4.4056468043834224e-12,-1.0592826282645802e-08,-1.5385669190628742e-08,-5.768007600664394e-12,-1.1242651323380046e-08,-4.5047310692505226e-12,-7.269021559301709e-09,5.030873100286671e-07,-1.3374025000848915e-08,-3.974852567848937e-11,-4.79101729461209e-12,-1.3238532275331113e-08,-5.1690777256330645e-12,-5.412984263415092e-12,-7.749134028496047e-12,-1.8708371201896544e-08,-6.59860944755469e-12,-5.2089966479273404e-12,-4.449558629703288e-12,-1.3266756735271814e-08,-4.375356414796205e-12,-4.0033422155540775e-12,-1.1645651947512573e-08,-5.1502782117304635e-12,-8.676439898364512e-09,-1.3508358590381596e-08,-1.0506691231850017e-08,-1.1230363537836588e-08,-1.0368176104789055e-08,-3.6901653561903006e-12,-5.231263559033907e-12,-8.685586643644745e-09,-4.7883470062720495e-12,-5.812138719548689e-12,-2.2068909262214856e-08,-7.93801703238025e-12,-7.068773652389978e-08,-5.962389002952581e-12,-1.1718845846951309e-08,-6.614575892474514e-12,-3.7830777332777006e-11,-5.410499986436364e-12,-1.4755855486828499e-08,-6.701205384405392e-12,-5.914877170189947e-12,-7.276294382629378e-08,-4.748850168334902e-12,-1.0329446096629506e-08,-7.314219099448955e-08,-4.885611582225608e-12,-3.590101021211483e-11,-3.861988232824921e-11,-8.404769142775959e-09,-4.7314415662761045e-12,-6.580664486082027e-12,-6.68197507619575e-12,-4.420706089159633e-12,-3.93248597451e-12,-3.659454715329314e-12,-3.877490423009488e-11,-6.660342316705585e-12,-7.902200775945176e-12,-4.210109088923864e-11,-5.252156765930205e-12,-7.774431063574035e-08,-1.0517750970483552e-08,-1.0614156114380854e-08,-9.431503508030782e-09,-4.635975957201812e-12,-4.822175055226761e-12,-7.467227632935617e-08,-5.285856685373511e-12,-7.916480532817622e-08,-9.712032299882084e-09,-1.3419763641808781e-08,-9.482714288880474e-09,-1.215225007404525e-08,-3.626041001391787e-11,-1.8095257096892274e-08,-6.645008556543157e-12,-6.569652382626122e-12,-3.651079825993191e-11,-1.1664301625118336e-08,-4.176872342721037e-12,-8.198916000161368e-08,-4.092876074913839e-12,-7.681506094112695e-12,-1.0314349477491113e-08,-5.762230656306738e-12,-4.68082002724416e-12,-6.7291984859350134e-12,-1.199783275544064e-08,-1.182144556260981e-08,-5.268017635021932e-12,-9.192612384414586e-09,-9.40203385024528e-09,-1.3237635974068883e-08,-4.015771008272393e-12,-4.7447745699356315e-12,-4.786624941130223e-12,-3.945924326853989e-11,-7.2892332398610684e-09,-5.68529153660552e-12,-6.507581183147177e-12,-1.0638458546600879e-08,-8.489204814965176e-09,-1.1776102290463306e-08,-9.520874812393013e-09,-7.685085051284374e-09,-4.676178746423899e-12,-8.4105181109199e-09,-1.0441429013938558e-08,-7.625219716540669e-08,-5.364071372397977e-12,-4.27818220090857e-12,-1.1822996239907256e-08,-1.2972676428417195e-08,-8.62761014920497e-09,-1.1641496219846324e-08,-5.178536532485838e-12,-4.230311749019638e-12,-4.749592387549507e-12,-5.924086152907207e-12,-4.051730440698527e-12
