1.0000000239530127,9.200226552909564e-06,8.551219590082815e-06,8.662582426325331e-06,0.9999480015018579,9.453639465626798e-06,8.656735627977678e-06,8.254006996382134e-06,0.9999481167855292,0.9999477274708173,8.971318428162188e-06,8.963545619703295e-06,0.9999475077674385,8.552615301083166e-06,8.371292047317809e-06,8.3695299297541e-06,8.656517716553497e-06,8.554001640119289e-06,8.791179308767344e-06,8.456525688613181e-06,9.483722483603423e-06,8.451971866989134e-06,0.9999484789047431,8.65479373676672e-06,8.798612650037673e-06,8.549453583697397e-06,8.798343097827502e-06,8.552624372651516e-06,8.546631463711994e-06,8.67086271549619e-06,8.545470813688742e-06,0.9999474434743887,9.485343141193531e-06,8.972288269098806e-06,0.9999479719800828,8.445110176061357e-06,8.667000334198757e-06,0.9999481418292663,0.9999479225937143,8.377814183558068e-06,8.65501641347052e-06,8.454711934970136e-06,8.442531582509022e-06,8.80267116673402e-06,8.45885284175988e-06,8.80425433087749e-06,8.684308378052915e-06,8.657256397467399e-06,8.651094063723643e-06,0.9999478239838213,8.803937463506893e-06,0.9999477356495426,8.804975871278767e-06,8.546933821014063e-06,0.9999476063808778,0.9999477888410357,8.655655235497864e-06,8.549312916359225e-06,8.293209240368479e-06,8.535835077335692e-06,0.9999472620443113,8.459396376840846e-06,8.456259124077464e-06,8.65949764145554e-06,8.380180930616336e-06,8.667528855153418e-06,8.670535876998186e-06,8.808147698306565e-06,8.547933015037198e-06,9.178946896032255e-06,8.304711402865008e-06,0.9999475990373973,8.651229644885857e-06,8.663530502771278e-06,8.79418986788593e-06,8.462606984384445e-06,0.9999472170527783,8.460166058649528e-06,8.786737633065062e-06,8.791322830643646e-06,8.546331590888052e-06,8.802605035092255e-06,0.9999477110957888,8.562286615975613e-06,8.545406830620164e-06,8.665517605630753e-06,0.999947242003085,8.804308949628778e-06,8.374426418991822e-06,8.668938866855954e-06,8.979473515091339e-06,0.9999475236401087,8.452211612000016e-06,8.560205051970733e-06,8.98318683956626e-06,8.544576998414508e-06,8.560040200756114e-06,8.37017488608815e-06,8.468503671163132e-06,8.790898514021226e-06,8.381585103578953e-06,8.97348200078334e-06,8.368739692047793e-06,8.811172557231154e-06,8.540572489749513e-06,8.666290546660536e-06,9.179230485959076e-06,8.558813598644597e-06,8.94833130698965e-06,8.802224224426176e-06,0.9999478783591602,8.547317577160024e-06,8.664748734747353e-06,8.658663014895248e-06,8.675429505441152e-06,9.851504546301954e-06,8.972351448388112e-06,8.551852953943664e-06,8.806086926736685e-06,8.458062454755444e-06,9.197858561783808e-06,8.239240970796363e-06,8.655131995996462e-06,8.657914328131914e-06,8.6682091271299e-06,8.659995983763946e-06,8.807642187798602e-06,8.457701693560857e-06,8.65969028029381e-06
9.200226552909564e-06,1.796488148457637e-05,2.137782570052674e-12,2.3413520960537684e-12,1.8216948197540518e-06,3.7822201868354595e-12,2.3299722230414323e-12,1.5960032118834305e-12,1.8216950291394974e-06,1.8216943251247499e-06,2.9038701211859864e-12,2.889792415352634e-12,1.821693927242551e-06,2.139912411108873e-12,1.8101318533926047e-12,1.8072748202867996e-12,2.3295987292862724e-12,2.143196665535217e-12,2.5749954706100714e-12,1.965552500876691e-12,3.838885777168668e-12,1.957037048493806e-12,1.8216956843590108e-06,2.3263835016928336e-12,2.5890978968331596e-12,2.135094500982201e-12,2.5884868837993295e-12,2.141026600984226e-12,2.1294528967113864e-12,2.356179454778093e-12,2.1279587487687625e-12,1.821693812084549e-06,3.841241979441425e-12,2.906154495107986e-12,1.82169476779138e-06,1.945087639870648e-12,2.3490369569263158e-12,1.8216950736233441e-06,1.821694678759868e-06,1.8227147119446653e-12,2.32708930352166e-12,1.962721942277518e-12,1.9393001760035495e-12,2.596433832017644e-12,1.970082248690394e-12,2.598712943974753e-12,2.3807272666877615e-12,2.3314762874344685e-12,2.3195678316640444e-12,1.8216944989648391e-06,2.598230884358657e-12,1.8216943403863873e-06,2.5999923930867624e-12,2.130322791516782e-12,9.126245458900052e-10,1.8216944364742665e-06,2.3281891801631345e-12,2.1345048867467453e-12,1.6674613830285595e-12,2.1096045676605113e-12,9.126242344493043e-10,1.9707125093804374e-12,1.9647574013091938e-12,2.3353598501343673e-12,1.8268042815529045e-12,2.3499485284459864e-12,1.1798161707279745e-15,1.3048166950572705e-15,1.0681833617912536e-15,1.6441234258510263e-15,8.461295805698149e-16,9.12624539627774e-10,1.1620416702867529e-15,1.1737511968378737e-15,1.293460770521141e-15,9.897931806992669e-16,9.126241937937214e-10,9.875831844080131e-16,1.2856045034454435e-15,1.2903582094318096e-15,1.0663884733039757e-15,1.3011416672922716e-15,9.126246409067621e-10,1.0812113547273888e-15,1.0656884266300125e-15,1.1755726553756873e-15,9.126242167107768e-10,1.3017659224308632e-15,9.101664910579293e-16,1.1782339044695937e-15,1.4614843238796797e-15,9.126244715124009e-10,9.80490471353221e-16,1.0794982008837686e-15,1.465903049521306e-15,1.065035868480316e-15,1.0794556572717488e-15,9.05998684194872e-16,9.957303393542969e-16,1.2890865289482944e-15,9.162450275334013e-16,1.4566811050891407e-15,9.044921618462901e-16,1.3085058764015291e-15,1.0610252024452671e-15,1.1758167921323396e-15,1.644446798326217e-15,1.0778442346024898e-15,1.43365658303832e-15,1.2997483559379503e-15,9.126247933022464e-10,1.0675104952827117e-15,1.1747125244034197e-15,1.1689768612737091e-15,1.1845500625118298e-15,2.2579946726039472e-15,1.4558533265098054e-15,1.0712040727903418e-15,1.303689572948083e-15,9.86128989487729e-16,1.661684946679329e-15,7.863816627874007e-16,1.1659089741774155e-15,1.1680544960584933e-15,1.1776657105256437e-15,1.1700224722092864e-15,1.3046417783721034e-15,9.85141718124535e-16,1.1703048225251588e-15
8.551219590082815e-06,2.137782570052674e-12,1.7964879542901946e-05,7.550658687481024e-16,5.875078065265254e-10,1.2200057038644121e-15,1.5001794376041164e-12,1.0275905334102692e-12,5.875078736591267e-10,5.875076464913198e-10,9.369259598792981e-16,9.324090655872052e-16,5.875075178702524e-10,6.904542008563756e-16,5.841522670064014e-16,5.8315179392108785e-16,7.51443803521363e-16,6.915010953003332e-16,8.304269188883161e-16,1.2654524771421315e-12,2.471412789257328e-12,1.2600095376585446e-12,1.172727626297654e-06,1.497878040922568e-12,1.6669225559745909e-12,1.374584000034045e-12,8.34946691106542e-16,1.378375151681875e-12,6.867810461232284e-16,7.594646262359614e-16,6.855241272414822e-16,5.875074801146732e-10,1.2388124080600286e-15,1.870969865394695e-12,5.875077892188325e-10,1.2522148585137647e-12,1.5123884122312474e-12,1.1727272323740293e-06,5.875077606289618e-10,1.1733700170833531e-12,7.508257321591559e-16,1.263543412783479e-12,1.2486874257416986e-12,1.6716566143401623e-12,1.2683161125836318e-12,8.381371367998843e-16,1.5327643651108087e-12,1.5010465090613938e-12,7.482529672953128e-16,5.875077027163578e-10,8.37983164804318e-16,1.1727267589065657e-06,1.6740647866510186e-12,1.3715446483300575e-12,5.87507575423639e-10,1.172726820943587e-06,7.508068891106194e-16,6.891035585662256e-16,5.37782082522137e-16,6.80414862621208e-16,5.87507374707511e-10,6.35305371617982e-16,6.337744093702148e-16,1.5035835285280394e-12,1.1760438093431499e-12,1.512984731077561e-12,1.5164196924343078e-12,1.6774660324353335e-12,1.3727245906512024e-12,2.1130000569237303e-12,1.0871985682260415e-12,1.1727265990456797e-06,1.493873372039051e-12,1.5083869040053566e-12,1.661539551456162e-12,1.2724721515533967e-12,5.875073477981746e-10,1.2695473027905306e-12,1.6523177787632874e-12,1.6582380548435065e-12,1.370479673661011e-12,1.6716095302529484e-12,1.1727267300655783e-06,1.3894708814607726e-12,1.3694620261605573e-12,1.510794452263341e-12,1.172726182492617e-06,1.6736616229032487e-12,1.1690742704009764e-12,1.5143302478091136e-12,1.879073537187209e-12,1.1727265115038833e-06,1.26038194204665e-12,1.3872784914775408e-12,1.883786158705002e-12,1.3686630075397728e-12,1.3872584860771952e-12,1.1641757394261892e-12,1.2794984249808107e-12,1.6575108916341455e-12,1.1775009802215933e-12,9.380756275901881e-16,5.816615554956532e-16,8.424278180495296e-16,6.833060199288107e-16,7.561340832596702e-16,1.058694216210119e-15,6.929924356627527e-16,9.228718891331448e-16,8.371994563009337e-16,5.875077347174717e-10,6.873195460865219e-16,7.561344207883767e-16,7.523686802900753e-16,7.623143897602831e-16,1.4543224584445717e-15,9.372266484338025e-16,6.897193423117311e-16,8.393038253023795e-16,6.348845909844323e-16,1.0698877366219603e-15,5.065059445389513e-16,7.507594804153434e-16,7.52176863839834e-16,7.583341541894831e-16,7.535688593897714e-16,8.401430666234751e-16,6.345534100326625e-16,7.535882461747293e-16
8.662582426325331e-06,2.3413520960537684e-12,7.550658687481024e-16,1.7964879820368002e-05,1.2840831529000862e-06,2.6670978508820005e-12,1.642956806725884e-12,5.636492926668977e-16,1.2840833008977938e-06,1.2840828017569011e-06,1.0258474073475339e-15,2.037423708109983e-12,1.284082519946275e-06,7.554825860152894e-16,6.39511168526838e-16,6.38194340883097e-16,1.6426825683733066e-12,1.5110314729454523e-12,9.09637999680069e-16,6.940143908567487e-16,2.706195608401164e-12,6.911102390981654e-16,6.432948100155816e-10,8.217820442139373e-16,1.825427946717538e-12,7.535353357609192e-16,1.825052744844199e-12,7.564753258090932e-16,1.5014863417052237e-12,8.322121100896874e-16,1.5001447909630515e-12,6.432941448508434e-10,2.7081337297677356e-12,1.025761769627587e-15,6.432944843866654e-10,1.371172364132681e-12,1.6562322825193155e-12,6.432945934055759e-10,6.432944527231051e-10,6.439465208586508e-16,1.640808247432074e-12,1.3835423022172719e-12,1.3675967893908865e-12,9.17139427865843e-16,1.3888179711490307e-12,9.180940182148868e-16,8.404350003811221e-16,8.234284146420875e-16,8.195801023163994e-16,6.432943900840596e-10,1.8321319763220545e-12,1.2840828123427532e-06,1.8334346061205707e-12,7.524345184164607e-16,1.2840826464033442e-06,1.2840828805287636e-06,8.226216160783984e-16,1.504971526000975e-12,5.890768078810326e-16,7.452877888413768e-16,6.432940282792905e-10,6.9590963238227165e-16,6.940165018705272e-16,8.252062216763379e-16,6.451151102967993e-16,8.301346801254703e-16,8.317898096705739e-16,1.837342574215837e-12,7.529511342441589e-16,2.3141070464168002e-12,1.1905928522921469e-12,1.2840826369948834e-06,1.6359628666835288e-12,1.6518103286742212e-12,9.116638673674171e-16,6.978666273792353e-16,6.432939995361782e-10,1.3903434765289453e-12,9.068225633538316e-16,1.815992672425018e-12,1.5009905700439736e-12,1.8305590642910254e-12,6.432943168084008e-10,7.622136493799783e-16,7.514085946905479e-16,1.6544033038333213e-12,6.43294015363945e-10,1.8327759893801778e-12,6.413257538824356e-16,1.6585490555706982e-12,2.0578217636407402e-12,6.432941964168367e-10,1.380210496976137e-12,7.606323320349094e-16,1.0335385086031876e-15,1.4988626249101e-12,7.60782819155385e-16,1.2748097306497625e-12,7.016621849985782e-16,9.091334755423594e-16,6.459378785549545e-16,2.0500899390886312e-12,1.2728539457289703e-12,1.8415314380028197e-12,1.4937407977400857e-12,1.6552373924098311e-12,2.314560020054508e-12,1.5171011608084594e-12,2.017854375959657e-12,1.8299447501823413e-12,1.2840829952237011e-06,1.502409911520595e-12,1.653333445408699e-12,1.6454253244672792e-12,1.6670549276818604e-12,3.178455256328776e-12,2.0487641384366478e-12,1.5080598148051373e-12,9.191918237024803e-16,6.948246111641553e-16,1.1711900514644053e-15,5.537395176638528e-16,8.217363134707785e-16,8.23729140594717e-16,8.305378316816704e-16,8.25045168485097e-16,9.202337239030559e-16,6.946303607245106e-16,8.248057789157244e-16
0.9999480015018579,1.8216948197540518e-06,5.875078065265254e-10,1.2840831529000862e-06,0.9998981207007053,1.0395709447686141e-09,1.2782367319571612e-06,4.386205136972562e-10,0.9998802711030796,0.999879881811655,1.5928005002057387e-06,7.940606486538964e-10,0.9998796621214433,1.174122719011579e-06,4.973739180712908e-10,9.91048374929109e-07,6.402564267222377e-10,1.1755089402177853e-06,7.077145425328596e-10,5.400713225306833e-10,2.1051735248107874e-06,5.377901119376268e-10,0.9998806332006044,1.2762949685397842e-06,7.114382302745295e-10,5.86623124120894e-10,7.113031957564381e-10,1.1741317390387835e-06,1.1681392229836527e-06,1.2923629504406718e-06,5.846279722883997e-10,0.9998795978321936,1.0554527301324067e-09,7.984402303864377e-10,0.9998801263062755,5.343527679913198e-10,6.455076412563348e-10,0.999880296145354,0.9998800769228445,5.00641141565905e-10,6.395043538855016e-10,5.391627208582715e-10,5.330610565352599e-10,1.4241634336010987e-06,1.0803658830864775e-06,7.14264417947363e-10,1.3058077973558926e-06,6.406264573282878e-10,6.375394755967192e-10,0.9998799783189151,1.4254296780643597e-06,0.9998798899898679,7.146258690593276e-10,5.853608676547363e-10,0.9998797607289849,0.9998799431781896,6.398243728888648e-10,1.170820507358615e-06,9.14732329951243e-07,5.798010084288964e-10,0.9998794164129975,5.415093809238507e-10,1.0777723437995074e-06,6.417492018136335e-10,1.0016987265807863e-06,1.2890292970604035e-06,1.2920361509660772e-06,1.4296396963780031e-06,5.858614047610658e-10,1.800416439715899e-06,4.6402065450643465e-10,0.999879753385936,6.376073883993883e-10,6.437694386592303e-10,1.4156826692233818e-06,5.431177230806946e-10,0.999879371424122,1.0816790559699814e-06,1.408230924821639e-06,1.412815790711397e-06,5.850591989916493e-10,7.134381965750887e-10,0.9998798654376033,5.930517843909429e-10,5.845959410244084e-10,6.447648712220048e-10,0.9998793963729764,1.4258011096518262e-06,4.989440688099836e-10,1.2904392562176896e-06,1.6009550976660776e-06,0.999879677993123,1.0737250695062159e-06,5.920090210521842e-10,8.038998204973106e-10,1.1660848713417664e-06,5.919264308143804e-10,4.968142790342646e-10,1.090016141205725e-06,1.4123915244439014e-06,5.02530178446043e-10,7.990382434734022e-10,4.960953367098876e-10,1.4326643214980589e-06,1.162080609455521e-06,6.451520830159511e-10,1.8006999917658478e-06,1.1803206302284567e-06,7.864391100785298e-10,1.4237165452806885e-06,0.9998800326909612,1.168825293201934e-06,6.443797173338683e-10,1.2801640087728012e-06,1.2969294763495735e-06,2.47293342840647e-06,1.593833449072149e-06,1.1733604202158274e-06,1.4275790078599767e-06,1.0795755570374185e-06,1.8193269429459577e-06,8.607673014376319e-07,1.2766332070302681e-06,1.2794153823019373e-06,1.2897095526470527e-06,1.2814968936126756e-06,7.159615479927522e-10,5.406604462583885e-10,6.41845700946085e-10
9.453639465626798e-06,3.7822201868354595e-12,1.2200057038644121e-15,2.6670978508820005e-12,1.0395709447686141e-09,1.7964882474128565e-05,1.3298561457791697e-15,9.109144799272803e-16,2.0750926420189808e-06,2.0750918393687435e-06,1.6569848823039906e-15,3.2918732305296196e-12,2.075091385811155e-06,2.4377394096089078e-12,2.0619855702054597e-12,1.0313591636683663e-15,1.3299357452858635e-15,2.441394670732883e-12,2.933340552950954e-12,1.1215639055755154e-15,2.1908064819393917e-15,1.1167047530121097e-15,2.0750933889922224e-06,1.3274245846048011e-15,1.4775434856595365e-15,2.4321440746983332e-12,2.9486597077686754e-12,2.4388841210491174e-12,1.2151831542106212e-15,1.34448420338035e-15,2.4240015286660308e-12,2.0750912543864703e-06,2.1924386139627477e-15,1.6583471651865216e-15,1.0395709153593744e-09,2.215676090757633e-12,1.3405851574290363e-15,1.0395710894826263e-09,1.0395708642477317e-09,1.0401076103721133e-15,1.3280610412244529e-15,1.1202205763903778e-15,2.209206817729991e-12,2.9577056411422376e-12,2.244154123289264e-12,1.4828172500845832e-15,2.7119764430694792e-12,2.6558671499384502e-12,2.642378670581002e-12,2.0750920376480468e-06,2.959810655818904e-12,1.0395706707532663e-09,1.4845122482207484e-15,2.4267288049603224e-12,2.075091589161893e-06,2.0750919662762413e-06,2.652164548943524e-12,1.218149600181543e-15,1.899501202554978e-12,1.2038254850308355e-15,1.0395701808846318e-09,2.2449129509105236e-12,2.238156242670648e-12,1.332730590431514e-15,2.080924114590605e-12,1.3407985189237376e-15,2.6829731561883955e-12,2.9677045533241042e-12,1.2169501396665216e-15,1.872598884296254e-15,9.634162639552104e-16,2.0750915740913436e-06,1.3242087226648474e-15,1.3369812277637813e-15,2.9397298731935013e-12,2.2513945612873847e-12,2.0750907877561573e-06,2.2461918187767927e-12,1.4643189447596567e-15,2.9339167535519186e-12,2.424681783325235e-12,1.4817038474093746e-15,2.0750918056699985e-06,1.2315948010672754e-15,1.2137212538550103e-15,2.6731395243970724e-12,1.0395701608141542e-09,1.4835742919000943e-15,2.0684937482823227e-12,1.3421587311378762e-15,1.6656991791300185e-15,2.0750914196647097e-06,1.117273838532482e-15,2.4546411885569248e-12,1.669812085589468e-15,1.2127558585648695e-15,1.229903642665268e-15,1.0319114607957186e-15,1.1341472765825974e-15,2.9325259951665643e-12,2.083415879374209e-12,3.312072283685101e-12,1.0303585224863021e-15,2.97526945457857e-12,2.4133638098537324e-12,1.3399099218854789e-15,3.739420868831974e-12,1.227881334724881e-15,1.6339092287519531e-15,2.9563139555764726e-12,2.0750921505083874e-06,2.4273769641740754e-12,1.3381510330046782e-15,1.3317356715679052e-15,2.6933588963821135e-12,2.5726281701924928e-15,3.3102645214767105e-12,1.2203642952402022e-15,2.964363974574895e-12,2.2423004026495416e-12,3.778073680608673e-12,8.961873000909193e-16,2.6509215869792917e-12,2.656193481072085e-12,1.341498749157806e-15,1.3332824079901398e-15,2.967383528192273e-12,2.241020389985226e-12,1.3332511619934686e-15
8.656735627977678e-06,2.3299722230414323e-12,1.5001794376041164e-12,1.642956806725884e-12,1.2782367319571612e-06,1.3298561457791697e-15,1.7964879800927654e-05,1.119990940486347e-12,6.403656612989539e-10,6.403654135254941e-10,1.0209214487491135e-15,2.0278417754855496e-12,6.403652737443678e-10,7.527369773086013e-16,1.2702104655190751e-12,1.2681587603003056e-12,8.189748217567763e-16,1.5039331552100935e-12,9.044740546462416e-16,1.3792680814359051e-12,1.3494974598828023e-15,1.3733211948209274e-12,6.403658919928362e-10,8.177827590540529e-16,1.8168385232182632e-12,1.4982230669987357e-12,1.8164256085416813e-12,1.5023654332865578e-12,1.4943301072156766e-12,8.283982362589461e-16,1.4931994915253166e-12,1.278236023508722e-06,1.3504154078932418e-15,2.0392666478444495e-12,1.2782366952338422e-06,6.837545279920051e-16,8.250878630104248e-16,1.278236910375814e-06,6.403655382841988e-10,1.2789480122952368e-12,1.633010970870654e-12,6.90168575587117e-16,6.82109269645955e-16,9.131804962334466e-16,1.3824085250047653e-12,1.8236737605191018e-12,1.6706162345037877e-12,8.199579590745731e-16,8.153374877529754e-16,1.2782365064566028e-06,9.132172113366993e-16,6.403654187817778e-10,9.139033435532487e-16,1.4948983899610811e-12,6.403653363065275e-10,1.2782364623876305e-06,8.186071862889166e-16,7.508025396725407e-16,1.1701381324055477e-12,7.414016164475354e-16,1.2782357926175287e-06,1.3828984446359775e-12,6.906262557547517e-16,1.6388008896365794e-12,1.2818473471292454e-12,8.261195998979001e-16,8.279951962024628e-16,1.8282370783421952e-12,7.492122494572301e-16,1.153395130006979e-15,1.1849730591819143e-12,6.403653317923524e-10,8.158442749955201e-16,1.644046621263838e-12,1.8109434056418648e-12,1.386902359753823e-12,1.278235735828133e-06,6.929945410043457e-16,9.019411242912817e-16,9.057676424025756e-16,7.483457852872802e-16,1.821947411866413e-12,6.403654030019118e-10,7.581256010707213e-16,7.477477734215842e-16,8.252949183617843e-16,6.403651042246202e-10,9.137450070656215e-16,6.383296155126554e-16,1.6504662934473206e-12,2.0480518527766157e-12,6.403652837872951e-10,6.881160009965791e-16,7.573463563128961e-16,2.0532397330854175e-12,7.472408751759009e-16,7.577545732446146e-16,1.2688934376412128e-12,1.3945760955017238e-12,1.8065282889144312e-12,1.2834080397056054e-12,2.0403107107310915e-12,6.348820319645856e-16,9.18269232901068e-16,7.448567104298602e-16,8.253541176962302e-16,1.1540518935967525e-15,7.564519010747411e-16,2.0083366381106346e-12,9.123320291853938e-16,1.2782365759836798e-06,7.491521254985494e-16,8.243499264950269e-16,1.6375129755462985e-12,8.312705816221429e-16,1.5846562861139675e-15,2.0391643245179246e-12,1.5006875381942377e-12,1.826122234989949e-12,1.3812795536296787e-12,1.1659912044846362e-15,5.515985281409407e-16,1.6330351379874072e-12,8.199714741412043e-16,8.264419871262917e-16,1.6392069559518849e-12,1.827995039488536e-12,6.916655487136902e-16,8.210583990797278e-16
8.254006996382134e-06,1.5960032118834305e-12,1.0275905334102692e-12,5.636492926668977e-16,4.386205136972562e-10,9.109144799272803e-16,1.119990940486347e-12,1.796487893001057e-05,8.755325508101235e-07,4.386203941861636e-10,6.992138576250059e-16,1.3890121851965e-12,4.3862029814050457e-10,1.0286667485221157e-12,4.359226947355505e-16,4.3511084999088647e-16,5.608352104517326e-16,5.15986419983315e-16,6.2010101110524035e-16,9.447552503189621e-13,9.243134346946008e-16,4.711930095714358e-16,8.755328664068864e-07,5.60281910091806e-16,6.234002321901887e-16,1.0262312713862833e-12,6.232784445448396e-16,1.0290631012908784e-12,1.0235827617266971e-12,1.1325291990439898e-12,5.11885428032502e-16,4.386202704649655e-10,9.250025312395123e-16,1.3968223293320059e-12,4.386205008617937e-10,4.685403640167806e-16,1.1291092296213484e-12,4.386205751826333e-10,4.3862047951866386e-10,4.3878061977633317e-16,5.603832680109967e-16,9.433344869289509e-13,4.673482001622842e-16,6.25256180080262e-16,4.746578608375825e-16,1.2491877246130309e-12,5.728564174891291e-16,1.1206435243636895e-12,1.1150055759783852e-12,4.3862043617950827e-10,6.257680135549998e-16,4.3862039842058486e-10,1.2498071994398272e-12,5.127935206417216e-16,4.3862034129171076e-10,8.75532265250122e-07,5.609314332347531e-16,5.141445617015558e-16,4.0106781092328894e-16,1.014064356756905e-12,4.38620190786602e-10,4.744444568153e-16,4.734346403169536e-16,1.1225356945790425e-12,4.4006187836203145e-16,5.659652005811262e-16,1.132116480857877e-12,6.274820505796304e-16,5.134018612238359e-16,7.901922467194865e-16,8.116740773744441e-13,4.386203379629397e-10,5.583099233856855e-16,1.1261232396092089e-12,6.214723731907723e-16,4.759131045003725e-16,4.3862017125656564e-10,4.749903630972742e-16,6.1806299721690985e-16,6.203930329938595e-16,5.124812812045867e-16,6.248850602542998e-16,4.3862038707167404e-10,5.202793238179632e-16,1.0223996728681441e-12,1.1279222122937285e-12,4.386201822465439e-10,6.260464007551239e-16,8.72801397700595e-13,5.667328675005646e-16,7.028416621788567e-16,8.755320342703786e-07,4.714560732149682e-16,1.0357102854525345e-12,1.406391229716858e-12,5.119042753116763e-16,5.187456316414899e-16,8.691461266667378e-13,4.7851757933563345e-16,6.196579352041223e-16,8.790931210484128e-13,7.000429455605767e-16,4.347928303865642e-16,6.289395324717185e-16,1.0183333181762596e-12,5.652994536267716e-16,1.5778833455828784e-12,5.1770737170854e-16,1.3756548050454936e-12,6.248994016699249e-16,4.386204604811663e-10,5.130139513017113e-16,1.1271284766599691e-12,1.1216675370203766e-12,5.695605738034112e-16,2.1667079829764895e-12,6.997642600263441e-16,5.149058749518783e-16,6.266721089507521e-16,4.737958891951316e-16,7.987049076123019e-16,3.7801851197089497e-16,1.1185979517301805e-12,5.614021505035327e-16,5.66189855886347e-16,5.625038613125094e-16,6.271546028544311e-16,9.456308906724248e-13,1.122761326036649e-12
0.9999481167855292,1.8216950291394974e-06,5.875078736591267e-10,1.2840833008977938e-06,0.9998802711030796,2.0750926420189808e-06,6.403656612989539e-10,8.755325508101235e-07,0.9998983512541997,0.9998799970883525,7.979544959059374e-10,7.940607403626866e-10,0.9998797773981182,5.882070610374323e-10,9.928105093373067e-07,4.964912465775424e-10,6.402565008212605e-10,5.889015243014576e-10,7.077146238891123e-10,1.0780390057473774e-06,2.1051737676141565e-06,1.0734854704653754e-06,0.9998807484773826,1.2762951153338554e-06,1.4201053273009035e-06,5.866231916770398e-10,7.113032773979504e-10,5.88211580708411e-10,5.852094744261195e-10,1.2923630992874874e-06,5.846280392845043e-10,0.9998797131088606,2.1067943489633942e-06,7.984403220331143e-10,0.9998802415830017,5.343528294697875e-10,1.2885009571624999e-06,0.9998804114220967,0.9998801921995649,9.993322282673098e-07,6.395044272233972e-10,5.391627830454967e-10,5.330611178297623e-10,7.134714069709693e-10,5.412371564372927e-10,1.425746694770652e-06,6.541780985142367e-10,1.2787576016985785e-06,1.272595662235534e-06,0.9998800935956231,1.4254298420196624e-06,0.9998800052665656,1.426468189014729e-06,5.853609350855169e-10,0.999879876005669,0.9998800584548948,6.398244458411441e-10,5.865527338289222e-10,4.5825875460347837e-10,1.1573436264099796e-06,0.999879531689644,5.415094435960867e-10,5.399378558396703e-10,1.2809987178592952e-06,5.018268154838144e-10,1.2890294454618215e-06,6.472788365770709e-10,1.429639860490813e-06,5.858614721283247e-10,9.019650557114498e-10,4.640207077840765e-10,0.9998798686626182,1.2727312244747538e-06,6.437695126399208e-10,1.415682832116513e-06,5.431177856546873e-10,0.9998794867007637,5.418950234635186e-10,1.4082310864460148e-06,7.077865124065068e-10,5.85059266213805e-10,1.4240974695265412e-06,0.9998799807143008,1.183793564349708e-06,1.166914815039881e-06,1.2870183094645107e-06,0.9998795116496211,1.4258012739241342e-06,9.959446941101545e-07,1.2904394045160728e-06,8.020397515028024e-10,0.9998797932698004,5.379102690214075e-10,1.1817120984715721e-06,1.6046683581193908e-06,5.841802940199266e-10,1.1815472403334045e-06,4.968143357808856e-10,5.460717020512263e-10,1.4123916868146519e-06,5.025302365468048e-10,7.990383350829988e-10,4.960953935491977e-10,1.4326644864559364e-06,5.821742563297293e-10,6.45152157371399e-10,1.8007001990387202e-06,1.1803207660068822e-06,1.5698149502746579e-06,7.13247526549379e-10,0.9998801479676748,5.855531795901844e-10,6.443797915447991e-10,6.413311803668301e-10,6.497302742593017e-10,2.472933712823693e-06,1.5938336326990778e-06,5.878251677810357e-10,1.4275791720979563e-06,1.079575681452971e-06,1.8193271523560384e-06,8.607674006446454e-07,6.395623338701755e-10,1.2794155292931688e-06,1.2897097009500338e-06,1.281497041004779e-06,1.4291343443802264e-06,5.4066050825166e-10,1.281191340214073e-06
0.9999477274708173,1.8216943251247499e-06,5.875076464913198e-10,1.2840828017569011e-06,0.999879881811655,2.0750918393687435e-06,6.403654135254941e-10,4.386203941861636e-10,0.9998799970883525,0.9998975726713158,1.5928000655516056e-06,1.5850277251913712e-06,0.9998793881068619,1.1741224002370515e-06,4.973737827572502e-10,4.964910533634137e-10,1.278018488210477e-06,5.889012959687384e-10,1.4126719099017882e-06,5.400711749445003e-10,1.0546405694448026e-09,5.377899651541147e-10,0.9998803591857918,6.393926373232631e-10,7.114380356582558e-10,5.866229640152347e-10,1.419835234593342e-06,5.882113517573188e-10,5.852092476304147e-10,6.474423042031645e-10,5.846278121742539e-10,0.999879323817624,2.106793530487698e-06,1.5937698240057026e-06,0.9998798522915813,5.343526216108923e-10,6.455074654159251e-10,0.9998800221306249,0.9998798029081628,9.993318382181474e-07,6.395041795095687e-10,1.076224921864599e-06,5.330609119134911e-10,7.134711300623858e-10,5.4123694559081e-10,7.142642238057736e-10,1.3058074408185114e-06,6.406262822679626e-10,6.375393022057683e-10,0.9998797043042601,7.141054882797548e-10,0.9998796159752299,7.146256746698679e-10,1.1684412343861966e-06,0.9998794867143806,0.9998796691635399,6.398241981703367e-10,5.865525056024081e-10,4.582585773562124e-10,5.798008504728568e-10,0.9998791423984743,1.0809091020351816e-06,5.399376462546479e-10,6.417490269762695e-10,5.018266198555899e-10,6.457722251648452e-10,6.472785857874867e-10,7.162146051692567e-10,5.858612447976318e-10,1.8004159499136676e-06,9.26233536457502e-07,0.9998794793713319,6.376072146326176e-10,1.2850308232277692e-06,1.415682283766086e-06,5.431175752522476e-10,0.9998790974096051,5.418948133038468e-10,7.054893326112243e-10,1.4128154057064946e-06,5.850590403212425e-10,1.424096916705632e-06,0.9998795914229728,5.930516227578783e-10,1.1669143637322933e-06,1.2870178093274518e-06,0.999879122358456,7.14291566116212e-10,4.989439325762694e-10,6.464785806506942e-10,1.6009546612541507e-06,0.9998794039785354,5.379100604252232e-10,1.1817116386366085e-06,1.6046677337884816e-06,1.1660845535108336e-06,1.1815467794967876e-06,4.968141427271683e-10,5.460714899124024e-10,7.075736913667852e-10,5.025300412176464e-10,7.990380257034055e-10,4.960952017557745e-10,7.177298683222104e-10,5.821740301912783e-10,1.2877907272002923e-06,1.8006995009917552e-06,1.180320309058529e-06,7.864388951550618e-10,1.4237161578580453e-06,0.9998797586762894,5.855529519319502e-10,1.2862490037155921e-06,6.413309322410946e-10,6.497300220659331e-10,1.2388793093398367e-09,1.5938330136600933e-06,1.1733601019326816e-06,7.151822499688129e-10,1.079575261890139e-06,9.114384072152671e-10,4.312234143182359e-10,1.276632859605249e-06,1.2794150353162008e-06,1.2897092020746243e-06,1.2814965450677938e-06,1.429133791566544e-06,1.0792145406231905e-06,1.2811908427893053e-06
8.971318428162188e-06,2.9038701211859864e-12,9.369259598792981e-16,1.0258474073475339e-15,1.5928005002057387e-06,1.6569848823039906e-15,1.0209214487491135e-15,6.992138576250059e-16,7.979544959059374e-10,1.5928000655516056e-06,1.7964880703282986e-05,2.527086835952468e-12,1.5927997164828124e-06,9.381305377860759e-16,7.927706489096287e-16,7.917693176151967e-16,1.0206659326908302e-15,1.8741884943463587e-12,2.252031926664982e-12,8.610319871035936e-16,1.6815539420903417e-15,1.7114586939388463e-12,1.5928012587193863e-06,2.034613943969205e-12,2.2641388551955515e-12,9.353675029145033e-16,2.2636531616268654e-12,1.8721529007439596e-12,9.329173475222552e-16,2.0604626739715518e-12,9.322213412619695e-16,1.592799614906504e-06,3.3590287335207796e-12,2.5412210223510508e-12,1.5928004539699593e-06,1.7007836630129237e-12,2.054258707882881e-12,7.979545153642947e-10,7.979543422911145e-10,1.5936404065832418e-12,2.0351094690873113e-12,1.716149551287419e-12,1.6961642366123984e-12,2.2705785581950154e-12,8.628831326461886e-16,2.2728175485352604e-12,1.0425807257081263e-15,1.0206385657471864e-15,1.016431289237863e-15,1.5928002184718464e-06,1.1387498257086999e-15,1.592800078745321e-06,2.2739507947808996e-12,1.8629277932484104e-12,1.5927998730741108e-06,1.5928001631578396e-06,1.0202321915374375e-15,1.866647231558458e-12,1.4582885568372494e-12,1.845009351855529e-12,7.979538158278447e-10,8.635524593571166e-16,8.60476791659978e-16,1.023077588449828e-15,8.000829230361217e-16,2.0550768292085523e-12,1.0318596220619817e-15,1.141572835279994e-15,1.8645278540987756e-12,2.8701452011139638e-12,7.397657127153394e-16,7.979540842534122e-10,2.02911385446353e-12,1.0262699091459408e-15,2.256893471719033e-12,1.728391782572162e-12,7.979537805319813e-10,1.7244398868608366e-12,2.244531293888555e-12,2.2523877633558934e-12,9.325697117858278e-16,2.270504148565281e-12,7.979541729292969e-10,9.454626846569767e-16,9.321505940561126e-16,1.028199699167013e-15,7.979537998002288e-10,2.273273340187821e-12,1.5879154081490711e-12,1.0301541032920065e-15,2.5523399250602214e-12,7.979540239694407e-10,1.7119333155431089e-12,1.8842430701714117e-12,2.5586192842299642e-12,9.312390580101653e-16,1.8841565451499726e-12,7.922429391241957e-16,8.712732596854015e-16,1.1279370362985645e-15,1.5993518643179706e-12,1.2739044988425172e-15,1.5787267135117307e-12,1.1439827138509772e-15,1.8527171374667603e-12,2.0529665238924285e-12,2.8707692455732693e-12,9.42778179673392e-16,1.2539716941418485e-15,2.2696543054470584e-12,1.5928003051297015e-06,1.8634714595804664e-12,1.0274604133300772e-15,2.040788154337669e-12,1.0358940713702624e-15,3.9421673930334975e-12,2.5411710343320408e-12,9.370990457664034e-16,2.275824440032186e-12,8.625513243956662e-16,1.4529277895989937e-15,1.372448375827047e-12,1.0193532776727837e-15,2.0393957079182497e-12,1.029767888796077e-15,2.0429037302901264e-12,2.278207488837472e-12,8.618294334214711e-16,1.0232612578440465e-15
8.963545619703295e-06,2.889792415352634e-12,9.324090655872052e-16,2.037423708109983e-12,7.940606486538964e-10,3.2918732305296196e-12,2.0278417754855496e-12,1.3890121851965e-12,7.940607403626866e-10,1.5850277251913712e-06,2.527086835952468e-12,1.79648806802954e-05,1.5850273777098112e-06,1.8625510362041256e-12,7.8860584893361395e-16,1.5725763557992173e-12,1.0157100847400578e-15,1.8650729734239232e-12,1.1234891945133487e-15,1.710455360462057e-12,1.673453610119126e-15,8.530889953587031e-16,1.5850289130010419e-06,2.0247408528794737e-12,2.253128427577814e-12,9.3085973264562e-16,2.2526498579259376e-12,1.863033777681903e-12,1.8532511286900518e-12,1.0271882060325678e-15,9.27537841141411e-16,7.940602078552806e-10,3.342684354866696e-12,2.5288454711532776e-12,7.940606256194644e-10,8.47681760618155e-16,1.0236854691470427e-15,1.5850283797745134e-06,1.5850280339068976e-06,7.944458454533904e-16,2.0252220527224575e-12,1.707781453097546e-12,8.457413723245426e-16,1.1321599628266277e-15,1.7142692160838007e-12,1.1334597551272947e-15,2.071786424291147e-12,1.0163932260928618e-15,2.01884211762041e-12,7.940605077299433e-10,2.2613295728645664e-12,7.940604387316111e-10,2.2629205360418483e-12,9.292282454976411e-16,7.940603361082997e-10,1.5850278223457307e-06,1.0151740904735666e-15,1.8575742229023666e-12,1.4512078521153888e-12,9.195315144204936e-16,1.5850269895814278e-06,1.7149775228359039e-12,1.7099006986728822e-12,2.032373350786784e-12,1.5895189176654984e-12,1.0245168392187211e-15,1.0270725860498043e-15,2.2676545853137707e-12,9.295417560148333e-16,2.8562155639311065e-12,1.4695436214029866e-12,1.5850275220136774e-06,2.0192522508466056e-12,1.0213097273431956e-15,2.2459349519315434e-12,8.605791850637955e-16,1.5850269187558838e-06,1.7160655448728545e-12,2.23367406307835e-12,2.2414457813927275e-12,9.280936087627912e-16,2.2594625315519017e-12,1.5850276993335962e-06,9.409063817894205e-16,1.8511758540639677e-12,2.0420571411490562e-12,7.940600477342786e-10,1.1328540933777674e-15,7.916762710705749e-16,1.0256219669170116e-15,2.5399384530241894e-12,7.940602706863173e-10,8.542745079090192e-16,1.8750643810098876e-12,2.5461566438839903e-12,9.267937557704358e-16,1.874963337968746e-12,1.5735316998784594e-12,8.663012683965567e-16,1.1224540085522334e-15,7.976686645113938e-16,1.2676853999427213e-15,7.877154581689795e-16,2.272986524846174e-12,9.236296264114022e-16,1.0234675331658774e-15,2.8568219947208423e-12,9.377891423750483e-16,1.2481316584565042e-15,2.258637419388068e-12,1.5850279636947347e-06,1.854413547589171e-12,1.0222894355714475e-15,2.030884377740299e-12,2.057628074747935e-12,3.923038018638118e-12,1.2668320946863654e-15,1.861292311611854e-12,1.1343638926201e-15,8.581330014680519e-16,1.4460108745657441e-15,1.365768003927763e-12,1.0141379031813918e-15,1.0168087075787367e-15,1.024881180890619e-15,2.0329904128109073e-12,1.13568835518177e-15,1.7121341321075618e-12,2.032747443771215e-12
0.9999475077674385,1.821693927242551e-06,5.875075178702524e-10,1.284082519946275e-06,0.9998796621214433,2.075091385811155e-06,6.403652737443678e-10,4.3862029814050457e-10,0.9998797773981182,0.9998793881068619,1.5927997164828124e-06,1.5850273777098112e-06,0.9998971332909969,1.1741221438058562e-06,4.973736735580361e-10,9.910478855826954e-07,1.278018208655219e-06,5.889011667735738e-10,1.412671600956781e-06,1.078038350565247e-06,1.0546403377551113e-09,5.37789847398054e-10,0.9998801394954824,6.393924977930498e-10,7.114378801319466e-10,1.1709605724484756e-06,1.4198349235024537e-06,5.882112225271767e-10,1.1681386490459172e-06,6.474421620269456e-10,1.16697804131434e-06,0.9998791041275226,2.1067930683390175e-06,7.98439836469628e-10,0.9998796326013741,1.0666235215812706e-06,6.455073239117333e-10,0.9998798024403851,0.999879583217963,5.00640893872207e-10,1.2765169915658475e-06,5.391624542559698e-10,1.0640451371667791e-06,1.4241627328365035e-06,1.0803653498801569e-06,1.4257458315521402e-06,6.541777012415191e-10,6.406261419746095e-10,6.375391621013993e-10,0.9998794846140838,7.141053321277553e-10,0.9998793962850685,1.4264673255055526e-06,5.853605794435128e-10,0.9998792670242473,0.9998794494733703,1.2771557821005152e-06,5.865523772633642e-10,9.147318807289705e-07,1.1573429253060835e-06,0.9998789227084075,5.415091145896589e-10,5.399375279969752e-10,6.417488862810801e-10,5.018265093346609e-10,6.457720839442208e-10,6.472784444796064e-10,7.162144491171948e-10,5.858611164354889e-10,1.8004155561629088e-06,4.640204263778535e-10,0.9998792596811991,6.376070751252072e-10,6.437691221173055e-10,1.41568197398153e-06,5.431174561944179e-10,0.9998788777195471,5.418946955001206e-10,7.054891790043005e-10,7.0778608328721e-10,1.1678388205488054e-06,7.134378451767997e-10,0.999879371732818,5.930514929257411e-10,5.845956539002895e-10,1.2870175269402512e-06,0.9998789026683937,7.142914092821624e-10,4.989438232772136e-10,6.464784395851471e-10,1.600954310652017e-06,0.999879184288416,1.0737245407230153e-06,5.920087286213228e-10,1.6046673813534084e-06,1.1660842981630474e-06,5.919261382213328e-10,4.968140338873423e-10,1.0900156044031854e-06,1.4123908321815846e-06,5.025299309722805e-10,1.5949631737445431e-06,4.960950928812959e-10,7.177297113531738e-10,5.821739023273016e-10,6.451517659607558e-10,9.021065612429962e-10,5.913117063961435e-10,1.5698139970641393e-06,1.4237158464361363e-06,0.9998795389861015,5.855528237458808e-10,1.286248721946165e-06,6.41330791879155e-10,6.497298801436615e-10,2.4729322151313224e-06,7.984714926671831e-10,5.878248122612597e-10,7.151820934290362e-10,5.408408931140638e-10,9.11438208284805e-10,4.3122332012464473e-10,6.395619465574607e-10,6.409557485836525e-10,6.461128758621015e-10,1.2814962648504756e-06,1.4291334791871875e-06,1.07921430449723e-06,6.418453851949054e-10
